   1.6817200e-04
   1.4597600e-04
   1.6646400e-04
   1.4841200e-04
   1.6927600e-04
   1.4913900e-04
   1.7130800e-04
   1.5247300e-04
   1.7475700e-04
   1.5585800e-04
   1.8699800e-04
   1.9820100e-04
   2.3139600e-04
   2.1372400e-04
   1.9963200e-04
   1.1200600e-04
   1.2103700e-04
   6.5269400e-05
  -3.8416500e-05
  -1.0764700e-04
  -2.4363900e-05
   2.0748000e-05
   3.2226100e-05
   1.3455300e-05
   1.1517200e-04
   2.0747000e-04
   3.2959800e-04
   4.3860400e-04
   5.0372100e-04
   4.8364300e-04
   5.4953600e-04
   4.6470800e-04
   4.2690200e-04
   5.6865800e-04
   8.3304100e-04
   1.1475900e-03
   1.3519600e-03
   1.0946200e-03
   6.9779000e-04
   4.7937000e-04
   3.7887500e-04
   2.7688000e-04
  -1.4182600e-04
  -7.3102500e-04
  -1.2535000e-03
  -1.6292500e-03
  -1.7758500e-03
  -1.3556000e-03
  -6.6381800e-04
  -1.4973100e-04
   6.8623400e-04
   1.6462800e-03
   2.3652500e-03
   2.4506900e-03
   2.5519500e-03
   2.6102700e-03
   2.6902500e-03
   2.7513600e-03
   2.3172700e-03
   1.2783100e-03
   8.4374700e-04
  -4.2141800e-05
  -2.8558800e-04
  -5.4093500e-04
  -1.5054900e-03
  -2.2514500e-03
  -2.2344100e-03
  -3.7678300e-03
  -4.3327400e-03
  -4.2800800e-03
  -3.7865100e-03
  -3.3101600e-03
  -2.6242800e-03
  -2.3131000e-03
  -2.3859700e-03
  -2.3788000e-03
  -1.4981900e-03
   6.9317800e-04
   2.7640300e-03
   4.9819200e-03
   6.2061600e-03
   5.3781000e-03
   3.7514700e-03
   1.3103100e-03
  -1.7921600e-04
  -2.1556100e-04
   5.8498900e-04
   2.1131700e-03
   2.0199000e-03
  -6.1797000e-05
  -1.0185200e-03
  -1.6753500e-03
  -2.0771600e-03
  -2.7778600e-03
  -2.7948400e-03
  -2.6253500e-03
  -2.9166900e-03
  -3.6306100e-03
  -6.1007200e-03
  -6.9354700e-03
  -6.9237900e-03
  -5.2247300e-03
  -2.3619400e-03
  -6.1917400e-04
   5.3976200e-04
   3.5782900e-03
   6.2243100e-03
   6.1909900e-03
   3.0899000e-03
  -1.3244700e-04
  -3.2668100e-03
  -5.2485000e-03
  -8.3908900e-04
   7.9306000e-03
   1.5414700e-02
   1.8199600e-02
   1.4144600e-02
   6.0762400e-03
  -1.6920800e-03
  -8.6388500e-03
  -1.1845400e-02
  -1.2318900e-02
  -1.0323800e-02
  -8.7523500e-03
  -8.5890500e-03
  -8.6520000e-03
  -8.2458300e-03
  -5.8229600e-03
  -1.1507600e-04
   3.6141900e-03
   7.3287200e-03
   6.0185300e-03
   2.0752700e-03
  -1.5297400e-03
  -5.3594500e-03
  -6.6033500e-03
  -1.8860600e-03
   3.4486300e-03
   7.8663100e-03
   1.0704900e-02
   9.1260400e-03
   2.8636700e-03
  -2.4394700e-03
  -5.6162500e-03
  -4.6985400e-03
  -2.3435200e-03
  -2.9856800e-03
  -5.5264200e-03
  -6.5194800e-03
  -4.9426300e-03
  -3.7503100e-03
  -2.5722500e-03
  -1.1707200e-03
   1.9106800e-03
   7.1333700e-03
   6.0506700e-03
   3.5857600e-03
   6.3582200e-04
  -3.1139400e-03
  -6.9795700e-03
  -1.0946100e-02
  -1.4196800e-02
  -1.2978800e-02
  -8.5800400e-03
  -5.6401800e-03
  -4.0052600e-03
  -3.7547400e-03
  -2.2502600e-03
   7.8034100e-04
   5.4986100e-03
   1.2127700e-02
   1.7487400e-02
   2.2449500e-02
   2.6028700e-02
   2.5017500e-02
   2.0102200e-02
   1.4568900e-02
   7.1692500e-03
   1.5948900e-04
  -3.6367800e-03
  -1.7442400e-03
  -4.5031800e-04
  -2.6158600e-03
  -3.6044200e-03
  -4.7484400e-03
  -7.1990900e-03
  -1.1066100e-02
  -1.3288100e-02
  -1.5053500e-02
  -1.2351300e-02
  -7.5813800e-03
  -1.2674500e-03
   3.4908900e-03
   4.0736400e-03
   1.8935100e-03
  -3.0591000e-03
  -9.3630400e-03
  -8.7611100e-03
  -6.0393600e-03
  -4.9185700e-03
  -4.1934800e-03
  -4.1267200e-03
  -3.1769300e-03
  -7.0180200e-04
   3.2289300e-03
   6.4839500e-03
   6.8601800e-03
   6.2997500e-03
   4.0042700e-03
   1.2764200e-03
  -2.9231500e-03
  -5.7659400e-03
  -6.9394800e-03
  -7.2421700e-03
  -7.5099500e-03
  -8.6989700e-03
  -1.5372800e-02
  -2.4274600e-02
  -3.3367500e-02
  -3.8471300e-02
  -3.3934100e-02
  -2.2672300e-02
  -5.8851100e-03
   7.9169300e-03
   1.4788100e-02
   2.1445100e-02
   2.7183200e-02
   3.3447800e-02
   3.6907500e-02
   3.5259900e-02
   2.8246600e-02
   1.6380900e-02
   3.6283600e-03
  -5.9774900e-03
  -1.4741300e-02
  -1.9881600e-02
  -2.4503000e-02
  -2.8140400e-02
  -2.5409200e-02
  -1.8380400e-02
  -1.0911000e-02
  -7.8386900e-03
  -7.4807000e-03
  -7.3302400e-03
  -6.1759300e-03
  -2.7511800e-03
   1.3223400e-03
   7.0326400e-03
   1.5334500e-02
   1.8973200e-02
   1.8462800e-02
   1.1069100e-02
  -4.4846900e-03
  -1.7463300e-02
  -2.0853200e-02
  -1.4479600e-02
   3.8708300e-03
   2.2477500e-02
   3.3742600e-02
   3.5508000e-02
   3.0513800e-02
   2.3451500e-02
   1.5489800e-02
   1.8793300e-03
  -7.5418200e-03
  -1.2039200e-02
  -7.7599100e-03
  -3.1307600e-04
   7.2470200e-03
   1.0819200e-02
   1.3077600e-02
   1.3643300e-02
   1.3529900e-02
   1.2216600e-02
   7.8155900e-03
   6.3828100e-04
  -5.6289500e-03
  -1.2178500e-02
  -1.7499700e-02
  -2.1111100e-02
  -2.0061400e-02
  -1.5385200e-02
  -5.8916000e-03
   5.7015100e-03
   1.9155700e-02
   3.0014000e-02
   3.6585400e-02
   3.7417800e-02
   3.5035500e-02
   2.5748800e-02
   1.3620200e-02
   1.8334800e-04
  -1.2775200e-02
  -2.2368800e-02
  -2.8508100e-02
  -3.0685700e-02
  -2.7241600e-02
  -2.1613900e-02
  -1.4310600e-02
  -6.3527000e-03
   6.7196100e-04
   6.4042500e-03
   8.0586200e-03
   5.9417200e-03
   3.2562700e-03
   1.2080300e-03
   1.6839400e-03
   3.0205300e-03
   3.3053400e-03
   1.1569200e-03
  -1.8444600e-04
   2.1234100e-03
   4.0470700e-03
   4.3222700e-03
   5.0308300e-03
   9.3214300e-03
   1.2632100e-02
   1.4510300e-02
   1.0561400e-02
   5.2231100e-03
   1.3526800e-03
   2.4809000e-03
   3.9695400e-03
   2.9728600e-03
  -1.3761000e-03
  -7.7425200e-03
  -1.3014400e-02
  -2.0225500e-02
  -2.7061300e-02
  -2.9022800e-02
  -2.7708000e-02
  -2.0554400e-02
  -1.2125400e-02
  -7.7126800e-03
  -6.1160500e-04
   8.0415400e-03
   1.7068500e-02
   2.3613300e-02
   2.7147200e-02
   3.0306100e-02
   3.2843900e-02
   3.3415900e-02
   2.7533600e-02
   1.8389100e-02
   9.7489800e-03
   1.1994300e-03
  -1.1508400e-02
  -2.3330300e-02
  -3.0768100e-02
  -3.3479800e-02
  -3.1142700e-02
  -2.9594400e-02
  -2.7941100e-02
  -2.3345600e-02
  -1.5826000e-02
  -5.5612400e-03
   2.1286500e-03
   2.8976900e-03
  -1.1154500e-03
  -6.7744100e-03
  -1.3012100e-02
  -1.7030600e-02
  -1.3749000e-02
  -5.0660700e-03
   1.1758000e-02
   2.2650100e-02
   3.0200600e-02
   3.1116400e-02
   2.5353400e-02
   1.5667200e-02
   8.8909500e-03
   9.0667000e-03
   2.8049700e-02
   6.5231600e-02
   8.6362500e-02
   9.9949800e-02
   1.1219100e-01
   1.2111400e-01
   1.2657400e-01
   1.2449500e-01
   1.1634400e-01
   1.0219900e-01
   8.9290000e-02
   7.7807100e-02
   6.8328700e-02
   5.8910100e-02
   5.0639100e-02
   3.8056600e-02
   2.2234400e-02
   7.1248200e-03
  -1.0211300e-02
  -4.1986700e-02
  -7.9345000e-02
  -1.0490700e-01
  -1.1146700e-01
  -1.0736900e-01
  -9.4541700e-02
  -7.8073800e-02
  -6.5081000e-02
  -5.9376100e-02
  -6.1903400e-02
  -6.8842000e-02
  -7.8885600e-02
  -8.5782900e-02
  -8.7920800e-02
  -8.3233800e-02
  -7.4795300e-02
  -6.8670000e-02
  -6.7883900e-02
  -7.3024500e-02
  -8.0801000e-02
  -8.6422300e-02
  -8.0807500e-02
  -6.8898000e-02
  -4.3518100e-02
  -1.6523300e-02
  -5.1025300e-03
  -4.8339200e-03
  -7.0790700e-03
  -1.1663600e-02
  -1.0120000e-02
  -3.5050900e-03
   1.3607300e-03
   2.9087000e-03
   2.4765600e-03
  -4.9820200e-03
  -2.2013300e-02
  -4.0232500e-02
  -5.1523500e-02
  -5.7675000e-02
  -5.5960800e-02
  -4.3330700e-02
  -1.9743500e-02
   4.2751600e-03
   2.4095300e-02
   4.5171300e-02
   6.4261300e-02
   7.3854100e-02
   7.4981400e-02
   6.5935200e-02
   5.3205700e-02
   4.0804700e-02
   3.2941800e-02
   2.7183500e-02
   1.5931800e-02
   3.5400600e-03
  -8.9159300e-03
  -1.2947500e-02
  -1.0433200e-02
  -4.5936600e-03
   3.7517200e-03
   1.3051800e-02
   2.2416700e-02
   3.4490200e-02
   4.0494800e-02
   3.8062300e-02
   2.6331600e-02
   8.9789300e-03
  -1.4185500e-02
  -2.5456700e-02
  -2.5906000e-02
  -1.4571100e-02
   3.2175700e-03
   1.4550700e-02
   1.7059600e-02
   1.3650000e-02
   8.5973200e-03
   5.3294800e-03
   4.6928300e-03
   4.7148000e-03
   1.3114100e-03
  -3.1363100e-03
  -1.2547800e-02
  -2.4070200e-02
  -3.9249700e-02
  -4.7981500e-02
  -4.8744100e-02
  -4.1399900e-02
  -2.0931100e-02
   1.6005000e-02
   4.2956200e-02
   5.5885400e-02
   6.6949000e-02
   7.5287000e-02
   8.0431900e-02
   8.5211400e-02
   9.0847500e-02
   9.0089400e-02
   8.5280600e-02
   7.5298100e-02
   5.9337800e-02
   3.7160100e-02
   2.0324500e-02
   1.1843800e-02
   1.0001300e-02
   1.1027300e-02
   1.5081600e-02
   1.6385200e-02
   1.2533100e-02
   9.4668300e-03
   7.3826800e-03
   4.2362100e-03
   7.1184600e-05
  -2.4768600e-03
   4.4367200e-04
   8.1291000e-03
   2.2295800e-02
   3.4197500e-02
   4.3122300e-02
   4.6243600e-02
   4.5094100e-02
   3.4915700e-02
   1.8927600e-02
   2.9430000e-03
  -1.2870200e-02
  -2.4483800e-02
  -3.2940300e-02
  -3.9302700e-02
  -4.7004800e-02
  -5.9328200e-02
  -7.2026000e-02
  -8.1135100e-02
  -8.9554300e-02
  -9.0304500e-02
  -8.5058100e-02
  -7.4843800e-02
  -6.1020700e-02
  -5.0459100e-02
  -4.3159200e-02
  -4.0966100e-02
  -3.8803000e-02
  -3.5219700e-02
  -2.8848500e-02
  -2.5242800e-02
  -2.4787000e-02
  -3.2792800e-02
  -4.4019300e-02
  -5.6019200e-02
  -6.0698400e-02
  -5.6585900e-02
  -4.9121400e-02
  -4.1050800e-02
  -3.2787600e-02
  -2.3213900e-02
  -1.7019300e-02
  -1.3953500e-02
  -1.1841100e-02
  -1.3659700e-02
  -1.5509100e-02
  -1.1213700e-02
  -3.6232100e-03
   4.0368500e-03
   1.0661300e-02
   1.3247100e-02
   1.0212800e-02
   6.8255300e-03
   5.2162900e-03
   4.7595900e-03
   6.7868200e-03
   1.1686900e-02
   1.3540000e-02
   1.2194500e-02
   8.0568300e-03
   2.6530700e-03
   1.6268800e-04
   1.7810300e-03
   7.6201500e-03
   1.4302600e-02
   2.1734900e-02
   2.3657300e-02
   2.5944300e-02
   2.8360200e-02
   3.0642700e-02
   3.9980400e-02
   5.3433500e-02
   6.8178200e-02
   8.1607700e-02
   9.0088000e-02
   9.3845900e-02
   9.7058800e-02
   9.9409700e-02
   9.8173900e-02
   9.2636500e-02
   8.2930700e-02
   6.9796900e-02
   5.4963300e-02
   4.5760000e-02
   3.6360300e-02
   2.3384500e-02
   1.1483800e-02
  -4.8286200e-04
  -1.0583800e-02
  -1.7260500e-02
  -2.3533100e-02
  -2.9924200e-02
  -3.5466600e-02
  -4.4285500e-02
  -5.7955900e-02
  -7.1318300e-02
  -8.2873900e-02
  -8.8848300e-02
  -8.5015200e-02
  -7.3554300e-02
  -5.4225500e-02
  -3.6067800e-02
  -2.5536000e-02
  -2.0232300e-02
  -1.8540200e-02
  -1.8992900e-02
  -2.0305300e-02
  -2.0675700e-02
  -1.8710800e-02
  -1.3394200e-02
  -8.5750000e-03
  -1.6703400e-03
   6.1537700e-03
   1.7428000e-02
   2.8745000e-02
   3.9994100e-02
   4.6947500e-02
   5.0818700e-02
   5.2790300e-02
   5.4099700e-02
   5.4339900e-02
   5.4695500e-02
   4.7366900e-02
   3.5986100e-02
  -6.5093500e-03
  -3.6617200e-02
  -4.1256800e-02
  -4.6207700e-02
  -5.0154000e-02
  -5.5875400e-02
  -5.7785100e-02
  -6.2379600e-02
  -5.9063000e-02
  -5.0549700e-02
  -1.6996400e-02
   2.0003800e-02
   3.9075900e-02
   4.8995000e-02
   5.7307300e-02
   5.4963000e-02
   4.2061300e-02
   7.4766400e-03
  -1.7785600e-02
  -2.8025300e-02
  -3.5242300e-02
  -3.7257300e-02
  -3.5685600e-02
  -3.2328100e-02
  -3.0431700e-02
  -2.9593400e-02
  -2.8341000e-02
  -2.3544700e-02
  -1.7181700e-02
  -4.1396800e-03
   7.5590300e-03
   1.6374800e-02
   2.1561200e-02
   2.2440600e-02
   2.1140800e-02
   1.8195000e-02
   1.7737900e-02
   1.9345500e-02
   2.3539200e-02
   3.1518100e-02
   4.1427100e-02
   5.2491500e-02
   6.4304000e-02
   7.5883200e-02
   8.7285100e-02
   9.1970100e-02
   9.1497200e-02
   8.2250700e-02
   6.9274200e-02
   5.2528200e-02
   3.2193300e-02
   2.1048600e-03
  -3.7139000e-02
  -7.3286600e-02
  -1.0641500e-01
  -1.2109100e-01
  -1.2466100e-01
  -1.2324300e-01
  -1.1427600e-01
  -9.8144300e-02
  -8.0777900e-02
  -6.8725800e-02
  -6.0521900e-02
  -5.5374800e-02
  -5.1728000e-02
  -4.2583400e-02
  -3.1791600e-02
  -1.8676400e-02
  -1.0905000e-02
  -1.0830800e-02
  -1.3418600e-02
  -1.7975700e-02
  -2.1476100e-02
  -2.0058800e-02
  -1.3268800e-02
  -4.3996300e-03
   6.8685300e-03
   1.8705100e-02
   2.9288000e-02
   3.7256800e-02
   4.2518900e-02
   4.9736100e-02
   5.7208000e-02
   6.1872400e-02
   6.4203200e-02
   6.3377100e-02
   5.9467800e-02
   5.2441100e-02
   4.3764400e-02
   3.5655400e-02
   2.7176700e-02
   1.9611100e-02
   1.6709500e-02
   1.6832100e-02
   1.8675500e-02
   2.4267700e-02
   2.9884200e-02
   2.9440000e-02
   2.6341400e-02
   2.3358000e-02
   1.9093700e-02
   1.4732000e-02
   9.5351000e-03
   1.5613400e-03
  -9.9242700e-03
  -2.3904600e-02
  -3.3655200e-02
  -3.9943400e-02
  -4.6141100e-02
  -5.3507200e-02
  -5.9252400e-02
  -5.8323700e-02
  -5.2254700e-02
  -4.2119500e-02
  -2.6282100e-02
  -9.7786800e-03
   4.2824300e-03
   1.8975300e-02
   3.0457000e-02
   3.8825800e-02
   4.1883800e-02
   4.1828900e-02
   4.1730200e-02
   4.3170500e-02
   4.5266100e-02
   4.7621900e-02
   4.7857800e-02
   4.4946400e-02
   4.1831400e-02
   3.8978300e-02
   3.5825800e-02
   3.3609600e-02
   3.4063800e-02
   3.4859700e-02
   3.0883400e-02
   2.3699900e-02
   1.0393600e-02
   8.6403800e-04
  -1.1245400e-03
   1.5995500e-03
   6.7310300e-03
   1.1400100e-02
   1.6749400e-02
   2.0552300e-02
   2.1901500e-02
   2.1038300e-02
   2.0328100e-02
   2.1290800e-02
   2.8379700e-02
   4.1178100e-02
   6.6216000e-02
   8.1923900e-02
   8.5766100e-02
   8.6534000e-02
   8.0149700e-02
   6.0987800e-02
   3.7219500e-02
   2.0349300e-02
   3.8010100e-03
  -1.1128300e-02
  -2.2041100e-02
  -3.4834100e-02
  -5.0066700e-02
  -6.3557500e-02
  -7.8594400e-02
  -9.2169700e-02
  -1.0527300e-01
  -1.0867200e-01
  -1.0675300e-01
  -1.0457400e-01
  -1.0480500e-01
  -1.0357700e-01
  -9.9495200e-02
  -9.6390400e-02
  -9.5820200e-02
  -9.6466900e-02
  -8.9398500e-02
  -7.5487400e-02
  -6.2653900e-02
  -5.0077300e-02
  -3.7192500e-02
  -2.4118000e-02
  -1.0910300e-02
   9.5424800e-04
   9.0267900e-03
   1.2971200e-02
   1.4441300e-02
   1.5816900e-02
   1.7115500e-02
   1.8349200e-02
   2.0192300e-02
   2.2000300e-02
   2.4459100e-02
   3.6133300e-02
   4.2872500e-02
   4.2595800e-02
   4.0148600e-02
   3.6457400e-02
   2.7480700e-02
   1.5630900e-02
   4.2249200e-03
  -6.7012200e-03
  -1.8038300e-02
  -2.3097300e-02
  -2.4520000e-02
  -2.7281500e-02
  -2.9979000e-02
  -3.0941700e-02
  -3.0423600e-02
  -2.8495200e-02
  -2.6005800e-02
  -2.4814000e-02
  -2.2034100e-02
  -2.1664400e-02
  -2.5536000e-02
  -3.5735200e-02
  -5.0228300e-02
  -5.8276600e-02
  -5.7930900e-02
  -5.7205100e-02
  -5.4598300e-02
  -4.3006700e-02
  -3.4687000e-02
  -3.2835600e-02
  -3.0781600e-02
  -2.0479900e-02
  -7.0556600e-03
   5.1385800e-03
   1.8451700e-02
   3.1113900e-02
   4.2736400e-02
   4.9176000e-02
   5.2338200e-02
   5.6318500e-02
   5.7152500e-02
   5.6624600e-02
   5.4744700e-02
   4.6385900e-02
   3.3200900e-02
   2.5545000e-02
   2.0619300e-02
   1.6421300e-02
   1.1726500e-02
   7.7446300e-03
   3.8188900e-03
   8.6272600e-04
  -5.2104400e-03
  -1.0486900e-02
  -1.4540500e-02
  -1.6814400e-02
  -1.3761100e-02
  -9.6579500e-03
  -2.7678400e-03
   1.5342400e-02
   2.7977700e-02
   3.2512400e-02
   4.0574700e-02
   4.5446500e-02
   4.7917200e-02
   5.0721100e-02
   4.8694700e-02
   4.5245400e-02
   3.7522400e-02
   2.6614400e-02
   1.3544900e-02
   5.5045400e-03
  -1.1524300e-02
  -3.6724200e-02
  -5.5221900e-02
  -5.8767300e-02
  -6.0831300e-02
  -6.3606000e-02
  -6.4771900e-02
  -6.6276500e-02
  -6.5702000e-02
  -6.3941600e-02
  -5.8776200e-02
  -5.1241100e-02
  -4.4378900e-02
  -3.7472400e-02
  -3.3496400e-02
  -3.7474000e-02
  -4.4963500e-02
  -5.1904300e-02
  -5.5857300e-02
  -5.6381000e-02
  -5.1840900e-02
  -4.6097300e-02
  -3.9571900e-02
  -3.7654000e-02
  -3.7392800e-02
  -3.5394700e-02
  -3.0478000e-02
  -2.2646000e-02
  -1.2181500e-02
  -2.8040000e-03
   8.8072100e-03
   2.1863200e-02
   3.4914400e-02
   4.5546200e-02
   5.4179200e-02
   6.1552900e-02
   6.6146900e-02
   7.1160000e-02
   7.5075100e-02
   7.8497600e-02
   8.0601000e-02
   8.1896000e-02
   8.5131500e-02
   9.1790700e-02
   9.5540400e-02
   9.7693300e-02
   9.6854600e-02
   9.2065600e-02
   8.1559600e-02
   6.7790800e-02
   4.1535300e-02
   8.5088300e-03
  -1.6883600e-02
  -3.4983000e-02
  -5.5294700e-02
  -6.6525100e-02
  -6.9628700e-02
  -6.2346400e-02
  -4.5633700e-02
  -2.5166700e-02
  -1.1010500e-02
   1.7936000e-03
   1.0734300e-02
   1.7319100e-02
   2.1383900e-02
   2.1154600e-02
   1.7987300e-02
   1.1789100e-02
   4.7021900e-03
  -3.9829800e-03
  -1.7451000e-02
  -3.2930900e-02
  -5.0809200e-02
  -6.4311500e-02
  -7.6824100e-02
  -8.4963400e-02
  -8.8192300e-02
  -8.1633200e-02
  -6.7508200e-02
  -3.2504000e-02
  -7.0673000e-03
   8.6760700e-03
   2.0737200e-02
   2.5931000e-02
   2.7234700e-02
   2.3961400e-02
   1.7711900e-02
   1.0726500e-02
   6.0253500e-03
   4.7654400e-03
   7.5733900e-03
   1.5040800e-02
   2.5251200e-02
   3.6955700e-02
   4.6671100e-02
   5.2436600e-02
   5.0471400e-02
   3.9584000e-02
   1.9837700e-02
  -2.0116800e-03
  -1.3933300e-02
  -1.8910900e-02
  -1.9459300e-02
  -2.0009100e-02
  -1.8360000e-02
  -1.8893400e-02
  -1.9912000e-02
  -2.1880900e-02
  -2.4142900e-02
  -2.5143000e-02
  -2.2952600e-02
  -1.9073900e-02
  -1.1907700e-02
  -1.9576100e-03
   1.1105400e-02
   2.3450600e-02
   3.6579000e-02
   4.7444900e-02
   5.3889500e-02
   5.6516900e-02
   5.2752100e-02
   4.5169500e-02
   3.3510900e-02
   1.8785800e-02
  -9.2530300e-04
  -1.8623400e-02
  -3.4677700e-02
  -4.8905300e-02
  -6.0046100e-02
  -7.3324000e-02
  -8.8880500e-02
  -1.0286600e-01
  -1.1301700e-01
  -1.1175700e-01
  -1.0500300e-01
  -7.2560700e-02
  -3.2120500e-02
  -1.0620800e-02
   5.1530100e-03
   1.9090300e-02
   2.8097200e-02
   3.2886100e-02
   3.6394500e-02
   3.5479400e-02
   3.2539700e-02
   2.9734200e-02
   2.6060400e-02
   2.2409000e-02
   1.8792100e-02
   1.7483200e-02
   1.7762800e-02
   1.9425200e-02
   2.4666400e-02
   2.8517200e-02
   3.4528800e-02
   3.9898700e-02
   4.4733200e-02
   5.1233000e-02
   5.7013600e-02
   6.1897300e-02
   6.7636800e-02
   6.9004300e-02
   6.8470400e-02
   6.9306600e-02
   6.9250600e-02
   6.5118600e-02
   6.2228700e-02
   5.8861900e-02
   5.8240000e-02
   5.8875800e-02
   5.9118200e-02
   5.3455800e-02
   4.2393000e-02
   2.8735500e-02
   1.7815000e-02
   8.8909700e-03
   5.4075900e-03
   3.5989400e-03
   3.8384400e-03
   6.1397500e-03
   1.0122400e-02
   1.3670700e-02
   1.7287400e-02
   1.7961000e-02
   1.7726300e-02
   1.7635700e-02
   1.9156400e-02
   2.1149400e-02
   2.2456300e-02
   2.4816700e-02
   2.7370600e-02
   2.9224600e-02
   2.9023100e-02
   2.5128500e-02
   2.1578900e-02
   1.5583200e-02
   8.8536500e-03
   6.9390700e-04
  -8.2642300e-03
  -1.7250900e-02
  -2.4045900e-02
  -3.0467100e-02
  -3.6550700e-02
  -4.2614700e-02
  -4.5906200e-02
  -4.7737100e-02
  -4.7367300e-02
  -4.4721200e-02
  -3.9432000e-02
  -2.9900900e-02
  -1.7137400e-02
  -2.9302200e-03
   8.5698400e-03
   1.6903200e-02
   2.1377100e-02
   2.3994800e-02
   2.8084100e-02
   3.2087300e-02
   3.7328300e-02
   3.9114700e-02
   3.9749700e-02
   4.0570600e-02
   3.8426800e-02
   3.6975400e-02
   3.2830000e-02
   2.4897900e-02
   1.6898400e-02
   1.2427000e-02
   9.2603100e-03
   4.7113100e-03
   6.3601500e-04
  -5.4866100e-03
  -1.4496600e-02
  -2.5121100e-02
  -3.6462600e-02
  -4.3757500e-02
  -4.4449600e-02
  -3.9437500e-02
  -2.9976100e-02
  -1.9740100e-02
  -1.1629500e-02
  -7.4427800e-03
  -7.8304100e-03
  -1.1495300e-02
  -1.6446400e-02
  -2.1366000e-02
  -2.6489200e-02
  -3.0657600e-02
  -3.4327100e-02
  -3.9269100e-02
  -4.6028100e-02
  -5.3044600e-02
  -5.7528800e-02
  -5.8030700e-02
  -5.1593300e-02
  -4.0564800e-02
  -2.8402700e-02
  -1.8165600e-02
  -1.0656200e-02
  -1.2693100e-03
   7.0799100e-03
   1.7732800e-02
   2.9123300e-02
   3.8568700e-02
   4.4868400e-02
   4.6248700e-02
   4.5965500e-02
   4.5796900e-02
   4.4628600e-02
   3.9217600e-02
   2.9136600e-02
   1.5030900e-02
   1.4882500e-03
  -7.9849300e-03
  -1.5176500e-02
  -1.8058700e-02
  -1.8279100e-02
  -1.8147500e-02
  -2.1230400e-02
  -2.4720200e-02
  -2.9026300e-02
  -3.3281600e-02
  -3.6780000e-02
  -3.8971100e-02
  -3.8453700e-02
  -3.5981700e-02
  -3.0892400e-02
  -2.5437700e-02
  -1.9950900e-02
  -1.5834400e-02
  -1.1642900e-02
  -7.5584400e-03
  -2.8988000e-03
   2.7402900e-03
   6.5685000e-03
   1.0498400e-02
   1.2758800e-02
   1.5338600e-02
   1.2470200e-02
   5.3591000e-03
   2.8393600e-04
  -7.6139900e-03
  -1.4670600e-02
  -1.9451600e-02
  -2.4648200e-02
  -2.9791600e-02
  -3.7379900e-02
  -4.5416100e-02
  -5.0373700e-02
  -5.2959300e-02
  -5.4302300e-02
  -5.4140800e-02
  -5.2041800e-02
  -4.6945600e-02
  -3.9769300e-02
  -3.3028100e-02
  -2.7892300e-02
  -2.7105000e-02
  -2.6793300e-02
  -2.7733600e-02
  -2.7907800e-02
  -2.3898000e-02
  -1.7078300e-02
  -1.2760400e-02
  -8.8055700e-03
  -3.5997400e-03
  -2.5083300e-03
  -2.3885600e-03
  -3.9976100e-03
  -6.4412900e-03
  -6.4202600e-03
  -6.1330600e-03
  -6.4104700e-03
  -5.4266600e-03
  -3.9220300e-03
  -3.7662300e-03
  -5.3155200e-03
  -6.1739700e-03
  -7.7775800e-03
  -1.1223500e-02
  -1.4196400e-02
  -1.2473500e-02
  -6.5157200e-03
   1.4115700e-03
   9.4439700e-03
   1.8961000e-02
   2.6323500e-02
   3.5327500e-02
   4.4514500e-02
   5.6535300e-02
   6.6292200e-02
   7.5374300e-02
   8.4550700e-02
   8.9918600e-02
   9.0305700e-02
   8.3615600e-02
   7.3714900e-02
   6.1916700e-02
   5.2022900e-02
   4.3657800e-02
   3.6961700e-02
   3.1163500e-02
   2.6709800e-02
   2.5085200e-02
   2.4672600e-02
   2.9760600e-02
   3.5365500e-02
   3.8427900e-02
   4.1339100e-02
   4.1626700e-02
   3.6917300e-02
   2.8855300e-02
   1.9041000e-02
   7.8654000e-03
  -5.1205300e-03
  -1.6150000e-02
  -2.3658700e-02
  -2.9854000e-02
  -3.4910400e-02
  -3.9996200e-02
  -4.4775700e-02
  -4.9684400e-02
  -5.4301600e-02
  -5.7356300e-02
  -5.8315800e-02
  -5.6075300e-02
  -5.2690700e-02
  -4.9880400e-02
  -4.6208000e-02
  -4.1991600e-02
  -4.0410000e-02
  -3.9636700e-02
  -3.2779300e-02
  -2.3318900e-02
  -1.3426500e-02
  -1.2293300e-03
   8.4962500e-03
   1.3692100e-02
   1.7760000e-02
   1.8816400e-02
   1.8374100e-02
   1.6719200e-02
   1.6273200e-02
   1.7225400e-02
   1.8263500e-02
   1.7597200e-02
   1.5732500e-02
   1.2788000e-02
   9.4292300e-03
   4.0044200e-03
   1.7810800e-04
  -5.5391900e-03
  -9.2704600e-03
  -1.2391800e-02
  -1.6367600e-02
  -1.9174400e-02
  -2.1931000e-02
  -2.5385200e-02
  -2.8209400e-02
  -3.0993500e-02
  -3.1911000e-02
  -3.1515600e-02
  -2.6174900e-02
  -2.0050700e-02
  -1.4829400e-02
  -1.0396000e-02
  -7.3439700e-03
  -4.4992600e-03
   1.5960300e-04
   5.4572600e-03
   1.0140800e-02
   1.1682800e-02
   1.4156100e-02
   1.6371000e-02
   1.5107200e-02
   1.2015700e-02
   1.0498300e-02
   9.3854000e-03
   7.4231100e-03
   4.3920000e-03
   7.3879800e-04
  -1.3735600e-03
  -4.1923600e-03
  -3.1417700e-03
  -5.0550000e-05
   3.4888800e-03
   5.1382400e-03
   7.0361600e-03
   1.0011000e-02
   1.2317100e-02
   1.5019500e-02
   1.7257600e-02
   2.0155700e-02
   2.1374700e-02
   2.1533400e-02
   1.8304800e-02
   1.5975300e-02
   1.2505100e-02
   9.2135000e-03
   5.6377600e-03
   3.7237900e-04
  -3.2360300e-03
  -5.9133200e-03
  -1.1302300e-02
  -1.8831200e-02
  -2.7555500e-02
  -3.6057100e-02
  -4.0413200e-02
  -4.4021700e-02
  -4.6004000e-02
  -4.2470700e-02
  -3.7994600e-02
  -3.3647900e-02
  -2.6600100e-02
  -2.0168400e-02
  -1.5005300e-02
  -9.3530200e-03
  -4.1237600e-03
  -2.1674000e-04
   4.3021900e-04
   6.4849100e-04
   6.6154400e-04
   9.3056700e-04
   7.5678400e-04
   2.3874600e-03
   3.4723100e-03
   4.4823100e-03
   2.3296900e-03
  -2.0229000e-04
  -2.6021900e-03
  -3.8374300e-03
  -7.0052200e-03
  -7.8784300e-03
  -7.6448100e-03
  -6.4253000e-03
  -6.7139900e-03
  -7.9196200e-03
  -9.6652100e-03
  -1.1455400e-02
  -1.0489500e-02
  -6.5304300e-03
  -1.1903500e-03
   3.8351800e-03
   9.2568700e-03
   1.3479900e-02
   1.7379200e-02
   2.1054400e-02
   2.3615700e-02
   2.5953900e-02
   2.8518200e-02
   3.0033000e-02
   2.8600200e-02
   2.7167100e-02
   2.7350700e-02
   2.6779700e-02
   2.8438300e-02
   3.0848100e-02
   3.0691600e-02
   3.2210700e-02
   3.6575000e-02
   3.9102700e-02
   4.1195500e-02
   4.2113600e-02
   4.1788000e-02
   4.1275100e-02
   4.1161200e-02
   3.8660300e-02
   3.5703400e-02
   3.3695400e-02
   3.0671600e-02
   2.7637500e-02
   2.4708500e-02
   2.0707400e-02
   1.5140600e-02
   9.6074900e-03
   4.2977300e-03
  -1.0403800e-03
  -5.2635700e-03
  -8.1574300e-03
  -1.2327600e-02
  -1.5634700e-02
  -1.7805000e-02
  -2.0492500e-02
  -2.0314600e-02
  -1.7173600e-02
  -1.4663300e-02
  -1.1805800e-02
  -1.0050000e-02
  -8.4719800e-03
  -5.8812000e-03
  -3.0237100e-03
  -4.3483500e-04
   2.2696300e-03
   3.6788700e-03
   5.2559100e-03
   7.7741700e-03
   8.1877700e-03
   8.6273900e-03
   1.2332000e-02
   1.7591800e-02
   2.0672000e-02
   2.2903200e-02
   2.4164500e-02
   2.1515100e-02
   2.0046000e-02
   1.8282500e-02
   1.5696800e-02
   1.5140400e-02
   1.5115100e-02
   1.4769200e-02
   1.4377200e-02
   1.2168100e-02
   9.9348500e-03
   8.8473000e-03
   6.1846900e-03
   3.3394100e-03
   6.7347500e-04
  -1.4370300e-03
  -1.7983600e-03
   5.1444700e-04
   5.6302800e-03
   8.9251000e-03
   1.1722300e-02
   1.5928900e-02
   1.8608500e-02
   1.9258500e-02
   1.7683000e-02
   1.6458200e-02
   1.3481900e-02
   8.8953700e-03
   4.8212100e-03
  -4.1854100e-04
  -3.9278100e-03
  -5.7018800e-03
  -6.9073700e-03
  -8.1709900e-03
  -6.5060700e-03
  -3.3076400e-03
  -9.9973700e-07
   2.2564000e-03
   6.0397900e-03
   7.0681800e-03
   6.8293600e-03
   6.3006800e-03
   3.9784800e-03
   1.0500900e-03
  -3.3321800e-04
  -5.7936500e-03
  -1.1838900e-02
  -1.8250000e-02
  -2.7376200e-02
  -3.4977900e-02
  -4.0724600e-02
  -4.5658600e-02
  -4.9513100e-02
  -5.0376800e-02
  -5.2499500e-02
  -5.3372200e-02
  -5.4589700e-02
  -5.6816300e-02
  -5.8958300e-02
  -5.9797300e-02
  -5.9134800e-02
  -5.6339500e-02
  -4.8725600e-02
  -3.7096200e-02
  -2.6001200e-02
  -1.7990700e-02
  -1.3239100e-02
  -1.2365100e-02
  -1.2128200e-02
  -1.0911300e-02
  -8.1635700e-03
  -6.9064000e-03
  -5.1073300e-03
  -3.3262400e-03
  -5.3018000e-03
  -8.0782900e-03
  -1.0331600e-02
  -1.2654100e-02
  -1.2855300e-02
  -1.0391000e-02
  -7.6645200e-03
  -6.4611200e-03
  -6.3303100e-03
  -6.2415800e-03
  -5.8843900e-03
  -7.6181800e-03
  -1.0311000e-02
  -1.1741100e-02
  -1.3924600e-02
  -1.4369100e-02
  -1.4838000e-02
  -1.7279100e-02
  -1.8513700e-02
  -1.8315300e-02
  -1.9329200e-02
  -1.8156700e-02
  -1.6663500e-02
  -1.1914800e-02
  -3.6772500e-03
   4.7360600e-03
   1.4076500e-02
   2.0678000e-02
   2.3248400e-02
   2.5748900e-02
   2.6667500e-02
   2.6268300e-02
   2.6128100e-02
   2.5953400e-02
   2.7072300e-02
   2.9296000e-02
   2.9876800e-02
   3.1840200e-02
   3.3398900e-02
   3.4222900e-02
   3.4994600e-02
   3.4138200e-02
   3.2239800e-02
   3.1609000e-02
   3.0400800e-02
   2.7319400e-02
   2.6303700e-02
   2.5674500e-02
   2.2121300e-02
   1.7684400e-02
   1.4984800e-02
   1.2113300e-02
   9.3568600e-03
   6.4031300e-03
   3.7331700e-03
  -3.2243500e-04
  -2.2663900e-03
  -1.9699800e-03
  -2.8391000e-03
  -3.4742200e-03
  -2.1244700e-03
  -2.0516900e-03
  -2.1920700e-03
  -2.0894600e-03
  -2.9077100e-03
  -5.5961400e-03
  -6.6891100e-03
  -6.4733100e-03
  -6.5061200e-03
  -6.5385800e-03
  -6.3724200e-03
  -6.2965300e-03
  -6.3239400e-03
  -5.2538100e-03
  -2.1643100e-03
  -2.6638300e-03
  -5.4964400e-03
  -6.3165600e-03
  -8.0417500e-03
  -1.0272000e-02
  -1.0435500e-02
  -9.1425500e-03
  -6.6348100e-03
  -4.0005600e-03
  -1.7916400e-03
  -1.3548100e-03
  -1.4116100e-03
  -1.6663900e-04
   2.4606600e-03
   3.2133700e-03
   2.9486600e-03
   3.1355700e-03
   1.9928800e-03
  -6.9865500e-04
  -3.2201200e-03
  -5.9155800e-03
  -7.7241200e-03
  -8.0278900e-03
  -6.7905300e-03
  -5.7828200e-03
  -5.8182500e-03
  -5.2827300e-03
  -2.8879900e-03
  -1.1621500e-03
  -1.2616900e-03
  -1.4215400e-03
  -3.2806400e-03
  -5.1849600e-03
  -6.3673100e-03
  -7.6307900e-03
  -1.0658200e-02
  -1.5702600e-02
  -1.8608800e-02
  -2.0961600e-02
  -2.3425500e-02
  -2.4673700e-02
  -2.2796700e-02
  -2.1577500e-02
  -2.0024100e-02
  -1.9585200e-02
  -1.8194200e-02
  -1.6657400e-02
  -1.5089400e-02
  -1.4252400e-02
  -1.4120700e-02
  -1.4754800e-02
  -1.5997800e-02
  -1.5816500e-02
  -1.5615100e-02
  -1.5623400e-02
  -1.4884700e-02
  -1.2264900e-02
  -1.0596600e-02
  -1.0569700e-02
  -1.0397300e-02
  -1.0230900e-02
  -1.0104700e-02
  -1.0071900e-02
  -8.8032400e-03
  -6.1425700e-03
  -3.4622500e-03
  -1.2958000e-03
   3.1691900e-04
   4.1056600e-03
   7.1120900e-03
   9.3654400e-03
   1.2291500e-02
   1.5991500e-02
   1.6831600e-02
   1.6248800e-02
   1.6485100e-02
   1.6328500e-02
   1.7882600e-02
   2.0323800e-02
   2.2886100e-02
   2.4875800e-02
   2.8567500e-02
   3.0669300e-02
   3.1578600e-02
   2.9914400e-02
   2.4757900e-02
   1.9353300e-02
   1.4239100e-02
   1.0234900e-02
   5.9998200e-03
   2.0516400e-03
  -2.6238400e-03
  -7.3253600e-03
  -9.7014300e-03
  -1.2238200e-02
  -1.3236700e-02
  -1.3123400e-02
  -1.2925100e-02
  -1.3035900e-02
  -1.1622600e-02
  -8.8804400e-03
  -4.7071400e-03
  -9.6451700e-04
   3.0802000e-03
   6.0193300e-03
   7.1967600e-03
   5.8653000e-03
   5.1450300e-03
   4.1982600e-03
   1.0045200e-03
   5.6290500e-04
  -5.9247400e-04
  -3.3283500e-03
  -3.9404100e-03
  -3.0474600e-03
   3.3154300e-04
   4.2178900e-03
   8.0365500e-03
   1.1403100e-02
   1.4491700e-02
   1.7802000e-02
   1.8896800e-02
   2.1295800e-02
   2.2659700e-02
   2.5496700e-02
   2.6027100e-02
   2.5640300e-02
   2.3051100e-02
   2.0704500e-02
   2.0510900e-02
   1.7992600e-02
   1.5089900e-02
   1.1271200e-02
   7.4801700e-03
   5.8263500e-03
   2.9034000e-03
   1.3727200e-04
  -3.3885900e-03
  -7.5350100e-03
  -1.2603500e-02
  -1.7632800e-02
  -1.9857800e-02
  -1.9208300e-02
  -1.6537700e-02
  -1.3916200e-02
  -1.1138400e-02
  -8.4179900e-03
  -5.7029900e-03
  -2.9570800e-03
  -1.4905800e-03
  -1.7829600e-03
  -1.4895100e-03
  -2.2663400e-03
  -5.4717500e-03
  -1.0658900e-02
  -1.2831900e-02
  -1.6062200e-02
  -1.9344200e-02
  -2.1721000e-02
  -2.2752800e-02
  -2.0726900e-02
  -1.8093600e-02
  -1.3714300e-02
  -7.0762600e-03
  -4.1210900e-04
   6.0186700e-03
   1.0756100e-02
   1.3893900e-02
   1.6492400e-02
   1.7952400e-02
   1.9257400e-02
   2.1643200e-02
   2.1774000e-02
   2.0728100e-02
   1.7858200e-02
   1.6731900e-02
   1.4486900e-02
   1.2950900e-02
   1.3868900e-02
   1.5407500e-02
   1.7776800e-02
   2.1526400e-02
   2.3552900e-02
   2.7101200e-02
   2.8530600e-02
   2.8034800e-02
   2.5514200e-02
   2.1260300e-02
   1.7006600e-02
   1.3058200e-02
   8.5716600e-03
   3.6924600e-03
   1.9213900e-03
  -6.0353500e-05
  -4.3948400e-03
  -6.7300900e-03
  -9.5835800e-03
  -1.2042700e-02
  -1.3927300e-02
  -1.1736300e-02
  -7.1466700e-03
  -2.4023800e-03
   2.2424700e-04
   5.8877800e-04
  -3.0340600e-04
  -2.6899600e-03
  -5.1998800e-03
  -6.1387900e-03
  -8.2675100e-03
  -1.0035900e-02
  -9.9104600e-03
  -9.8701200e-03
  -9.4785100e-03
  -7.8790400e-03
  -6.5989300e-03
  -4.3464500e-03
  -1.5727200e-03
  -4.4355000e-04
   1.4564900e-03
   4.3952600e-03
   5.9082500e-03
   7.2155900e-03
   9.6823900e-03
   1.0069000e-02
   6.7027800e-03
   3.5698400e-03
   1.1609600e-03
  -2.5730000e-03
  -5.4154200e-03
  -7.3777600e-03
  -7.6493800e-03
  -7.6238400e-03
  -7.6054200e-03
  -7.6822200e-03
  -6.8901700e-03
  -5.5210000e-03
  -3.0967300e-03
  -5.4195300e-04
   2.6863500e-03
   6.1657800e-03
   7.8814100e-03
   8.1826800e-03
   5.6954900e-03
   5.0199500e-04
  -4.6483000e-03
  -7.0447400e-03
  -6.3728700e-03
  -5.0721600e-03
  -2.4391000e-03
   2.8593700e-03
   6.0723200e-03
   8.5488900e-03
   1.0135400e-02
   1.0232500e-02
   9.8385600e-03
   8.0300100e-03
   5.7384300e-03
   4.7624600e-03
   8.9414000e-04
  -4.4425700e-03
  -9.2014300e-03
  -1.0408900e-02
  -1.1920000e-02
  -1.2110100e-02
  -1.1896700e-02
  -8.7716600e-03
  -6.8676800e-03
  -4.1008600e-03
   1.1897700e-03
   6.3294400e-03
   8.6261000e-03
   1.1950000e-02
   1.4202400e-02
   1.1523100e-02
   9.9830600e-03
   8.7314400e-03
   7.5692700e-03
   8.1998000e-03
   8.7579900e-03
   6.3979900e-03
   3.6556400e-03
   2.6471300e-03
   1.1391000e-03
  -1.4399200e-04
  -2.5640100e-03
  -3.8926000e-03
  -3.9921800e-03
  -5.9169500e-03
  -8.8065600e-03
  -1.1088600e-02
  -1.3586900e-02
  -1.4854700e-02
  -1.8593400e-02
  -2.2640000e-02
  -2.3710900e-02
  -2.4753400e-02
  -2.4824900e-02
  -2.4520600e-02
  -2.4406800e-02
  -2.3397000e-02
  -2.0735400e-02
  -1.7815600e-02
  -1.5016600e-02
  -1.2098300e-02
  -9.4801000e-03
  -6.5170300e-03
  -4.9524700e-03
  -2.0179000e-03
   1.2992900e-05
   2.4048100e-03
   6.8908600e-03
   9.6076300e-03
   1.1961500e-02
   1.2855700e-02
   1.5083900e-02
   1.6106400e-02
   1.4661300e-02
   1.3128000e-02
   1.1939400e-02
   9.3903700e-03
   4.9224500e-03
   2.1935400e-03
  -2.4765900e-04
  -1.5663100e-03
  -3.0879700e-03
  -4.3323200e-03
  -5.6955500e-03
  -5.8395400e-03
  -5.7164400e-03
  -5.7795000e-03
  -5.2144600e-03
  -2.5746000e-03
  -9.3560600e-04
  -1.1146700e-03
  -1.0158400e-03
  -9.0147000e-04
  -8.8259200e-04
  -9.4101200e-04
  -9.8377800e-04
  -2.7245700e-03
  -4.8946000e-03
  -5.8029000e-03
  -8.1368400e-03
  -9.4213900e-03
  -9.2352500e-03
  -9.1689300e-03
  -9.2088300e-03
  -9.0631100e-03
  -8.9958100e-03
  -8.8640500e-03
  -8.5931100e-03
  -6.8850900e-03
  -6.2392100e-03
  -6.2683100e-03
  -7.3480600e-03
  -9.9016700e-03
  -1.2365900e-02
  -1.4765600e-02
  -1.6609700e-02
  -1.7378700e-02
  -1.9820900e-02
  -1.9378700e-02
  -1.7561300e-02
  -1.3527100e-02
  -7.9416800e-03
  -2.7827000e-03
   1.1991500e-03
   2.2292600e-03
   2.2952100e-03
   1.9872900e-03
  -3.0024500e-04
  -1.9567200e-03
  -3.0651300e-03
  -5.5884400e-03
  -6.2623200e-03
  -6.0429100e-03
  -6.0722500e-03
  -6.0238300e-03
  -5.7827500e-03
  -4.2498200e-03
  -1.7335700e-03
  -1.8070100e-03
  -4.2163800e-03
  -6.6924000e-03
  -8.9618800e-03
  -1.1408500e-02
  -1.3645100e-02
  -1.4090400e-02
  -1.3697200e-02
  -1.4780800e-02
  -1.5758700e-02
  -1.5213700e-02
  -1.3505600e-02
  -1.2920500e-02
  -1.2077600e-02
  -9.1547100e-03
  -6.5060200e-03
  -2.5376600e-03
  -7.5789000e-04
   1.3665000e-03
   3.2212300e-03
   4.5253700e-03
   5.6852500e-03
   5.3267800e-03
   3.8972800e-03
   3.2878200e-03
   4.3960400e-03
   5.5206100e-03
   5.5511900e-03
   5.6122900e-03
   7.7817800e-03
   1.0456700e-02
   1.2747500e-02
   1.5163600e-02
   1.7776800e-02
   1.8562900e-02
   1.8690500e-02
   2.0618600e-02
   2.2542700e-02
   2.1189000e-02
   1.9796500e-02
   1.9578100e-02
   1.8300100e-02
   1.8944300e-02
   1.9478500e-02
   1.9041700e-02
   2.0314200e-02
   2.0948900e-02
   2.0795000e-02
   1.9941500e-02
   1.8541500e-02
   1.6948700e-02
   1.5704000e-02
   1.5535600e-02
   1.5024800e-02
   1.3884400e-02
   1.4920000e-02
   1.5094700e-02
   1.4699100e-02
   1.4677200e-02
   1.4450000e-02
   1.4980800e-02
   1.6264600e-02
   1.6404600e-02
   1.4743100e-02
   1.3750900e-02
   1.3745600e-02
   1.3163600e-02
   9.5823500e-03
   6.6821500e-03
   5.3534200e-03
   4.3366200e-03
   3.7270000e-03
   2.1345700e-03
   8.1501700e-04
  -3.5667800e-04
  -1.8290200e-03
  -2.8231200e-03
  -2.5499800e-03
  -2.8050500e-03
  -1.6611900e-03
  -1.6987400e-03
  -2.7560000e-03
  -2.9979300e-03
  -4.3403300e-03
  -4.0132300e-03
  -1.2954600e-03
  -2.0389300e-04
   1.3976800e-03
   3.8104000e-03
   4.2214100e-03
   3.9917700e-03
   4.1265200e-03
   4.0699200e-03
   4.0224200e-03
   4.3353900e-03
   6.6603800e-03
   8.2396700e-03
   9.3244500e-03
   1.0211600e-02
   8.4025900e-03
   7.8472400e-03
   7.0955000e-03
   6.6067500e-03
   7.5966500e-03
   6.0539700e-03
   4.6830600e-03
   2.8423000e-03
  -9.2530500e-04
  -3.6941800e-03
  -5.1128700e-03
  -7.5293900e-03
  -8.1754200e-03
  -7.9767000e-03
  -8.0004200e-03
  -9.3363800e-03
  -1.1761200e-02
  -1.2629400e-02
  -1.4521800e-02
  -1.7140400e-02
  -1.8355400e-02
  -1.8222200e-02
  -1.8275000e-02
  -2.0272500e-02
  -2.2063200e-02
  -2.2834400e-02
  -2.5137700e-02
  -2.6072100e-02
  -2.5521200e-02
  -2.5404700e-02
  -2.5193300e-02
  -2.4960400e-02
  -2.4636400e-02
  -2.4433700e-02
  -2.4173900e-02
  -2.3450200e-02
  -2.0916600e-02
  -1.8025800e-02
  -1.5242500e-02
  -1.2465100e-02
  -1.0021700e-02
  -9.4830400e-03
  -9.4202000e-03
  -9.1807800e-03
  -9.0584900e-03
  -8.9555800e-03
  -8.9261600e-03
  -8.0539500e-03
  -5.4810700e-03
  -2.8809900e-03
  -1.7812900e-03
  -2.9828100e-04
   6.3564700e-04
  -5.2634700e-04
  -1.7186000e-03
  -2.9862900e-03
  -3.7108100e-03
  -3.7259000e-03
  -3.6054800e-03
  -3.7075200e-03
  -3.5375600e-03
  -3.4282300e-03
  -1.7947300e-03
  -7.5501300e-04
   1.2235400e-03
   4.0280400e-03
   6.5724500e-03
   8.9909500e-03
   9.8510900e-03
   9.6201100e-03
   9.7516000e-03
   9.6076600e-03
   9.5141400e-03
   7.9525000e-03
   6.3920600e-03
   2.6197800e-03
   5.6439900e-04
   7.4480000e-04
   5.9303300e-04
   4.8551800e-04
   5.1870800e-04
  -9.8906200e-05
  -2.6409600e-03
  -3.9470000e-03
  -5.3536000e-03
  -7.8518400e-03
  -8.2095600e-03
  -8.8324700e-03
  -1.1379300e-02
  -1.2432200e-02
  -1.2313700e-02
  -1.3948800e-02
  -1.5036500e-02
  -1.5588200e-02
  -1.5898300e-02
  -1.5749600e-02
  -1.5621600e-02
  -1.4897700e-02
  -1.2327000e-02
  -9.5526500e-03
  -6.9775500e-03
  -4.1859800e-03
  -1.2517900e-03
   5.8947600e-04
   1.7753600e-03
   3.1648500e-03
   3.2627800e-03
   2.8864700e-03
   7.4992000e-04
  -1.1225500e-03
  -2.0964100e-03
  -4.6962200e-03
  -5.6226300e-03
  -5.0400800e-03
  -2.7058100e-03
  -1.2808600e-04
   3.6432400e-03
   7.4460800e-03
   1.0352800e-02
   1.5016300e-02
   1.9614700e-02
   2.2072400e-02
   2.4504500e-02
   2.5321000e-02
   2.4531500e-02
   2.2085500e-02
   2.0252400e-02
   2.0182100e-02
   1.9642300e-02
   1.7276300e-02
   1.5067300e-02
   1.5051100e-02
   1.3618800e-02
   1.2375200e-02
   1.2290700e-02
   1.2947800e-02
   1.4208000e-02
   1.5447800e-02
   1.7647400e-02
   1.8341600e-02
   1.7921600e-02
   1.7976500e-02
   1.6668300e-02
   1.5441800e-02
   1.5493400e-02
   1.4722700e-02
   1.2934500e-02
   1.2635300e-02
   1.2665500e-02
   1.2418100e-02
   1.2221400e-02
   1.2864900e-02
   1.4303000e-02
   1.4128100e-02
   1.3735600e-02
   1.1981800e-02
   1.2129700e-02
   1.3605900e-02
   1.4776200e-02
   1.5575700e-02
   1.5685400e-02
   1.7751200e-02
   1.9418300e-02
   1.9196700e-02
   1.8972100e-02
   1.8922900e-02
   1.8709000e-02
   1.8494600e-02
   1.8315600e-02
   1.9496800e-02
   2.1904500e-02
   2.1758800e-02
   1.9825200e-02
   1.8493800e-02
   1.6037100e-02
   1.3141800e-02
   1.2015800e-02
   9.6463500e-03
   7.6461800e-03
   6.3158400e-03
   3.5484800e-03
   1.2148400e-03
  -6.1093900e-04
  -3.3693100e-03
  -6.0713200e-03
  -9.5981500e-03
  -1.0537600e-02
  -1.0231700e-02
  -1.1079000e-02
  -1.3492000e-02
  -1.4585800e-02
  -1.4326700e-02
  -1.3878000e-02
  -1.1720700e-02
  -8.8877100e-03
  -7.5107600e-03
  -6.0271500e-03
  -4.9714100e-03
  -5.0360200e-03
  -4.9705400e-03
  -4.8711900e-03
  -4.7624700e-03
  -2.9901200e-03
  -1.5250500e-04
   2.3520500e-03
   4.9208500e-03
   7.4274000e-03
   8.4678200e-03
   8.2366700e-03
   8.2633900e-03
   9.0291700e-03
   1.1480300e-02
   1.2424100e-02
   1.2072700e-02
   1.2640300e-02
   1.4021700e-02
   1.5081000e-02
   1.6121500e-02
   1.5516300e-02
   1.4082100e-02
   1.1729600e-02
   9.1457400e-03
   6.0837400e-03
   2.5365800e-03
  -2.8903400e-04
  -2.7222300e-03
  -5.6751900e-03
  -6.9254800e-03
  -8.4274700e-03
  -9.5849300e-03
  -1.1065300e-02
  -1.2080700e-02
  -1.4373200e-02
  -1.5686900e-02
  -1.5444400e-02
  -1.5366900e-02
  -1.5352300e-02
  -1.5187000e-02
  -1.5061800e-02
  -1.4894600e-02
  -1.4834900e-02
  -1.4563300e-02
  -1.4420700e-02
  -1.4162200e-02
  -1.5469300e-02
  -1.6515000e-02
  -1.7713200e-02
  -1.7144400e-02
  -1.7543600e-02
  -1.7960600e-02
  -1.6467500e-02
  -1.4384400e-02
  -1.2655900e-02
  -1.2193500e-02
  -1.0468700e-02
  -9.9307900e-03
  -8.9311700e-03
  -9.0658800e-03
  -1.1058800e-02
  -1.3593500e-02
  -1.5922900e-02
  -1.6954500e-02
  -1.7096800e-02
  -2.0199200e-02
  -2.1054000e-02
  -2.0464900e-02
  -2.0345300e-02
  -2.0093400e-02
  -2.0010900e-02
  -1.8530400e-02
  -1.5236500e-02
  -1.4737300e-02
  -1.4822000e-02
  -1.4408500e-02
  -1.4031000e-02
  -1.5445200e-02
  -1.8157300e-02
  -1.8030800e-02
  -1.7768100e-02
  -1.9678200e-02
  -2.1628500e-02
  -2.0558000e-02
  -1.7722600e-02
  -1.6543700e-02
  -1.6324900e-02
  -1.3822400e-02
  -1.1542000e-02
  -1.1416000e-02
  -9.9702400e-03
  -7.0911300e-03
  -6.2939000e-03
  -6.5349800e-03
  -4.3777600e-03
  -1.5026000e-03
  -1.5191000e-03
  -1.6735000e-03
  -2.5202800e-04
   3.0191000e-03
   3.2316900e-03
   5.6375900e-03
   7.8785600e-03
   8.2999800e-03
   1.1652500e-02
   1.2144400e-02
   1.3072300e-02
   1.4202800e-02
   1.4146900e-02
   1.3479300e-02
   1.1909000e-02
   1.1702900e-02
   1.1714500e-02
   1.1494700e-02
   1.1465100e-02
   1.1384500e-02
   1.1296700e-02
   1.1179000e-02
   1.1218100e-02
   1.1192200e-02
   1.1033400e-02
   1.1753800e-02
   1.3123600e-02
   1.1705100e-02
   1.0576400e-02
   1.0917300e-02
   1.0210600e-02
   7.5759000e-03
   6.0485600e-03
   6.0839200e-03
   4.2238100e-03
   1.8513800e-03
   1.6455800e-03
   1.7928600e-03
   1.5788200e-03
   1.8820000e-03
   3.3444800e-03
   4.7816100e-03
   5.9654900e-03
   6.2515300e-03
   6.3018800e-03
   9.4827500e-03
   1.0744900e-02
   1.0235100e-02
   1.0362400e-02
   1.0411400e-02
   1.0250600e-02
   1.0839800e-02
   1.3966200e-02
   1.4587300e-02
   1.4135100e-02
   1.4440600e-02
   1.6025100e-02
   1.8258600e-02
   1.8310100e-02
   1.9048000e-02
   2.1470400e-02
   2.2555100e-02
   2.1877300e-02
   2.2161300e-02
   2.0278200e-02
   1.7402800e-02
   1.4482100e-02
   1.2150500e-02
   9.0424700e-03
   6.4947800e-03
   3.0327100e-03
  -2.0945600e-04
  -1.2547200e-03
  -4.3493500e-03
  -5.6532200e-03
  -6.6974300e-03
  -9.6542300e-03
  -9.8547900e-03
  -9.4939000e-03
  -9.6562800e-03
  -9.4682500e-03
  -9.4194900e-03
  -9.2175600e-03
  -9.0997900e-03
  -6.0798800e-03
  -4.3142000e-03
  -4.7137300e-03
  -4.3341100e-03
  -4.2315400e-03
  -4.3034800e-03
  -7.3016300e-03
  -8.7414700e-03
  -8.0723600e-03
  -8.3187200e-03
  -5.9066800e-03
  -3.5244300e-03
  -3.7271800e-03
  -3.6387700e-03
  -3.3322900e-03
  -3.2567900e-03
  -4.5627600e-03
  -7.1922700e-03
  -9.6086800e-03
  -1.2175500e-02
  -1.4424000e-02
  -1.8196100e-02
  -2.0597000e-02
  -2.3185300e-02
  -2.4417700e-02
  -2.5148600e-02
  -2.8091100e-02
  -2.7942100e-02
  -2.7612500e-02
  -2.7321200e-02
  -2.6281900e-02
  -2.2606300e-02
  -2.2203900e-02
  -1.9506100e-02
  -1.6687700e-02
  -1.3587000e-02
  -1.1172500e-02
  -8.1098700e-03
  -7.5327600e-03
  -4.7829000e-03
  -2.6571700e-03
  -2.0221600e-03
   1.3650500e-03
   1.8495400e-03
   1.7187300e-03
   1.8629800e-03
   1.9830900e-03
   1.8911100e-03
   1.1946300e-03
  -1.3113200e-03
  -2.4377500e-03
  -2.2747300e-03
  -2.2893100e-03
  -2.3754600e-03
  -2.1839500e-03
  -2.1536500e-03
  -5.4597100e-04
   1.9040300e-03
   2.9022500e-03
   5.0234800e-03
   8.0429700e-03
   1.0503200e-02
   1.3042200e-02
   1.5171000e-02
   1.5549400e-02
   1.5341000e-02
   1.5335200e-02
   1.5280400e-02
   1.5100800e-02
   1.5113800e-02
   1.3418500e-02
   1.0359300e-02
   8.9732400e-03
   6.3747300e-03
   3.7548100e-03
   1.1220700e-03
  -1.3702200e-03
  -4.9916200e-03
  -7.4929800e-03
  -7.2991900e-03
  -7.4217000e-03
  -7.3552500e-03
  -7.3484000e-03
  -4.9811200e-03
  -2.4260400e-03
  -7.9428300e-04
   1.5551800e-03
   2.6576400e-03
   5.1748600e-03
   6.5133200e-03
   6.4414300e-03
   6.2972800e-03
   6.6078000e-03
   4.7984800e-03
   2.0292400e-03
   1.8457200e-03
   5.2651300e-04
  -2.2419700e-03
  -2.4515300e-03
  -2.3782000e-03
  -2.3234300e-03
  -5.0277800e-03
  -6.7823900e-03
  -6.4498900e-03
  -6.2920900e-03
  -6.4864500e-03
  -6.2846400e-03
  -7.4311100e-03
  -6.7891300e-03
  -5.7936500e-03
  -5.9705700e-03
  -5.8301900e-03
  -4.5913500e-03
  -1.9824900e-03
  -1.0883900e-03
  -7.8670300e-04
   1.7009500e-03
   3.5216300e-03
   4.6568500e-03
   7.2386400e-03
   7.9835100e-03
   7.2738500e-03
   4.9070300e-03
   3.3936600e-03
   3.4543900e-03
   3.5051200e-03
   3.1348000e-03
   4.5307800e-03
   6.6276900e-03
   6.6522600e-03
   7.5686800e-03
   7.7473100e-03
   7.6632800e-03
   7.5334100e-03
   8.4540800e-03
   9.7409600e-03
   9.5359600e-03
   7.6602700e-03
   5.5165400e-03
   4.5137000e-03
   3.0705900e-03
   1.6261800e-03
  -7.4984200e-04
   2.6208400e-04
   2.7486300e-03
   2.8348200e-03
   2.6731200e-03
   3.7842600e-03
   5.5658800e-03
   7.7650100e-03
   1.1243500e-02
   1.1619500e-02
   1.1347500e-02
   1.1702000e-02
   1.3413900e-02
   1.5498800e-02
   1.5537000e-02
   1.5330200e-02
   1.5309400e-02
   1.5253600e-02
   1.5056000e-02
   1.5434400e-02
   1.7716200e-02
   1.9139300e-02
   1.8793800e-02
   1.8747700e-02
   1.8666700e-02
   1.8495100e-02
   1.8175000e-02
   1.7998600e-02
   1.6328200e-02
   1.3524300e-02
   1.0860900e-02
   8.1114400e-03
   5.4439200e-03
   2.7610600e-03
   1.5667600e-03
   9.3978000e-06
  -6.7766500e-04
  -4.6529600e-04
  -1.6093200e-03
  -4.1527600e-03
  -5.0919600e-03
  -4.6965200e-03
  -4.8812000e-03
  -4.9062300e-03
  -4.8796100e-03
  -4.7226900e-03
  -4.7065400e-03
  -4.6534900e-03
  -4.6110000e-03
  -4.4935200e-03
  -4.5699500e-03
  -6.2048700e-03
  -8.5038100e-03
  -9.2831400e-03
  -1.1552000e-02
  -1.3042200e-02
  -1.2731300e-02
  -1.2792400e-02
  -1.1521200e-02
  -8.3480200e-03
  -7.8062300e-03
  -7.8769800e-03
  -4.4975000e-03
  -4.0113000e-03
  -7.4567400e-03
  -7.6708000e-03
  -7.1741100e-03
  -9.0131000e-03
  -1.1367800e-02
  -1.2022700e-02
  -1.4175200e-02
  -1.5745100e-02
  -1.5459000e-02
  -1.5323600e-02
  -1.5309300e-02
  -1.5086400e-02
  -1.5811900e-02
  -1.6828900e-02
  -1.3713200e-02
  -1.1478400e-02
  -1.0453600e-02
  -8.7577600e-03
  -7.4834400e-03
  -5.7549000e-03
  -4.9100000e-03
  -4.7509400e-03
  -4.8973600e-03
  -4.6863300e-03
  -7.2779100e-03
  -9.0806200e-03
  -8.5641800e-03
  -9.3160400e-03
  -1.0780200e-02
  -1.0718300e-02
  -1.0626100e-02
  -1.2170000e-02
  -1.2903000e-02
  -1.2448000e-02
  -1.2351900e-02
  -1.2209300e-02
  -1.2095600e-02
  -1.1978600e-02
  -1.0380100e-02
  -7.2315300e-03
  -6.9098100e-03
  -6.8075000e-03
  -6.6200900e-03
  -6.1373400e-03
  -7.6946300e-03
  -1.0300000e-02
  -1.0153900e-02
  -6.8222200e-03
  -5.3716600e-03
  -4.3861800e-03
  -1.1257200e-03
  -4.9485600e-04
  -7.0603100e-04
  -4.2034300e-04
  -1.2971400e-04
  -1.3452600e-03
  -4.2581600e-03
  -4.2384200e-03
  -4.0023500e-03
  -3.8483500e-03
  -3.9817700e-03
  -2.7417700e-03
  -2.3668300e-03
  -9.0052900e-04
   1.2580900e-03
   1.1520100e-03
   1.2941600e-03
   1.5205300e-03
   1.5237000e-03
   1.6758700e-03
   1.7840100e-03
   1.8091400e-03
   1.8896700e-03
   1.9963100e-03
   2.1264100e-03
   2.1887400e-03
   2.2691800e-03
   2.4000100e-03
   2.4910000e-03
   2.5390600e-03
   2.6174900e-03
   2.7076100e-03
   3.0912200e-03
   5.0421300e-03
   7.0456800e-03
   6.8202800e-03
   9.2050900e-03
   1.1361200e-02
   1.2798500e-02
   1.4542600e-02
   1.5978900e-02
   1.8389900e-02
   1.8247900e-02
   1.7940100e-02
   1.7697600e-02
   1.7691400e-02
   1.6421800e-02
   1.5104500e-02
   1.3645400e-02
   1.2309600e-02
   9.3554700e-03
   8.2113600e-03
   8.5128800e-03
   8.1818600e-03
   8.0174400e-03
   8.0365500e-03
   9.6001800e-03
   1.1230000e-02
   1.1232100e-02
   1.0942300e-02
   1.0833400e-02
   1.0652600e-02
   1.0415600e-02
   1.0807000e-02
   1.1078100e-02
   9.8606100e-03
   9.5187400e-03
   9.4796800e-03
   9.0625300e-03
   8.9910500e-03
   7.4284600e-03
   5.1267600e-03
   4.9110500e-03
   4.8933800e-03
   4.5538400e-03
   4.4783200e-03
   4.3362600e-03
   4.2141900e-03
   4.0970400e-03
   4.0661900e-03
   3.8467100e-03
   3.7531700e-03
   3.5589600e-03
   3.5335800e-03
   3.3728100e-03
   4.3393700e-03
   4.9938400e-03
   5.8209600e-03
   5.8593300e-03
   5.5862000e-03
   5.4176700e-03
   5.1702000e-03
   4.9492400e-03
   4.7969300e-03
   4.5725400e-03
   4.3233700e-03
   4.1208200e-03
   3.9227700e-03
   3.6574500e-03
   3.4431100e-03
   3.2124200e-03
   3.0372600e-03
   2.8220800e-03
   2.0906700e-03
   6.2347800e-04
   1.9673500e-03
   2.2570400e-03
   1.6967900e-03
   1.6539400e-03
   1.4750800e-03
   1.2580300e-03
   1.0579900e-03
   9.5225900e-04
   1.4854900e-03
   1.7283000e-03
   4.3762500e-04
   2.9477500e-05
  -5.0984900e-05
  -3.0851100e-04
  -1.2873000e-03
  -2.8190300e-03
  -3.1045900e-03
  -3.8240700e-03
  -5.5872500e-03
  -5.7188000e-03
  -5.6194500e-03
  -5.5661400e-03
  -6.2046100e-03
  -6.9258100e-03
  -5.6021300e-03
  -5.3776000e-03
  -5.5842300e-03
  -5.4908800e-03
  -5.3817400e-03
  -6.0532400e-03
  -7.3971900e-03
  -7.2982100e-03
  -7.1608200e-03
  -7.0503700e-03
  -7.5021400e-03
  -8.6480800e-03
  -8.6252500e-03
  -8.3093500e-03
  -8.1986200e-03
  -8.1894000e-03
  -8.3876100e-03
  -7.6505600e-03
  -7.3504100e-03
  -7.2602400e-03
  -6.7415300e-03
  -5.8517600e-03
  -5.8674400e-03
  -5.7495800e-03
  -6.2697800e-03
  -6.1790700e-03
  -6.1445600e-03
  -7.0774900e-03
  -7.0760000e-03
  -6.6930700e-03
  -6.9217600e-03
  -6.9814300e-03
  -6.6533000e-03
  -6.1760400e-03
  -5.4790400e-03
  -5.5958100e-03
  -5.6598000e-03
  -5.3937700e-03
  -5.5558800e-03
  -5.3986600e-03
  -5.0652400e-03
  -4.8361000e-03
  -4.9902000e-03
  -5.1137800e-03
  -4.6542900e-03
  -4.5942600e-03
  -4.3739800e-03
  -4.0433200e-03
  -3.7549100e-03
  -3.3879100e-03
  -2.6529100e-03
  -2.1365300e-03
  -1.4994400e-03
  -9.5726600e-04
  -8.6784100e-04
  -7.1461800e-04
  -6.0088500e-04
  -4.5110500e-04
  -3.5548200e-04
  -3.1277000e-04
  -6.6609000e-04
  -6.0277300e-04
  -6.8554300e-04
  -8.6133100e-04
  -6.6547600e-04
  -4.3005600e-04
  -4.7322800e-05
   2.8081900e-04
   3.9508000e-04
   7.8172300e-04
   1.0203200e-03
   1.0355900e-03
   1.1082900e-03
   1.1582300e-03
   1.1845000e-03
   9.9836200e-04
   9.7269800e-04
   1.0198200e-03
   9.1607800e-04
   9.1096900e-04
   1.0034800e-03
   1.0987000e-03
   1.2847800e-03
   1.4272100e-03
   1.4592700e-03
   1.4948300e-03
   1.5616900e-03
   1.7059100e-03
   1.7368700e-03
   1.7207600e-03
   1.7246800e-03
   1.7155000e-03
   1.7143100e-03
   1.6755300e-03
   1.6578200e-03
   1.6766700e-03
   1.6612500e-03
   1.6487900e-03
   1.6770300e-03
   1.6991000e-03
   1.7031700e-03
   1.6762200e-03
   1.6351500e-03
   1.6128500e-03
   1.5804800e-03
   1.5446300e-03
   1.4783900e-03
   1.4202300e-03
   1.3644600e-03
   1.3281100e-03
   1.2974400e-03
   1.2539400e-03
   1.2158100e-03
   1.1813300e-03
   1.1405100e-03
   1.1056400e-03
   1.0677900e-03
   1.0291600e-03
   9.9306700e-04
   9.5676900e-04
   9.2203000e-04
   8.8778700e-04
   8.5523900e-04
   8.2290200e-04
   7.9174800e-04
   7.6114400e-04
   7.3148600e-04
   6.9992700e-04
   6.7164000e-04
   6.4532700e-04
   6.1907600e-04
   5.9344300e-04
   5.6823800e-04
   5.4350000e-04
   5.1904300e-04
   4.9525500e-04
   4.7154200e-04
   4.4837400e-04
   4.2543800e-04
   4.0267500e-04
   3.8042700e-04
   3.5847300e-04
   3.3679700e-04
   3.1550600e-04
   2.9456400e-04
   2.7393000e-04
   2.5362900e-04
   2.3364800e-04
   2.1397100e-04
   1.9459000e-04
   1.7549800e-04
   1.5669600e-04
