   7.3466000e-04
  -3.0928000e-04
   1.0945700e-04
   5.6491200e-04
   5.7666600e-04
   1.7644800e-03
   1.8721000e-03
   1.3391700e-03
   1.6661000e-03
   1.7778000e-03
   3.4828000e-04
  -1.9894200e-04
  -2.0250600e-04
  -2.6013200e-04
   9.1032000e-04
   1.5728100e-03
   1.8211800e-03
   2.7128400e-04
  -2.8320700e-03
  -1.5769700e-03
   2.4932800e-04
   1.3340900e-03
   4.9380900e-05
  -1.9615700e-03
  -4.1632500e-03
  -3.1448100e-03
  -1.5643400e-03
   1.0881500e-03
   3.9252500e-03
   9.1061100e-04
  -2.8210900e-03
  -2.7033100e-03
  -8.2909800e-04
  -1.3692200e-03
   1.7085900e-03
  -1.7609900e-03
  -2.3531400e-03
  -2.5862500e-03
  -4.9552500e-03
   1.7887000e-04
  -2.1595300e-03
  -5.2333500e-03
  -1.3987200e-03
  -3.2597600e-03
  -1.7650100e-03
  -1.0403600e-03
   7.1754200e-04
   1.5411300e-03
  -1.4296900e-03
   3.2678500e-03
   1.7474700e-03
   2.5843100e-03
   2.9346000e-03
   1.2224600e-03
   1.6329300e-03
  -2.5078400e-03
  -3.0123100e-03
  -4.8631900e-03
  -7.5076200e-03
  -8.6108400e-03
   3.2886100e-04
   1.0733300e-02
   5.5123200e-03
  -1.7751700e-03
  -8.4822800e-03
  -7.6832100e-03
   4.1685800e-03
   1.5947900e-02
   1.2900600e-02
  -1.0985400e-02
  -8.4288400e-03
  -3.0795600e-03
  -3.3657800e-03
   7.1334800e-03
  -7.5969700e-03
  -1.2506900e-02
  -9.7402300e-03
  -3.3077200e-03
  -6.1439500e-03
  -6.0089200e-03
   1.0014600e-02
   1.0018100e-02
   1.3510900e-02
  -2.6516000e-03
  -3.3733800e-03
   4.3004500e-03
   1.3355400e-02
   4.9162500e-03
  -2.6834000e-03
   1.0579000e-02
   1.4974500e-02
   3.2754500e-02
   1.8241300e-02
   1.0589600e-02
   7.7819400e-03
   8.1994800e-03
   7.4358500e-03
  -9.9445900e-03
  -2.9968900e-02
  -3.6798500e-02
  -2.0039500e-02
  -3.9609000e-03
  -5.0131900e-03
  -1.0043500e-02
  -1.9628100e-02
  -1.4451200e-02
   1.1484600e-02
   3.0074500e-02
   3.0672500e-02
   1.8635800e-02
   1.2745700e-02
   9.6809000e-03
   9.7475300e-03
  -5.4521900e-03
   1.3954000e-03
   3.5254800e-03
  -5.1319600e-03
  -1.9108700e-02
  -1.8896200e-02
  -2.5566700e-02
  -1.5753000e-02
   1.2732900e-02
   1.4536600e-02
   2.9670100e-03
  -2.0360100e-02
   1.7265000e-02
   2.0081500e-02
   1.9200500e-02
   2.0409500e-02
  -8.8142000e-03
  -6.1098900e-03
   2.3502900e-03
   6.5397300e-03
   5.3690600e-03
  -2.0582900e-03
  -1.3666600e-02
   3.7193500e-04
   5.3549200e-03
   7.9377000e-04
  -8.9214500e-03
  -1.3017600e-03
  -1.4903200e-02
   7.3739000e-03
  -4.5404400e-03
  -2.0249200e-02
   1.4281200e-02
  -2.0338400e-02
  -2.1121500e-02
   3.3057500e-03
   4.1332400e-03
   1.2369000e-02
   1.3885000e-02
   9.5716600e-03
  -2.4538800e-03
  -2.4511100e-02
  -8.8946600e-03
   9.4737700e-03
   9.4781000e-03
  -2.3262600e-02
  -5.3132000e-02
  -3.4790100e-02
  -2.1516600e-02
   1.9997100e-03
   1.8309800e-02
   1.6661700e-02
   9.3393500e-03
   1.5782900e-02
   3.1175000e-02
   3.0222500e-02
   4.0347300e-02
   2.8285000e-02
  -1.7058800e-02
  -2.6296800e-02
  -4.8244900e-03
   3.0113800e-03
  -7.9595100e-03
  -4.3769400e-02
  -4.5771500e-02
  -1.5840400e-02
   7.4974700e-03
   2.3936000e-02
   2.8119300e-02
   5.4866900e-02
   7.5806700e-02
   5.0344700e-02
   2.2713100e-02
   1.3884200e-02
   1.9982000e-02
   5.1398200e-02
   3.1102400e-02
  -2.7396400e-02
  -4.2486000e-02
  -2.7918200e-02
  -3.7488600e-02
  -3.8311600e-02
  -2.7711500e-02
  -6.0721600e-02
  -9.2469900e-02
  -4.0551700e-02
  -5.7327900e-03
  -9.7279400e-03
   4.6387600e-02
   7.2855700e-02
   7.7373500e-02
   1.1573100e-01
   1.2296000e-01
   1.0383900e-01
   1.1028400e-01
   8.2515300e-02
   7.4000600e-04
  -5.5583200e-02
  -5.1932400e-02
  -4.4195500e-02
  -4.6688200e-02
  -3.7351000e-02
  -6.8745400e-02
  -1.0565900e-01
  -6.1551000e-02
  -4.8728400e-02
  -6.0244000e-02
  -7.5122600e-02
  -8.6232200e-02
  -5.6417500e-02
  -1.4445300e-02
   3.1776200e-02
   7.3431100e-02
   4.7501800e-02
   1.4508000e-02
   4.1084300e-02
   5.0503100e-02
   3.2155500e-02
  -9.2950500e-03
   1.4963800e-02
   3.2586500e-02
  -9.4822600e-03
  -2.8567300e-02
  -3.8683500e-02
  -3.3242700e-02
  -1.7492700e-02
  -7.7638200e-03
   2.1668400e-02
   3.0708800e-02
   3.7257400e-02
   4.3666200e-02
   1.7360500e-02
  -2.1350400e-02
  -4.5960800e-02
  -3.8164800e-02
  -1.4629200e-02
   3.1225100e-02
  -2.0868200e-02
  -7.6091900e-02
  -5.0767200e-02
  -2.6825600e-02
  -3.9446000e-02
  -6.8167000e-02
  -3.8659300e-02
  -2.0209400e-02
  -3.6086600e-02
  -2.8179400e-02
  -2.6016900e-02
  -2.4373600e-02
  -2.7351500e-03
  -3.7213100e-02
  -8.7281700e-02
  -6.8434000e-02
  -1.3454900e-02
  -1.0597700e-02
  -4.7802100e-02
  -8.2530900e-02
  -5.8466000e-02
   2.7810600e-03
   4.9535700e-04
   4.4733900e-02
   1.0997300e-01
   1.5629200e-01
   1.7898500e-01
   1.3630300e-01
   9.9416600e-02
   7.3871900e-02
   5.0792400e-02
   2.4987600e-02
  -1.5681800e-02
  -8.9199200e-02
  -1.1299100e-01
  -9.1371600e-03
   3.4166000e-02
  -1.3186400e-02
  -1.2966700e-05
   2.7270100e-02
   3.9390800e-02
   4.9991800e-02
   5.9737000e-02
   4.2856100e-02
   6.8323600e-04
  -8.9342500e-03
   3.7423800e-02
   1.8763000e-02
  -3.2199500e-03
   3.6751900e-02
   2.4156000e-02
  -2.7262100e-02
  -4.9631700e-02
  -3.5479100e-02
  -7.8319000e-02
  -3.8819400e-02
   4.3292700e-02
   1.0284500e-01
   1.1565500e-01
   4.2420900e-02
   5.2575000e-02
   1.2415000e-01
   1.4984300e-01
   1.0272900e-01
   6.7298000e-02
   1.9205100e-02
  -6.6816600e-02
  -9.1441300e-02
  -6.8447400e-02
  -7.1907200e-02
  -8.9852000e-02
  -4.2889000e-02
  -5.2587100e-02
  -7.5770700e-02
  -3.3626200e-02
  -4.8861900e-02
  -6.3890500e-02
  -1.1939800e-02
   1.8377700e-02
  -1.2582300e-02
  -3.6098400e-02
  -4.8598400e-02
  -6.3372000e-02
  -5.2954700e-02
   4.4703300e-03
   4.4242200e-02
   3.4297300e-02
  -3.5421700e-02
  -9.0759700e-02
  -5.5490100e-02
  -1.0099400e-04
   3.2659400e-02
   4.4316000e-02
   1.2516500e-02
  -1.3605000e-03
   3.6894600e-02
   5.4504000e-02
   3.1720300e-02
   2.1779000e-05
  -2.8212800e-02
  -6.7233900e-02
  -5.1399400e-02
  -1.1499000e-02
  -4.4662200e-02
  -1.1101900e-01
  -1.3134100e-01
  -1.1713600e-01
  -8.2475500e-02
  -5.7755700e-02
  -3.8329800e-02
   1.4191100e-02
   6.2249400e-02
   1.0623100e-01
   1.0852400e-01
   8.8039200e-02
   1.0388000e-01
   1.3252400e-01
   7.1245000e-02
  -2.8460000e-02
  -5.3086800e-02
  -2.1783000e-02
   4.4669000e-02
   3.9727100e-02
   1.1898500e-02
   3.3978500e-02
   8.3644300e-02
   8.1595200e-02
  -1.4140000e-02
  -9.4822000e-02
  -9.4059000e-02
  -1.0122100e-02
   2.8173800e-02
  -1.0608600e-02
  -5.4035100e-02
  -8.7921500e-02
  -5.4046300e-02
   1.9546700e-02
   5.4274700e-02
   7.0090800e-02
   4.6352300e-02
   1.8691400e-03
  -1.9239700e-02
   2.3557100e-03
   1.9880300e-02
  -2.7799500e-02
  -6.5818000e-02
  -1.9081600e-02
   6.1737100e-02
   9.6892400e-02
   8.7653300e-02
   5.3387400e-02
   2.4342900e-02
   1.2419500e-03
  -1.2770800e-02
  -2.0110700e-02
  -7.9013200e-03
   2.7101000e-02
   8.0897900e-02
   8.3702800e-02
   3.1449300e-02
   1.4466300e-02
   2.0148700e-02
   2.2305000e-02
   1.1634700e-02
  -1.6848700e-02
   4.4243700e-03
   3.0521100e-02
   1.3136200e-02
  -7.6106300e-03
  -1.2214900e-02
  -6.7293600e-03
  -3.3521700e-02
  -4.3086300e-02
   2.9284800e-02
   4.2372400e-02
  -3.8899200e-02
  -8.1349500e-02
  -9.5604000e-02
  -8.4486100e-02
  -9.3976200e-02
  -1.1702900e-01
  -9.1420100e-02
  -3.2124400e-02
  -1.1555100e-02
  -1.5411700e-02
   1.8521600e-02
   3.3050500e-02
  -1.3304500e-02
  -4.5636400e-02
  -4.9455300e-02
  -6.7858200e-02
  -3.0994400e-02
   1.6319300e-02
   5.6239000e-02
   1.3786000e-01
   2.1399600e-01
   2.2167200e-01
   1.7510600e-01
   1.3273800e-01
   8.0324200e-02
   6.1854000e-02
   8.8409700e-02
   1.0960500e-01
   1.1011500e-01
   8.2732300e-02
   6.6395900e-02
   7.5173000e-02
   6.3524600e-02
  -1.5789600e-02
  -8.4577400e-02
  -9.8025100e-02
  -1.1185300e-01
  -1.1595800e-01
  -1.1558400e-01
  -9.3757600e-02
  -1.1532800e-01
  -1.5194300e-01
  -1.3859700e-01
  -3.8360400e-02
   8.2639100e-02
   6.0265300e-02
   6.5037700e-04
  -6.2872200e-02
  -6.0069300e-02
   5.6380800e-03
   2.1781600e-02
  -3.0864700e-02
  -8.9569900e-02
  -1.1837900e-01
  -1.5060000e-01
  -1.6216900e-01
  -1.4138000e-01
  -1.0284100e-01
  -7.6053000e-02
  -7.5363500e-02
  -8.1343800e-02
  -9.2061000e-02
  -1.5147600e-01
  -1.5464700e-01
  -8.0534100e-02
   7.0287800e-03
   5.0853000e-02
   6.3803900e-02
   7.8867300e-02
   7.0064600e-02
   7.4846300e-02
   7.0536800e-02
   7.7224900e-02
   1.1008000e-01
   1.2018300e-01
   1.0498200e-01
   7.8224300e-02
   4.9802000e-02
   5.0668900e-02
   5.7644700e-02
   4.8985800e-02
   4.7459900e-02
   4.4405900e-02
   1.5971400e-02
  -1.0973700e-03
   3.4874900e-02
   7.0469800e-02
   9.6510400e-02
   1.1104600e-01
   6.9945400e-02
   3.5507100e-02
   3.2342000e-02
   5.5995700e-03
  -3.9793000e-03
   2.3060800e-02
   1.0062900e-02
  -3.1151200e-02
  -8.0708000e-02
  -8.3006100e-02
  -2.0224100e-02
   1.5344200e-02
   2.2747300e-02
   3.3015600e-02
   3.7443400e-02
   8.9164800e-04
  -4.2142200e-02
  -5.9297600e-02
  -8.0892100e-02
  -9.3606500e-02
  -1.0432400e-01
  -1.3289900e-01
  -1.4379800e-01
  -1.1963300e-01
  -7.7924200e-02
  -2.8009600e-02
   2.6079900e-02
   5.8711700e-02
   8.1827900e-02
   7.5822100e-02
   2.0246300e-02
   1.0322700e-02
   3.3616400e-02
   3.9274300e-02
   4.4830100e-02
   6.0758400e-02
   7.2116000e-02
   9.4410100e-02
   1.1497900e-01
   1.1903500e-01
   1.1305100e-01
   7.5475600e-02
   5.5570300e-02
   3.8557600e-02
   1.4866800e-03
  -2.9157200e-02
  -4.1703300e-02
  -3.3301600e-02
  -5.3667000e-02
  -9.2384200e-02
  -9.5813500e-02
  -8.3146200e-02
  -6.5258500e-02
  -4.9339500e-02
  -6.0625800e-02
  -7.1022700e-02
  -5.4068400e-02
  -3.5097500e-02
  -1.6582500e-02
  -3.0542800e-03
   8.1859200e-04
   1.9956100e-03
   9.6098400e-03
   9.0304200e-03
  -1.3861500e-02
  -2.4539900e-02
  -1.3324100e-02
  -7.0470900e-03
  -2.3145800e-02
  -4.1607900e-02
  -6.0754400e-02
  -4.0265700e-02
  -6.3742200e-03
   2.5762100e-03
   1.0398500e-02
   2.6115600e-02
   2.9135800e-02
   2.6092000e-02
   3.2094700e-02
   4.2411900e-02
   6.3584000e-02
   8.9716300e-02
   1.2578200e-01
   1.4016800e-01
   1.2597400e-01
   7.6184700e-02
   3.2299100e-02
   3.0446800e-02
   4.0218300e-02
   2.1862300e-02
  -1.2751500e-02
  -2.9410200e-02
  -3.1867400e-02
  -3.2101100e-02
  -4.5458100e-02
  -6.4361800e-02
  -7.7520900e-02
  -8.0410600e-02
  -4.5082000e-02
   3.1979000e-02
   7.0705200e-02
   7.0552100e-02
   5.1098700e-02
   8.7798000e-03
  -3.7959700e-02
  -8.9777900e-02
  -1.2611600e-01
  -1.3828600e-01
  -1.2935700e-01
  -1.0769100e-01
  -7.3449000e-02
  -3.7352300e-02
   1.4871700e-03
   5.3429600e-02
   8.3739800e-02
   7.5084000e-02
   5.2041100e-02
   4.4852100e-02
   4.5401800e-02
   3.9565300e-02
   2.7206900e-02
   1.6296900e-02
   1.6318200e-02
   2.6460000e-02
   1.8517200e-02
  -1.1345400e-02
  -3.2315600e-02
  -1.8175500e-02
  -4.1464500e-03
  -2.2778800e-03
   2.2103100e-02
   3.5134500e-02
   3.6286000e-02
   2.8973600e-02
   1.0360600e-02
   1.4446700e-03
  -1.9947900e-02
  -4.7870400e-02
  -5.2719600e-02
  -5.3213400e-02
  -5.9042700e-02
  -5.5343300e-02
  -2.8347000e-02
  -4.0363900e-03
  -3.9569100e-03
   2.4200600e-03
   1.3125900e-02
   1.2943200e-02
   2.0447300e-02
   3.6292900e-02
   5.4172400e-02
   6.5236300e-02
   5.3704100e-02
   2.8360100e-02
   5.3069900e-03
   6.5673900e-04
   1.0796500e-02
   3.4034500e-03
  -1.9313000e-02
  -2.3882700e-02
   4.3712000e-03
   2.0182100e-02
   6.2886500e-03
   9.9105900e-03
   2.7689100e-02
   4.1188700e-02
   5.6425400e-02
   7.1087800e-02
   5.2358500e-02
   3.5989500e-02
   4.9715600e-02
   4.7358300e-02
   1.8637000e-02
  -5.5095100e-03
  -1.8132100e-02
  -4.4472600e-02
  -7.4247500e-02
  -7.7125000e-02
  -6.3128700e-02
  -5.3643800e-02
  -4.9005900e-02
  -3.5246200e-02
  -1.4206700e-02
  -6.6128900e-03
  -2.9093500e-03
  -2.0332400e-03
  -1.4714000e-02
  -2.5291400e-02
  -2.9221600e-02
  -3.5269200e-02
  -2.9178900e-02
  -2.1801300e-02
  -2.0549800e-02
  -1.3507800e-02
  -1.5823300e-02
  -2.1544600e-02
  -1.6425300e-02
  -2.5380400e-03
   1.9189900e-02
   3.5181400e-02
   4.4265500e-02
   5.3328100e-02
   4.6773500e-02
   3.3256400e-02
   1.1502800e-02
  -2.1973700e-02
  -4.6211000e-02
  -5.2917600e-02
  -4.8747900e-02
  -3.8782600e-02
  -1.8714200e-02
  -4.7155200e-04
   3.5685900e-03
  -3.8173000e-03
  -9.5395800e-03
  -9.9456100e-03
  -1.0439400e-02
  -1.4715300e-02
  -1.4591900e-02
  -7.9110100e-03
  -1.3604700e-02
  -3.0445000e-02
  -4.3820300e-02
  -4.8247200e-02
  -3.6945700e-02
  -1.6900700e-02
  -3.6203900e-03
   3.0748100e-03
   7.3760800e-03
   1.5504400e-02
   2.5759400e-02
   3.4365000e-02
   3.9232400e-02
   3.6265200e-02
   3.1605700e-02
   3.3219300e-02
   4.2676700e-02
   5.1448600e-02
   5.7801100e-02
   6.2102300e-02
   5.6306600e-02
   3.3323900e-02
  -1.1756100e-03
  -2.5196700e-02
  -3.5599700e-02
  -4.1952400e-02
  -4.6361900e-02
  -3.8005100e-02
  -2.5626500e-02
  -2.0078800e-02
  -2.7214900e-03
   7.4784300e-03
   9.3710000e-04
  -1.0602200e-02
  -1.5498300e-02
   7.3390500e-04
   1.9808900e-02
   3.2012100e-02
   4.0661600e-02
   4.1342900e-02
   3.5737900e-02
   2.9652500e-02
   2.8790500e-02
   2.6149700e-02
   2.3201800e-02
   2.3246600e-02
   2.8011000e-02
   3.8407800e-02
   4.9416600e-02
   5.9380900e-02
   5.9213500e-02
   4.8601400e-02
   3.1570400e-02
   1.5771500e-02
   6.2036100e-04
  -1.7581600e-02
  -3.2037100e-02
  -3.6367100e-02
  -2.9874800e-02
  -2.4292500e-02
  -2.5612400e-02
  -3.1804900e-02
  -3.4727300e-02
  -3.3508400e-02
  -2.9225500e-02
  -2.6861200e-02
  -2.9150200e-02
  -2.7507000e-02
  -2.5293700e-02
  -1.1104500e-02
   3.2916700e-03
   1.1705600e-02
   2.1039500e-02
   3.1136400e-02
   3.0809000e-02
   1.1202400e-02
   2.6007200e-03
   8.7012800e-03
   2.1983600e-02
   3.0119100e-02
   2.6054300e-02
   1.8246200e-02
   1.2147500e-02
   1.1729300e-02
   1.6087700e-02
   1.4701400e-02
  -1.8338700e-03
  -2.3352900e-02
  -3.2071900e-02
  -3.1917900e-02
  -3.6030600e-02
  -4.1727400e-02
  -5.1195100e-02
  -6.1526800e-02
  -6.5313100e-02
  -6.0972000e-02
  -4.7629400e-02
  -2.1060600e-02
  -4.1786200e-04
   2.0780100e-03
  -1.3869900e-03
  -1.1156600e-02
  -1.9231000e-02
  -2.2203300e-02
  -2.6491500e-02
  -2.6817900e-02
  -2.8062400e-02
  -2.9542500e-02
  -3.0331000e-02
  -2.9205000e-02
  -2.5251500e-02
  -2.4286700e-02
  -2.9212300e-02
  -3.2515100e-02
  -2.2887400e-02
  -1.5711800e-02
  -8.5228700e-03
   7.9449700e-03
   2.1980100e-02
   2.5065600e-02
   1.0920100e-02
  -7.0870100e-03
  -1.0031800e-02
  -3.6119800e-03
   4.0257200e-03
   1.3939000e-02
   2.3031300e-02
   3.0378300e-02
   3.7587600e-02
   4.4915200e-02
   5.0409900e-02
   5.1195200e-02
   4.0222000e-02
   2.2909500e-02
   1.2971600e-02
   1.0575500e-02
   1.6174300e-02
   2.5426600e-02
   2.9254600e-02
   1.9309600e-02
   1.3483300e-02
   1.9219700e-02
   2.5859800e-02
   2.6720700e-02
   2.1237100e-02
   2.1492000e-02
   2.6369600e-02
   2.5735100e-02
   1.6425500e-02
   5.4054000e-03
  -5.6208500e-03
  -2.1291200e-02
  -3.2875400e-02
  -3.1071000e-02
  -2.3836200e-02
  -1.4232000e-02
  -4.8367900e-03
  -5.3580600e-03
  -9.6217100e-03
  -1.4472900e-02
  -1.3647800e-02
  -9.2024700e-04
   1.2867000e-02
   2.2391700e-02
   2.7262200e-02
   2.4642800e-02
   1.9490700e-02
   1.9284600e-02
   1.8192200e-02
   1.4256900e-02
   7.2393000e-03
   1.8291700e-03
   8.6508900e-03
   1.7095400e-02
   1.8973200e-02
   2.1073300e-02
   2.1253800e-02
   2.3172400e-02
   2.7563400e-02
   2.9296400e-02
   2.8836300e-02
   2.0102000e-02
  -1.3455900e-03
  -2.4424200e-02
  -3.7184400e-02
  -4.2343600e-02
  -4.3985800e-02
  -4.1366500e-02
  -3.5580100e-02
  -2.7402800e-02
  -1.4478500e-02
  -3.9867800e-03
   7.2353800e-04
   2.5503100e-03
  -1.6970100e-03
  -2.1458500e-03
   4.8523200e-03
   1.2027000e-02
   1.2698100e-02
   5.9660300e-03
  -9.0973700e-03
  -2.2376800e-02
  -2.6627200e-02
  -2.8736600e-02
  -3.6443700e-02
  -4.3494000e-02
  -4.1845700e-02
  -3.5899200e-02
  -2.7825900e-02
  -1.6205100e-02
  -6.3091000e-03
   1.2704800e-03
   1.2054900e-02
   2.0743200e-02
   2.6008400e-02
   3.0343400e-02
   3.2724000e-02
   3.2841300e-02
   2.7941200e-02
   1.5838800e-02
   8.1011400e-04
  -9.1400200e-03
  -1.0434400e-02
  -5.9138400e-03
   1.8615900e-03
   9.2708300e-03
   1.1427100e-02
   4.6205800e-03
  -1.5667800e-03
   4.8969200e-03
   6.4748300e-03
  -4.5146900e-03
  -8.3825600e-03
  -3.0245400e-03
   1.9632300e-03
   3.4649700e-04
   2.1743000e-03
   8.0841500e-03
   8.6196200e-03
  -8.8157600e-05
  -1.3193200e-02
  -1.6804000e-02
  -1.4218300e-02
  -1.4618200e-02
  -1.1386900e-02
  -2.9780100e-03
  -4.1478300e-04
  -6.4839400e-04
   9.9234700e-05
   2.5706600e-03
   7.3850300e-03
   1.1153900e-02
   1.3690600e-02
   7.9673600e-03
  -4.4093500e-03
  -9.5644600e-03
  -1.0796600e-02
  -1.2304200e-02
  -9.5676000e-03
  -8.9049000e-04
   7.5336600e-03
   1.0459000e-02
   8.3506300e-03
   5.9536000e-03
   4.9529500e-03
   5.5271900e-03
   1.1095800e-04
  -1.1602700e-02
  -1.9700600e-02
  -2.4985200e-02
  -2.7205800e-02
  -2.4779200e-02
  -1.9152900e-02
  -1.3479700e-02
  -6.2540500e-03
   9.5835000e-04
   2.2792300e-03
   3.0289000e-03
   5.2004600e-03
   4.2283700e-03
   3.9723300e-03
   4.9994500e-03
   6.8170700e-03
   7.8564200e-03
   7.0189800e-03
   2.6288800e-03
  -4.6276300e-04
  -2.3008200e-03
  -7.7802800e-03
  -1.1758300e-02
  -1.4144100e-02
  -2.0515100e-02
  -2.2828400e-02
  -1.7171500e-02
  -1.4107500e-02
  -1.4112600e-02
  -9.4828300e-03
  -3.3659100e-03
   1.6531600e-04
   1.7269200e-03
  -3.0596100e-04
  -4.8957900e-04
  -5.2122000e-03
  -8.9107300e-03
  -4.8103500e-03
   1.8114700e-03
   6.1658300e-03
   1.3579200e-02
   2.1141400e-02
   1.9684900e-02
   1.9357400e-02
   1.9032000e-02
   1.3457700e-02
   7.1071800e-03
   7.2856700e-03
   1.0331400e-02
   1.0454800e-02
   1.1080000e-02
   1.6605400e-02
   2.1626800e-02
   1.2503900e-02
  -4.0496900e-03
  -9.6933600e-03
  -1.2842100e-02
  -1.6205100e-02
  -1.4801600e-02
  -9.7994900e-03
  -6.1275000e-03
  -8.3021500e-03
  -1.1193900e-02
  -9.6751000e-03
  -2.4025100e-03
   3.0351000e-03
   5.0903900e-03
   8.3023600e-03
   1.0534100e-02
   1.1366400e-02
   1.4471300e-02
   1.9559000e-02
   2.3848100e-02
   2.4266300e-02
   2.4710000e-02
   2.3488100e-02
   2.1634700e-02
   2.1650000e-02
   2.1202200e-02
   1.8250300e-02
   1.2952400e-02
   1.0092300e-02
   1.1659100e-02
   1.4806800e-02
   1.8584800e-02
   2.3499200e-02
   2.3460400e-02
   1.9176400e-02
   1.3567400e-02
   7.2281400e-03
   3.6571100e-03
  -5.7691000e-04
  -5.5677700e-03
  -7.3099400e-03
  -6.2430200e-03
  -1.3092900e-03
   4.6515900e-03
   8.8978500e-03
   7.1781200e-03
   1.0163000e-03
  -1.6173400e-03
  -4.1408200e-03
  -7.5221200e-03
  -8.6278100e-03
  -1.2361000e-02
  -1.8676800e-02
  -2.6349300e-02
  -2.9402100e-02
  -2.7015400e-02
  -2.3380100e-02
  -1.8851300e-02
  -1.0702500e-02
   9.0714900e-04
   8.5510300e-03
   1.2737100e-02
   1.5043300e-02
   1.1808900e-02
   7.1821900e-03
   6.6456700e-03
   5.2809200e-03
  -1.6448800e-03
  -9.7661200e-03
  -1.6246200e-02
  -2.2069400e-02
  -2.5687300e-02
  -3.0012100e-02
  -3.0847500e-02
  -2.4943700e-02
  -1.5365900e-02
  -7.5394300e-03
   3.7131000e-05
   5.6124500e-03
   6.4549800e-03
   8.8601400e-03
   1.1491800e-02
   1.0785900e-02
   6.0245600e-03
   1.0428900e-03
  -3.5022300e-03
  -6.2093000e-03
  -9.2458400e-03
  -1.2588400e-02
  -1.0343300e-02
  -7.6505300e-03
  -7.4098100e-03
  -7.3261600e-03
  -7.4944500e-03
  -5.7941100e-03
   2.4026200e-03
   9.2315300e-03
   1.4786500e-02
   1.6664300e-02
   1.4107200e-02
   1.2479200e-02
   9.1662900e-03
   1.0071000e-02
   1.0882000e-02
   6.3511200e-03
   2.7397200e-04
  -2.6809600e-03
  -2.0291700e-03
  -5.3689700e-04
   2.4731300e-03
   1.9050000e-03
  -1.0754200e-03
   8.1260700e-04
   6.8999800e-03
   1.2010200e-02
   1.2520200e-02
   9.2704900e-03
   3.9420300e-03
  -1.3099400e-03
  -6.6445300e-03
  -1.2226000e-02
  -1.9138500e-02
  -2.1281500e-02
  -2.0995900e-02
  -2.1310000e-02
  -1.9923800e-02
  -1.8891600e-02
  -1.7116800e-02
  -1.8095900e-02
  -1.8071500e-02
  -1.6107900e-02
  -1.4451400e-02
  -1.2868400e-02
  -1.1240500e-02
  -1.0684500e-02
  -1.0097000e-02
  -1.1355700e-02
  -1.2861200e-02
  -1.2841800e-02
  -1.2482700e-02
  -9.4859400e-03
  -7.1868500e-03
  -8.5352700e-03
  -1.0063200e-02
  -1.1629900e-02
  -1.2665200e-02
  -1.4669500e-02
  -1.5653800e-02
  -1.6012800e-02
  -1.8071100e-02
  -1.4822400e-02
  -4.7866100e-03
   7.6400600e-03
   1.6961900e-02
   2.2201600e-02
   2.2809600e-02
   2.3063600e-02
   2.1770200e-02
   1.8754100e-02
   1.5301400e-02
   1.4863900e-02
   1.3601100e-02
   1.1794700e-02
   1.1936500e-02
   1.2486300e-02
   1.3218700e-02
   1.0899200e-02
   8.1554600e-03
   7.7454400e-03
   9.9894600e-03
   1.1540900e-02
   1.1717400e-02
   1.3748200e-02
   1.2945500e-02
   1.0558700e-02
   8.1862300e-03
   5.9850900e-03
   5.7688700e-03
   6.0198100e-03
   8.9788500e-03
   1.2825300e-02
   1.6300500e-02
   1.7361300e-02
   1.7266400e-02
   1.7325600e-02
   1.4073900e-02
   1.1729900e-02
   1.2214500e-02
   1.1270000e-02
   9.2381600e-03
   9.3157100e-03
   1.1379200e-02
   1.3968000e-02
   1.4525900e-02
   1.5734700e-02
   1.4984000e-02
   1.1039700e-02
   8.7936300e-03
   8.6223000e-03
   1.0155400e-02
   1.2395300e-02
   1.3351100e-02
   1.2006800e-02
   8.1114000e-03
   5.7266700e-03
   5.9888300e-03
   5.5788200e-03
   5.8450600e-03
   1.5121300e-03
  -4.3120500e-03
  -7.2659400e-03
  -7.8105900e-03
  -8.2807900e-03
  -1.2777900e-02
  -1.7475000e-02
  -1.8656200e-02
  -1.8644900e-02
  -1.9121200e-02
  -1.8892700e-02
  -1.3050100e-02
  -7.8185200e-03
  -5.3296900e-03
  -6.5852800e-03
  -1.0017600e-02
  -1.0907000e-02
  -1.4025100e-02
  -1.6123200e-02
  -1.7672500e-02
  -1.9390200e-02
  -1.9590100e-02
  -1.6841200e-02
  -1.5949700e-02
  -1.7405200e-02
  -2.0424300e-02
  -2.1804400e-02
  -2.1559600e-02
  -1.9158400e-02
  -1.6966400e-02
  -1.7258100e-02
  -1.6807300e-02
  -1.6603200e-02
  -1.3149500e-02
  -6.7295700e-03
  -3.2523700e-03
  -1.6774600e-03
   4.7579200e-04
   2.9024000e-03
   5.3698100e-03
   5.5340600e-03
   2.2180700e-03
  -1.1030300e-03
  -2.7605000e-03
  -2.5054700e-03
  -1.3538600e-03
   1.0237900e-03
   3.7105000e-03
   2.9343100e-03
   1.1403600e-04
  -4.6228200e-03
  -9.2607300e-03
  -1.0992700e-02
  -7.4205900e-03
  -5.5029600e-03
  -4.0035300e-03
  -1.1016100e-04
   2.6132700e-03
   3.0325200e-03
   5.7600300e-03
   7.7164100e-03
   6.4057400e-03
   4.1087300e-03
   7.1624300e-04
   1.2569300e-04
  -1.3981600e-03
  -3.3065500e-03
  -2.9250400e-03
  -1.3327000e-04
   4.8413000e-03
   7.3117700e-03
   3.0441200e-03
   5.1433100e-03
   7.8279800e-03
   9.5885300e-03
   1.0348500e-02
   8.1248900e-03
   6.3868300e-03
   9.2316400e-03
   1.2433500e-02
   1.0747400e-02
   1.1872500e-02
   1.4346000e-02
   1.6197400e-02
   1.8363900e-02
   1.7837600e-02
   1.4860200e-02
   1.5518200e-02
   1.6583100e-02
   1.6876900e-02
   1.5802800e-02
   1.3565000e-02
   1.0050100e-02
   8.8251000e-03
   1.0640700e-02
   1.2184000e-02
   1.2264600e-02
   9.7921800e-03
   6.8250300e-03
   7.9021800e-03
   8.7059600e-03
   7.0311500e-03
   4.4985200e-03
   1.3957100e-03
  -7.6462000e-04
  -2.4067900e-03
  -1.0828000e-03
   1.2796600e-04
   4.0849400e-04
  -1.0194800e-03
  -2.5351700e-03
  -4.0406600e-03
  -5.7929900e-03
  -7.7228000e-03
  -7.7482800e-03
  -5.9928300e-03
  -5.8908000e-03
  -3.1673700e-03
  -2.9959800e-03
  -1.7087200e-03
   4.9115300e-06
  -2.6021800e-03
  -8.5897300e-04
  -3.7036600e-04
  -6.6817800e-04
   6.6600900e-04
  -8.7008400e-04
  -1.5963000e-03
   1.6738500e-03
   3.1161600e-03
   1.9462400e-03
  -1.1320900e-03
  -2.3560600e-03
  -5.5323200e-03
  -1.1191200e-02
  -1.5241600e-02
  -1.6158600e-02
  -1.3735100e-02
  -1.3290300e-02
  -1.0181300e-02
  -7.2569500e-03
  -6.9407300e-03
  -9.9282800e-03
  -1.3683900e-02
  -1.6636800e-02
  -2.0908500e-02
  -2.1899900e-02
  -1.9617100e-02
  -1.8739900e-02
  -1.9113200e-02
  -1.7882000e-02
  -1.3289000e-02
  -8.9508700e-03
  -5.5787300e-03
  -1.1753600e-03
   4.3357200e-03
   1.0006900e-02
   1.1357500e-02
   9.4480300e-03
   9.9805000e-03
   1.1361600e-02
   1.1251500e-02
   9.0380800e-03
   3.9136300e-03
  -1.8585300e-03
  -6.1343500e-03
  -6.4862200e-03
  -3.3976400e-03
  -2.6550600e-03
  -2.3582200e-03
  -3.6587000e-03
  -5.1111500e-03
  -5.2386300e-03
  -2.8630300e-03
   4.6095100e-03
   8.6905500e-03
   8.8802900e-03
   8.5161700e-03
   6.6342900e-03
   5.2807700e-03
   3.4733500e-03
   2.1922500e-03
   1.9393100e-03
   2.6696500e-03
   3.1908900e-03
   1.2110900e-03
   8.6047900e-05
   7.1540700e-04
   2.0740700e-03
   4.5751200e-03
   4.2038600e-03
  -8.4206100e-04
  -2.3812200e-03
   2.1832900e-03
   5.8481700e-03
   4.9516100e-03
   6.8884700e-05
  -2.6432800e-03
  -2.1006200e-03
  -2.4912700e-03
  -4.2782900e-03
  -5.8276600e-03
  -5.3941400e-03
  -5.2482600e-03
  -8.6254700e-03
  -9.4475800e-03
  -7.8318800e-03
  -6.0121900e-03
   1.5066800e-04
   7.2101000e-03
   1.0074300e-02
   1.0482300e-02
   1.1352400e-02
   1.0805600e-02
   1.0955600e-02
   1.1050500e-02
   1.1042300e-02
   1.1102500e-02
   1.0915900e-02
   1.2579500e-02
   1.0537500e-02
   6.6645500e-03
   6.0158400e-03
   2.8334500e-03
  -1.9299400e-03
  -2.6704500e-03
  -2.5256100e-03
  -4.5839600e-03
  -6.8065300e-03
  -8.3722200e-03
  -7.2685700e-03
  -5.7202000e-03
  -4.2136600e-03
  -2.4551700e-03
  -2.8774400e-03
  -1.3484600e-03
   1.8217100e-03
   5.3947800e-03
   9.2248800e-03
   1.0610000e-02
   7.4980300e-03
   5.6691800e-03
   4.1034800e-03
  -9.1774600e-05
   1.2281100e-03
   2.5265700e-03
   2.8009600e-03
   3.7709800e-03
   2.6826400e-03
   2.8346200e-03
   2.2726000e-03
  -1.4989400e-04
  -2.3388100e-03
  -4.6480900e-03
  -5.6170900e-03
  -4.2349900e-03
  -2.2735300e-03
  -6.1195300e-04
   1.4698700e-03
   4.0667800e-03
   5.7885400e-03
   2.7775000e-03
   1.4423200e-03
   2.1960900e-03
   1.5915200e-04
   6.3268200e-05
  -7.5455800e-05
  -2.6754400e-03
  -5.8394800e-03
  -8.1161300e-03
  -9.7552800e-03
  -1.2011500e-02
  -1.2465400e-02
  -9.9337900e-03
  -7.8632000e-03
  -5.8762500e-03
  -4.9450000e-03
  -3.0427100e-03
  -8.7521400e-04
   5.8076900e-05
   1.6278500e-03
   4.0003600e-03
   5.9281500e-03
   8.0018000e-03
   8.3445100e-03
   8.3455100e-03
   7.9915600e-03
   8.4015900e-03
   7.0572200e-03
   5.1855000e-03
   5.9688500e-03
   4.1613900e-03
   2.9210600e-03
   2.7619300e-03
   4.9997900e-03
   7.9598100e-03
   8.4432800e-03
   7.0081200e-03
   1.9254400e-03
  -1.4150800e-03
  -6.1643300e-04
  -1.2583200e-04
   3.9332900e-04
   3.8929300e-03
   7.3904900e-03
   1.0679000e-02
   9.2784700e-03
   2.6576300e-03
  -1.0317400e-03
  -2.2700400e-03
  -4.1550200e-03
  -5.5218400e-03
  -3.5298100e-03
   5.8076700e-04
   3.3979800e-03
   5.5797400e-03
   7.4228500e-03
   1.0119700e-02
   1.0629700e-02
   8.9129900e-03
   7.9123400e-03
   4.8829100e-03
   1.5056600e-03
  -9.1482600e-04
  -5.3263600e-03
  -1.1909500e-02
  -1.4696100e-02
  -1.5307200e-02
  -1.4851200e-02
  -1.3953700e-02
  -1.4186300e-02
  -1.3634500e-02
  -1.1100800e-02
  -8.0174100e-03
  -7.4982700e-03
  -8.6488600e-03
  -1.0170700e-02
  -9.4333200e-03
  -5.4879900e-03
   4.5346800e-04
   3.9948700e-03
   5.0321700e-03
   2.8421900e-03
   5.7367000e-04
  -2.4441200e-04
   5.4468300e-06
  -1.3614000e-03
  -5.0660800e-03
  -8.5269800e-03
  -1.1203500e-02
  -1.0859800e-02
  -9.1024000e-03
  -6.6360800e-03
  -7.1206300e-03
  -8.3548800e-03
  -8.3233000e-03
  -5.9681700e-03
  -5.7305600e-03
  -5.4205300e-03
  -6.6160200e-03
  -8.3470100e-03
  -8.6275600e-03
  -7.6565700e-03
  -5.9491500e-03
  -4.6068800e-03
  -3.0136900e-03
  -2.6689900e-03
  -3.9138300e-04
  -2.7821900e-04
  -1.1789400e-03
  -1.8277100e-03
  -3.7851500e-03
  -5.4294500e-03
  -6.0619100e-03
  -7.7776100e-03
  -8.3713100e-03
  -7.7206100e-03
  -5.7000500e-03
  -5.1748100e-03
  -5.0739000e-03
  -5.0862000e-03
  -5.5473000e-03
  -5.7268900e-03
  -6.1349600e-03
  -5.4373400e-03
  -2.8761900e-03
  -6.6387800e-04
   8.2693100e-05
  -1.1332200e-03
  -1.5127300e-03
  -6.4681700e-04
   1.4420700e-03
   2.8516400e-03
   2.4017500e-03
   3.3747500e-03
   3.7194400e-03
   5.2840400e-03
   8.1695500e-03
   1.0504200e-02
   1.2951200e-02
   1.3629400e-02
   1.3259000e-02
   1.3637400e-02
   1.3591400e-02
   1.3573000e-02
   1.1994900e-02
   1.2031600e-02
   1.3588000e-02
   1.3617500e-02
   1.3171700e-02
   1.0555300e-02
   8.4081100e-03
   6.0691600e-03
   3.3854500e-03
   4.3992400e-03
   5.9046700e-03
   7.7773000e-03
   8.4677500e-03
   8.8562800e-03
   8.7674500e-03
   8.7663300e-03
   7.3872000e-03
   6.0152000e-03
   4.5157100e-03
   2.6765500e-03
   2.9232900e-03
   2.7875300e-03
   5.2966400e-03
   4.9956400e-03
   2.9657300e-03
   4.1559700e-03
   6.7558500e-03
   1.0395100e-02
   1.1096800e-02
   1.1363900e-02
   9.9255900e-03
   8.3985500e-03
   7.7976600e-03
   5.8320100e-03
   5.5850600e-03
   2.5545300e-03
  -9.9722300e-04
  -4.6581100e-03
  -9.1023700e-03
  -1.0639600e-02
  -1.0826400e-02
  -8.0694500e-03
  -5.4838700e-03
  -5.2361300e-03
  -5.1220000e-03
  -5.4138400e-03
  -5.5088200e-03
  -5.2284400e-03
  -6.1353500e-03
  -8.0336900e-03
  -1.0074800e-02
  -1.0876700e-02
  -1.2511900e-02
  -1.3687000e-02
  -1.3679000e-02
  -1.5588600e-02
  -1.6044600e-02
  -1.5315500e-02
  -1.4585300e-02
  -1.2716800e-02
  -9.0602000e-03
  -4.9364700e-03
   2.5111100e-04
   3.8658600e-03
   7.0389400e-03
   9.9662000e-03
   1.0957500e-02
   8.9224600e-03
   5.6134400e-03
   5.2491600e-03
   5.8304200e-03
   7.2174700e-03
   7.6457300e-03
   8.0178800e-03
   9.7527600e-03
   9.5934900e-03
   7.8236400e-03
   5.9670900e-03
   5.3998200e-03
   5.3262300e-03
   5.3393400e-03
   4.2763400e-03
   3.9079700e-03
   3.1683100e-03
   2.7264900e-03
   2.3285400e-03
  -1.8184200e-04
  -2.6442800e-03
  -5.6748600e-03
  -7.0499800e-03
  -9.3757500e-03
  -1.0431600e-02
  -8.2561200e-03
  -6.8109400e-03
  -5.1893100e-03
  -3.6176600e-03
  -1.9776700e-03
  -2.2445900e-04
  -7.9787000e-04
  -3.0287800e-03
  -4.7690800e-03
  -3.6880500e-03
  -2.3999700e-03
  -4.1963600e-03
  -5.4695000e-03
  -5.2585400e-03
  -5.5626800e-03
  -3.7207400e-03
  -9.1082600e-04
   3.8880900e-03
   7.9291500e-03
   8.8143200e-03
   1.0344100e-02
   1.0421500e-02
   1.0216300e-02
   9.2338000e-03
   8.7042300e-03
   6.4794200e-03
   5.2990800e-03
   3.4781900e-03
   2.5987500e-03
   2.0538800e-03
  -1.2184800e-03
  -4.7550200e-03
  -7.7744200e-03
  -6.2833800e-03
  -5.3706900e-03
  -3.5134700e-03
  -2.9292200e-03
  -1.1750200e-03
   6.6107400e-05
  -1.4320200e-04
   5.1142800e-04
  -1.8436400e-03
  -2.9391800e-03
  -2.9584800e-03
  -3.6223600e-03
  -4.6812800e-03
  -6.1308000e-03
  -5.9134100e-03
  -7.2402100e-03
  -8.7713300e-03
  -8.5052000e-03
  -8.4250800e-03
  -6.7663000e-03
  -6.9301500e-03
  -8.4425900e-03
  -7.2532700e-03
  -4.0761300e-03
  -1.7545700e-03
   3.6057100e-04
   3.8214900e-04
   4.0054200e-04
   2.5687700e-03
   3.8351800e-03
   3.8498400e-03
   3.4239300e-03
   3.7782200e-03
   1.8256700e-03
   1.0027300e-03
   9.1540900e-04
   7.7294100e-04
   7.5521400e-04
   1.0408300e-03
   2.8520700e-03
   3.1375200e-03
   3.3582100e-03
   3.1811800e-03
   2.6161700e-03
   1.9931600e-03
   5.7997700e-04
   2.5188900e-04
   5.5083600e-04
   9.3303600e-04
   4.1232900e-04
  -4.3315700e-06
   4.0999800e-04
   6.0170400e-04
   1.8916300e-03
   2.6841100e-03
   4.3366200e-03
   5.8214400e-03
   5.0339300e-03
   4.2870500e-03
   4.3460600e-03
   4.7154800e-03
   2.8803800e-03
   1.2292700e-03
   1.3353700e-03
   2.4878700e-03
   1.4634900e-03
   7.8874900e-04
   1.0219800e-03
   1.3537600e-03
   2.0195500e-03
   3.3912300e-03
   3.9899200e-03
   4.7860800e-03
   5.9781400e-03
   6.7627600e-03
   7.1503900e-03
   5.9293800e-03
   5.6273000e-03
   5.2352000e-03
   4.9479200e-03
   3.0205800e-03
   6.6665300e-04
  -1.1235300e-03
  -2.7651000e-03
  -3.3030900e-03
  -3.0982100e-03
  -4.3675700e-03
  -4.6712200e-03
  -4.6292400e-03
  -4.1988900e-03
  -4.1757900e-03
  -4.3952800e-03
  -4.0611600e-03
  -3.4777300e-03
  -2.5000800e-03
  -1.9518200e-03
  -4.7207700e-04
  -3.9695800e-04
  -7.3644900e-04
  -1.1333600e-03
  -2.6877300e-03
  -3.7195200e-03
  -4.4328700e-03
  -4.9628200e-03
  -4.8402300e-03
  -4.6861700e-03
  -4.8155300e-03
  -4.3260500e-03
  -4.1454300e-03
  -3.7667300e-03
  -3.0567700e-03
  -2.2418300e-03
  -1.3159000e-03
  -9.9254700e-04
  -1.0810200e-03
  -1.8739600e-03
  -2.7966200e-03
  -3.0172200e-03
  -3.9467100e-03
  -4.7028600e-03
  -4.9283100e-03
  -5.0699700e-03
  -4.5451300e-03
  -3.8668900e-03
  -3.1242000e-03
  -2.2481100e-03
  -9.9069200e-04
  -5.2275900e-04
  -3.3909400e-05
   3.9938700e-04
   1.0352900e-03
   1.6461700e-03
   2.1368300e-03
   2.6292400e-03
   2.9717300e-03
   3.6468400e-03
   3.8859200e-03
   3.8570500e-03
   3.7391800e-03
   3.5125500e-03
   2.8228300e-03
   2.4030300e-03
   2.1033100e-03
   2.1613100e-03
   2.6667400e-03
   2.7472000e-03
   2.9514600e-03
   3.0038800e-03
   2.8201700e-03
   2.6168600e-03
   2.0564300e-03
   1.8022700e-03
   1.6711200e-03
   1.5831100e-03
   1.7735300e-03
   1.7047300e-03
   1.5122400e-03
   1.4125000e-03
   9.4507300e-04
   9.2936600e-04
   1.0108100e-03
   6.9124300e-04
   3.4246300e-04
  -7.6527600e-05
  -2.9105700e-04
  -4.6424800e-04
  -4.3567800e-04
  -2.1606400e-04
  -8.7524800e-05
   1.6095200e-05
   8.1896100e-05
   1.2203900e-04
   1.1625400e-04
   2.5421100e-05
  -1.7042000e-04
  -2.3569500e-04
  -2.2270600e-04
  -3.1076200e-04
  -3.9312100e-04
  -4.3031800e-04
  -4.6498400e-04
  -5.4074500e-04
  -5.6621500e-04
  -6.3244300e-04
  -5.6473100e-04
  -5.0598200e-04
  -5.0903400e-04
  -4.9084000e-04
  -5.2517200e-04
  -5.1091300e-04
  -4.9191800e-04
  -4.6462800e-04
  -4.2299800e-04
  -3.7137600e-04
  -3.0738500e-04
  -2.4961700e-04
  -2.0216200e-04
  -1.4937700e-04
  -1.0001600e-04
  -6.3442900e-05
  -4.1081500e-05
  -3.0280800e-05
  -2.2777100e-05
  -1.7809400e-05
  -1.4961300e-05
  -1.3214500e-05
  -1.0641800e-05
  -5.2550000e-06
