  -1.1820500e-03
  -1.9226100e-03
  -2.2714800e-03
  -2.2225600e-03
  -8.5783300e-04
   7.0783300e-04
   1.2382000e-03
  -6.7943600e-04
  -1.6335000e-04
   6.8627600e-04
  -6.4179800e-04
   5.4136800e-04
   6.8617400e-04
   5.7088000e-04
   5.6268700e-04
   1.2083100e-03
   9.8592000e-04
  -5.1249300e-04
   7.3493400e-04
  -5.4519900e-04
  -4.0744300e-03
  -1.5040600e-03
  -2.6887800e-04
  -1.9855700e-03
  -1.9346300e-04
   8.0304500e-04
   1.0886100e-03
   8.8152100e-04
  -4.8735100e-04
  -2.2876800e-03
  -1.4615100e-03
  -4.3440700e-04
  -1.6023400e-03
  -1.1566300e-03
   4.7737900e-04
   1.4279900e-03
  -3.7948400e-04
  -4.1895000e-05
  -2.6938600e-04
  -1.4801600e-03
  -6.5704800e-04
  -2.5593800e-03
  -4.2536300e-03
  -6.1019000e-03
  -4.9707500e-03
   2.9434000e-03
   6.2165500e-03
   2.1355000e-03
   1.5973000e-04
   1.7539600e-03
   1.1929300e-03
   2.4475000e-03
   1.7712100e-03
  -1.8977600e-03
   5.2471200e-04
   2.3617000e-03
  -1.3324700e-04
   9.9076400e-04
   3.1939400e-03
   1.7087900e-03
  -2.0244400e-03
   2.5930900e-04
   2.4839000e-03
  -2.3601100e-03
  -7.5631600e-03
  -7.5295200e-03
  -4.6511100e-03
   5.1311900e-04
   2.8009500e-03
   5.5090200e-03
   7.1624200e-03
   2.4693700e-03
   1.8961000e-03
  -1.7024900e-03
  -4.7217100e-03
  -9.3754200e-04
   3.1730300e-03
   1.7429600e-03
   2.2815000e-03
   4.7835300e-03
   4.4346600e-03
   1.2410200e-03
   3.3523000e-04
   1.1899600e-03
  -2.3413000e-03
  -4.0947100e-03
  -2.6228800e-03
  -1.7895600e-03
  -1.8885300e-03
  -1.5580700e-03
  -9.3793900e-04
   1.1979100e-03
   4.5634900e-04
   9.2348400e-04
   2.9236800e-03
   2.2463700e-03
   4.3332700e-03
   2.0566000e-03
  -1.1064400e-03
   1.8382700e-03
   5.7642300e-03
   8.4019200e-03
   3.2060200e-03
  -5.1131300e-03
  -5.3212300e-03
  -1.2830800e-03
   2.1002400e-03
  -2.6774600e-03
  -8.3772500e-03
  -6.5596300e-03
  -6.0282400e-03
  -4.5247800e-03
  -2.0798600e-03
  -1.5709100e-03
   1.5694800e-04
   6.1208600e-03
   6.7644600e-03
   8.4537800e-04
  -2.5757300e-03
  -3.4988500e-03
  -1.5639300e-03
   4.6835400e-03
   4.2326800e-03
   1.8530000e-03
   4.0990200e-03
   4.0367700e-03
   4.2958300e-03
   3.2329700e-03
   3.7388700e-04
   9.4506500e-04
   9.6850300e-04
  -4.8399900e-04
  -1.5660100e-04
   1.6936600e-03
   2.3933500e-03
   2.3831300e-03
   1.7904900e-03
  -1.9029500e-03
  -2.7771100e-03
   6.3884700e-04
   4.5556300e-03
   4.5464200e-03
  -1.5052600e-03
  -1.3420800e-03
  -1.2513200e-03
  -7.9292800e-03
  -7.8364800e-03
   2.8881900e-04
   7.5093800e-03
   5.1643800e-03
   1.1629000e-03
  -2.3306200e-03
   1.0103700e-04
  -9.9140300e-04
  -6.1332400e-03
  -2.8274400e-03
  -1.5239000e-03
  -8.2600000e-03
  -8.2467600e-03
   3.2618800e-03
   1.0622200e-02
   8.8687800e-03
   4.1397900e-04
  -3.4977400e-03
  -1.3945200e-03
   8.0764100e-04
  -6.4281800e-04
  -4.1169600e-03
  -5.4837800e-03
   5.6480500e-04
   6.1686700e-03
   5.4668900e-03
   7.8608100e-03
   7.7842900e-03
   6.0706700e-03
  -1.0254900e-03
   9.7951400e-06
   9.9078600e-03
   1.4426400e-02
   1.0130200e-02
   2.3026800e-03
   3.5072800e-03
   4.9944300e-03
  -2.9585300e-03
  -8.3461900e-03
  -6.7335900e-03
  -9.2407600e-03
  -9.3203400e-03
  -4.9241600e-03
   1.8618800e-03
   4.1976700e-03
   8.4899000e-04
  -1.5745500e-03
   2.9203600e-04
   3.9793200e-03
   2.9501200e-03
   6.5918600e-04
  -3.5391500e-03
  -3.3351700e-03
   1.0589800e-03
   7.5410600e-03
   1.4109800e-02
   1.3460100e-02
   9.1240500e-03
   1.4352800e-03
  -2.8242600e-03
  -4.9571000e-03
  -4.2971700e-03
  -2.9354900e-03
  -4.7419200e-03
  -9.1126400e-03
  -9.6634500e-03
  -5.1326300e-03
   2.3453900e-05
  -4.8248100e-04
  -1.3852000e-03
   1.2096700e-03
  -8.9826900e-05
  -6.0670400e-03
  -1.0650900e-02
  -2.1094700e-03
   9.1319300e-03
   9.2818600e-03
   4.8581000e-03
   7.1816500e-03
   1.1023000e-02
   9.1930600e-03
   1.2482700e-03
   7.6375200e-04
   1.2584400e-03
  -2.7981200e-03
  -6.2477700e-03
  -6.8934400e-03
  -7.0097400e-03
  -1.0957100e-02
  -7.7574300e-03
  -8.1052600e-03
  -7.5126500e-03
  -3.2276500e-03
  -2.3463800e-03
   2.6169300e-03
   8.2870900e-03
   1.1485800e-02
   7.0498100e-03
  -3.6918300e-03
  -8.0717200e-03
  -1.0441200e-02
  -9.4171300e-03
  -3.9081200e-03
  -4.6353900e-03
  -1.2745400e-02
  -1.7025400e-02
  -2.4591700e-02
  -3.8079200e-02
  -4.0357900e-02
  -3.8660600e-02
  -3.6817500e-02
  -2.6419600e-02
   2.6422000e-03
   2.0503400e-02
   2.4631300e-02
   2.3231900e-02
   6.2968100e-03
  -4.0674200e-03
  -7.0866400e-03
  -7.1529500e-03
  -1.6327200e-03
   1.1114200e-02
   1.3908000e-02
   7.4136300e-03
   9.3108100e-03
   1.3488700e-02
   1.1588400e-02
   1.3566200e-02
   9.1353300e-03
  -3.4443400e-03
  -1.0414000e-02
  -1.9358400e-02
  -2.1517700e-02
  -2.1861500e-02
  -9.8489700e-03
   1.3582400e-02
   2.8942600e-02
   3.5568500e-02
   3.6538500e-02
   3.5724600e-02
   2.8832400e-02
   2.7706300e-02
   3.3746800e-02
   3.5224700e-02
   2.7728700e-02
   2.4030200e-02
   1.8343700e-02
   1.3008100e-02
   1.5799800e-03
  -9.4819300e-03
  -1.6458700e-02
  -2.8251000e-02
  -2.9627000e-02
  -1.6228200e-02
  -1.9684000e-02
  -4.3307200e-02
  -4.9826000e-02
  -5.9100900e-02
  -6.4154000e-02
  -6.2562800e-02
  -4.8761200e-02
  -3.7462700e-02
  -3.6638500e-02
  -4.1685500e-02
  -5.0571700e-02
  -5.5487100e-02
  -4.8257400e-02
  -2.7935900e-02
   1.8531600e-03
   3.2479700e-02
   4.8263100e-02
   6.0234900e-02
   6.7337100e-02
   6.9337300e-02
   7.0096200e-02
   7.3534600e-02
   8.1473300e-02
   9.7196600e-02
   1.0083900e-01
   8.2066900e-02
   6.1716900e-02
   5.8741500e-02
   5.6755600e-02
   4.6901300e-02
   3.0882200e-02
   7.9363000e-03
  -6.9281600e-03
  -7.9022700e-03
  -2.1890600e-02
  -5.5370000e-02
  -8.2428600e-02
  -9.6722900e-02
  -9.4203500e-02
  -5.7485500e-02
  -1.7314900e-02
  -4.1517900e-03
   4.1183600e-03
   1.7120300e-02
   1.6611300e-02
   8.9317200e-03
   2.0232600e-03
  -8.8091500e-03
  -1.3634800e-02
  -2.2215000e-02
  -2.9848700e-02
  -2.3019800e-02
  -3.2093800e-03
   3.5113900e-03
  -1.3948000e-02
  -2.1340900e-02
  -1.1174600e-02
  -2.2750900e-03
   3.7153600e-03
   9.4671400e-03
   9.2141700e-03
  -1.1368000e-03
  -1.0321900e-02
  -2.4055200e-02
  -3.4565300e-02
  -3.4849900e-02
  -3.0270100e-02
  -1.3730800e-02
   3.4327600e-03
   1.2781100e-02
   2.6959000e-02
   4.3076100e-02
   4.5654600e-02
   3.1937700e-02
   5.2024300e-03
   3.5367700e-03
   2.4707900e-02
   3.6242000e-02
   3.3380900e-02
   2.6628500e-02
   3.2918900e-02
   4.1398100e-02
   2.0289200e-02
  -2.8766700e-02
  -6.3358900e-02
  -6.9668700e-02
  -6.1709600e-02
  -4.8085500e-02
  -2.9061500e-02
  -1.9174600e-02
  -1.8614600e-02
  -1.4163400e-02
  -7.7322700e-03
  -1.0091500e-02
   4.8035200e-03
   2.6260200e-02
   2.7754500e-02
   3.1515300e-02
   4.0693200e-02
   4.4343800e-02
   3.5860500e-02
   3.6546900e-02
   1.9591400e-02
  -9.5254700e-03
  -7.4834400e-03
   7.5319800e-03
   3.4213700e-03
  -1.3642200e-02
  -1.4811100e-02
  -8.0566900e-03
  -8.4325800e-04
   1.3554000e-02
   3.9228400e-02
   5.8397300e-02
   7.2989400e-02
   6.8252500e-02
   2.4647500e-02
  -2.1088000e-04
  -1.1714400e-02
  -3.3828000e-02
  -3.5206100e-02
  -3.0673200e-02
  -3.6752400e-02
  -4.6948300e-02
  -4.9705400e-02
  -4.1512700e-02
  -3.1854400e-02
  -2.9630800e-02
  -2.9482900e-02
  -2.9861300e-02
  -2.0351800e-02
   5.5327000e-03
   2.0639900e-02
   2.9144700e-02
   3.7386300e-02
   3.4057000e-02
   1.7658400e-02
   1.0417500e-02
   1.5371600e-02
   1.3447900e-02
   9.9980300e-04
  -2.9598400e-03
  -5.7940800e-05
  -1.2104100e-02
  -3.5377500e-02
  -6.4662700e-02
  -7.8422500e-02
  -7.1952700e-02
  -3.1077200e-02
   2.3806000e-02
   5.1183800e-02
   5.0023000e-02
   2.6150900e-02
   6.9739200e-03
  -9.9942000e-04
  -7.3728100e-04
   1.1079000e-03
  -1.1269200e-03
  -5.4935500e-03
  -3.6891700e-03
   6.9514700e-03
   1.5283800e-02
   1.6317100e-02
   1.2939900e-02
   1.3953800e-02
   1.8832400e-02
   2.0906100e-02
   1.5961100e-02
  -6.4095100e-03
  -3.9776800e-02
  -6.8746800e-02
  -8.5722700e-02
  -8.0528800e-02
  -5.8264300e-02
  -4.4778900e-02
  -4.2721500e-02
  -4.2887800e-02
  -3.8596600e-02
  -3.2176800e-02
  -1.4215600e-02
   1.8424400e-02
   4.3345100e-02
   5.5313700e-02
   6.1653000e-02
   7.1863200e-02
   8.3504500e-02
   9.2285700e-02
   9.2112300e-02
   6.7691400e-02
   3.4154900e-02
   2.0016600e-02
   1.5328700e-02
   1.3161200e-02
   1.6923400e-03
  -2.5084700e-02
  -4.7608300e-02
  -6.1909800e-02
  -6.9852500e-02
  -6.3884500e-02
  -5.2980700e-02
  -4.1099700e-02
  -3.0502900e-02
  -2.3906600e-02
  -9.6255800e-03
   2.8387800e-02
   7.9390800e-02
   1.1412600e-01
   1.2425300e-01
   1.1011400e-01
   8.0850500e-02
   5.5658500e-02
   3.7077200e-02
   2.3525500e-02
   1.6192700e-02
   1.4190400e-02
   1.3751800e-02
   1.0978400e-02
   4.9777800e-03
  -3.1720200e-03
  -2.2823300e-02
  -4.3942400e-02
  -4.7745000e-02
  -5.7594100e-02
  -7.9454800e-02
  -1.0660800e-01
  -1.2334300e-01
  -1.2470800e-01
  -1.0973300e-01
  -7.2936900e-02
  -3.7432800e-02
  -3.1915600e-02
  -2.7582700e-02
   4.9931000e-03
   3.4613900e-02
   4.8487900e-02
   5.4947600e-02
   6.1753000e-02
   6.1829500e-02
   5.5654500e-02
   4.7991200e-02
   4.2818800e-02
   4.3779600e-02
   4.3378800e-02
   2.9070200e-02
   1.8903900e-02
   2.0152400e-02
   1.3476500e-02
  -2.1743100e-02
  -5.5661200e-02
  -5.5928400e-02
  -4.8665000e-02
  -3.4991900e-02
  -2.2242900e-02
  -1.1190200e-02
  -2.4477600e-03
   3.3101400e-03
   7.4484400e-04
  -7.3835300e-03
  -1.2251000e-02
  -1.9805100e-02
  -2.6122000e-02
  -3.2313300e-02
  -2.6821700e-02
  -1.3160800e-02
   1.5870400e-02
   4.3119700e-02
   5.5627000e-02
   6.4897800e-02
   6.5535300e-02
   6.6386000e-02
   5.8812500e-02
   3.6334700e-02
   2.3092100e-02
   1.9571000e-02
   1.9765900e-02
   1.7274000e-02
   8.9130600e-03
   1.4194600e-02
   1.8337900e-02
  -3.8379500e-03
  -4.3604700e-02
  -7.7460500e-02
  -9.6892500e-02
  -8.6398800e-02
  -6.2909200e-02
  -6.0268400e-02
  -6.8940500e-02
  -7.4328100e-02
  -5.0950700e-02
  -1.0580100e-02
   2.1902800e-03
  -3.7634500e-03
  -2.6241100e-03
   1.3761200e-02
   4.0916600e-02
   6.2313200e-02
   7.4140100e-02
   7.5832300e-02
   7.1908300e-02
   6.4153300e-02
   4.6627600e-02
   2.7067100e-02
   3.3612800e-03
  -9.0164100e-03
  -8.6492100e-03
  -1.0388300e-02
  -7.6526600e-03
   1.2259800e-02
   2.9175500e-02
   3.2109000e-02
   2.8719500e-02
   2.6990600e-02
   3.1326700e-02
   3.1365400e-02
   1.2286300e-02
  -3.2890600e-03
  -1.5591400e-03
  -1.3286200e-03
  -6.1083300e-03
  -2.2989300e-02
  -3.9441900e-02
  -4.0121200e-02
  -3.2668100e-02
  -2.2836300e-02
  -1.5179200e-02
  -2.1847900e-02
  -3.3511600e-02
  -3.2655800e-02
  -1.7545600e-02
  -5.7971900e-03
  -3.9071200e-03
  -7.6637800e-03
  -1.6409200e-02
  -3.1799000e-02
  -3.2977100e-02
  -1.7492500e-02
   3.3814400e-04
   1.4099000e-02
   1.4164200e-02
  -1.1092200e-03
  -2.3003500e-02
  -4.0944300e-02
  -4.6285000e-02
  -3.9708000e-02
  -1.0102500e-02
   2.0067000e-02
   2.1406300e-02
   1.3257500e-02
   1.1735700e-02
   1.3824600e-02
   1.0854400e-02
  -2.8819300e-03
  -2.1219500e-02
  -1.9302900e-02
   9.7776900e-04
   2.6600200e-02
   4.4542000e-02
   4.7140900e-02
   3.5289600e-02
   2.1344100e-02
   2.4878400e-02
   3.5921000e-02
   4.2483600e-02
   3.1968500e-02
  -1.0053500e-02
  -5.5531200e-02
  -7.8841300e-02
  -7.3270000e-02
  -4.1022700e-02
  -9.1385100e-03
   1.8071100e-03
   1.6133200e-03
  -5.0503400e-03
  -1.4658700e-02
  -2.0050400e-02
  -1.8432700e-02
  -6.4150800e-03
   1.7527400e-02
   4.3356800e-02
   5.9387200e-02
   4.1603500e-02
   1.4593900e-02
   1.5501300e-03
  -1.1635400e-02
  -2.5312600e-02
  -3.3690900e-02
  -3.0768500e-02
  -1.6150900e-02
   3.1689100e-03
   1.4883600e-02
   2.5686400e-02
   2.3309800e-02
   1.6445300e-02
   1.7617200e-02
   2.0955700e-02
   2.6054700e-02
   3.6652500e-02
   4.8682400e-02
   6.0795900e-02
   7.2291300e-02
   7.2210700e-02
   4.2547100e-02
  -7.2573500e-05
  -2.5008500e-02
  -4.2165900e-02
  -5.1546800e-02
  -5.5324900e-02
  -6.0009800e-02
  -6.6949900e-02
  -6.7812800e-02
  -6.0630900e-02
  -5.2510700e-02
  -4.5041300e-02
  -2.8256100e-02
  -5.8375400e-03
   6.5272300e-04
  -1.1889200e-02
  -2.2655300e-02
  -2.4554500e-02
  -2.6338500e-02
  -2.0378600e-02
  -1.6912000e-03
   2.1028300e-02
   3.3496800e-02
   3.7717500e-02
   2.7831700e-02
   1.7503100e-03
  -1.6147600e-02
  -1.9116800e-02
  -1.1772800e-02
   1.0397900e-02
   3.2273800e-02
   4.8848800e-02
   6.1566200e-02
   6.3759200e-02
   5.3178800e-02
   4.2594200e-02
   3.8884500e-02
   3.5735800e-02
   2.8082700e-02
   1.7306400e-02
   8.6966000e-03
  -1.7390100e-03
  -1.1970600e-02
  -2.3437500e-02
  -3.5900800e-02
  -3.9775800e-02
  -2.8701700e-02
  -1.6312700e-02
  -8.1812800e-03
  -3.8014000e-03
  -7.9313700e-03
  -1.5622200e-02
  -2.0111200e-02
  -2.1111800e-02
  -2.1256600e-02
  -2.1008800e-02
  -2.2404100e-02
  -2.4279900e-02
  -1.6274900e-02
   4.4851500e-03
   2.2307600e-02
   3.6312200e-02
   4.7318000e-02
   5.3376800e-02
   5.3032100e-02
   4.2966700e-02
   3.0761400e-02
   2.0518600e-02
   1.4585200e-02
   7.1290500e-03
  -6.0932000e-03
  -1.6684900e-02
  -1.6922500e-02
  -1.4615300e-02
  -9.9263300e-03
   3.9913400e-04
   1.0716400e-02
   1.1699700e-02
  -2.9801100e-03
  -1.5888200e-02
  -1.2857800e-02
  -3.9388800e-03
   7.9186200e-03
   2.5059700e-02
   3.7323200e-02
   3.2659800e-02
   1.2972700e-02
   3.0298000e-03
   2.3066200e-03
  -4.3764100e-03
  -1.7527300e-02
  -2.6663400e-02
  -2.6948000e-02
  -2.3396300e-02
  -2.3965500e-02
  -3.1472700e-02
  -3.1850100e-02
  -2.3987900e-02
  -1.8197400e-02
  -1.7024300e-02
  -1.7012100e-02
  -2.4151100e-02
  -3.6597100e-02
  -5.1569700e-02
  -6.4293100e-02
  -7.1601400e-02
  -7.4472700e-02
  -6.9916400e-02
  -5.2092900e-02
  -2.5186300e-02
  -3.6969400e-03
   1.3889900e-02
   3.0558700e-02
   4.1197400e-02
   4.9487900e-02
   5.7539800e-02
   6.7724500e-02
   7.8100000e-02
   8.7158600e-02
   9.0378700e-02
   8.4348500e-02
   8.2797100e-02
   8.4634100e-02
   8.4078200e-02
   6.8748600e-02
   4.1899200e-02
   2.1295200e-02
   2.4578600e-03
  -1.3752000e-02
  -2.6200000e-02
  -3.9126500e-02
  -5.1580700e-02
  -6.2560000e-02
  -6.6846000e-02
  -6.2555900e-02
  -5.9920200e-02
  -5.8018900e-02
  -5.9097000e-02
  -6.0564800e-02
  -5.0111800e-02
  -3.4492600e-02
  -1.2297400e-02
   1.2148000e-02
   2.7790700e-02
   3.2429700e-02
   3.2880500e-02
   3.8202900e-02
   5.0258300e-02
   6.0678600e-02
   6.0108400e-02
   5.1506800e-02
   3.5511100e-02
   2.1766600e-02
   1.5417100e-02
   1.1375900e-02
   7.7273800e-03
  -5.9875300e-03
  -2.8159300e-02
  -4.2804400e-02
  -4.5607400e-02
  -3.9829100e-02
  -3.3047100e-02
  -3.4610700e-02
  -4.6599800e-02
  -5.8027900e-02
  -6.2476100e-02
  -6.1900800e-02
  -5.9621100e-02
  -5.8427700e-02
  -4.8894800e-02
  -2.6289500e-02
   1.8357900e-04
   2.1083400e-02
   3.9659600e-02
   5.7846200e-02
   7.4225400e-02
   8.2768900e-02
   8.0390300e-02
   6.8176800e-02
   5.6316300e-02
   5.1743600e-02
   4.8669300e-02
   4.6755800e-02
   4.2174000e-02
   3.0804100e-02
   1.8870100e-02
   1.3940400e-02
   1.3888400e-02
   1.4444300e-02
   1.2066700e-02
   1.0040000e-02
   7.0717900e-03
   7.2229400e-04
  -4.2165400e-03
  -9.6317100e-03
  -1.9718500e-02
  -3.7844900e-02
  -5.7161700e-02
  -7.1872100e-02
  -8.2349500e-02
  -8.6363200e-02
  -8.5750200e-02
  -7.8265400e-02
  -6.6097800e-02
  -5.5849900e-02
  -5.0834500e-02
  -4.7317600e-02
  -4.1374000e-02
  -3.7573500e-02
  -3.5299900e-02
  -3.1069900e-02
  -2.3743300e-02
  -1.5818900e-02
  -8.8298500e-03
   1.7536800e-03
   1.1919000e-02
   1.5965400e-02
   1.3894800e-02
   1.1314200e-02
   1.3124700e-02
   1.3503100e-02
   9.8657900e-03
   5.1646200e-03
   5.5308000e-03
   1.3183900e-02
   2.1976300e-02
   2.5365800e-02
   2.4509000e-02
   2.0141300e-02
   1.3398100e-02
   1.2950300e-02
   1.5920600e-02
   1.7519900e-02
   2.0939000e-02
   2.7818900e-02
   3.6061500e-02
   4.3226000e-02
   4.9362300e-02
   5.4435800e-02
   5.6445200e-02
   5.7894700e-02
   5.8610700e-02
   5.4483800e-02
   4.6201400e-02
   3.6561400e-02
   3.0345500e-02
   2.1454200e-02
   7.8698400e-03
  -4.9586900e-03
  -1.5130100e-02
  -2.3447200e-02
  -2.8219800e-02
  -2.9496800e-02
  -2.9547800e-02
  -2.5925800e-02
  -1.8527700e-02
  -1.1895600e-02
  -5.9684200e-03
  -8.5617500e-04
  -7.0520800e-04
  -3.8325200e-03
  -6.5395900e-03
  -1.0255400e-02
  -8.3317200e-03
   1.4164300e-03
   9.5376800e-03
   1.2188700e-02
   1.2870000e-02
   1.3064900e-02
   1.1263500e-02
   4.5978500e-03
  -5.9560800e-03
  -1.3317400e-02
  -1.8686700e-02
  -2.1540600e-02
  -1.8612200e-02
  -9.7494200e-03
   5.0691400e-03
   1.7184700e-02
   2.0301800e-02
   1.9319600e-02
   1.2012300e-02
   1.8551600e-03
  -9.1343100e-03
  -1.8154200e-02
  -2.4050800e-02
  -3.0326800e-02
  -3.5941900e-02
  -4.0801200e-02
  -4.4577200e-02
  -4.9128500e-02
  -5.5133200e-02
  -6.0524900e-02
  -6.6302200e-02
  -7.0544400e-02
  -7.0074100e-02
  -6.3022900e-02
  -4.4172200e-02
  -2.0139000e-02
  -4.3024600e-03
   7.4795700e-03
   1.8050900e-02
   2.7189000e-02
   3.2942900e-02
   3.3941500e-02
   3.6732200e-02
   3.7135100e-02
   3.4396400e-02
   3.1029400e-02
   2.9836000e-02
   3.0188900e-02
   3.3245900e-02
   3.8327500e-02
   4.0693900e-02
   4.1172300e-02
   4.0069700e-02
   4.0107500e-02
   3.7604400e-02
   3.3777300e-02
   2.9041500e-02
   2.2034100e-02
   1.3107100e-02
   7.8122500e-03
   7.7327000e-03
   4.2320600e-03
   2.1655500e-03
   1.7953000e-03
   3.0488800e-03
   6.1343900e-03
   5.5193400e-03
   3.2355700e-03
  -2.4019700e-03
  -8.2822600e-03
  -9.8295900e-03
  -8.1792300e-03
  -5.4089000e-03
  -3.3801100e-03
  -3.8564400e-03
  -6.9929400e-03
  -1.0844500e-02
  -1.6142300e-02
  -1.6647200e-02
  -1.3084400e-02
  -8.3607200e-03
  -3.4371800e-03
   1.4782100e-03
   7.3177200e-03
   1.0964200e-02
   1.1710900e-02
   1.0930600e-02
   1.0638900e-02
   1.0241100e-02
   7.2382000e-03
   4.4423900e-03
   5.2879700e-03
   1.1518100e-02
   1.9294600e-02
   2.0405400e-02
   1.4197700e-02
   2.0464500e-03
  -1.1539900e-02
  -2.4939700e-02
  -3.7743700e-02
  -4.6036300e-02
  -5.0085700e-02
  -5.3243600e-02
  -5.4171800e-02
  -5.2197100e-02
  -4.9106500e-02
  -4.7480600e-02
  -4.7587700e-02
  -4.7282700e-02
  -4.4695000e-02
  -3.5713800e-02
  -2.6895900e-02
  -2.0675000e-02
  -1.2992300e-02
   2.2546500e-03
   2.0579000e-02
   3.4113300e-02
   4.4397000e-02
   4.8540200e-02
   4.9533700e-02
   5.1139200e-02
   5.0574100e-02
   4.7092900e-02
   4.0594500e-02
   3.5705600e-02
   3.4116500e-02
   3.3734000e-02
   3.4297000e-02
   3.5161000e-02
   3.3835000e-02
   2.9003200e-02
   2.1812200e-02
   1.1159400e-02
   1.5479200e-03
  -1.9527200e-03
  -1.7211700e-03
   1.1215800e-03
   4.1428200e-03
   4.7558500e-03
   1.7707600e-04
  -5.5339000e-03
  -7.4831100e-03
  -6.7731800e-03
  -5.4084200e-03
  -7.1495500e-03
  -7.0312300e-03
  -7.9828800e-03
  -9.4027100e-03
  -1.1850700e-02
  -1.5083100e-02
  -1.5527800e-02
  -1.7602500e-02
  -1.8618400e-02
  -2.0431900e-02
  -2.1470300e-02
  -2.3819300e-02
  -2.7890200e-02
  -3.2079300e-02
  -3.6857000e-02
  -4.1146100e-02
  -4.5216900e-02
  -4.5706500e-02
  -4.2539400e-02
  -3.7421000e-02
  -3.1370300e-02
  -2.2005700e-02
  -1.0564400e-02
  -3.4590500e-03
   1.6502000e-04
   4.0175700e-03
   1.1956200e-02
   1.9477700e-02
   2.6961500e-02
   3.5953800e-02
   4.1233300e-02
   4.4152600e-02
   4.6677100e-02
   4.6071200e-02
   4.2344100e-02
   3.8971000e-02
   3.7287000e-02
   3.7858200e-02
   3.9857400e-02
   4.2397200e-02
   4.1710700e-02
   3.5177600e-02
   2.4794100e-02
   1.3241500e-02
  -2.7243800e-04
  -1.1331300e-02
  -1.6750500e-02
  -1.8469200e-02
  -1.5414300e-02
  -1.0710100e-02
  -8.8495800e-03
  -1.1470000e-02
  -1.6819900e-02
  -1.9794200e-02
  -1.7150300e-02
  -1.3828200e-02
  -1.2835700e-02
  -9.6879800e-03
  -5.1459200e-03
  -1.3300900e-03
  -1.4994400e-04
  -1.0301800e-04
  -1.0220300e-03
  -3.0038900e-03
  -4.1095600e-03
  -5.0530500e-03
  -6.3025500e-03
  -8.2374800e-03
  -8.7026000e-03
  -8.2048300e-03
  -6.8115100e-03
  -6.2790600e-03
  -7.8263900e-03
  -9.4910300e-03
  -1.1947200e-02
  -1.3055900e-02
  -1.2686700e-02
  -1.1479000e-02
  -1.1423900e-02
  -1.2980400e-02
  -1.4891900e-02
  -1.7710100e-02
  -2.0666100e-02
  -2.1991100e-02
  -2.0358000e-02
  -1.6318800e-02
  -1.3207800e-02
  -1.3006900e-02
  -1.4668500e-02
  -1.4236000e-02
  -1.3372000e-02
  -1.3653600e-02
  -1.4172700e-02
  -1.3239400e-02
  -1.1179000e-02
  -1.0372200e-02
  -7.4702800e-03
  -3.2556400e-03
   1.3109100e-03
   4.5218700e-03
   6.8168800e-03
   9.2363200e-03
   1.1213100e-02
   1.2577800e-02
   1.4170100e-02
   1.4855500e-02
   1.6816000e-02
   1.7906400e-02
   1.9127300e-02
   2.1821100e-02
   2.4102900e-02
   2.7270000e-02
   2.7988100e-02
   2.6072500e-02
   2.4347700e-02
   2.2530100e-02
   2.0551300e-02
   1.8387900e-02
   1.5797000e-02
   1.1421300e-02
   5.3583800e-03
   3.3347100e-03
   2.4687300e-03
   1.5895000e-03
  -1.4317400e-03
  -6.7367500e-03
  -6.8958700e-03
  -8.0953800e-03
  -9.7304400e-03
  -1.0222100e-02
  -9.6070100e-03
  -8.3595400e-03
  -6.2940400e-03
  -2.1344700e-03
   1.6446300e-03
   7.6677400e-03
   1.4371200e-02
   2.2097700e-02
   2.8897000e-02
   3.2619000e-02
   3.4653900e-02
   3.6434800e-02
   3.4669200e-02
   3.3477900e-02
   3.0275100e-02
   2.6689800e-02
   2.4636500e-02
   2.2825000e-02
   2.2673000e-02
   1.9422300e-02
   1.4766000e-02
   1.1852900e-02
   1.0052600e-02
   6.3336600e-03
   2.4056500e-03
   4.6969000e-04
  -1.4230600e-04
  -5.7584200e-03
  -1.5470900e-02
  -2.4404000e-02
  -3.0120100e-02
  -3.2243700e-02
  -3.3856300e-02
  -3.5275100e-02
  -3.5177200e-02
  -3.2691500e-02
  -2.8301400e-02
  -2.6862200e-02
  -2.3100400e-02
  -2.1520400e-02
  -2.1535700e-02
  -2.2478200e-02
  -2.4269300e-02
  -2.1691800e-02
  -2.0499400e-02
  -1.9348800e-02
  -2.1107300e-02
  -2.3605300e-02
  -2.3188100e-02
  -2.1682600e-02
  -2.1573400e-02
  -1.8402200e-02
  -1.5730900e-02
  -1.5894000e-02
  -1.5633900e-02
  -1.5810400e-02
  -1.4114100e-02
  -1.0897000e-02
  -5.5553100e-03
  -1.7119400e-03
   3.6988000e-04
   3.1249000e-03
   6.4705100e-03
   1.2550700e-02
   1.4960000e-02
   1.4887600e-02
   1.3799200e-02
   1.1746000e-02
   1.2226400e-02
   1.1728600e-02
   1.1484900e-02
   1.1291100e-02
   9.6152100e-03
   6.3981300e-03
   2.2620400e-03
   7.0653900e-04
  -1.1978000e-03
  -2.4421900e-03
  -2.3330500e-03
  -1.5609000e-03
   5.4233800e-04
   2.4497400e-03
   5.0252500e-03
   7.4018500e-03
   8.2443700e-03
   6.6093200e-03
   4.8365600e-03
   3.2270000e-03
   3.1545900e-03
   5.2639500e-03
   9.0093900e-03
   1.2406000e-02
   1.4462300e-02
   1.5028400e-02
   1.4508200e-02
   1.3352600e-02
   1.1604300e-02
   7.5997800e-03
   1.6939800e-03
  -4.9921100e-03
  -1.0150300e-02
  -1.4203700e-02
  -1.7998100e-02
  -2.1732300e-02
  -2.5443100e-02
  -2.8264400e-02
  -3.1541700e-02
  -3.3197100e-02
  -3.5249400e-02
  -3.5755300e-02
  -3.3863200e-02
  -3.0922500e-02
  -2.7096500e-02
  -2.3358200e-02
  -1.7977700e-02
  -1.0951900e-02
  -3.0499800e-03
   2.5916500e-03
   5.5282300e-03
   6.8583100e-03
   7.1755400e-03
   7.0541600e-03
   6.0045800e-03
   6.2738600e-03
   8.1965700e-03
   1.1568700e-02
   1.6333100e-02
   2.2353200e-02
   2.7165500e-02
   3.0487700e-02
   3.1235300e-02
   3.1032400e-02
   2.8805700e-02
   2.8381400e-02
   2.7903000e-02
   2.5745700e-02
   2.5638600e-02
   2.3391500e-02
   2.2885600e-02
   2.0624300e-02
   2.0152000e-02
   2.0122500e-02
   1.7758100e-02
   1.6391300e-02
   1.3863700e-02
   1.2142000e-02
   1.1531000e-02
   1.1308700e-02
   1.2859100e-02
   1.7029800e-02
   2.1975800e-02
   2.4957300e-02
   2.6117000e-02
   2.5311200e-02
   2.3545600e-02
   2.2383800e-02
   2.0007200e-02
   1.8234500e-02
   1.6954400e-02
   1.4998000e-02
   1.4476800e-02
   1.4747100e-02
   1.2446000e-02
   9.6369200e-03
   9.2003600e-03
   8.9831000e-03
   9.0565400e-03
   9.0402300e-03
   7.4194500e-03
   2.8845300e-03
  -2.4816900e-03
  -6.4005200e-03
  -8.1712400e-03
  -8.0213000e-03
  -7.5867800e-03
  -7.2736300e-03
  -9.2911900e-03
  -1.2069700e-02
  -1.5091900e-02
  -1.9041400e-02
  -2.3536500e-02
  -2.8319300e-02
  -3.1600600e-02
  -3.2775700e-02
  -3.2621600e-02
  -2.9941100e-02
  -2.6932100e-02
  -2.6377200e-02
  -2.4380000e-02
  -2.2127900e-02
  -1.9969500e-02
  -1.8005000e-02
  -1.9088300e-02
  -2.0592800e-02
  -2.2282900e-02
  -2.2727600e-02
  -1.9806300e-02
  -1.8231500e-02
  -1.8073300e-02
  -1.6652500e-02
  -1.5286700e-02
  -1.3435400e-02
  -1.1271000e-02
  -9.8511200e-03
  -8.0569300e-03
  -8.0477500e-03
  -7.0644700e-03
  -6.8920900e-03
  -6.7390900e-03
  -7.6428100e-03
  -9.5032800e-03
  -9.5338800e-03
  -1.1841100e-02
  -1.3758700e-02
  -1.5934400e-02
  -1.8369100e-02
  -2.0031700e-02
  -2.1109800e-02
  -2.0645800e-02
  -2.1517900e-02
  -2.3290600e-02
  -2.3792500e-02
  -2.4231000e-02
  -2.3747600e-02
  -2.4062700e-02
  -2.2295100e-02
  -1.8271200e-02
  -1.2573500e-02
  -5.2264000e-03
   1.3964700e-03
   8.2110900e-03
   1.4135300e-02
   1.8987400e-02
   2.4258800e-02
   2.8385700e-02
   3.2870600e-02
   3.6087700e-02
   3.8192000e-02
   4.0305400e-02
   4.0304400e-02
   3.8716200e-02
   3.4613800e-02
   2.7466700e-02
   1.9099600e-02
   1.1424100e-02
   5.5876700e-03
   3.0315500e-03
  -1.3351000e-04
  -3.4097500e-03
  -5.3620300e-03
  -5.7577900e-03
  -3.8667100e-03
  -1.0637500e-03
   4.0444200e-03
   8.7966000e-03
   1.0740700e-02
   1.2016700e-02
   9.6054600e-03
   5.0827800e-03
   4.8156200e-04
  -2.4162600e-03
  -4.4236100e-03
  -8.1568100e-03
  -9.7092500e-03
  -9.2145500e-03
  -8.0548100e-03
  -5.3038700e-03
  -2.4040100e-03
  -1.9468900e-04
   1.5882700e-03
   3.0509500e-03
   4.3626700e-03
   2.9183500e-03
   1.9636400e-03
   1.9605700e-03
   1.8810200e-03
  -1.5388300e-04
  -8.1586200e-04
  -7.8934200e-04
   1.4419000e-05
   3.6864200e-03
   7.0514000e-03
   1.0864200e-02
   1.5351100e-02
   1.8823200e-02
   2.2065800e-02
   2.3903800e-02
   2.4994200e-02
   2.7046500e-02
   2.8285800e-02
   2.6750700e-02
   2.3876300e-02
   2.1123300e-02
   1.9069100e-02
   1.6430300e-02
   1.2805200e-02
   1.0269500e-02
   7.7021700e-03
   4.9920300e-03
   2.0452500e-03
   1.9881300e-03
   1.7596500e-03
   1.5658500e-03
   6.3357100e-04
   1.3363500e-03
   2.0279100e-03
   1.9830300e-03
   1.7861700e-03
  -1.2320100e-03
  -3.8870700e-03
  -5.7567300e-03
  -3.5300700e-03
  -1.1616300e-03
   2.4206100e-03
   4.6595100e-03
   4.7462100e-03
   5.9804100e-03
   6.8841300e-03
   7.0044900e-03
   7.0350900e-03
   6.5903700e-03
   4.9991700e-03
   3.3579900e-03
   1.3883800e-03
  -1.5624900e-03
  -4.0706600e-03
  -5.4925400e-03
  -6.8114100e-03
  -6.2616200e-03
  -7.4917400e-03
  -9.0013400e-03
  -1.1072000e-02
  -1.1967500e-02
  -1.2729400e-02
  -1.4291100e-02
  -1.5116200e-02
  -1.7454100e-02
  -1.9853100e-02
  -2.0030600e-02
  -2.1537200e-02
  -2.3689400e-02
  -2.6586100e-02
  -2.8510900e-02
  -2.9090300e-02
  -3.1087400e-02
  -3.1093500e-02
  -3.1188400e-02
  -3.1363800e-02
  -3.1429100e-02
  -3.0009300e-02
  -2.7221600e-02
  -2.4988800e-02
  -2.2702000e-02
  -2.0439600e-02
  -1.7489800e-02
  -1.3824900e-02
  -1.1494200e-02
  -9.2308500e-03
  -7.1490300e-03
  -6.0586500e-03
  -4.0951500e-03
  -3.2536500e-03
  -3.7004200e-03
  -1.2983200e-03
  -7.2711600e-04
   4.1630400e-04
   2.4767000e-03
   2.5226000e-03
   4.3616600e-03
   2.9907800e-03
   1.6882400e-03
   2.5195400e-03
   4.6176800e-03
   8.4671600e-03
   1.2558400e-02
   1.6585300e-02
   2.0996800e-02
   2.5256400e-02
   3.1323300e-02
   3.4601600e-02
   3.2708500e-02
   3.2727900e-02
   3.2420800e-02
   3.0657300e-02
   3.0025900e-02
   2.8284700e-02
   2.6038700e-02
   2.3093900e-02
   2.1703700e-02
   2.0181800e-02
   1.7320800e-02
   1.3068400e-02
   8.0509800e-03
   5.0348400e-03
   2.7663600e-03
   1.7198400e-03
   7.4580500e-05
  -7.1796000e-04
  -1.6512100e-04
   7.1921800e-04
   1.2996000e-03
   4.6015500e-05
  -5.3844500e-04
  -5.9760700e-04
   1.4158700e-03
   2.3991500e-03
   2.3930300e-03
   1.2128900e-03
  -1.3065100e-03
  -2.9701300e-03
  -4.8754900e-03
  -5.9434400e-03
  -5.2192400e-03
  -3.5699000e-03
  -2.5376600e-03
  -1.5911000e-03
  -2.7161600e-03
  -3.2537000e-03
  -5.1029600e-03
  -7.3296200e-03
  -8.6178900e-03
  -8.3016900e-03
  -8.7545700e-03
  -1.0720100e-02
  -1.1529000e-02
  -1.3803600e-02
  -1.5824200e-02
  -1.8396600e-02
  -1.9910300e-02
  -1.9584900e-02
  -1.9313600e-02
  -1.7169600e-02
  -1.7655100e-02
  -1.8686300e-02
  -2.0677400e-02
  -2.2010500e-02
  -2.2340000e-02
  -2.1972800e-02
  -1.7498000e-02
  -1.3485400e-02
  -7.1317700e-03
  -1.9236600e-03
  -7.3376200e-05
  -1.3865800e-04
   1.3776100e-04
  -9.8220100e-04
  -2.9579400e-03
  -2.1511200e-03
  -5.5025500e-05
   3.3527900e-03
   6.6769700e-03
   9.2830700e-03
   1.1168000e-02
   1.2161500e-02
   1.1193500e-02
   9.1984000e-03
   7.1359600e-03
   7.7459200e-03
   1.0011300e-02
   1.2723500e-02
   1.3602800e-02
   1.4040300e-02
   1.2289000e-02
   1.0935400e-02
   1.0909900e-02
   1.1560700e-02
   1.3700700e-02
   1.4005600e-02
   1.5936500e-02
   1.6496500e-02
   1.6407700e-02
   1.6605600e-02
   1.6232300e-02
   1.8048900e-02
   1.9239200e-02
   2.0375500e-02
   2.2501200e-02
   2.1645400e-02
   1.9772700e-02
   1.6507700e-02
   1.4383000e-02
   1.3008100e-02
   1.0496800e-02
   6.6218300e-03
   2.2480700e-03
  -3.4579100e-04
  -2.3551900e-03
  -4.8174700e-03
  -6.1251200e-03
  -8.6802200e-03
  -1.0719200e-02
  -1.1773900e-02
  -1.4117800e-02
  -1.1909500e-02
  -1.1553600e-02
  -1.1344500e-02
  -1.1091500e-02
  -1.0851800e-02
  -8.1529000e-03
  -9.5166400e-03
  -1.0530500e-02
  -1.2482800e-02
  -1.4972600e-02
  -1.5769200e-02
  -1.7475700e-02
  -1.9094400e-02
  -1.8783400e-02
  -1.8974100e-02
  -1.8330500e-02
  -1.5540800e-02
  -1.2673600e-02
  -1.0659100e-02
  -1.0082800e-02
  -8.2875700e-03
  -6.2730700e-03
  -5.2051300e-03
  -4.7532800e-03
  -3.0080600e-03
   2.3452000e-04
   3.2282200e-03
   3.3669400e-03
   3.5464500e-03
   3.4087500e-03
   3.6311100e-03
   3.1231500e-03
   3.5384400e-04
  -1.5076600e-03
  -1.3220200e-03
   2.3449700e-04
   2.2336900e-03
   4.9356700e-03
   7.6019500e-03
   9.2196700e-03
   1.0569100e-02
   1.2448000e-02
   1.2426500e-02
   1.2476500e-02
   1.2495900e-02
   1.2418400e-02
   1.2547900e-02
   1.2238900e-02
   1.2623400e-02
   1.1054600e-02
   9.4236400e-03
   6.7359400e-03
   3.3220000e-03
   1.0086300e-03
  -1.5740100e-03
  -2.8377900e-03
  -4.2739500e-03
  -2.8429000e-03
  -2.6725600e-03
  -4.0403800e-03
  -3.9740800e-03
  -5.0889500e-03
  -6.6322100e-03
  -5.4612500e-03
  -3.9516500e-03
  -3.5599800e-03
  -3.2947800e-03
  -3.7027800e-03
  -5.0695800e-03
  -6.8382700e-03
  -4.7207500e-03
  -3.7670500e-03
  -2.8194800e-03
  -1.4312600e-03
  -1.2191000e-03
  -9.2228200e-04
  -7.5194500e-04
  -1.5689700e-03
  -3.1897500e-03
  -3.3927300e-03
  -3.3386800e-03
  -3.3040000e-03
  -3.2907400e-03
  -3.3468400e-03
  -3.2111900e-03
  -4.7299700e-03
  -7.3789100e-03
  -8.9242100e-03
  -8.6569800e-03
  -9.7014600e-03
  -9.5250000e-03
  -6.9739800e-03
  -3.5692300e-03
  -4.4395000e-04
   2.3304500e-03
   7.0520200e-03
   1.0001900e-02
   1.2367200e-02
   1.4195100e-02
   1.5988200e-02
   1.7804900e-02
   1.9227700e-02
   1.8108800e-02
   1.6735900e-02
   1.5798500e-02
   1.3999200e-02
   1.3370900e-02
   1.2117300e-02
   1.0957600e-02
   9.1582900e-03
   7.6303200e-03
   7.5976800e-03
   8.1811200e-03
   8.1209300e-03
   9.8906300e-03
   1.1069700e-02
   9.7988300e-03
   6.8795800e-03
   4.3438600e-03
   1.1492200e-03
  -4.1852500e-04
  -2.0432800e-04
  -6.1131100e-04
  -3.5121400e-04
   3.9950300e-04
   3.8236400e-03
   5.3199800e-03
   3.4462400e-03
   1.1318500e-03
  -1.3528700e-03
  -4.1772500e-03
  -7.3096800e-03
  -1.0293200e-02
  -1.1179600e-02
  -1.1032700e-02
  -1.0779700e-02
  -8.8294900e-03
  -7.8564100e-03
  -7.6187600e-03
  -7.4586200e-03
  -7.1638400e-03
  -7.4453600e-03
  -9.4608900e-03
  -9.5047500e-03
  -9.6251100e-03
  -8.6010400e-03
  -6.9200800e-03
  -6.8323600e-03
  -6.5987900e-03
  -6.9996500e-03
  -5.6552900e-03
  -5.9419100e-03
  -6.9802800e-03
  -5.7165000e-03
  -4.4578200e-03
  -3.7071100e-03
  -3.7907500e-03
  -3.7142500e-03
  -5.4768200e-03
  -7.8218000e-03
  -9.7802000e-03
  -1.1783500e-02
  -1.2038500e-02
  -1.0723700e-02
  -1.1095000e-02
  -1.2821900e-02
  -1.4695600e-02
  -1.6965100e-02
  -1.7549600e-02
  -1.8121800e-02
  -1.7806600e-02
  -1.6623400e-02
  -1.4817000e-02
  -1.2232300e-02
  -9.6017400e-03
  -5.4564600e-03
  -3.5062300e-03
  -1.8711700e-03
  -5.7985400e-04
   1.3112200e-03
   4.1090800e-03
   4.5925600e-03
   4.6211100e-03
   4.5874500e-03
   3.9999300e-03
   1.6773800e-03
   2.0802800e-03
   2.2285900e-04
  -1.0235800e-03
  -1.3867100e-03
  -3.5042300e-03
  -4.9240700e-03
  -6.8620700e-03
  -6.5030400e-03
  -7.0038600e-03
  -6.6529800e-03
  -6.6162700e-03
  -5.3096500e-03
  -3.7143700e-03
  -4.1081000e-03
  -2.1201200e-03
  -2.3027000e-03
  -1.9467300e-03
  -2.4638800e-04
   1.4406900e-03
   4.0131300e-03
   4.5996200e-03
   5.8256600e-03
   5.2738400e-03
   4.7128300e-03
   4.5435100e-03
   3.8590900e-03
   4.1712000e-03
   4.3415400e-03
   4.9719000e-03
   4.3415400e-03
   5.4104900e-03
   7.1393900e-03
   9.1936700e-03
   1.0408500e-02
   1.3262400e-02
   1.5574800e-02
   1.6980300e-02
   1.8895900e-02
   1.8516400e-02
   1.8987700e-02
   1.8973400e-02
   2.0010700e-02
   2.2202700e-02
   2.4404900e-02
   2.6758000e-02
   2.8510400e-02
   3.0723800e-02
   3.2202800e-02
   3.3521600e-02
   3.4656900e-02
   3.3099300e-02
   3.0557500e-02
   2.7023200e-02
   2.3148200e-02
   1.8687800e-02
   1.5070800e-02
   1.3143000e-02
   1.2541200e-02
   1.0911300e-02
   1.0805200e-02
   1.1142800e-02
   1.0530800e-02
   1.0598100e-02
   1.0413500e-02
   1.0735800e-02
   7.6166500e-03
   3.8620300e-03
   1.5027700e-03
  -1.0747800e-03
  -4.0848000e-03
  -7.1009400e-03
  -9.5458800e-03
  -1.1309500e-02
  -1.3320900e-02
  -1.4347000e-02
  -1.5755600e-02
  -1.7414200e-02
  -1.9193100e-02
  -2.0342600e-02
  -2.0106000e-02
  -2.1674700e-02
  -2.2439700e-02
  -2.2967100e-02
  -2.2610100e-02
  -2.3152700e-02
  -2.3458700e-02
  -2.3018100e-02
  -2.2316300e-02
  -2.0322200e-02
  -1.9872400e-02
  -1.9939700e-02
  -2.0393600e-02
  -2.0313100e-02
  -1.8955400e-02
  -1.5958700e-02
  -1.4609200e-02
  -1.4392000e-02
  -1.3542300e-02
  -1.3482100e-02
  -1.2586600e-02
  -1.1748100e-02
  -9.9672200e-03
  -8.3658300e-03
  -8.6014500e-03
  -7.8425700e-03
  -7.0082100e-03
  -5.7250600e-03
  -5.3884600e-03
  -4.7101600e-03
  -2.4845300e-03
  -2.4478100e-03
  -2.1091700e-03
  -1.9112900e-03
  -1.1014100e-03
  -1.8341700e-04
  -1.8123600e-03
  -2.1581400e-03
  -2.1724300e-03
  -1.4839300e-03
   3.1331000e-04
   7.7332800e-04
   1.8035300e-03
   3.4355200e-03
   3.1560400e-03
   5.1532000e-03
   7.7144100e-03
   9.7666500e-03
   1.1866800e-02
   1.1773000e-02
   1.1789300e-02
   1.1390500e-02
   1.1727100e-02
   1.1844400e-02
   1.1624100e-02
   1.1911700e-02
   1.2468600e-02
   1.4122000e-02
   1.4911500e-02
   1.4817700e-02
   1.5186900e-02
   1.3387600e-02
   1.2074900e-02
   1.0247000e-02
   9.3575900e-03
   7.8724700e-03
   6.4658900e-03
   6.7678100e-03
   7.7296600e-03
   8.7394600e-03
   9.0954400e-03
   8.1784600e-03
   5.9681200e-03
   4.6166100e-03
   2.8979100e-03
   1.8983100e-03
  -4.7421200e-04
  -1.1810700e-03
  -2.0725600e-03
  -3.9962800e-03
  -3.9167200e-03
  -4.4940400e-03
  -5.9557000e-03
  -6.8859500e-03
  -7.5520100e-03
  -8.0701700e-03
  -8.2099100e-03
  -7.8814700e-03
  -6.9900000e-03
  -7.0002000e-03
  -6.9828600e-03
  -6.7237800e-03
  -5.6997000e-03
  -4.5450700e-03
  -3.8127100e-03
  -2.2419100e-03
  -1.0852300e-03
  -1.6676500e-03
  -3.1615500e-04
   9.9760300e-04
   2.7713800e-03
   4.4084800e-03
   5.1734800e-03
   4.6991800e-03
   3.0845100e-03
   4.0055700e-03
   2.9447700e-03
   1.9359900e-03
   3.6008700e-04
  -1.3463700e-03
  -1.2443800e-03
  -3.2374600e-03
  -4.2962200e-03
  -3.9932800e-03
  -4.7266600e-03
  -5.8925200e-03
  -6.7472900e-03
  -6.5993900e-03
  -6.2597300e-03
  -5.2244300e-03
  -4.9265900e-03
  -4.1218100e-03
  -3.6250800e-03
  -2.5612200e-03
  -1.5595800e-03
  -2.0797800e-03
  -2.4826800e-03
  -1.8319200e-03
  -7.2930400e-04
  -2.3460500e-04
   2.0848700e-03
   1.1729900e-03
  -2.7744900e-04
  -1.9573900e-03
  -3.9586300e-03
  -5.6885500e-03
  -7.2766900e-03
  -9.7522300e-03
  -1.1409700e-02
  -1.1594400e-02
  -1.2066600e-02
  -1.1496400e-02
  -1.1962600e-02
  -1.2540900e-02
  -1.3564000e-02
  -1.2676600e-02
  -1.1112900e-02
  -9.0627300e-03
  -6.0771900e-03
  -3.0141300e-03
  -7.4055000e-04
   1.7298900e-03
   2.4000300e-03
   2.4734700e-03
   2.0318100e-03
   3.5730200e-03
   5.0122400e-03
   5.8068200e-03
   7.9039400e-03
   8.7536000e-03
   1.0698700e-02
   1.0906800e-02
   1.0804800e-02
   1.0992500e-02
   9.2911400e-03
   8.0589800e-03
   6.6768800e-03
   5.4559400e-03
   5.2631500e-03
   5.6058700e-03
   7.8529300e-03
   8.1997300e-03
   8.3037700e-03
   8.1211900e-03
   6.4004500e-03
   4.4104300e-03
   2.5173100e-03
   1.4667100e-03
   1.3524700e-03
   5.6094800e-04
   5.3646800e-04
   6.4254700e-04
   6.0072700e-04
   8.2206700e-04
  -9.4253400e-04
  -1.7228300e-03
  -3.3915500e-03
  -4.6369700e-03
  -5.1082200e-03
  -6.4637900e-03
  -7.1237300e-03
  -7.4246400e-03
  -8.2834800e-03
  -7.6347600e-03
  -6.8636400e-03
  -7.0105200e-03
  -5.2245000e-03
  -4.5472200e-03
  -3.8424000e-03
  -3.7761000e-03
  -2.7652800e-03
  -1.5117000e-03
  -1.1179800e-03
  -1.1159400e-03
  -6.6509600e-04
   2.5009800e-03
   4.8969600e-03
   6.1658400e-03
   7.1593200e-03
   7.2317400e-03
   8.6709600e-03
   8.8606800e-03
   9.4206600e-03
   1.0650800e-02
   1.0126500e-02
   1.0646700e-02
   9.6185500e-03
   7.9080100e-03
   7.6264900e-03
   7.6744300e-03
   7.5142900e-03
   7.5530500e-03
   9.6970900e-03
   1.0562000e-02
   1.1141400e-02
   1.2307300e-02
   1.0501900e-02
   1.0451900e-02
   1.0419200e-02
   8.0008300e-03
   7.1440300e-03
   5.2815100e-03
   3.3934900e-03
   1.9216400e-03
   4.6876800e-05
  -3.5398200e-04
  -1.9237600e-03
  -4.4125600e-03
  -5.8823800e-03
  -6.9044200e-03
  -7.7316400e-03
  -7.8346600e-03
  -7.5398800e-03
  -6.6575700e-03
  -5.6365500e-03
  -4.6226700e-03
  -3.5067900e-03
  -1.2015900e-03
   1.1097300e-03
   3.5505900e-03
   5.5273500e-03
   7.1675100e-03
   8.1691600e-03
   7.9345600e-03
   6.9359800e-03
   7.0818400e-03
   6.6371200e-03
   5.6314000e-03
   5.0755000e-03
   3.1701500e-03
   4.1218100e-03
   2.9488100e-03
   1.8625100e-03
   5.2529200e-04
  -1.6411900e-03
  -3.7179100e-03
  -6.5871600e-03
  -8.9474400e-03
  -9.4605000e-03
  -9.3585000e-03
  -9.3993000e-03
  -9.9021500e-03
  -1.1849300e-02
  -1.2047200e-02
  -1.3747500e-02
  -1.4549300e-02
  -1.5005200e-02
  -1.4550300e-02
  -1.2757100e-02
  -1.3119200e-02
  -1.2590900e-02
  -1.1156700e-02
  -9.8654100e-03
  -9.3584700e-03
  -8.7648300e-03
  -5.8608800e-03
  -4.1085200e-03
  -2.5346600e-03
   1.9384200e-04
   2.8489000e-03
   4.7705900e-03
   5.1663500e-03
   6.1414700e-03
   4.7144900e-03
   5.1867600e-03
   3.7903800e-03
   2.2807800e-03
   1.1730600e-03
  -8.6897300e-04
  -1.1933300e-03
  -2.2214900e-03
  -1.0872400e-03
  -7.8328200e-04
  -5.9967900e-04
  -1.2035200e-03
  -7.4961300e-04
  -5.0175000e-04
  -6.8126700e-04
  -4.9460400e-04
  -8.1998100e-04
   1.2853000e-03
   2.0911000e-03
   4.7134800e-04
  -4.9152900e-04
  -7.5468500e-04
  -2.7365400e-03
  -3.3077400e-03
  -3.6963600e-03
  -5.4701300e-03
  -6.0117500e-03
  -6.0902800e-03
  -6.0647800e-03
  -6.3993400e-03
  -6.3809700e-03
  -7.5447900e-03
  -7.2255300e-03
  -6.4074800e-03
  -6.1667600e-03
  -5.9688800e-03
  -4.8325900e-03
  -3.5208700e-03
  -3.1863000e-03
  -2.2907400e-03
  -9.6881700e-04
  -7.4033300e-04
   1.1395300e-03
   2.2972300e-03
   3.5630600e-03
   5.5653200e-03
   7.4696700e-03
   7.9745700e-03
   9.1465600e-03
   1.0916300e-02
   1.2332000e-02
   1.4074200e-02
   1.4788200e-02
   1.6634400e-02
   1.6383500e-02
   1.6588500e-02
   1.6390600e-02
   1.6496700e-02
   1.5210500e-02
   1.4055900e-02
   1.3375500e-02
   1.3234800e-02
   1.3151100e-02
   1.1396700e-02
   9.6556100e-03
   7.7074100e-03
   5.3420400e-03
   3.4193400e-03
   9.7746700e-04
  -1.2514800e-04
  -1.4837800e-03
  -3.2453200e-03
  -2.9943900e-03
  -5.0823300e-03
  -6.9264800e-03
  -8.4972800e-03
  -9.3326500e-03
  -1.1058500e-02
  -1.1827600e-02
  -1.1331800e-02
  -1.3353500e-02
  -1.4046000e-02
  -1.3951200e-02
  -1.3967500e-02
  -1.3899200e-02
  -1.3825700e-02
  -1.3954200e-02
  -1.3490100e-02
  -1.1928500e-02
  -1.1144100e-02
  -1.1013500e-02
  -1.1059400e-02
  -9.6191800e-03
  -8.5736700e-03
  -8.5359300e-03
  -7.1670800e-03
  -5.8931000e-03
  -5.3892100e-03
  -5.5452600e-03
  -4.3457400e-03
  -2.6229500e-03
  -2.6647700e-03
  -2.7341200e-03
  -2.4576900e-03
  -2.6769900e-03
  -2.5270400e-03
  -2.7677500e-03
  -2.8932100e-03
  -2.9370600e-03
  -2.8738100e-03
  -1.5253700e-03
  -1.4009200e-03
   1.4030700e-04
   1.8987900e-03
   3.9796000e-03
   5.6126300e-03
   7.9627200e-03
   1.0582100e-02
   1.2176400e-02
   1.3446300e-02
   1.5287400e-02
   1.7262100e-02
   1.8868600e-02
   1.9383700e-02
   2.0225200e-02
   2.1987800e-02
   2.2364200e-02
   2.2196900e-02
   2.2804800e-02
   2.3353600e-02
   2.3914600e-02
   2.3602500e-02
   2.2546800e-02
   2.1923600e-02
   1.9882600e-02
   1.8372000e-02
   1.4510300e-02
   1.3978800e-02
   1.3239300e-02
   1.1131000e-02
   1.1155500e-02
   9.3909100e-03
   8.2189300e-03
   6.4227200e-03
   4.7703300e-03
   2.8445800e-03
   7.7704800e-04
  -2.4471600e-03
  -5.0236700e-03
  -6.8311100e-03
  -8.5375600e-03
  -9.6768900e-03
  -1.2018800e-02
  -1.3822100e-02
  -1.5884600e-02
  -1.7191200e-02
  -1.8794600e-02
  -1.9453500e-02
  -1.9540200e-02
  -1.9126100e-02
  -1.7317600e-02
  -1.7213600e-02
  -1.6796400e-02
  -1.5174600e-02
  -1.4103600e-02
  -1.3862800e-02
  -1.2385900e-02
  -1.0660000e-02
  -9.0994100e-03
  -8.4343600e-03
  -6.4361700e-03
  -5.1897200e-03
  -5.0652700e-03
  -2.9528400e-03
  -2.2388300e-03
  -2.4224200e-03
  -1.9001700e-03
  -1.7522600e-03
  -1.6074100e-03
  -1.2330600e-03
  -8.0159400e-04
  -1.2940400e-04
   8.6846700e-05
   2.2597100e-05
  -4.9324600e-06
  -2.7930200e-04
  -2.3998700e-03
  -3.0730600e-03
  -2.9802300e-03
  -4.7784800e-03
  -5.7709300e-03
  -5.9484000e-03
  -6.1330100e-03
  -7.6211800e-03
  -8.5259000e-03
  -8.5238500e-03
  -8.2902600e-03
  -6.0615500e-03
  -6.0380800e-03
  -4.5396900e-03
  -3.0596600e-03
  -3.0586300e-03
  -2.9780300e-03
  -2.2650400e-03
  -4.7391200e-04
  -2.9030000e-04
  -2.4030900e-04
  -2.7293700e-04
   9.4903500e-04
   1.8945900e-03
   3.0339800e-04
  -1.3927000e-04
  -3.7487700e-04
   3.6157400e-04
   1.6947300e-03
   2.2822600e-03
   1.1755700e-03
   1.1837400e-03
   2.5852400e-03
   1.9569300e-03
   1.8926800e-03
   1.2225500e-03
   7.8906600e-04
  -2.8961500e-05
  -6.8728700e-05
  -9.8296000e-05
   3.8396900e-05
  -6.3590200e-05
   1.6694300e-04
   1.8327600e-04
   5.1172900e-04
   1.8744600e-03
   1.9173100e-03
   2.1917100e-03
   2.5946200e-03
   2.5640400e-03
   2.3682100e-03
   2.4722600e-03
   1.6909600e-03
   4.8838900e-04
   3.8946300e-04
  -9.0943100e-05
   2.3764500e-03
   1.4533700e-03
   3.9585900e-06
   2.9671300e-04
   5.2112700e-04
   2.4724000e-03
   3.0813500e-03
   3.8943100e-03
   4.2951800e-03
   5.5130800e-03
   6.3607100e-03
   7.7764900e-03
   8.1182000e-03
   8.1294400e-03
   8.0825300e-03
   7.7704300e-03
   8.1101000e-03
   8.0672800e-03
   8.1009500e-03
   8.1030000e-03
   8.0326400e-03
   7.1309800e-03
   5.6591300e-03
   5.5683700e-03
   5.1603800e-03
   5.0349400e-03
   3.2907500e-03
   2.6604100e-03
   2.3850200e-03
   9.0399900e-04
   6.9655300e-05
   1.8901100e-04
   1.7984700e-04
   4.3282300e-04
   8.4491900e-04
   4.2265500e-04
   1.8221100e-03
   1.0122500e-03
   1.1091600e-03
   6.9812000e-04
   5.4717700e-04
   4.1663300e-04
   2.6365000e-04
   2.3612600e-04
  -1.1622800e-03
  -7.3488000e-04
  -5.2882300e-04
  -1.7048700e-03
  -2.3505100e-03
  -2.8033700e-03
  -2.5575400e-03
  -2.5055000e-03
  -2.4096000e-03
  -2.4371200e-03
  -1.4181300e-03
   3.0875200e-04
   2.3430900e-04
   5.6990700e-04
   4.5568400e-04
   1.6602200e-04
   1.5079900e-05
  -1.1609600e-03
  -2.6440200e-03
  -2.7266300e-03
  -3.3763500e-03
  -3.6537700e-03
  -5.1184700e-03
  -5.3387700e-03
  -5.9385100e-03
  -8.1621000e-03
  -8.0733400e-03
  -8.2416200e-03
  -8.0427000e-03
  -8.2028200e-03
  -8.9749400e-03
  -7.8825000e-03
  -7.8539200e-03
  -7.2408900e-03
  -5.1784300e-03
  -2.7477500e-03
  -5.4860800e-04
   1.3965500e-03
   3.0846700e-03
   4.7299500e-03
   6.1059500e-03
   6.0814900e-03
   6.1651500e-03
   6.4660700e-03
   6.5640100e-03
   6.0876900e-03
   6.1988900e-03
   6.0836500e-03
   6.1795500e-03
   6.0592100e-03
   5.4951700e-03
   6.0786300e-03
   6.1133300e-03
   6.0745900e-03
   6.1551900e-03
   5.9767100e-03
   7.0018300e-03
   6.3000900e-03
   6.1665000e-03
   6.1165400e-03
   6.3144400e-03
   5.2771200e-03
   3.6186200e-03
   3.3269200e-03
   3.1056000e-03
   1.8122600e-03
   5.3422500e-04
   7.4742700e-04
   7.9232900e-04
  -9.6069500e-05
  -2.0432300e-03
  -1.7474100e-03
  -3.0254400e-03
  -4.5197200e-03
  -5.0858000e-03
  -7.4542200e-03
  -7.4286900e-03
  -7.6551100e-03
  -9.0983900e-03
  -8.7240300e-03
  -8.8188600e-03
  -7.8202600e-03
  -9.2105000e-03
  -8.9208000e-03
  -7.8018300e-03
  -7.7569300e-03
  -7.3234100e-03
  -7.5885800e-03
  -7.2703200e-03
  -8.6065000e-03
  -9.2245900e-03
  -9.9446900e-03
  -1.0171100e-02
  -1.0189400e-02
  -1.0283300e-02
  -1.0263800e-02
  -1.0258700e-02
  -9.7640100e-03
  -8.7817200e-03
  -7.7402800e-03
  -9.7343500e-03
  -9.9689300e-03
  -7.9819400e-03
  -7.9849800e-03
  -6.6752700e-03
  -5.1829900e-03
  -4.1180900e-03
  -3.0154400e-03
  -2.8909800e-03
  -1.9454100e-03
  -2.0800300e-03
  -2.0137000e-03
  -1.2361500e-04
   8.9335100e-04
   5.1903600e-04
   8.7606200e-04
   2.8793700e-03
   3.4618100e-03
   3.2853800e-03
   3.4384000e-03
   3.3017500e-03
   3.3803200e-03
   3.3466800e-03
   3.3936300e-03
   5.7427200e-03
   5.9936600e-03
   7.3931300e-03
   9.0792200e-03
   8.9140000e-03
   9.1292500e-03
   1.0615400e-02
   1.2149500e-02
   1.1342700e-02
   1.2080200e-02
   1.2057800e-02
   1.2436200e-02
   1.4260000e-02
   1.4961800e-02
   1.5126100e-02
   1.5302600e-02
   1.6180800e-02
   1.7317100e-02
   1.7540500e-02
   1.7526300e-02
   1.7451800e-02
   1.7039800e-02
   1.6239100e-02
   1.5291600e-02
   1.5230400e-02
   1.4934600e-02
   1.2839600e-02
   1.2119500e-02
   1.2464300e-02
   1.1706400e-02
   1.0443700e-02
   9.3472400e-03
   9.7471100e-03
   8.1080000e-03
   6.9136100e-03
   6.1068200e-03
   4.1780300e-03
   2.8694000e-03
   1.2323300e-03
  -5.7916400e-04
  -1.5175300e-03
  -3.4330600e-03
  -4.5356500e-03
  -5.5597000e-03
  -7.4935900e-03
  -7.7638600e-03
  -9.7201900e-03
  -1.0197500e-02
  -1.0587100e-02
  -1.2673000e-02
  -1.2838200e-02
  -1.4699700e-02
  -1.5823700e-02
  -1.5675700e-02
  -1.5808300e-02
  -1.6620200e-02
  -1.8614300e-02
  -1.7999200e-02
  -1.8351100e-02
  -1.8625400e-02
  -1.8463200e-02
  -1.8679400e-02
  -1.8284600e-02
  -1.8717100e-02
  -1.6547500e-02
  -1.5633600e-02
  -1.4834900e-02
  -1.2861100e-02
  -1.1168900e-02
  -9.4501800e-03
  -8.0884500e-03
  -6.6298200e-03
  -6.7266800e-03
  -6.9173900e-03
  -6.8663600e-03
  -6.3675400e-03
  -6.5908900e-03
  -5.6891800e-03
  -5.7238200e-03
  -5.4004500e-03
  -6.6866300e-03
  -6.6957800e-03
  -4.5282500e-03
  -6.1306300e-03
  -6.2795200e-03
  -4.9106400e-03
  -4.3292100e-03
  -4.5280700e-03
  -5.0737400e-03
  -4.7248600e-03
  -4.2097300e-03
  -4.0832100e-03
  -4.0525800e-03
  -3.2906000e-03
  -1.6034900e-03
  -1.3168300e-03
  -1.2239800e-03
  -1.3657200e-03
  -9.6482500e-04
   1.2151000e-04
   1.5770900e-03
   1.1171000e-03
   2.4380400e-03
   4.0588600e-03
   4.4801500e-03
   6.6986900e-03
   7.3658000e-03
   9.4140000e-03
   8.0135800e-03
   6.8243000e-03
   7.8902300e-03
   9.5263500e-03
   9.6824500e-03
   1.0755500e-02
   1.2651700e-02
   1.2632400e-02
   1.4993700e-02
   1.5348700e-02
   1.6240300e-02
   1.8097700e-02
   1.8166100e-02
   1.8556800e-02
   1.9447300e-02
   2.1080300e-02
   2.1045700e-02
   2.1289500e-02
   1.9856500e-02
   2.0406300e-02
   2.0300200e-02
   1.8178700e-02
   1.8594900e-02
   1.6039800e-02
   1.5663500e-02
   1.4302800e-02
   1.2581100e-02
   1.2341500e-02
   1.0476900e-02
   9.8965900e-03
   9.9486500e-03
   8.5115100e-03
   7.4272900e-03
   6.2920700e-03
   4.5989100e-03
   4.8417100e-03
   4.3225800e-03
   4.0217200e-03
   2.5397000e-03
   1.7094600e-03
   2.1430000e-03
   4.2026100e-04
  -6.9557700e-04
  -1.0005200e-03
  -5.9553400e-04
  -2.5640900e-03
  -3.6095500e-03
  -3.3708300e-03
  -3.7461500e-03
  -3.7144800e-03
  -5.6952800e-03
  -6.3490600e-03
  -8.0544600e-03
  -9.0111700e-03
  -9.0070500e-03
  -1.0193300e-02
  -1.1472300e-02
  -1.1925100e-02
  -1.1897600e-02
  -1.1951600e-02
  -1.1815900e-02
  -1.1844400e-02
  -1.1724000e-02
  -1.1743300e-02
  -1.1570900e-02
  -1.1232200e-02
  -1.1262800e-02
  -1.1692100e-02
  -1.1335100e-02
  -1.1437100e-02
  -1.1299300e-02
  -1.1476700e-02
  -1.1574600e-02
  -1.1725500e-02
  -1.1453200e-02
  -1.2376200e-02
  -1.4460000e-02
  -1.4020300e-02
  -1.3946900e-02
  -1.2948200e-02
  -1.1548800e-02
  -1.1462000e-02
  -1.1395700e-02
  -1.1341600e-02
  -1.1180400e-02
  -1.0819200e-02
  -1.1170100e-02
  -9.1473500e-03
  -8.6628100e-03
  -7.8794000e-03
  -5.7159300e-03
  -5.9708800e-03
  -5.6760600e-03
  -6.0962500e-03
  -4.3387400e-03
  -3.1463100e-03
  -3.1554500e-03
  -2.8402200e-03
  -1.5131500e-03
  -3.5132200e-04
  -2.6763400e-04
  -2.7778500e-04
   7.7694300e-04
   2.6313500e-03
   2.5375600e-03
   3.6667500e-03
   5.2274000e-03
   5.4957100e-03
   5.4835200e-03
   5.5529300e-03
   5.5988800e-03
   5.5938300e-03
   5.5969400e-03
   5.5980100e-03
   5.5919400e-03
   5.6868500e-03
   5.6807800e-03
   5.7216300e-03
   5.7037000e-03
   6.1286600e-03
   5.9654800e-03
   5.8843300e-03
   5.9514300e-03
   6.6678700e-03
   8.4256200e-03
   8.6903100e-03
   8.7639300e-03
   8.7434500e-03
   9.0906200e-03
   9.0555900e-03
   9.3013900e-03
   1.0070600e-02
   1.0074500e-02
   9.4920400e-03
   9.2568500e-03
   9.5022400e-03
   9.3792900e-03
   9.5609900e-03
   9.3802300e-03
   9.6820500e-03
   8.0606900e-03
   6.7334500e-03
   6.7675600e-03
   6.1386800e-03
   6.6116000e-03
   6.7730800e-03
   6.7029200e-03
   6.4226400e-03
   4.4520400e-03
   4.5784700e-03
   3.6285200e-03
   1.3650700e-03
   1.1053000e-03
  -8.4920200e-04
  -1.3419400e-03
  -3.5444900e-03
  -4.0986500e-03
  -4.4378100e-03
  -6.3985800e-03
  -6.6430900e-03
  -6.6498300e-03
  -6.6331700e-03
  -7.0640000e-03
  -7.9906100e-03
  -8.9927000e-03
  -9.1300700e-03
  -9.6681500e-03
  -9.0825200e-03
  -9.4708200e-03
  -9.2289600e-03
  -8.7227300e-03
  -8.9831400e-03
  -8.6231800e-03
  -9.0810700e-03
  -7.5679400e-03
  -7.5376500e-03
  -7.7625700e-03
  -6.0900900e-03
  -5.7064600e-03
  -5.0670900e-03
  -4.5786500e-03
  -3.3165500e-03
  -2.8328300e-03
  -2.0504800e-03
  -3.4144200e-04
   1.6288100e-04
   1.0872700e-05
   6.5524500e-05
   1.6709400e-03
   2.3377200e-03
   2.4011500e-03
   2.4103400e-03
   2.4702100e-03
   2.4355000e-03
   2.6218700e-03
   4.0554100e-03
   4.7963800e-03
   5.0256500e-03
   4.9369400e-03
   6.8550600e-03
   5.9769400e-03
   5.0155000e-03
   6.4351700e-03
   6.7335500e-03
   7.0629200e-03
   6.9007100e-03
   6.8749600e-03
   6.7663500e-03
   6.6374100e-03
   4.9909500e-03
   4.5135700e-03
   4.0296200e-03
   2.5378800e-03
   2.2240700e-03
   2.0943200e-03
   2.2632300e-03
   1.4510200e-03
   1.5429500e-04
  -2.9587700e-04
  -1.8974800e-04
   2.1336800e-05
   1.5217400e-04
   1.3653900e-04
   3.8411200e-05
   7.6292000e-04
   4.9767400e-04
  -8.8211300e-05
   1.7884900e-04
  -5.8917700e-04
  -1.3688000e-03
  -1.4955000e-03
  -1.4038100e-03
  -7.3728600e-04
  -9.7797000e-04
  -1.6766000e-03
  -2.1155800e-03
  -1.8905400e-03
  -2.3928400e-03
  -2.9398700e-03
  -3.2677900e-03
  -3.8358800e-03
  -3.6146900e-03
  -3.4156500e-03
  -3.5319500e-03
  -2.8773300e-03
  -1.9830400e-03
  -2.1612800e-03
  -1.4018700e-03
  -1.3761100e-03
  -9.0715200e-04
  -1.0373600e-03
  -1.3969500e-03
  -1.0829900e-03
  -1.4740700e-03
  -1.2928300e-03
  -1.4828100e-03
  -2.1967500e-03
  -1.9565000e-03
  -2.0980300e-03
  -2.1953100e-03
  -2.1729500e-03
  -2.4163500e-03
  -2.3466800e-03
  -2.3192800e-03
  -2.2278100e-03
  -2.1919100e-03
  -2.1029900e-03
  -2.0681100e-03
  -1.9760300e-03
  -1.9984800e-03
  -1.8445900e-03
  -1.9126300e-03
  -1.1580500e-03
  -1.1739900e-03
  -6.7410900e-04
  -2.1524100e-04
  -6.2625500e-04
  -7.0584200e-04
  -7.8725400e-04
  -7.0932000e-04
  -2.6897800e-04
   2.0728300e-05
  -2.5700000e-05
   4.8658500e-04
   6.5304600e-04
   1.2560300e-03
   1.3299400e-03
   1.3064300e-03
   1.3002000e-03
   1.2714000e-03
   1.2674600e-03
   1.2372700e-03
   1.2217200e-03
   1.1533400e-03
   1.9379500e-03
   2.3227200e-03
   2.1977800e-03
   2.2277600e-03
   2.0619900e-03
   2.2474400e-03
   2.2205300e-03
   2.0648700e-03
   2.4211700e-03
   2.2577700e-03
   2.1880300e-03
   2.1279800e-03
   1.8409100e-03
   1.3864700e-03
   9.4936600e-04
   6.5448300e-04
   3.8448400e-04
   9.0747900e-04
   8.5790200e-04
   5.3664900e-04
   9.3747500e-04
   1.0816900e-03
   1.3747200e-03
   1.6030700e-03
   1.3926300e-03
   1.6313100e-03
   1.7262100e-03
   1.6092700e-03
   1.5375800e-03
   1.3747700e-03
   1.6794700e-03
   1.6433600e-03
   1.2920400e-03
   1.2486700e-03
   1.1553600e-03
   1.1045600e-03
   1.0389200e-03
   9.6197500e-04
   8.8990300e-04
   7.8993500e-04
   6.6024600e-04
   4.3641200e-04
   2.1576200e-04
   8.2440100e-05
  -4.7064100e-05
  -2.2444600e-04
  -2.1494200e-04
  -4.1513000e-04
  -6.9500500e-04
  -8.9677300e-04
  -8.7092700e-04
  -9.0760200e-04
  -1.1307400e-03
  -1.0997800e-03
  -1.2410300e-03
  -1.2511100e-03
  -1.3876400e-03
  -1.6675500e-03
  -1.7364800e-03
  -1.6799000e-03
  -1.6350900e-03
  -1.5712500e-03
  -1.5184400e-03
  -1.4563200e-03
  -1.4211400e-03
  -1.3989000e-03
  -1.2967200e-03
  -1.2471500e-03
  -1.2283300e-03
  -1.3032800e-03
  -1.3716600e-03
  -1.3636000e-03
  -1.3396000e-03
  -1.3150800e-03
  -1.3986800e-03
  -1.3759600e-03
  -1.2639700e-03
  -1.1795200e-03
  -1.0802200e-03
  -1.0047000e-03
  -9.0790600e-04
  -8.9829100e-04
  -9.6024200e-04
  -9.2045300e-04
  -8.1838200e-04
  -7.2518700e-04
  -6.3051500e-04
  -5.3943700e-04
  -4.5380800e-04
  -3.6440500e-04
  -2.9300000e-04
  -1.8864100e-04
  -6.2143500e-05
   6.8220300e-05
   1.5516600e-04
   2.2463400e-04
   2.6564800e-04
   3.7216500e-04
   5.0393500e-04
   5.0650000e-04
   5.6346300e-04
   6.8177400e-04
   6.9161200e-04
   7.1953100e-04
   8.0500000e-04
   8.6760600e-04
   8.8864700e-04
   8.4815200e-04
   8.6428200e-04
   8.6080400e-04
   8.1166900e-04
   7.7312500e-04
   7.2418100e-04
   6.7074400e-04
   6.2760500e-04
   5.7973100e-04
   5.3851100e-04
   4.9423400e-04
   4.5342900e-04
   4.1200000e-04
   3.7414500e-04
   3.3597000e-04
   3.0112800e-04
   2.6575600e-04
   2.2300400e-04
   2.0483300e-04
   1.7554500e-04
   1.4698200e-04
   1.2219900e-04
   9.6961800e-05
   7.9557000e-05
   5.4590700e-05
   3.3931300e-05
   1.7522500e-05
   7.8839000e-07
  -1.4085000e-05
  -2.8236300e-05
  -3.9748200e-05
  -4.9573000e-05
  -5.7666800e-05
  -6.3820000e-05
  -6.8306300e-05
  -7.0870300e-05
  -7.1622500e-05
  -7.0400300e-05
  -6.7195400e-05
  -6.1695200e-05
  -5.4589500e-05
  -4.6236600e-05
