   7.4509200e-06
   7.6923700e-06
   7.4835200e-06
   8.8689500e-06
   1.0921200e-05
   6.0170100e-06
   1.2055500e-07
  -5.0567300e-06
  -2.9133100e-06
  -5.0846700e-06
  -1.1397200e-05
  -4.6589300e-05
  -5.3219400e-05
  -1.3297800e-05
   3.8493400e-05
   2.1709600e-05
  -5.0877000e-06
  -3.4186200e-05
  -4.6667600e-05
  -4.3161700e-05
  -4.6657200e-05
  -6.4210700e-05
  -1.2580500e-04
  -1.4380600e-04
  -1.2399900e-04
  -6.8461400e-05
  -6.4680900e-05
  -7.7805800e-05
  -7.7836400e-05
  -8.2185700e-05
  -1.3140800e-04
  -2.3303300e-04
  -2.0725600e-04
  -6.0406200e-05
   1.3908100e-04
   2.3071500e-04
   2.0473300e-04
   2.0745700e-04
   1.3324800e-04
  -2.6897000e-04
  -5.8658300e-04
  -6.0137000e-04
  -5.0516900e-04
  -3.9233100e-04
  -4.2374700e-04
  -3.9376100e-04
  -3.5058300e-04
  -3.4980300e-04
  -1.5601500e-04
  -1.2694900e-04
  -3.5992800e-05
  -3.0582900e-04
  -5.4903900e-04
  -6.0961700e-04
  -8.4431800e-04
  -8.4017500e-04
  -8.3658100e-04
  -8.2968400e-04
  -6.3304100e-04
  -8.3634500e-05
   2.9590100e-05
   5.9152800e-04
   5.4057800e-04
   3.1364700e-04
   4.1900400e-04
   2.5174400e-04
   4.4357800e-04
   7.8003100e-04
   3.5228400e-04
   2.0496200e-04
  -1.4098200e-04
  -3.5725200e-04
  -3.3172900e-04
  -3.4234600e-04
  -5.1411900e-04
  -8.3654500e-04
  -1.3237600e-03
  -2.1050000e-03
  -2.5320400e-03
  -2.0814400e-03
  -1.0646600e-03
   4.6990700e-04
   1.3771300e-03
   1.2678500e-03
   7.6679100e-04
   5.7832900e-04
   1.8746100e-04
  -6.4584700e-04
  -9.8563200e-04
  -9.6638500e-04
  -8.6392200e-04
  -4.7145100e-04
   9.0998300e-04
   1.4452500e-03
   6.6932500e-04
  -1.6359800e-04
  -6.5978800e-04
  -1.0967100e-03
  -5.9835900e-04
  -1.9291200e-04
  -4.3109400e-04
  -9.4646900e-04
  -1.0026600e-03
  -1.0013900e-03
  -8.6945600e-04
  -1.1629800e-03
  -1.0254900e-03
  -3.0852100e-04
   1.8349100e-03
   3.7841600e-03
   3.8634300e-03
   2.2479300e-03
  -7.4038300e-04
  -3.2602600e-03
  -3.1554700e-03
  -3.5144800e-03
  -4.1728100e-03
  -3.9364600e-03
  -2.6333700e-03
  -8.2674100e-04
   3.7734700e-04
   8.3306000e-04
   1.7216500e-03
   2.6412900e-03
   4.0708200e-03
   3.2576100e-03
   1.2374300e-03
   4.6973800e-04
   1.8150200e-03
   1.8619000e-03
  -5.7130600e-04
  -3.0643500e-03
  -4.5153300e-03
  -4.3713400e-03
  -2.5584500e-03
  -1.4067200e-03
  -1.5356800e-03
  -1.3969700e-03
  -1.3461500e-03
  -1.1880800e-03
  -1.1890500e-03
  -1.0012100e-03
  -1.0340300e-03
  -3.4046800e-04
   6.1787200e-04
   1.3188900e-03
   1.3696500e-03
   1.3367000e-03
   1.4303300e-03
   9.2776200e-04
   2.5757700e-04
   4.2511900e-04
   2.6791900e-04
   1.0591800e-03
   2.6893800e-03
   2.5020500e-03
   1.3194700e-03
   1.5086200e-03
   2.4993700e-03
   3.0780200e-03
   1.8585700e-03
   1.0892500e-03
   7.0149700e-04
   2.7952700e-04
   2.0808500e-03
   4.0547300e-03
   4.3272300e-03
   3.2442900e-03
   2.9813100e-03
   1.6754400e-03
   4.7867100e-04
   8.1195800e-04
   3.5846000e-04
   4.8257000e-04
   2.0690700e-03
   4.9938500e-03
   5.1495100e-03
   4.2799200e-03
   1.7295500e-03
   4.3880000e-05
   2.2092900e-04
   7.7272400e-04
  -4.5975100e-05
  -1.8006400e-03
  -4.3747100e-03
  -4.9282800e-03
  -5.1503700e-03
  -4.2370100e-03
  -4.2061300e-03
  -3.2928800e-03
  -9.4117100e-07
   4.6104400e-03
   7.8644500e-03
   7.2960000e-03
   3.7454600e-03
   9.3163100e-04
  -8.7394000e-04
  -1.2445500e-03
  -8.5675900e-04
  -2.0350900e-04
   2.4895600e-04
   9.5621600e-04
   2.0084100e-03
   1.2292000e-03
  -3.3162600e-04
  -1.4493500e-03
  -3.0840800e-04
   1.8022900e-03
   2.2402400e-03
   1.9241800e-03
   1.2761600e-03
  -5.4826600e-04
  -1.6941200e-03
  -1.3182400e-03
   5.8912200e-05
   1.7156900e-03
   1.9457200e-03
   2.2350800e-03
   1.9489500e-03
   1.3737700e-03
   1.6845700e-03
   1.6601900e-03
   1.6580700e-03
   1.7729200e-03
   1.1668000e-03
   2.0405800e-04
  -5.3073000e-04
  -4.1837000e-04
  -5.2827100e-05
  -2.4518700e-04
   1.3741200e-03
   1.8993800e-03
   1.2004100e-03
   5.9056900e-04
   1.7447800e-03
   3.6654700e-03
   4.7068700e-03
   6.5451400e-03
   6.3367000e-03
   2.4300500e-03
  -1.4544400e-03
  -5.6258100e-03
  -9.3224900e-03
  -1.0636000e-02
  -1.0670900e-02
  -9.2542800e-03
  -6.4869100e-03
  -2.4147600e-03
   1.5661500e-03
   3.5050300e-03
   4.1706900e-03
   2.5323700e-03
  -7.0245600e-04
  -2.3788300e-03
  -3.6062500e-03
  -3.4943600e-03
  -2.6737700e-03
  -1.9022600e-03
  -1.1442900e-03
   1.2992300e-03
   4.9543400e-03
   8.6967400e-03
   1.2242100e-02
   1.3943500e-02
   1.4318100e-02
   1.2687200e-02
   9.0486900e-03
   2.6978600e-03
  -1.6673100e-03
  -2.5570200e-03
  -1.4131400e-03
  -8.0088500e-04
  -1.4827700e-03
  -1.4367400e-03
  -1.5290100e-03
  -2.3829000e-03
  -4.5274700e-03
  -7.4053100e-03
  -8.3362100e-03
  -6.5899000e-03
  -3.4015700e-03
  -2.1075300e-03
  -1.0092300e-03
   1.0223000e-05
   1.9172300e-03
   3.5170400e-03
   4.4829900e-03
   3.7448900e-03
   2.9994900e-03
   2.1236600e-03
  -5.5835200e-05
  -1.3091000e-03
  -9.2854500e-04
  -2.8940900e-03
  -2.4071800e-03
  -2.9797200e-04
   5.2795900e-04
   8.0952700e-04
   1.2043300e-03
   1.3297100e-03
   2.7004700e-03
   2.2108800e-03
   8.1448500e-04
   1.0228600e-04
  -3.8188300e-05
  -1.9895000e-04
   6.4932700e-05
   2.0740500e-03
   2.7748900e-03
   9.2073600e-04
  -2.4078800e-03
  -7.1484200e-03
  -1.0178000e-02
  -1.2644600e-02
  -1.2673700e-02
  -1.1863800e-02
  -5.6864900e-03
   2.0704400e-03
   5.4367900e-03
   4.3804300e-03
   2.0927600e-03
  -1.6210500e-04
  -1.0174100e-03
  -5.1083600e-04
   6.9618300e-04
   1.8845200e-03
   2.8752600e-03
   2.4072900e-03
   5.8984400e-04
  -4.0928800e-03
  -7.2175200e-03
  -6.4115800e-03
  -2.8185200e-03
   2.2171600e-03
   4.7247600e-03
   3.3783300e-03
  -7.4419900e-04
  -7.6101200e-03
  -1.3843500e-02
  -1.5918800e-02
  -1.2881800e-02
  -7.5230700e-03
  -1.1335600e-03
   2.7894000e-03
   4.3479900e-03
   5.5878100e-03
   7.9356300e-03
   1.0671100e-02
   1.3276500e-02
   1.3521800e-02
   1.3411000e-02
   1.2248400e-02
   8.8326500e-03
   5.7293500e-03
   3.3591100e-03
   1.9044700e-03
   6.3926600e-05
  -2.3813300e-04
   6.8922100e-04
   8.3706600e-04
  -5.5199400e-04
  -3.0156100e-03
  -6.7216000e-03
  -9.3689000e-03
  -9.9680600e-03
  -9.0416600e-03
  -7.9397300e-03
  -6.8770200e-03
  -5.6175800e-03
  -4.6257300e-03
  -3.6827000e-03
  -3.0320600e-03
  -1.6373800e-03
   9.8871900e-04
   2.5171000e-03
   2.2427800e-03
  -5.2861700e-04
  -2.1163100e-03
  -2.7897800e-03
  -2.7284300e-03
  -3.5583100e-03
  -3.9947600e-03
  -1.7505200e-03
  -1.1780800e-04
   1.3385100e-03
   2.3594100e-03
   3.0875000e-03
   3.2363200e-03
   2.7017300e-03
   8.1022100e-04
  -1.2382700e-03
  -4.1377200e-03
  -6.9628600e-03
  -1.0222200e-02
  -1.0373800e-02
  -8.8397300e-03
  -6.8582900e-03
  -5.0297400e-03
  -4.9176700e-03
  -4.5955100e-03
  -3.1286500e-03
  -1.0633600e-03
   1.7582300e-03
   3.4247300e-03
   4.9543800e-03
   5.2431700e-03
   4.5709900e-03
   3.5326500e-03
   2.4907800e-03
   1.0272200e-03
  -1.1504000e-03
  -1.8436800e-03
  -7.2741900e-04
   9.3431700e-04
   1.4135800e-03
   2.1916100e-03
   2.9841300e-03
   4.2359800e-03
   5.7511300e-03
   5.9684600e-03
   5.5808200e-03
   5.2214000e-03
   4.7037500e-03
   1.2077700e-03
  -6.5416600e-03
  -1.6837100e-02
  -2.4902100e-02
  -2.7114100e-02
  -2.3613900e-02
  -1.7835000e-02
  -7.6085500e-03
   1.7045300e-03
   7.8119100e-03
   1.2965900e-02
   1.6900600e-02
   1.7470600e-02
   1.7021600e-02
   1.5392200e-02
   1.1373500e-02
   5.9724800e-03
  -5.9987300e-04
  -4.3293100e-03
  -5.9551800e-03
  -4.3235300e-03
   1.5746400e-03
   1.0249400e-02
   1.5411100e-02
   1.6369400e-02
   1.2464100e-02
   4.0848800e-03
  -4.8338700e-03
  -8.3601200e-03
  -6.6530600e-03
   2.4882000e-04
   1.0056200e-02
   1.4613600e-02
   1.3686300e-02
   9.2456800e-03
   5.1654300e-03
   1.9163200e-03
  -4.4615200e-04
  -8.1886000e-04
  -8.7076400e-04
  -1.9555500e-03
  -6.4296400e-03
  -1.3672100e-02
  -1.9943100e-02
  -1.9502400e-02
  -1.4207700e-02
  -4.4967200e-03
   4.1236700e-03
   7.5876700e-03
   5.6693400e-03
  -9.4136000e-04
  -8.2679600e-03
  -1.1299200e-02
  -9.3779400e-03
  -8.0751500e-03
  -6.7784600e-03
  -6.3358700e-03
  -8.4092200e-03
  -1.2216200e-02
  -1.9209100e-02
  -2.5694500e-02
  -2.5852700e-02
  -2.0007200e-02
  -1.2831600e-02
  -6.0236600e-03
  -3.2685900e-03
  -5.3910800e-03
  -1.1282500e-02
  -1.9672800e-02
  -3.0416900e-02
  -3.3557900e-02
  -3.0116600e-02
  -2.7687300e-02
  -2.7988800e-02
  -3.2723000e-02
  -4.5577000e-02
  -5.3912000e-02
  -5.2351000e-02
  -4.2127800e-02
  -2.3485200e-02
   7.7216700e-04
   3.4254100e-02
   7.1265400e-02
   9.7551100e-02
   1.0751800e-01
   1.0632700e-01
   8.9892200e-02
   6.4040600e-02
   4.3214900e-02
   3.4360200e-02
   3.6024500e-02
   4.8317100e-02
   7.0917900e-02
   9.1478000e-02
   1.0330000e-01
   1.0331100e-01
   9.3024400e-02
   6.9029700e-02
   3.3213800e-02
   4.9121700e-03
  -2.2309300e-02
  -5.0287500e-02
  -6.4639700e-02
  -6.4123700e-02
  -5.1678200e-02
  -2.4087500e-02
   1.2347500e-02
   3.8733300e-02
   4.3303700e-02
   3.6420600e-02
   4.9801000e-03
  -5.4793300e-02
  -1.1143500e-01
  -1.2590300e-01
  -1.0520900e-01
  -5.8861500e-02
  -8.4677700e-03
   2.1737400e-02
   2.9263000e-02
   3.0038800e-02
   2.7288800e-02
   1.0684500e-02
  -1.6687200e-02
  -4.6665000e-02
  -6.4450700e-02
  -6.8220400e-02
  -6.3689800e-02
  -5.5282600e-02
  -4.6627200e-02
  -3.5705800e-02
  -2.3729400e-02
  -1.4602700e-02
  -9.0477500e-03
   9.3369400e-04
   1.8631100e-02
   3.8564600e-02
   4.6072500e-02
   4.0177000e-02
   2.5964800e-02
   1.2821700e-02
   9.0305000e-03
   7.6466600e-03
   3.6249300e-03
  -5.8465400e-04
  -1.5918000e-03
  -2.0615800e-04
   3.2797700e-03
   8.4152500e-03
   1.2569900e-02
   1.1953400e-02
   8.2623300e-03
   4.4676700e-03
   4.2202700e-03
   6.6722400e-03
   8.4667700e-03
   5.5127200e-03
  -1.8929100e-03
  -5.9783100e-03
   4.0852200e-04
   2.0086000e-02
   3.9910100e-02
   4.8420900e-02
   5.0473000e-02
   4.8321600e-02
   3.9740700e-02
   2.0814700e-02
   2.5247900e-03
  -8.4850600e-04
   1.5896000e-02
   4.3105000e-02
   6.1280700e-02
   6.0731800e-02
   4.9574300e-02
   3.1837200e-02
   1.4102600e-02
  -7.6050800e-05
  -1.5276300e-02
  -2.9331400e-02
  -3.9920800e-02
  -4.6599200e-02
  -5.3145200e-02
  -6.8538300e-02
  -8.2387500e-02
  -8.3125300e-02
  -7.2685100e-02
  -5.3944500e-02
  -3.2803800e-02
  -1.8420900e-02
  -1.2604300e-02
  -1.7671700e-02
  -3.0528900e-02
  -4.0336200e-02
  -3.8516200e-02
  -1.5827100e-02
   2.5716800e-02
   4.8555700e-02
   5.1079300e-02
   4.8631900e-02
   3.5126400e-02
  -2.7538900e-03
  -3.9875600e-02
  -5.9608300e-02
  -6.4052700e-02
  -5.3957200e-02
  -3.2844200e-02
  -3.1786700e-03
   2.2657500e-02
   5.6093200e-02
   9.1957400e-02
   1.1871800e-01
   1.2658000e-01
   1.1621000e-01
   8.4301900e-02
   3.6129700e-02
  -4.9126100e-03
  -2.2509100e-02
  -2.1899500e-02
  -9.5186800e-03
   1.1049000e-02
   2.7650300e-02
   3.3854700e-02
   3.3808500e-02
   3.2645700e-02
   2.6434000e-02
   1.1270400e-02
  -2.0607200e-02
  -5.9196400e-02
  -9.5336300e-02
  -1.1111400e-01
  -1.0391900e-01
  -8.1993400e-02
  -4.2170700e-02
  -1.3291100e-02
  -7.6229900e-03
  -9.0952200e-03
  -1.1964500e-02
  -1.6763200e-02
  -2.9984100e-02
  -5.1794300e-02
  -7.5093400e-02
  -8.4515900e-02
  -8.0507100e-02
  -7.2824000e-02
  -6.4457200e-02
  -5.6084100e-02
  -4.6304700e-02
  -3.3722600e-02
  -1.3392300e-03
   3.8768200e-02
   7.5373800e-02
   9.8152500e-02
   8.3471500e-02
   3.8716300e-02
  -9.1904200e-03
  -4.2584000e-02
  -5.0478400e-02
  -4.7221900e-02
  -4.4131800e-02
  -4.1371700e-02
  -3.6987200e-02
  -3.2194000e-02
  -2.4027000e-02
  -8.5475100e-03
   1.6359100e-02
   3.8822100e-02
   4.5952700e-02
   4.3782800e-02
   3.6795000e-02
   2.3070800e-02
   3.9985900e-03
  -1.5124800e-02
  -2.7898100e-02
  -3.0205200e-02
  -1.8370400e-02
   2.4954500e-03
   2.4132000e-02
   4.2541400e-02
   5.1351800e-02
   5.3455800e-02
   4.7660800e-02
   2.4401400e-02
  -1.6313700e-02
  -4.3785800e-02
  -4.8386800e-02
  -4.1614400e-02
  -3.1659100e-02
  -2.4002500e-02
  -1.7815200e-02
  -9.2453900e-03
   3.2361100e-03
   1.7923000e-02
   2.8553500e-02
   3.0465000e-02
   2.3719100e-02
   1.4268400e-02
   1.2275000e-02
   1.8337000e-02
   2.9428000e-02
   3.8303200e-02
   3.8263000e-02
   3.1272200e-02
   2.2471600e-02
   2.2026900e-02
   3.1570300e-02
   4.5530100e-02
   5.9844000e-02
   6.6897600e-02
   6.5296200e-02
   6.1006900e-02
   5.3614800e-02
   4.2257600e-02
   2.9217200e-02
   1.3837900e-02
  -1.7593000e-03
  -1.6364500e-02
  -3.4635000e-02
  -4.8861900e-02
  -5.1528700e-02
  -4.6440700e-02
  -3.7485300e-02
  -2.8996800e-02
  -2.0166600e-02
  -9.2415000e-03
  -2.6749700e-03
  -4.9064100e-03
  -1.3675500e-02
  -2.5701900e-02
  -3.4993300e-02
  -3.6824800e-02
  -3.4196000e-02
  -2.4157400e-02
  -8.8823200e-03
   1.0623200e-02
   3.0413600e-02
   4.6159700e-02
   5.6995700e-02
   6.5067800e-02
   6.8523900e-02
   6.7116400e-02
   6.0165900e-02
   4.0884000e-02
   1.4178700e-02
  -6.1607500e-03
  -1.8684700e-02
  -2.0772800e-02
  -2.1267100e-02
  -2.0592800e-02
  -1.8728300e-02
  -1.9765300e-02
  -2.5411800e-02
  -3.3860300e-02
  -4.0734900e-02
  -3.8559600e-02
  -2.5221800e-02
   5.3456100e-03
   3.0421100e-02
   2.8575500e-02
   5.3447800e-03
  -2.5244200e-02
  -4.2932600e-02
  -5.1736200e-02
  -6.3341100e-02
  -7.6669800e-02
  -8.5891900e-02
  -9.0356500e-02
  -8.6940600e-02
  -8.0072200e-02
  -6.7563500e-02
  -4.9528500e-02
  -1.9109000e-02
   1.3130300e-02
   4.3439600e-02
   6.9705400e-02
   9.8061600e-02
   1.1455900e-01
   1.1412500e-01
   1.0807400e-01
   1.0392800e-01
   1.0639200e-01
   1.1595100e-01
   1.2511700e-01
   1.2363300e-01
   1.0033200e-01
   4.7380800e-02
  -1.1645700e-02
  -5.2786100e-02
  -6.1195800e-02
  -4.5873700e-02
  -7.3527300e-03
   4.1132700e-02
   8.2239500e-02
   1.0274700e-01
   1.0686200e-01
   9.5714700e-02
   6.9757200e-02
   4.9198600e-02
   4.7354700e-02
   5.5637700e-02
   6.0694700e-02
   5.2770600e-02
   2.6527200e-02
  -1.7787600e-02
  -6.3622700e-02
  -1.0382300e-01
  -1.4502400e-01
  -1.6517100e-01
  -1.6270200e-01
  -1.4033700e-01
  -1.1040400e-01
  -8.9467900e-02
  -8.4388400e-02
  -8.7743800e-02
  -9.3341500e-02
  -1.0868500e-01
  -1.1867300e-01
  -1.1623200e-01
  -1.0376300e-01
  -6.4955600e-02
  -9.3795200e-03
   4.1295900e-02
   9.0292500e-02
   1.1833400e-01
   1.1558400e-01
   9.4939000e-02
   6.7461400e-02
   4.6084400e-02
   3.6057300e-02
   3.0930800e-02
   2.5224800e-02
   1.5578400e-02
   1.3332300e-02
   2.1150200e-02
   4.4399800e-02
   6.1704700e-02
   6.1753400e-02
   3.7087200e-02
  -3.4877100e-03
  -3.7572000e-02
  -4.4533800e-02
  -3.4119500e-02
  -1.6247100e-02
  -3.1419300e-03
   3.0774800e-03
   1.0211200e-02
   2.1543500e-02
   3.5149200e-02
   4.2537700e-02
   3.8113000e-02
   2.7018700e-02
   1.0014300e-02
   5.3758600e-03
   1.1618000e-02
   3.3199500e-02
   4.8210100e-02
   4.3991200e-02
   6.7430600e-03
  -4.3626600e-02
  -8.8126000e-02
  -1.0772300e-01
  -9.5395100e-02
  -5.3108500e-02
  -4.1408100e-03
   3.7714400e-02
   4.9889200e-02
   3.2130300e-02
  -3.0903800e-03
  -3.9442100e-02
  -7.3911500e-02
  -9.7720300e-02
  -1.0290800e-01
  -9.2193300e-02
  -6.0046500e-02
  -2.3464900e-02
   3.8686800e-03
   1.2331400e-02
   8.8679700e-03
  -7.7268300e-03
  -1.9327000e-02
  -1.7703200e-02
   1.8704300e-03
   3.8267800e-02
   6.9382700e-02
   7.3304800e-02
   5.9701100e-02
   4.1338700e-02
   3.0610800e-02
   3.0725900e-02
   3.6437500e-02
   4.5418100e-02
   5.5159700e-02
   6.3116600e-02
   6.4853400e-02
   6.0070600e-02
   3.0916100e-02
  -9.3500500e-03
  -4.6572500e-02
  -6.5612500e-02
  -6.4610400e-02
  -5.8698500e-02
  -4.7214500e-02
  -3.2475800e-02
  -1.5417200e-02
  -7.6124000e-03
  -1.3489800e-02
  -3.2878100e-02
  -4.2368500e-02
  -3.4580100e-02
  -3.2960400e-03
   3.2714600e-02
   6.6386300e-02
   8.5215500e-02
   8.1385900e-02
   6.0760600e-02
   2.3974500e-02
  -1.2068800e-02
  -4.5766900e-02
  -7.5208600e-02
  -8.3170300e-02
  -7.2381000e-02
  -4.4417500e-02
  -1.0037900e-02
   2.3935900e-02
   4.7075100e-02
   5.4508000e-02
   5.2268200e-02
   4.2393500e-02
   1.0648200e-02
  -2.6095300e-02
  -4.0459900e-02
  -3.9450300e-02
  -3.1580500e-02
  -2.2204500e-02
  -1.5035600e-02
  -7.2339200e-03
  -2.4294100e-03
  -6.9599600e-03
  -2.9754400e-02
  -6.3594700e-02
  -9.0042700e-02
  -9.8140600e-02
  -9.2949000e-02
  -7.7966700e-02
  -6.4047200e-02
  -5.8150800e-02
  -5.5861400e-02
  -5.0165100e-02
  -3.9738700e-02
  -2.0535700e-03
   5.2303000e-02
   1.0170700e-01
   1.5002100e-01
   1.8810800e-01
   1.9124000e-01
   1.6788000e-01
   1.2904200e-01
   8.3661100e-02
   4.6497800e-02
   2.6766100e-02
   2.1174200e-02
   1.9963600e-02
   2.4417800e-02
   3.1692400e-02
   3.6894500e-02
   3.3922500e-02
   2.8316000e-02
   2.1663000e-02
   1.7905900e-02
   1.2686400e-02
   3.0667500e-03
  -3.2693200e-02
  -8.1444600e-02
  -1.2726300e-01
  -1.5541800e-01
  -1.6677600e-01
  -1.7900700e-01
  -1.9174500e-01
  -1.9615900e-01
  -2.0059800e-01
  -2.0058200e-01
  -1.8960400e-01
  -1.6994300e-01
  -1.4028100e-01
  -1.0137800e-01
  -5.4872700e-02
   1.7122800e-02
   6.0265700e-02
   6.0508900e-02
   4.6699000e-02
   3.5323400e-02
   3.4351800e-02
   4.4207500e-02
   5.3510800e-02
   4.8435600e-02
   2.8982400e-02
  -1.3791800e-03
  -2.3873300e-02
  -3.2940800e-02
  -4.2136400e-02
  -5.9488200e-02
  -8.5317300e-02
  -9.5745600e-02
  -7.1627100e-02
  -7.9673200e-03
   6.3566200e-02
   1.3276500e-01
   1.9696300e-01
   2.6022600e-01
   2.9169700e-01
   2.8544000e-01
   2.7392300e-01
   2.6480000e-01
   2.5945900e-01
   2.6146100e-01
   2.6430900e-01
   2.5563500e-01
   2.3835800e-01
   2.0538400e-01
   1.6483400e-01
   1.3534400e-01
   1.1840600e-01
   9.8118200e-02
   5.4543700e-02
   2.8313900e-03
  -4.0314800e-02
  -5.8183200e-02
  -6.0396600e-02
  -4.9047600e-02
  -3.0405600e-02
  -1.6566300e-02
  -1.4156300e-03
   2.7250500e-02
   3.8574200e-02
   3.1446100e-02
  -1.2265000e-02
  -8.2720700e-02
  -1.3951400e-01
  -1.5196800e-01
  -1.3966400e-01
  -1.1684600e-01
  -7.8349000e-02
  -4.7131700e-02
  -3.6331100e-02
  -3.5899300e-02
  -3.7773200e-02
  -4.0933900e-02
  -4.3195500e-02
  -4.5214500e-02
  -4.5992400e-02
  -4.5980900e-02
  -4.7010700e-02
  -4.4724100e-02
  -3.9858200e-02
  -3.9442300e-02
  -6.7707900e-02
  -1.1758900e-01
  -1.6132100e-01
  -2.0233000e-01
  -2.4227000e-01
  -2.6321100e-01
  -2.7840700e-01
  -2.9200300e-01
  -2.8738800e-01
  -2.6849900e-01
  -2.1618000e-01
  -1.4067800e-01
  -7.2365100e-02
  -1.1200400e-02
   1.5047300e-02
   1.3830600e-02
   1.0042600e-02
   9.1671500e-03
   2.6091200e-02
   5.8701900e-02
   6.8857300e-02
   4.9241500e-02
   2.7981100e-04
  -4.3828400e-02
  -4.9339600e-02
  -2.8089300e-02
   3.6058100e-02
   9.1669900e-02
   1.0302700e-01
   9.6746900e-02
   7.9460200e-02
   4.2921900e-02
  -9.1834600e-03
  -6.2945100e-02
  -1.0344100e-01
  -1.1216300e-01
  -1.0491300e-01
  -5.1363000e-02
   9.2186500e-02
   2.5225900e-01
   3.1931200e-01
   3.2159200e-01
   3.2016700e-01
   3.0513600e-01
   2.7749800e-01
   2.2039900e-01
   1.4100900e-01
   6.1135700e-02
  -1.2216500e-02
  -8.5722400e-02
  -1.2325700e-01
  -1.3424600e-01
  -1.3273200e-01
  -1.1795900e-01
  -9.1362600e-02
  -5.8378900e-02
  -3.0974800e-02
  -1.8076700e-02
  -1.9307900e-02
  -3.9079100e-02
  -7.3805400e-02
  -9.8884200e-02
  -1.0612300e-01
  -1.0131900e-01
  -8.1172100e-02
  -3.4576100e-02
  -6.2563300e-03
  -7.7630300e-03
  -3.8331200e-02
  -8.7667800e-02
  -1.0242400e-01
  -9.6368900e-02
  -6.9132200e-02
  -1.6401700e-02
   3.0386600e-02
   4.5239500e-02
   4.4760900e-02
   3.4868400e-02
   1.6188500e-02
   5.3655200e-03
   1.1357100e-02
   2.8990700e-02
   6.9813400e-02
   1.0882200e-01
   1.2484900e-01
   1.2458900e-01
   1.2047000e-01
   1.1335500e-01
   1.0035000e-01
   7.4904300e-02
   3.7838000e-02
  -2.4120600e-03
  -3.8131800e-02
  -7.4390000e-02
  -1.0922200e-01
  -1.3204200e-01
  -1.4115600e-01
  -1.3713000e-01
  -1.2568900e-01
  -1.1358900e-01
  -6.9667500e-02
   8.0821100e-03
   5.8951700e-02
   5.4078000e-02
   2.4369300e-02
  -4.1853800e-03
  -3.4028400e-02
  -6.2660300e-02
  -7.0873600e-02
  -6.3874100e-02
  -5.0438900e-02
  -3.5648700e-02
  -2.6881400e-02
  -1.7556100e-02
  -5.7556000e-03
   1.3260800e-03
   1.1988200e-03
  -3.2709500e-04
   1.2087500e-03
   1.2483900e-02
   3.1403100e-02
   4.5811600e-02
   4.4888200e-02
   3.1159200e-02
   1.3254700e-02
   9.4761100e-04
  -3.7188000e-03
  -1.9999700e-03
   3.6208900e-03
   1.4566400e-02
   2.7418900e-02
   3.9551900e-02
   5.1413700e-02
   6.3011800e-02
   7.0851300e-02
   7.0911400e-02
   6.5948800e-02
   5.9128200e-02
   5.5958700e-02
   5.5443600e-02
   5.3784000e-02
   5.2427300e-02
   5.3712200e-02
   6.7867900e-02
   8.8127400e-02
   1.0624400e-01
   1.2181500e-01
   1.1964600e-01
   1.0139200e-01
   8.2101600e-02
   6.3047200e-02
   4.5138500e-02
   1.6268900e-02
  -2.5261700e-02
  -4.7291100e-02
  -4.6875700e-02
  -4.2566400e-02
  -2.3816200e-02
   1.7954800e-02
   5.4221300e-02
   6.0590300e-02
   5.7918100e-02
   4.9388700e-02
   3.2744000e-02
   1.9357500e-02
   1.3332400e-02
   1.4884700e-02
   2.0728400e-02
   2.8780700e-02
   3.6411400e-02
   3.7992300e-02
   3.0737700e-02
   2.1564100e-02
   1.1721700e-02
   1.7113500e-03
  -1.5061600e-03
  -3.5523900e-03
  -8.4545100e-03
  -1.6117800e-02
  -2.3435800e-02
  -2.3708200e-02
  -1.5627200e-02
  -3.8618600e-03
   6.6136200e-03
   1.6818900e-02
   1.9896700e-02
   1.8292800e-02
   1.7676700e-02
   1.6609600e-02
   1.4471800e-02
   4.2707400e-03
  -1.0699800e-02
  -2.5571500e-02
  -3.5613400e-02
  -3.6065000e-02
  -2.6568200e-02
  -9.8747700e-03
   6.1926700e-03
   2.1681700e-02
   3.3995100e-02
   3.5179000e-02
   2.8626200e-02
   1.3593800e-02
  -3.6552000e-03
  -1.8783500e-02
  -3.4726100e-02
  -4.7766600e-02
  -5.6546300e-02
  -5.8560800e-02
  -5.6132000e-02
  -3.5503200e-02
   1.7740000e-04
   3.4053900e-02
   6.4885100e-02
   9.6593000e-02
   1.0634400e-01
   9.5554800e-02
   7.7785200e-02
   6.4675500e-02
   5.8112500e-02
   5.3242400e-02
   4.7187100e-02
   3.6508200e-02
   2.4483600e-02
   1.0913900e-02
  -7.9800100e-03
  -2.9903500e-02
  -4.9267100e-02
  -6.8732300e-02
  -7.7019200e-02
  -6.8680500e-02
  -3.8317200e-02
  -2.7288500e-04
   3.3860200e-02
   5.4768000e-02
   4.6999000e-02
   2.6182700e-02
  -4.2652600e-03
  -3.6627400e-02
  -6.5266100e-02
  -7.5058400e-02
  -7.2633100e-02
  -5.6831700e-02
  -2.4124600e-02
   1.0399800e-02
   3.3403200e-02
   3.6760500e-02
   3.1281800e-02
   2.4649900e-02
   1.7374000e-02
   1.0186500e-02
  -1.9322900e-03
  -1.4048200e-02
  -2.0872400e-02
  -2.6194400e-02
  -3.3526500e-02
  -4.4686400e-02
  -5.9286400e-02
  -6.7127400e-02
  -6.6151500e-02
  -5.8353800e-02
  -4.8663900e-02
  -4.4835200e-02
  -4.7980500e-02
  -5.4825300e-02
  -6.2151200e-02
  -6.7299200e-02
  -6.7309000e-02
  -6.1864300e-02
  -4.7224100e-02
  -1.6893900e-02
   1.3888200e-02
   4.1383600e-02
   5.3408400e-02
   4.6663400e-02
   2.7199400e-02
   9.9030600e-04
  -1.3865300e-02
  -1.9128700e-02
  -2.4994600e-02
  -3.2337800e-02
  -4.5948100e-02
  -6.6756100e-02
  -8.9504600e-02
  -1.0687100e-01
  -1.1239600e-01
  -1.0688200e-01
  -8.5095500e-02
  -4.4436500e-02
  -4.5771600e-03
   3.1322200e-02
   5.0909600e-02
   5.2584700e-02
   5.0134200e-02
   4.5994900e-02
   4.2543000e-02
   4.0719000e-02
   4.1078000e-02
   4.1012000e-02
   3.8041500e-02
   3.1409200e-02
   1.9473000e-02
   1.9090800e-03
  -1.9326700e-02
  -3.7542200e-02
  -5.0147300e-02
  -5.5805100e-02
  -5.4541500e-02
  -4.8072300e-02
  -3.5592000e-02
  -2.2245800e-02
  -1.5948900e-02
  -1.4881200e-02
  -1.5678300e-02
  -1.7925000e-02
  -2.2595400e-02
  -3.1296100e-02
  -4.7465400e-02
  -6.7106300e-02
  -8.1662900e-02
  -8.9247600e-02
  -9.0441900e-02
  -9.0866500e-02
  -9.3638800e-02
  -9.5346300e-02
  -9.3849600e-02
  -8.8467000e-02
  -8.1178000e-02
  -7.4435700e-02
  -6.7928400e-02
  -6.1320400e-02
  -5.3755700e-02
  -4.8127200e-02
  -4.4370400e-02
  -4.3131200e-02
  -4.3039800e-02
  -4.2684900e-02
  -3.8262400e-02
  -3.0374500e-02
  -1.9347700e-02
  -5.2737800e-03
   8.8994700e-03
   2.1151700e-02
   3.2462800e-02
   4.4031300e-02
   5.4058500e-02
   5.6331200e-02
   5.1078400e-02
   4.0175700e-02
   3.0960500e-02
   2.7325300e-02
   2.7762800e-02
   2.7646300e-02
   2.4638800e-02
   1.7312700e-02
   7.4219000e-03
  -8.6970900e-04
  -4.1533500e-03
  -1.5646200e-03
   5.1007100e-03
   1.5849400e-02
   3.2878700e-02
   5.4781600e-02
   7.8239900e-02
   9.8433600e-02
   1.0809900e-01
   1.0571200e-01
   9.1566300e-02
   6.6874400e-02
   4.8799200e-02
   4.7025200e-02
   5.5935200e-02
   7.5997900e-02
   9.4593200e-02
   1.0148600e-01
   9.9579100e-02
   9.0549400e-02
   7.5695900e-02
   6.0235800e-02
   5.1104000e-02
   4.8305900e-02
   5.0400000e-02
   5.8461900e-02
   7.0823000e-02
   8.1804700e-02
   9.0538000e-02
   9.6519700e-02
   9.7860900e-02
   9.5939900e-02
   9.2635200e-02
   8.9331500e-02
   8.5936600e-02
   8.3406600e-02
   8.1515400e-02
   7.7652600e-02
   7.1563600e-02
   6.3627700e-02
   5.4797800e-02
   4.7428100e-02
   3.9990200e-02
   3.0485500e-02
   1.3962100e-02
  -1.0372700e-02
  -3.7692300e-02
  -5.9633900e-02
  -7.6718200e-02
  -9.1443200e-02
  -9.7273500e-02
  -9.5335200e-02
  -8.5519600e-02
  -6.8289700e-02
  -4.7417400e-02
  -3.3204100e-02
  -2.5996200e-02
  -2.6801800e-02
  -3.4068200e-02
  -5.4012900e-02
  -7.6467500e-02
  -9.1754900e-02
  -9.8777300e-02
  -9.9392400e-02
  -9.5824800e-02
  -9.0155200e-02
  -8.4037900e-02
  -7.8808800e-02
  -7.4035100e-02
  -6.8865300e-02
  -6.0416700e-02
  -4.6948000e-02
  -3.1829900e-02
  -2.1296500e-02
  -1.9450900e-02
  -2.7955300e-02
  -4.6412300e-02
  -7.2155100e-02
  -9.1153000e-02
  -9.6102000e-02
  -9.1426400e-02
  -7.6321100e-02
  -5.1034200e-02
  -2.0824800e-02
   1.0439800e-02
   3.5861900e-02
   5.4809200e-02
   6.4637500e-02
   6.5692400e-02
   6.1739300e-02
   5.2615600e-02
   3.6534700e-02
   1.5876700e-02
  -6.8614400e-03
  -2.8383800e-02
  -4.1220800e-02
  -4.6936200e-02
  -4.8436700e-02
  -4.2702700e-02
  -2.6276100e-02
  -3.7738500e-04
   1.7590500e-02
   2.4881300e-02
   2.3706500e-02
   1.6984400e-02
   1.0196600e-02
   7.4173900e-03
   8.4685000e-03
   1.0765000e-02
   9.6597700e-03
   5.0382100e-03
  -3.6154500e-03
  -1.3088600e-02
  -1.6844000e-02
  -1.5328900e-02
  -1.1079300e-02
  -9.4716200e-04
   1.9614100e-02
   4.9430700e-02
   8.0731300e-02
   9.9365700e-02
   9.9112900e-02
   8.8389100e-02
   6.1742700e-02
   2.7894200e-02
  -1.4563100e-04
  -9.8154500e-03
  -6.1282900e-03
   9.6158700e-03
   3.7748300e-02
   6.7284200e-02
   8.2816300e-02
   8.5375800e-02
   8.0889900e-02
   7.1081400e-02
   5.7447900e-02
   4.5301700e-02
   3.0849900e-02
   1.2244700e-02
  -1.2551000e-02
  -3.4404700e-02
  -4.9340700e-02
  -5.5582200e-02
  -5.3291900e-02
  -4.6313400e-02
  -3.7179000e-02
  -3.0046800e-02
  -2.4935200e-02
  -1.9198900e-02
  -1.1096700e-02
  -9.8686000e-04
   6.5232200e-03
   1.0805600e-02
   1.6265300e-02
   2.4848200e-02
   3.1405700e-02
   3.0610200e-02
   2.1948900e-02
   5.4660000e-03
  -1.6489500e-02
  -3.5357100e-02
  -4.1352000e-02
  -3.9189500e-02
  -2.8565300e-02
  -1.5467400e-02
  -7.2951200e-03
  -4.1790000e-03
  -8.9817100e-04
   5.8782700e-03
   1.7419700e-02
   2.9379200e-02
   3.4911300e-02
   3.4645400e-02
   3.2177200e-02
   2.7598500e-02
   2.1368700e-02
   1.4204400e-02
   4.0061700e-03
  -5.3436700e-03
  -1.0012800e-02
  -7.8612500e-03
  -6.3246700e-04
   8.7797100e-03
   1.5582000e-02
   1.9952600e-02
   2.2785500e-02
   2.5533300e-02
   2.9512600e-02
   3.2493400e-02
   3.1391200e-02
   2.7122500e-02
   1.9672100e-02
   1.0882000e-02
   3.7606900e-03
   5.3096000e-04
   1.3612100e-03
   3.7280200e-03
   4.3935500e-03
   3.7225700e-03
   3.8194100e-03
   5.5037700e-03
   9.7510400e-03
   1.5420800e-02
   2.0248700e-02
   2.3073000e-02
   2.6686200e-02
   3.0914100e-02
   3.4958700e-02
   3.6113800e-02
   3.4305600e-02
   3.0828700e-02
   2.4193700e-02
   1.4139900e-02
   5.2308000e-03
  -1.1515600e-03
  -5.2657900e-03
  -7.2998600e-03
  -8.7245100e-03
  -9.9515800e-03
  -1.2055500e-02
  -1.4050100e-02
  -1.6118200e-02
  -1.5561800e-02
  -1.3610100e-02
  -9.3656900e-03
  -1.0031600e-03
   1.1892200e-02
   1.9423800e-02
   1.8306500e-02
   1.9560300e-03
  -3.1981400e-02
  -6.6118300e-02
  -9.5800000e-02
  -1.1372100e-01
  -1.1283700e-01
  -1.0559300e-01
  -9.0510800e-02
  -7.1398600e-02
  -5.2802600e-02
  -3.6766100e-02
  -2.3642400e-02
  -1.8320600e-02
  -1.8168800e-02
  -2.1042100e-02
  -2.7172100e-02
  -3.3120700e-02
  -3.8792700e-02
  -4.5289100e-02
  -4.9437500e-02
  -4.8750300e-02
  -4.4514500e-02
  -3.8932700e-02
  -3.1001600e-02
  -2.1643900e-02
  -1.3062200e-02
  -6.0785300e-03
  -2.0338200e-03
   4.7902300e-04
   2.0621200e-03
   2.4741400e-03
   1.3920600e-03
  -3.5733000e-03
  -1.2937500e-02
  -2.2939500e-02
  -3.0238900e-02
  -3.2254800e-02
  -2.7968300e-02
  -1.9045400e-02
  -7.3560500e-03
   4.1577000e-03
   1.2258200e-02
   2.0135700e-02
   2.7179000e-02
   3.2264500e-02
   3.3498000e-02
   3.2401900e-02
   3.0024000e-02
   2.7313100e-02
   2.5319100e-02
   2.5836900e-02
   2.6967000e-02
   2.6571200e-02
   2.4472800e-02
   2.0895000e-02
   1.4411300e-02
   9.0584200e-03
   6.0282500e-03
   6.4289600e-03
   1.0904100e-02
   1.8850500e-02
   2.7606500e-02
   3.4076400e-02
   3.8404300e-02
   4.1930500e-02
   4.5043000e-02
   4.7618200e-02
   4.5618900e-02
   4.1361600e-02
   3.3706100e-02
   2.5060600e-02
   1.8007300e-02
   1.4811600e-02
   1.2874200e-02
   1.1723700e-02
   1.2371800e-02
   1.2124000e-02
   1.2384600e-02
   1.1713200e-02
   1.0364900e-02
   1.1427700e-02
   1.2029200e-02
   1.1131200e-02
   1.1544200e-02
   1.3824700e-02
   1.7490100e-02
   2.2361000e-02
   2.4683200e-02
   2.0579700e-02
   9.6116700e-03
  -3.1640700e-03
  -1.6422000e-02
  -2.5552000e-02
  -2.8291100e-02
  -2.4280600e-02
  -9.3832700e-03
   1.3692400e-02
   3.5991200e-02
   4.9730700e-02
   5.2601800e-02
   4.9500300e-02
   4.1662000e-02
   3.1127500e-02
   1.9670600e-02
   1.4172700e-02
   1.3951400e-02
   1.6281300e-02
   1.8405100e-02
   1.9668500e-02
   2.0578500e-02
   1.9607600e-02
   1.9210000e-02
   1.8292400e-02
   1.7375100e-02
   1.4232600e-02
   8.3992000e-03
  -3.7739200e-04
  -1.0998000e-02
  -2.0491200e-02
  -2.6913500e-02
  -2.9842100e-02
  -2.9471800e-02
  -2.6925600e-02
  -2.2008400e-02
  -1.4718000e-02
  -6.9342400e-03
   2.0099100e-03
   9.3287900e-03
   1.3898400e-02
   1.6329800e-02
   1.7688300e-02
   1.7473800e-02
   1.6712200e-02
   1.5354900e-02
   1.4807000e-02
   1.4109900e-02
   1.2568900e-02
   1.1680900e-02
   1.1153000e-02
   9.9180700e-03
   8.5022200e-03
   6.9990700e-03
   3.7714600e-03
   4.1818700e-04
  -3.0326400e-03
  -4.7752700e-03
  -5.0621600e-03
  -4.6606900e-03
  -4.5060400e-03
  -4.1062200e-03
  -3.9164300e-03
  -4.8005100e-03
  -5.9560600e-03
  -1.0463100e-02
  -1.5462800e-02
  -1.8001900e-02
  -2.0721500e-02
  -2.4409500e-02
  -3.0471500e-02
  -3.8181800e-02
  -4.5911600e-02
  -4.8325600e-02
  -4.4241200e-02
  -3.6088900e-02
  -2.7344600e-02
  -2.0292300e-02
  -1.5788500e-02
  -1.3510600e-02
  -1.3525800e-02
  -1.6327400e-02
  -2.3691800e-02
  -3.4165900e-02
  -4.5820900e-02
  -5.5069600e-02
  -5.9815400e-02
  -6.1952300e-02
  -6.3049500e-02
  -6.2820000e-02
  -6.2790200e-02
  -6.3393000e-02
  -6.5385500e-02
  -6.7522500e-02
  -6.8912300e-02
  -6.9012100e-02
  -6.6821300e-02
  -6.3399500e-02
  -5.7876800e-02
  -4.8588200e-02
  -3.3850000e-02
  -1.8632800e-02
  -1.0469300e-02
  -9.1580800e-03
  -1.1825500e-02
  -2.0040200e-02
  -3.2302800e-02
  -4.3253000e-02
  -4.9112300e-02
  -4.9398200e-02
  -4.5174900e-02
  -3.8640900e-02
  -2.9965700e-02
  -2.1907400e-02
  -1.7312900e-02
  -1.5781500e-02
  -1.3131600e-02
  -1.0457500e-02
  -5.7539700e-03
  -1.4531800e-03
   8.6167400e-04
   9.1028300e-04
  -1.1397500e-03
  -3.8113000e-03
  -5.5829400e-03
  -8.6549800e-03
  -1.5064500e-02
  -2.3792800e-02
  -3.2533400e-02
  -3.7424000e-02
  -3.7510200e-02
  -3.4163900e-02
  -2.8111700e-02
  -2.2132600e-02
  -1.7404200e-02
  -1.4327500e-02
  -1.2416800e-02
  -1.1938300e-02
  -1.3166500e-02
  -1.4357800e-02
  -1.4401700e-02
  -1.1249900e-02
  -7.0060800e-03
   4.9454000e-06
   7.4093700e-03
   1.4856400e-02
   2.3481400e-02
   3.5066400e-02
   4.9561600e-02
   6.2053200e-02
   7.4042400e-02
   8.3222900e-02
   8.9695800e-02
   9.2182300e-02
   9.0228300e-02
   8.3006600e-02
   7.4056800e-02
   6.1694800e-02
   5.2479300e-02
   4.9619900e-02
   5.0211600e-02
   5.3818300e-02
   5.7765400e-02
   5.8016100e-02
   5.5164500e-02
   4.6769600e-02
   4.0251800e-02
   3.6440900e-02
   3.5309300e-02
   3.6337600e-02
   3.6961500e-02
   3.6796200e-02
   3.7147000e-02
   3.6546400e-02
   3.4934400e-02
   3.3711000e-02
   3.1240800e-02
   2.6947000e-02
   2.1777200e-02
   1.7190200e-02
   1.3144100e-02
   9.8052800e-03
   6.1338000e-03
   4.0699400e-03
   4.0857900e-03
   3.8507300e-03
   4.3821500e-03
   4.3916200e-03
   3.3705500e-03
   2.9152200e-03
   2.8209400e-03
   3.2466100e-03
   5.2447500e-03
   6.3789300e-03
   6.5484100e-03
   4.6173800e-03
   3.6930900e-03
   3.6351000e-03
   3.3864000e-03
   4.9892700e-04
  -5.8366300e-03
  -1.5555600e-02
  -2.5495100e-02
  -2.9398500e-02
  -2.8767500e-02
  -2.5590300e-02
  -1.8785500e-02
  -1.0359800e-02
  -4.2330300e-03
  -1.4666900e-03
  -8.6438200e-04
  -1.9026000e-03
  -4.2291600e-03
  -5.3854300e-03
  -4.8955700e-03
  -3.2748000e-03
   1.3445000e-03
   9.5985400e-03
   1.6937200e-02
   2.0874600e-02
   2.0165800e-02
   1.5453000e-02
   8.7423100e-03
   4.3499200e-03
   1.6603400e-03
   2.0335200e-04
  -1.1631400e-03
  -2.8330100e-03
  -3.0545200e-03
  -3.0876400e-03
  -2.5562100e-03
  -5.1143400e-04
   2.6791900e-03
   7.1945400e-03
   1.0296000e-02
   1.1435200e-02
   1.0441800e-02
   7.4915700e-03
   2.4718000e-03
  -4.9457000e-03
  -1.1375500e-02
  -1.4399800e-02
  -1.4937100e-02
  -1.3255900e-02
  -9.0095700e-03
  -3.0495100e-03
   4.0321400e-03
   9.8663300e-03
   1.2204100e-02
   1.2261400e-02
   1.0682200e-02
   6.8822300e-03
   1.2544800e-03
  -4.1926500e-03
  -9.3831800e-03
  -1.3947400e-02
  -1.6953000e-02
  -1.7473600e-02
  -1.6597300e-02
  -1.5168900e-02
  -1.3680200e-02
  -1.2692700e-02
  -1.2302100e-02
  -1.2474700e-02
  -1.2904400e-02
  -1.5265500e-02
  -1.7176700e-02
  -1.8725700e-02
  -1.8718600e-02
  -1.7127100e-02
  -1.1901200e-02
  -2.1024000e-03
   1.0369900e-02
   1.7812800e-02
   1.8667200e-02
   1.4804900e-02
   7.2016600e-03
  -1.9864500e-03
  -7.2517600e-03
  -7.3298700e-03
  -4.0173200e-03
   1.7635400e-03
   9.6809100e-03
   1.9454600e-02
   2.8010200e-02
   3.2522700e-02
   3.2443100e-02
   2.7076800e-02
   1.6639000e-02
   5.0184900e-03
  -1.8209700e-03
  -3.5653800e-03
  -2.1829100e-03
  -4.8288300e-04
   1.8364300e-03
   2.4111400e-03
   2.0455600e-03
  -1.5163800e-03
  -7.7243300e-03
  -1.4326100e-02
  -1.8521100e-02
  -1.8374400e-02
  -1.5557600e-02
  -9.1565700e-03
  -1.0550100e-03
   3.8753300e-03
   3.3909200e-03
  -3.8608200e-03
  -1.5127100e-02
  -2.8067800e-02
  -3.6067700e-02
  -3.7875900e-02
  -3.4606400e-02
  -2.9116300e-02
  -1.8796800e-02
  -8.2323000e-03
   8.8930300e-04
   8.2138600e-03
   1.1657400e-02
   1.1987600e-02
   1.1408400e-02
   9.3163400e-03
   7.2809800e-03
   6.6886200e-03
   6.9694200e-03
   7.2224000e-03
   6.3474600e-03
   6.0564300e-03
   7.9187000e-03
   1.1864500e-02
   1.7313000e-02
   2.6362100e-02
   3.6307900e-02
   4.1447500e-02
   4.2555600e-02
   4.0621500e-02
   3.7662300e-02
   3.3571000e-02
   2.8631300e-02
   2.3387300e-02
   1.7249900e-02
   1.1985100e-02
   8.6209300e-03
   8.3120300e-03
   1.3084500e-02
   2.0411800e-02
   3.0170900e-02
   3.7698600e-02
   4.1003400e-02
   4.1646000e-02
   3.8299900e-02
   3.3020200e-02
   2.3489200e-02
   1.4087600e-02
   6.1527400e-03
   1.1045300e-03
  -7.2382300e-04
  -2.6820400e-04
   1.1422700e-03
   3.1414300e-03
   5.1285700e-03
   6.4991700e-03
   8.1674200e-03
   9.7370300e-03
   1.1480100e-02
   1.1571300e-02
   9.3053300e-03
   6.0131800e-03
   3.1776000e-03
  -2.0579300e-05
  -2.8927800e-03
  -6.1864600e-03
  -9.8739500e-03
  -1.3019200e-02
  -1.1551700e-02
  -9.0835700e-03
  -4.8383700e-03
   1.4782800e-04
   5.8765000e-03
   8.2409900e-03
   8.4810100e-03
   7.2677300e-03
   5.4224500e-03
  -1.2742400e-03
  -8.4342900e-03
  -1.3441000e-02
  -1.6680000e-02
  -1.7658800e-02
  -1.6933400e-02
  -1.5837300e-02
  -1.3593600e-02
  -1.0733100e-02
  -8.3453100e-03
  -6.7990400e-03
  -6.7815400e-03
  -7.8308900e-03
  -7.2775800e-03
  -7.0643800e-03
  -7.4431500e-03
  -8.4354300e-03
  -1.0529000e-02
  -1.2822400e-02
  -1.5037000e-02
  -1.6667000e-02
  -1.7896800e-02
  -1.8982200e-02
  -2.0532200e-02
  -2.2079200e-02
  -2.5234300e-02
  -2.7379400e-02
  -2.8652000e-02
  -2.7236100e-02
  -2.4109900e-02
  -1.8862600e-02
  -1.1532200e-02
  -6.8204400e-03
  -6.1401800e-03
  -6.6366400e-03
  -7.9842800e-03
  -1.0170300e-02
  -1.2712100e-02
  -1.6335700e-02
  -1.9923100e-02
  -2.3000800e-02
  -2.3792500e-02
  -2.2416400e-02
  -2.0062800e-02
  -1.6869000e-02
  -1.1778600e-02
  -5.9326500e-03
  -3.3252600e-04
   3.4599400e-03
   5.4116500e-03
   6.0049100e-03
   4.9513900e-03
   3.1268700e-03
  -5.7658100e-04
  -4.7923700e-03
  -8.3217300e-03
  -1.0465200e-02
  -9.8012300e-03
  -7.8703800e-03
  -5.7735500e-03
  -2.5070700e-03
   1.3746400e-03
   4.0960700e-03
   4.8118500e-03
   2.3730500e-03
  -1.2439100e-03
  -4.3161800e-03
  -6.5843500e-03
  -9.0402400e-03
  -1.1154900e-02
  -1.3232000e-02
  -1.5198800e-02
  -1.6689300e-02
  -1.7106700e-02
  -1.8226600e-02
  -1.7830700e-02
  -1.5852500e-02
  -1.3523700e-02
  -1.1502800e-02
  -1.0537200e-02
  -1.0879900e-02
  -1.1660400e-02
  -1.5386500e-02
  -1.9014100e-02
  -2.2578900e-02
  -2.5056900e-02
  -2.6613500e-02
  -2.6323600e-02
  -2.5244900e-02
  -2.4391400e-02
  -2.3320500e-02
  -2.0584400e-02
  -1.7075000e-02
  -1.3170500e-02
  -9.4490400e-03
  -7.0429800e-03
  -6.0589000e-03
  -6.5014600e-03
  -7.2614300e-03
  -7.2708100e-03
  -6.0431900e-03
  -3.0944100e-03
   3.7233400e-04
   5.7795100e-03
   9.5000800e-03
   1.0356400e-02
   8.3910000e-03
   4.5969600e-03
  -2.6098800e-03
  -1.0791200e-02
  -1.5284700e-02
  -1.6918300e-02
  -1.6852200e-02
  -1.6532600e-02
  -1.7167100e-02
  -1.6994700e-02
  -1.5943100e-02
  -1.5700400e-02
  -1.6661900e-02
  -1.7608500e-02
  -1.7201900e-02
  -1.5398800e-02
  -1.3335200e-02
  -1.1031400e-02
  -1.0440400e-02
  -1.1513000e-02
  -1.3526400e-02
  -1.6481600e-02
  -1.6851800e-02
  -1.0824900e-02
  -8.3361300e-03
  -8.7700700e-03
  -8.9798300e-03
  -1.0788200e-02
  -1.2098800e-02
  -1.1183100e-02
  -8.9665200e-03
  -5.6106400e-03
  -9.5649400e-04
   3.4204900e-03
   7.1311900e-03
   1.0066200e-02
   1.1521100e-02
   1.2372100e-02
   1.2066100e-02
   1.2211100e-02
   1.2936000e-02
   1.3392300e-02
   1.3403500e-02
   1.3413800e-02
   1.3697200e-02
   1.5518400e-02
   1.7607600e-02
   1.7925400e-02
   1.6037400e-02
   1.2824900e-02
   9.6978700e-03
   8.4582400e-03
   8.1412100e-03
   6.6579400e-03
   6.7442900e-03
   8.0938300e-03
   8.4914600e-03
   1.0278700e-02
   1.0218700e-02
   8.9850800e-03
   7.5139700e-03
   5.6282400e-03
   6.1840100e-03
   6.8182900e-03
   7.0465000e-03
   7.3295800e-03
   7.5036100e-03
   8.2346000e-03
   7.6876000e-03
   8.4183400e-03
   8.8265100e-03
   1.1412500e-02
   9.9784700e-03
   8.1454300e-03
   9.8472400e-03
   9.2513300e-03
   7.8938300e-03
   8.7771500e-03
   1.1294900e-02
   1.4113200e-02
   1.7006400e-02
   1.8912200e-02
   2.0277900e-02
   2.1386700e-02
   2.2741300e-02
   2.2870500e-02
   2.3239900e-02
   2.3522200e-02
   2.3886900e-02
   2.4971000e-02
   2.7348800e-02
   2.8018800e-02
   2.7879400e-02
   2.6285600e-02
   2.2666500e-02
   1.9611700e-02
   1.8930800e-02
   1.6751900e-02
   1.6422600e-02
   1.8340000e-02
   2.0546000e-02
   2.2651800e-02
   2.5548300e-02
   2.6647300e-02
   2.6778300e-02
   2.4978000e-02
   2.4075600e-02
   2.1014000e-02
   1.7778500e-02
   1.7201900e-02
   1.8213600e-02
   2.0286000e-02
   2.2848000e-02
   2.4705200e-02
   2.4766700e-02
   2.4770300e-02
   2.4958900e-02
   2.5368200e-02
   2.5331500e-02
   2.5688100e-02
   2.6657000e-02
   2.8160000e-02
   2.7561200e-02
   2.6128900e-02
   2.3685800e-02
   1.9248900e-02
   1.4595100e-02
   1.0907600e-02
   8.3300800e-03
   8.3204200e-03
   9.2635100e-03
   9.8082900e-03
   1.1009800e-02
   1.0383600e-02
   8.5048600e-03
   5.0622200e-03
   7.2078000e-04
  -4.3352200e-03
  -9.0974900e-03
  -1.2460800e-02
  -1.3318100e-02
  -1.3856200e-02
  -1.5459000e-02
  -1.7525000e-02
  -1.7300600e-02
  -1.7352800e-02
  -1.7630900e-02
  -1.6799500e-02
  -1.4559900e-02
  -1.4600800e-02
  -1.6515600e-02
  -2.0139700e-02
  -2.3626800e-02
  -2.7605500e-02
  -2.8033700e-02
  -2.6712700e-02
  -2.7068700e-02
  -2.6623200e-02
  -2.2388300e-02
  -1.8780500e-02
  -1.9065800e-02
  -1.8969200e-02
  -1.7438600e-02
  -1.7363600e-02
  -1.9137000e-02
  -2.1122900e-02
  -2.4192600e-02
  -2.7291800e-02
  -3.0616900e-02
  -2.9629800e-02
  -2.6943700e-02
  -2.5991300e-02
  -2.4104300e-02
  -1.9528700e-02
  -1.4517500e-02
  -8.0052700e-03
  -2.3064000e-03
   4.1773800e-03
   1.2283300e-02
   2.0637700e-02
   2.9879900e-02
   3.4430400e-02
   3.5051700e-02
   3.3013300e-02
   2.9660700e-02
   2.7425000e-02
   2.5487100e-02
   2.4616200e-02
   2.5267300e-02
   2.9635800e-02
   3.3250800e-02
   3.5315100e-02
   3.5238900e-02
   3.2406600e-02
   2.8236400e-02
   2.3620900e-02
   1.8428700e-02
   1.3700900e-02
   1.0116900e-02
   6.4581300e-03
   2.9885300e-03
   4.7503200e-04
  -1.6169600e-04
   2.2743800e-04
   1.2216300e-03
   4.2891300e-03
   9.6842900e-03
   1.1853700e-02
   1.1655600e-02
   1.0037600e-02
   6.5488900e-03
   1.2985500e-03
  -5.9523800e-03
  -1.2889000e-02
  -1.7357800e-02
  -2.0382100e-02
  -2.3085000e-02
  -2.6410100e-02
  -2.8947800e-02
  -3.0213200e-02
  -2.8538100e-02
  -2.6988000e-02
  -2.5933100e-02
  -2.3503700e-02
  -2.1999000e-02
  -2.2261900e-02
  -2.4757600e-02
  -2.7547300e-02
  -2.7786000e-02
  -2.6177900e-02
  -2.3770900e-02
  -2.2694600e-02
  -2.2306300e-02
  -2.2535800e-02
  -2.3535400e-02
  -2.3217600e-02
  -2.2032700e-02
  -1.9858200e-02
  -1.6937400e-02
  -1.4719400e-02
  -1.2659800e-02
  -1.1393400e-02
  -1.2128200e-02
  -1.4412900e-02
  -1.7427500e-02
  -2.0330100e-02
  -2.1597000e-02
  -2.0654500e-02
  -2.0738100e-02
  -2.0668900e-02
  -1.9374200e-02
  -1.9269100e-02
  -1.8317700e-02
  -1.7150400e-02
  -1.6532200e-02
  -1.5890300e-02
  -1.5522000e-02
  -1.5654700e-02
  -1.5400800e-02
  -1.4455100e-02
  -1.2745900e-02
  -1.1414000e-02
  -9.9079300e-03
  -8.7058200e-03
  -6.9750200e-03
  -6.1168300e-03
  -7.1981100e-03
  -8.9113900e-03
  -1.0907000e-02
  -1.2870700e-02
  -1.4943100e-02
  -1.5669600e-02
  -1.4359400e-02
  -1.3089000e-02
  -1.0278700e-02
  -6.4547200e-03
  -3.0271700e-03
  -9.7932900e-04
   8.9738900e-04
   7.1345000e-04
  -2.2867500e-04
  -1.7610200e-03
  -4.8834200e-03
  -1.0177400e-02
  -1.4316700e-02
  -1.7014000e-02
  -1.8222300e-02
  -1.6699700e-02
  -1.4657000e-02
  -1.2075600e-02
  -8.0312000e-03
  -5.7419700e-03
  -4.7873800e-03
  -4.4178300e-03
  -3.1351700e-03
  -9.1961100e-04
   2.5466400e-03
   7.2040500e-03
   1.2784000e-02
   1.6619800e-02
   2.0224400e-02
   2.2712500e-02
   2.4741800e-02
   2.6295900e-02
   2.5971800e-02
   2.3575600e-02
   2.2081600e-02
   1.9688600e-02
   1.7897900e-02
   1.7743900e-02
   1.7948800e-02
   1.7002800e-02
   1.6182100e-02
   1.4378000e-02
   1.3554100e-02
   1.5689100e-02
   1.8391400e-02
   2.0869600e-02
   2.3009500e-02
   2.3576900e-02
   2.1100900e-02
   1.7860400e-02
   1.4455400e-02
   1.0609200e-02
   7.0519100e-03
   6.7533800e-03
   7.2464800e-03
   6.6077900e-03
   7.1035200e-03
   7.7863300e-03
   6.7962700e-03
   5.5053400e-03
   3.7830900e-03
   2.4528100e-03
   6.9613500e-04
  -8.4100700e-04
   1.8506200e-04
  -5.9392200e-04
  -2.2614900e-03
  -5.0847800e-03
  -7.3341000e-03
  -8.4578600e-03
  -8.1491500e-03
  -8.1030500e-03
  -8.4986900e-03
  -7.7006900e-03
  -6.2997500e-03
  -4.1683100e-03
  -2.8926400e-03
  -1.7901900e-03
  -8.6416700e-04
   9.6439600e-05
   1.3021800e-03
   2.8444200e-03
   4.6286500e-03
   7.5798900e-03
   9.5656900e-03
   1.0359300e-02
   1.1739400e-02
   1.4108500e-02
   1.5756900e-02
   1.7551800e-02
   1.8968200e-02
   1.9429600e-02
   1.9854600e-02
   2.0146700e-02
   1.9952500e-02
   2.0045500e-02
   1.7702100e-02
   1.6863500e-02
   1.6930000e-02
   1.7846100e-02
   1.9393200e-02
   2.3307000e-02
   2.9694200e-02
   3.4493000e-02
   3.6366700e-02
   3.4194500e-02
   3.1904800e-02
   2.6293200e-02
   1.8217200e-02
   1.2677100e-02
   8.5463600e-03
   6.4051600e-03
   6.4760900e-03
   8.0501800e-03
   8.8473000e-03
   9.0362200e-03
   8.1606000e-03
   6.9475200e-03
   5.9294100e-03
   3.6391500e-03
   8.7128200e-04
  -1.5511900e-03
  -2.6078200e-03
  -2.6296700e-03
  -2.8365100e-03
  -1.1172000e-03
  -9.7154200e-04
  -6.1900300e-04
  -2.5153900e-04
  -1.6804700e-03
  -2.4672400e-03
  -4.4434700e-03
  -6.9987300e-03
  -7.9643800e-03
  -8.8577600e-03
  -9.7202400e-03
  -9.8309400e-03
  -9.9375500e-03
  -1.0809900e-02
  -1.0934600e-02
  -1.1676900e-02
  -1.1398700e-02
  -9.6086000e-03
  -7.3509500e-03
  -6.0012800e-03
  -4.3006800e-03
  -2.4583700e-03
  -2.4986800e-03
  -4.4802100e-03
  -7.7175400e-03
  -1.1682000e-02
  -1.5658400e-02
  -1.8257400e-02
  -1.9208300e-02
  -1.8575600e-02
  -1.6747600e-02
  -1.5813800e-02
  -1.4522900e-02
  -1.1041500e-02
  -8.3576100e-03
  -6.7616600e-03
  -6.4409000e-03
  -6.4283300e-03
  -4.6069700e-03
  -5.4534000e-03
  -7.6443100e-03
  -1.0914900e-02
  -1.4055400e-02
  -1.6248000e-02
  -1.7718600e-02
  -1.8395600e-02
  -1.7976200e-02
  -1.6968200e-02
  -1.5982500e-02
  -1.4384600e-02
  -1.3285800e-02
  -1.1849300e-02
  -8.0960400e-03
  -6.4470600e-03
  -5.8293900e-03
  -5.9648900e-03
  -6.0705100e-03
  -6.8570900e-03
  -6.1922900e-03
  -5.8694900e-03
  -6.3194300e-03
  -6.1794200e-03
  -6.7917000e-03
  -6.0143100e-03
  -5.7172700e-03
  -5.6240100e-03
  -5.7675700e-03
  -7.9419300e-03
  -9.8576400e-03
  -1.2077800e-02
  -1.3165000e-02
  -1.2608400e-02
  -1.1438200e-02
  -1.0148800e-02
  -9.5183700e-03
  -9.2230400e-03
  -7.5443000e-03
  -5.4254700e-03
  -3.5970800e-03
  -2.8870000e-03
  -2.6887400e-03
  -2.2257600e-03
  -1.9665400e-03
  -2.0675400e-03
  -3.5858000e-03
  -4.7007900e-03
  -5.0790700e-03
  -5.7695200e-03
  -7.5661900e-03
  -7.1728100e-03
  -6.3905000e-03
  -8.0257200e-03
  -1.0540400e-02
  -1.1282300e-02
  -1.0791000e-02
  -9.0653200e-03
  -8.0323100e-03
  -5.7469200e-03
  -3.0869500e-03
  -4.7081500e-04
   1.1971900e-03
   2.3612000e-03
   2.5281400e-03
   2.0436600e-03
   9.0102200e-04
  -1.6482100e-04
  -1.1748500e-05
   1.0059700e-03
   1.5584200e-03
   2.2830200e-03
   3.1239400e-03
   2.3828600e-03
   2.2749700e-03
   2.8494300e-03
   2.1113100e-03
   4.2573000e-04
   8.2774000e-04
   2.6228800e-03
   4.2585900e-03
   5.1704400e-03
   4.7564500e-03
   4.9519300e-03
   6.1744900e-03
   6.1855800e-03
   7.2894900e-03
   9.3812800e-03
   1.1466000e-02
   1.2906400e-02
   1.3683300e-02
   1.3537300e-02
   1.2692000e-02
   1.0225000e-02
   8.9927700e-03
   8.4334600e-03
   8.5200300e-03
   9.2324300e-03
   1.1643200e-02
   1.5484700e-02
   1.7997700e-02
   1.9232500e-02
   1.9504800e-02
   1.9544300e-02
   1.9016700e-02
   1.7658600e-02
   1.6800400e-02
   1.4999700e-02
   1.1586700e-02
   9.0433600e-03
   7.3238300e-03
   6.1744200e-03
   5.8092600e-03
   6.7611500e-03
   8.6455300e-03
   1.1447700e-02
   1.3920000e-02
   1.3948200e-02
   1.4650700e-02
   1.4050100e-02
   1.4153600e-02
   1.5385000e-02
   1.7588400e-02
   1.9756600e-02
   2.0152800e-02
   1.9714600e-02
   1.8916000e-02
   1.7284500e-02
   1.5482000e-02
   1.4271900e-02
   1.2693000e-02
   1.1538900e-02
   1.0695200e-02
   9.6278700e-03
   8.1986400e-03
   7.8150000e-03
   7.0784700e-03
   5.6594900e-03
   5.0759400e-03
   3.8957200e-03
   3.6660600e-03
   3.0976400e-03
   2.5243700e-03
   1.6530100e-03
   1.0875800e-03
   6.8946200e-05
  -1.1634800e-03
  -1.9410800e-03
  -3.2625800e-03
  -5.9686900e-03
  -8.4460700e-03
  -9.8760200e-03
  -1.0994900e-02
  -1.1430200e-02
  -1.1284300e-02
  -1.1631200e-02
  -1.2060200e-02
  -1.3009700e-02
  -1.3512500e-02
  -1.3730800e-02
  -1.2518900e-02
  -1.1249600e-02
  -9.1276600e-03
  -7.2528900e-03
  -5.9710000e-03
  -5.8230600e-03
  -6.2154400e-03
  -7.3486200e-03
  -7.8096400e-03
  -9.3691600e-03
  -1.0646600e-02
  -1.1491900e-02
  -1.1882000e-02
  -1.1494300e-02
  -1.0897200e-02
  -9.8502100e-03
  -8.3506800e-03
  -7.0882500e-03
  -4.1914900e-03
  -1.6433800e-03
   8.1371700e-04
   2.1430900e-03
   2.6456600e-03
   2.0695900e-03
   1.2239900e-03
   1.7115700e-04
  -1.2684900e-03
  -2.4256200e-03
  -3.5248200e-03
  -3.4970700e-03
  -4.0149900e-03
  -4.0432900e-03
  -4.3296700e-03
  -4.1057100e-03
  -3.7924600e-03
  -3.7309300e-03
  -3.3292000e-03
  -3.5527900e-03
  -3.2923200e-03
  -3.5901900e-03
  -3.9939400e-03
  -3.7829700e-03
  -3.5303600e-03
  -3.2924400e-03
  -2.8838900e-03
  -2.9172500e-03
  -3.1871500e-03
  -3.6144100e-03
  -3.9343700e-03
  -3.9615300e-03
  -4.1629500e-03
  -4.0021200e-03
  -3.3765500e-03
  -2.9603600e-03
  -2.7885700e-03
  -2.2705200e-03
  -1.6472600e-03
  -1.5176700e-03
  -1.3396700e-03
  -1.3831700e-03
  -1.5288600e-03
  -1.4601700e-03
  -1.4351200e-03
  -1.4079200e-03
  -1.5105200e-03
  -1.6282600e-03
  -1.6138000e-03
  -1.6416600e-03
  -1.9112400e-03
  -2.0724500e-03
  -2.1557800e-03
  -2.0656300e-03
  -1.8456400e-03
  -1.5774900e-03
  -1.0160100e-03
  -7.2875500e-04
  -3.5607400e-04
  -2.7173600e-04
  -2.2988400e-04
  -2.0206700e-04
  -1.5511300e-04
  -2.8007300e-05
   1.4246800e-04
   1.9154600e-04
   1.9542900e-04
   1.8039900e-04
   6.2020900e-05
  -1.2603000e-04
  -4.2066000e-04
  -6.5981800e-04
  -6.8054900e-04
  -5.2905800e-04
  -3.0536500e-04
   1.1689800e-04
   5.6653500e-04
   8.9089800e-04
   1.0238000e-03
   1.0569200e-03
   9.6984300e-04
   9.4904900e-04
   9.0767500e-04
   8.5719800e-04
   8.3183800e-04
   8.2703600e-04
   8.3329000e-04
   8.8562000e-04
   9.6065500e-04
   1.0145300e-03
   1.0551100e-03
   1.1453900e-03
   1.2328700e-03
   1.2699300e-03
   1.3087500e-03
   1.3337200e-03
   1.3335400e-03
   1.3275700e-03
   1.3137200e-03
   1.2922900e-03
   1.2687800e-03
   1.2502000e-03
   1.2276000e-03
   1.2071400e-03
   1.1800200e-03
   1.1509000e-03
   1.1204500e-03
   1.0897000e-03
   1.0605800e-03
   1.0351400e-03
   1.0238200e-03
   1.0143800e-03
   9.9937200e-04
   9.8255900e-04
   9.5745600e-04
   9.2472800e-04
   8.9004200e-04
   8.5558100e-04
   8.2145700e-04
   7.9266600e-04
   7.6529400e-04
   7.3932100e-04
   7.1282100e-04
   6.8601600e-04
   6.5599800e-04
   6.2365000e-04
   5.8945500e-04
   5.5422200e-04
   5.1789100e-04
   4.8127100e-04
   4.4385200e-04
   4.0647000e-04
   3.6844100e-04
   3.3028000e-04
   2.9167600e-04
   2.5310200e-04
   2.1437700e-04
   1.7579100e-04
   1.3723600e-04
   9.9008000e-05
   6.1007600e-05
   2.3394200e-05
  -1.3851500e-05
  -5.0632700e-05
  -8.6927000e-05
  -1.2267100e-04
  -1.5782900e-04
