  -6.4031800e-03
  -6.0287100e-03
   5.3041600e-04
   7.7432600e-03
   6.8903800e-03
   6.8765000e-03
   6.7050600e-03
   6.4734200e-03
   6.2740700e-03
   6.1526200e-03
   6.1338600e-03
   6.2003100e-03
   6.2793900e-03
   6.3054600e-03
   6.2755300e-03
   6.2303800e-03
   6.2005700e-03
   6.1885300e-03
   6.1827900e-03
   6.1713600e-03
   6.1487300e-03
   6.1167000e-03
   6.0823800e-03
   6.0575100e-03
   6.0537100e-03
   6.0712100e-03
   6.0990700e-03
   6.1322400e-03
   6.1758900e-03
   6.2225900e-03
   6.2473400e-03
   6.2402900e-03
   6.2213500e-03
   6.2120600e-03
   6.2152900e-03
   6.2214000e-03
   6.2168800e-03
   6.1862300e-03
   6.1159600e-03
   6.0119700e-03
   5.9227600e-03
   5.9340000e-03
   6.0848700e-03
   6.3188200e-03
   6.5571500e-03
   6.7727700e-03
   6.9504300e-03
   6.9751000e-03
   6.7008600e-03
   6.1550300e-03
   5.5089600e-03
   4.8962400e-03
   4.3405200e-03
   3.9411900e-03
   4.0185100e-03
   4.7511200e-03
   5.8555300e-03
   6.6607500e-03
   6.6263200e-03
   5.9956400e-03
   5.4885500e-03
   5.5390400e-03
   6.1136700e-03
   6.9050000e-03
   7.6113400e-03
   8.1389400e-03
   8.4844400e-03
   8.4568000e-03
   7.8407300e-03
   6.8883300e-03
   6.2328100e-03
   6.2181600e-03
   6.6174800e-03
   6.9915400e-03
   7.1128500e-03
   6.9891000e-03
   6.5816200e-03
   5.8081400e-03
   4.7584300e-03
   3.6206500e-03
   2.4847100e-03
   1.2649600e-03
  -8.8285500e-05
  -1.2984300e-03
  -2.0096700e-03
  -2.2429800e-03
  -2.4835000e-03
  -3.3209500e-03
  -4.9115700e-03
  -6.9454200e-03
  -8.8728600e-03
  -9.9374700e-03
  -9.6388100e-03
  -8.3361400e-03
  -6.8904300e-03
  -5.8466500e-03
  -5.1665700e-03
  -4.4800200e-03
  -3.5869400e-03
  -2.9546500e-03
  -3.3749900e-03
  -4.9670300e-03
  -7.2502800e-03
  -9.8736200e-03
  -1.2545300e-02
  -1.4908400e-02
  -1.6909500e-02
  -1.8864100e-02
  -2.1024600e-02
  -2.2964600e-02
  -2.3761600e-02
  -2.3224100e-02
  -2.2049700e-02
  -2.0621300e-02
  -1.8576200e-02
  -1.5868800e-02
  -1.3494700e-02
  -1.2363300e-02
  -1.1159600e-02
  -6.3753900e-03
   3.8184300e-03
   1.7513400e-02
   3.1033100e-02
   3.9833300e-02
   4.0424500e-02
   3.4322300e-02
   2.6814900e-02
   2.1714500e-02
   1.9142000e-02
   1.6968600e-02
   1.3282400e-02
   7.9534700e-03
   2.1150900e-03
  -3.2601700e-03
  -7.9742700e-03
  -1.2449600e-02
  -1.7140000e-02
  -2.2212200e-02
  -2.7862400e-02
  -3.4443700e-02
  -4.2011900e-02
  -5.0129900e-02
  -5.8285800e-02
  -6.6289100e-02
  -7.4334900e-02
  -8.2578700e-02
  -8.9078900e-02
  -8.9669700e-02
  -8.2938400e-02
  -7.2401200e-02
  -6.2372700e-02
  -5.5021900e-02
  -5.1619300e-02
  -5.2768300e-02
  -5.6523500e-02
  -5.9308500e-02
  -5.9076300e-02
  -5.6542800e-02
  -5.3983600e-02
  -5.3950100e-02
  -5.7980800e-02
  -6.5109900e-02
  -7.2857800e-02
  -7.9143700e-02
  -7.6360900e-02
  -4.9920800e-02
   4.3024500e-03
   7.2628100e-02
   1.3367600e-01
   1.6669600e-01
   1.6565600e-01
   1.4678600e-01
   1.3185200e-01
   1.2975700e-01
   1.3557000e-01
   1.3996100e-01
   1.3807500e-01
   1.3236100e-01
   1.2836500e-01
   1.2865500e-01
   1.3182600e-01
   1.3538000e-01
   1.3797900e-01
   1.3955900e-01
   1.3906400e-01
   1.3396700e-01
   1.2381100e-01
   1.1137200e-01
   9.9595800e-02
   8.9308700e-02
   7.9598800e-02
   6.9213400e-02
   5.7006700e-02
   4.2162700e-02
   2.5086700e-02
   7.2663100e-03
  -1.0113000e-02
  -2.6906200e-02
  -4.3600600e-02
  -6.0683400e-02
  -7.8346400e-02
  -9.6516400e-02
  -1.1497800e-01
  -1.3349600e-01
  -1.5194100e-01
  -1.7030300e-01
  -1.8870300e-01
  -2.0732500e-01
  -2.2619000e-01
  -2.4429000e-01
  -2.5961700e-01
  -2.7162300e-01
  -2.8215200e-01
  -2.9339500e-01
  -3.0539400e-01
  -3.1288100e-01
  -3.0817100e-01
  -2.9022600e-01
  -2.6236400e-01
  -2.2151800e-01
  -1.4546500e-01
  -5.7299100e-03
   1.6499600e-01
   2.7121000e-01
   2.6598000e-01
   1.9632400e-01
   1.3431700e-01
   1.1314900e-01
   1.2096700e-01
   1.2896900e-01
   1.1846500e-01
   8.9312200e-02
   5.2820900e-02
   2.1083700e-02
  -3.5365800e-04
  -1.4212700e-02
  -2.6926700e-02
  -4.2855300e-02
  -6.2336800e-02
  -8.3221900e-02
  -1.0337400e-01
  -1.2203100e-01
  -1.3973700e-01
  -1.5897200e-01
  -1.7261100e-01
  -1.3644000e-01
  -2.8742900e-03
   1.8169000e-01
   2.9560700e-01
   2.8188100e-01
   1.9392000e-01
   1.1479600e-01
   8.3663300e-02
   8.7670100e-02
   9.3613900e-02
   7.9250500e-02
   4.3212100e-02
  -8.8505400e-04
  -2.5016800e-02
   2.7651700e-03
   8.4702500e-02
   1.7889900e-01
   2.2986500e-01
   2.1903600e-01
   1.7627000e-01
   1.4148000e-01
   1.3128800e-01
   1.3742800e-01
   1.4313900e-01
   1.3811800e-01
   1.2279700e-01
   1.0367900e-01
   8.6665200e-02
   7.3750600e-02
   6.3529800e-02
   5.3460400e-02
   4.2035000e-02
   2.9325400e-02
   1.6130300e-02
   3.1686400e-03
  -9.4449900e-03
  -2.0285100e-02
  -2.2973600e-02
  -1.1211100e-02
   1.2002600e-02
   3.7361700e-02
   5.8680100e-02
   7.6117000e-02
   9.0123900e-02
   9.5813800e-02
   8.9649200e-02
   7.6138600e-02
   6.2809700e-02
   5.3172900e-02
   4.5934500e-02
   3.7987900e-02
   2.7159800e-02
   1.3410400e-02
  -1.6764700e-03
  -1.6369400e-02
  -2.9962700e-02
  -4.2867000e-02
  -5.6089200e-02
  -6.6397300e-02
  -6.0932400e-02
  -2.8828500e-02
   1.8527400e-02
   5.0852200e-02
   4.8853900e-02
   2.2234400e-02
  -6.0250900e-03
  -2.2054100e-02
  -2.6949300e-02
  -2.9614000e-02
  -3.7326400e-02
  -5.1563100e-02
  -6.9279700e-02
  -8.6636700e-02
  -1.0172200e-01
  -1.1493200e-01
  -1.2838100e-01
  -1.3949100e-01
  -1.2744600e-01
  -7.4910900e-02
  -1.1739100e-02
   1.2196800e-02
  -1.2414200e-02
  -5.5947800e-02
  -8.8549200e-02
  -1.0166500e-01
  -1.0453200e-01
  -1.0999500e-01
  -1.2433200e-01
  -1.4584200e-01
  -1.7038700e-01
  -1.8917500e-01
  -1.6100500e-01
  -3.8761700e-02
   1.2765300e-01
   2.1753400e-01
   1.8794200e-01
   9.9798400e-02
   2.8639700e-02
   3.5592100e-03
   7.7443900e-03
   1.0167500e-02
  -8.3502500e-03
  -4.1974800e-02
  -4.8746400e-02
   1.5879900e-02
   1.2434300e-01
   1.9434600e-01
   1.8809900e-01
   1.3793800e-01
   9.3371800e-02
   7.7620000e-02
   8.3098600e-02
   9.0249600e-02
   8.5884100e-02
   6.9184300e-02
   4.7171000e-02
   2.7004300e-02
   1.1337100e-02
   6.1372600e-03
   2.2532000e-02
   5.2985400e-02
   7.0838800e-02
   6.3653000e-02
   4.2452600e-02
   2.3554600e-02
   1.4338300e-02
   1.2147100e-02
   1.0441200e-02
   4.2912900e-03
  -7.1840000e-03
  -2.1551200e-02
  -3.5705500e-02
  -4.8190500e-02
  -5.8530400e-02
  -6.2716800e-02
  -5.4807000e-02
  -3.5785400e-02
  -1.3435700e-02
   6.1703700e-03
   2.1060500e-02
   2.7692300e-02
   2.1593000e-02
   5.5296700e-03
  -1.2078400e-02
  -2.5754600e-02
  -3.5858700e-02
  -4.6084900e-02
  -5.9642000e-02
  -7.6811900e-02
  -9.5568100e-02
  -1.1385400e-01
  -1.3083400e-01
  -1.4702000e-01
  -1.6349800e-01
  -1.7227300e-01
  -1.5296000e-01
  -9.6521100e-02
  -2.4537700e-02
   2.3578100e-02
   2.4966500e-02
  -6.3354200e-03
  -3.9384300e-02
  -5.3556600e-02
  -4.2723900e-02
  -1.2568100e-02
   1.9595500e-02
   3.3490700e-02
   2.2616700e-02
  -1.2543600e-03
  -2.2121500e-02
  -3.3028500e-02
  -3.7027700e-02
  -4.0805300e-02
  -4.8704500e-02
  -6.0885300e-02
  -7.5194900e-02
  -8.9470500e-02
  -1.0260200e-01
  -1.1464600e-01
  -1.2632000e-01
  -1.3836700e-01
  -1.5109600e-01
  -1.6459100e-01
  -1.7857600e-01
  -1.9090900e-01
  -1.9785800e-01
  -1.9829500e-01
  -1.9568500e-01
  -1.9410500e-01
  -1.9344000e-01
  -1.8884700e-01
  -1.7683200e-01
  -1.4841900e-01
  -7.4487900e-02
   4.4540700e-02
   1.3741100e-01
   1.4434300e-01
   8.5979400e-02
   2.0436700e-02
  -1.3659300e-02
  -4.9132800e-03
   3.9960800e-02
   9.8834900e-02
   1.4851600e-01
   1.8182200e-01
   2.0715400e-01
   2.3035700e-01
   2.4185700e-01
   2.3186700e-01
   2.0668000e-01
   1.8019100e-01
   1.5971500e-01
   1.4375300e-01
   1.2732400e-01
   1.0670700e-01
   8.1105700e-02
   5.1591900e-02
   2.0167000e-02
  -1.0864700e-02
  -4.0336200e-02
  -6.8808700e-02
  -9.7514200e-02
  -1.2712200e-01
  -1.5794700e-01
  -1.7809800e-01
  -1.5571800e-01
  -7.5477800e-02
   2.2018000e-02
   7.0561100e-02
   4.8080100e-02
  -1.0114300e-02
  -5.8547300e-02
  -7.8996200e-02
  -8.1528500e-02
  -8.5164200e-02
  -1.0113500e-01
  -1.2871900e-01
  -1.6037500e-01
  -1.8941000e-01
  -2.1382600e-01
  -2.3659200e-01
  -2.5391200e-01
  -2.2987800e-01
  -1.2022300e-01
   4.9775900e-02
   1.8182200e-01
   2.0624200e-01
   1.4796200e-01
   8.0275600e-02
   5.0415700e-02
   5.7400400e-02
   7.3530700e-02
   7.6026400e-02
   7.1587400e-02
   9.0826700e-02
   1.4605300e-01
   2.0575100e-01
   2.2787800e-01
   2.0685400e-01
   1.7033100e-01
   1.4466700e-01
   1.3645400e-01
   1.3662800e-01
   1.3352900e-01
   1.2199300e-01
   1.0405600e-01
   8.4741900e-02
   6.7710000e-02
   5.3321500e-02
   4.2951600e-02
   4.4823700e-02
   6.6304500e-02
   1.0139700e-01
   1.3196800e-01
   1.4200200e-01
   1.3197800e-01
   1.1589600e-01
   1.0623900e-01
   1.0410600e-01
   1.0112300e-01
   9.0153700e-02
   7.1629300e-02
   5.0444600e-02
   3.0664100e-02
   1.2122300e-02
  -4.1583100e-05
   2.4082300e-02
   9.7931500e-02
   1.6849900e-01
   1.8021100e-01
   1.4014300e-01
   9.0022500e-02
   5.9893400e-02
   5.2040400e-02
   5.1727900e-02
   4.4659300e-02
   2.6393400e-02
   1.2229300e-03
  -2.4100000e-02
  -4.5731200e-02
  -6.4052400e-02
  -8.0273000e-02
  -8.9793400e-02
  -8.4463700e-02
  -6.4686300e-02
  -4.0076400e-02
  -1.8556500e-02
  -2.6724000e-03
   3.9970400e-03
  -2.7862500e-03
  -1.9660900e-02
  -3.7716900e-02
  -5.1430700e-02
  -6.1504500e-02
  -7.1504000e-02
  -8.4049300e-02
  -9.9345000e-02
  -1.1573500e-01
  -1.3157000e-01
  -1.4628000e-01
  -1.6029300e-01
  -1.7452800e-01
  -1.8609900e-01
  -1.8382900e-01
  -1.5834500e-01
  -1.1588400e-01
  -7.1824500e-02
  -3.6731500e-02
  -1.6364300e-02
  -1.4147900e-02
  -2.5370300e-02
  -3.8653700e-02
  -4.6245900e-02
  -4.8581800e-02
  -4.8470600e-02
  -4.3979200e-02
  -3.1800000e-02
  -1.3841400e-02
   4.9023600e-03
   1.9384800e-02
   2.4635900e-02
   2.0247500e-02
   1.2827400e-02
   1.0292900e-02
   1.4940900e-02
   2.2979800e-02
   2.8861700e-02
   2.8695400e-02
   2.2443000e-02
   1.3890500e-02
   6.4410900e-03
  -2.8687900e-04
  -8.7967800e-03
  -2.0142400e-02
  -3.3141500e-02
  -4.6360400e-02
  -5.6345300e-02
  -5.5697800e-02
  -4.0871800e-02
  -1.7948800e-02
   4.5360000e-03
   2.4041000e-02
   3.9318600e-02
   4.2954000e-02
   3.0554300e-02
   9.1199300e-03
  -1.1360500e-02
  -2.5448900e-02
  -2.8800800e-02
  -1.8102600e-02
   2.0973800e-03
   1.9460500e-02
   2.2604800e-02
   1.0925700e-02
  -6.0240200e-03
  -1.8892200e-02
  -2.5209800e-02
  -2.8262000e-02
  -3.2433600e-02
  -3.9978200e-02
  -4.7910200e-02
  -4.6724800e-02
  -3.1127800e-02
  -9.1036400e-03
   8.3458500e-03
   1.7066600e-02
   1.7038900e-02
   1.0369000e-02
   1.6660600e-03
  -5.1248600e-03
  -9.0625900e-03
  -9.6547900e-03
  -5.7168400e-03
   1.8034000e-03
   9.2675000e-03
   1.2643100e-02
   1.0427300e-02
   5.0433100e-03
   2.1777400e-04
  -2.3097900e-03
  -3.2454600e-03
  -4.2400000e-03
  -5.9614000e-03
  -5.8728600e-03
   3.1441900e-05
   1.2016200e-02
   2.6432700e-02
   3.9459600e-02
   4.6937900e-02
   4.4369700e-02
   3.3176700e-02
   2.1850500e-02
   1.7124600e-02
   1.8409100e-02
   2.0870500e-02
   2.0670800e-02
   1.7427000e-02
   1.2647100e-02
   5.9424800e-03
  -4.8167300e-03
  -1.6027500e-02
  -1.7680500e-02
  -5.7805400e-03
   1.1300600e-02
   2.0571200e-02
   1.6926300e-02
   7.1335800e-03
   1.0205300e-03
   2.3732600e-03
   8.2787500e-03
   1.3873100e-02
   1.6145000e-02
   1.4220600e-02
   9.0299100e-03
   2.8820800e-03
  -2.3055400e-03
  -6.6784700e-03
  -1.1662400e-02
  -1.8075500e-02
  -2.5486400e-02
  -3.3759500e-02
  -4.4735100e-02
  -6.0034600e-02
  -7.7367700e-02
  -8.6637600e-02
  -7.4933500e-02
  -4.2064700e-02
  -1.4202000e-03
   3.0802400e-02
   4.1731300e-02
   3.0516300e-02
   1.0150100e-02
  -5.4129600e-03
  -1.2016500e-02
  -1.3872800e-02
  -1.3838200e-02
  -8.9063100e-03
   2.9018100e-03
   1.8399400e-02
   3.3502000e-02
   4.6323100e-02
   5.3914800e-02
   5.1734800e-02
   4.0253100e-02
   2.5746700e-02
   1.3676800e-02
   4.8932600e-03
  -2.4691300e-03
  -9.9459000e-03
  -1.8119900e-02
  -2.7037300e-02
  -3.6191900e-02
  -4.2163400e-02
  -3.8698800e-02
  -2.4044400e-02
  -3.8479100e-03
   1.5026100e-02
   2.7213000e-02
   2.8359000e-02
   1.9572900e-02
   9.1572900e-03
   5.6834900e-03
   1.0685400e-02
   1.8708200e-02
   2.2617400e-02
   1.9025500e-02
   1.0254800e-02
   1.0955100e-03
  -5.4321500e-03
  -9.3958600e-03
  -1.2567400e-02
  -1.6597200e-02
  -2.1992900e-02
  -2.6963200e-02
  -2.7595200e-02
  -2.1846900e-02
  -1.2158100e-02
  -2.3671300e-03
   3.6572300e-03
   1.3266500e-03
  -1.0554800e-02
  -2.7234400e-02
  -4.2903400e-02
  -5.3946000e-02
  -5.6055300e-02
  -4.6210300e-02
  -2.8349600e-02
  -1.1003000e-02
  -9.3200800e-04
   1.0494200e-03
  -1.3533100e-04
   3.7052600e-04
   1.5292900e-03
  -1.1818300e-04
  -3.5008900e-03
  -6.0048900e-03
  -8.4324200e-03
  -1.3047900e-02
  -2.0178000e-02
  -2.8322700e-02
  -3.6074700e-02
  -4.3029500e-02
  -4.9677800e-02
  -5.5364100e-02
  -5.7232000e-02
  -5.3825200e-02
  -4.7390200e-02
  -4.1148400e-02
  -3.7826200e-02
  -4.0660100e-02
  -5.0930500e-02
  -6.5701300e-02
  -7.8336400e-02
  -7.7645300e-02
  -5.9133100e-02
  -3.6723700e-02
  -2.6254400e-02
  -2.6174600e-02
  -2.2844400e-02
  -8.2403100e-03
   1.1666800e-02
   2.6088700e-02
   3.1478600e-02
   3.2150900e-02
   3.3479700e-02
   3.7112800e-02
   4.1389600e-02
   4.4544500e-02
   4.6212100e-02
   4.6614900e-02
   4.5902400e-02
   4.5243900e-02
   4.4319200e-02
   3.8327300e-02
   2.2006700e-02
  -3.3923600e-03
  -2.3982200e-02
  -2.3077800e-02
  -4.4504800e-04
   2.9397800e-02
   5.3354500e-02
   6.5114300e-02
   6.1983900e-02
   4.7914100e-02
   3.3923000e-02
   2.8523600e-02
   3.1188400e-02
   3.5778000e-02
   3.7425500e-02
   3.5352000e-02
   3.1485300e-02
   2.8088900e-02
   2.6211600e-02
   2.5583600e-02
   2.5313900e-02
   2.5216500e-02
   2.6136400e-02
   2.8324300e-02
   3.1090100e-02
   3.3325400e-02
   3.3122700e-02
   2.9084700e-02
   2.2256800e-02
   1.4993200e-02
   8.1577700e-03
   8.6901500e-04
  -7.4882800e-03
  -1.6756200e-02
  -2.6110700e-02
  -3.3375800e-02
  -3.6532200e-02
  -3.6320200e-02
  -3.5404900e-02
  -3.5666500e-02
  -3.7042400e-02
  -3.8101900e-02
  -3.7782600e-02
  -3.6280900e-02
  -3.4447100e-02
  -3.2810000e-02
  -3.0691700e-02
  -2.6942000e-02
  -2.1557700e-02
  -1.6638400e-02
  -1.5158400e-02
  -1.7873900e-02
  -2.2652800e-02
  -2.7152300e-02
  -3.0117100e-02
  -1.5336200e-02
   3.7369300e-02
   1.0700800e-01
   1.5226100e-01
   1.6123800e-01
   1.4773600e-01
   1.3016000e-01
   1.2047700e-01
   1.1989200e-01
   1.2213500e-01
   1.2065100e-01
   1.1296600e-01
   1.0078800e-01
   8.7553500e-02
   7.5801600e-02
   6.6137400e-02
   5.7474000e-02
   4.8511200e-02
   3.8736800e-02
   2.8301700e-02
   1.7693300e-02
   7.8090700e-03
   1.5117800e-03
   2.0232100e-03
   8.3651800e-03
   1.6095300e-02
   2.1017000e-02
   1.9483200e-02
   1.0095100e-02
  -3.8214200e-03
  -1.6842900e-02
  -2.3777300e-02
  -2.1070600e-02
  -1.1442000e-02
  -5.1936200e-03
  -1.2187400e-02
  -3.1936500e-02
  -5.5418100e-02
  -7.4973400e-02
  -8.9289800e-02
  -1.0179000e-01
  -1.1648900e-01
  -1.3493800e-01
  -1.5673400e-01
  -1.7530200e-01
  -1.5978400e-01
  -7.4274700e-02
   5.2527000e-02
   1.3473300e-01
   1.2837400e-01
   6.8030100e-02
   1.1597300e-02
  -1.1190100e-02
   5.1393100e-04
   3.8447100e-02
   8.4412800e-02
   1.1055800e-01
   1.0341100e-01
   7.6007900e-02
   5.0805500e-02
   4.1926200e-02
   5.1259600e-02
   6.7509300e-02
   7.1515100e-02
   5.3385200e-02
   2.0819600e-02
  -1.2334200e-02
  -4.0163700e-02
  -6.5999300e-02
  -9.4498900e-02
  -1.2755500e-01
  -1.6057400e-01
  -1.7359200e-01
  -1.4452300e-01
  -8.3775000e-02
  -3.2911900e-02
  -2.1752100e-02
  -4.1769300e-02
  -6.1054500e-02
  -5.6021800e-02
  -2.7641600e-02
   7.5199400e-03
   3.5233800e-02
   5.2416400e-02
   6.4444800e-02
   7.7640100e-02
   9.3582300e-02
   1.0906000e-01
   1.2069900e-01
   1.2461100e-01
   1.1541300e-01
   9.3495900e-02
   6.6533300e-02
   4.1909000e-02
   2.1460800e-02
   2.5835200e-03
  -1.7667300e-02
  -4.1324700e-02
  -7.0095100e-02
  -1.0421400e-01
  -1.4159000e-01
  -1.6522900e-01
  -1.3715700e-01
  -5.0107200e-02
   3.7370100e-02
   6.5927100e-02
   3.7960400e-02
  -4.1244100e-03
  -2.6666400e-02
  -2.4731200e-02
  -1.2674300e-02
  -6.3314000e-03
  -1.3965400e-02
  -3.6194000e-02
  -6.6436500e-02
  -8.7036100e-02
  -7.4833300e-02
  -2.4753400e-02
   4.0114300e-02
   8.3202400e-02
   8.1289500e-02
   4.5099600e-02
   6.5228400e-03
  -1.0865800e-02
  -6.1591700e-03
   5.6753000e-03
   1.0516200e-02
   3.9108100e-03
  -1.1618600e-02
  -3.1233800e-02
  -4.9510000e-02
  -6.2126900e-02
  -6.8754100e-02
  -7.3162000e-02
  -7.8665300e-02
  -8.2851800e-02
  -7.9868500e-02
  -6.8645300e-02
  -5.3173100e-02
  -3.6299700e-02
  -1.8659200e-02
  -4.1391500e-03
   5.8527700e-04
  -1.7293800e-03
   2.0325500e-03
   1.9422500e-02
   4.3661400e-02
   5.8171800e-02
   5.0872300e-02
   2.6169900e-02
  -1.6608300e-03
  -2.2775600e-02
  -3.7245900e-02
  -4.8669900e-02
  -5.0245100e-02
  -3.1519200e-02
  -1.7486300e-03
   1.7956000e-02
   1.8642800e-02
   6.8957700e-03
  -3.8688100e-03
  -3.2717000e-03
   9.1082800e-03
   2.5687200e-02
   3.8908000e-02
   4.5739300e-02
   4.5660200e-02
   3.9490500e-02
   3.0611500e-02
   2.2758400e-02
   1.7301200e-02
   1.2145600e-02
   2.9214500e-03
  -1.2194600e-02
  -3.0828400e-02
  -4.9548900e-02
  -6.6638700e-02
  -8.2552000e-02
  -9.8729200e-02
  -1.1261400e-01
  -1.1420200e-01
  -9.6477100e-02
  -6.4835300e-02
  -2.9733300e-02
   2.9262200e-03
   3.0523900e-02
   4.6199600e-02
   4.2733100e-02
   2.5185900e-02
   1.1847700e-02
   2.1017900e-02
   5.4874800e-02
   9.5991800e-02
   1.1879700e-01
   1.0935900e-01
   7.7348600e-02
   4.3775600e-02
   2.1426100e-02
   9.2115200e-03
  -9.7846800e-05
  -1.0626300e-02
  -2.2476000e-02
  -3.5029600e-02
  -4.7239300e-02
  -5.4579900e-02
  -5.0604400e-02
  -3.5123900e-02
  -1.5534000e-02
   2.6334800e-05
   7.9347800e-03
   1.0584200e-02
   1.3280800e-02
   1.9087100e-02
   2.6124500e-02
   2.9502300e-02
   2.7430400e-02
   2.4625500e-02
   2.7639000e-02
   3.7760700e-02
   5.0767200e-02
   6.2283700e-02
   7.1240600e-02
   7.8347200e-02
   8.1289800e-02
   7.5659500e-02
   6.1794500e-02
   4.5204800e-02
   3.0610400e-02
   1.8672200e-02
   7.1682700e-03
  -4.4242500e-03
  -1.1331900e-02
  -9.4522800e-03
  -2.1893800e-03
   3.7730700e-03
   5.5187100e-03
   4.4156300e-03
   5.5976800e-03
   1.6278700e-02
   3.2702100e-02
   3.8661400e-02
   2.6854100e-02
   5.5800000e-03
  -1.4040600e-02
  -2.7331400e-02
  -3.6667200e-02
  -4.6119600e-02
  -5.7415900e-02
  -6.8966900e-02
  -7.4048100e-02
  -6.5052700e-02
  -4.3206400e-02
  -1.7304500e-02
   5.4296200e-03
   2.3829900e-02
   3.9179800e-02
   4.7858600e-02
   4.5103700e-02
   3.3829900e-02
   2.1441800e-02
   1.2255400e-02
   5.8562300e-03
  -4.9496500e-04
  -8.9192000e-03
  -1.9631700e-02
  -3.1711600e-02
  -4.0917600e-02
  -3.8300100e-02
  -1.9246500e-02
   9.3285900e-03
   3.5008600e-02
   5.0101300e-02
   5.6635600e-02
   6.1269900e-02
   6.5986700e-02
   6.7868300e-02
   6.5593100e-02
   6.1054900e-02
   5.6385000e-02
   5.2094500e-02
   4.7402700e-02
   4.2036500e-02
   3.6659900e-02
   3.1585900e-02
   2.6934600e-02
   2.5109900e-02
   3.0521900e-02
   4.3597300e-02
   5.8484200e-02
   6.8983200e-02
   7.4764400e-02
   8.2040300e-02
   9.5621000e-02
   1.0918900e-01
   1.1157400e-01
   1.0117100e-01
   8.5839800e-02
   7.3061600e-02
   6.5032900e-02
   6.0130000e-02
   5.6004300e-02
   5.1035700e-02
   4.4651000e-02
   3.7378900e-02
   3.0130200e-02
   2.2740200e-02
   1.3975800e-02
   3.4427100e-03
  -7.9609600e-03
  -1.9140200e-02
  -2.9682800e-02
  -3.9940200e-02
  -5.0103900e-02
  -5.9645300e-02
  -6.8122500e-02
  -7.5814200e-02
  -8.3427400e-02
  -9.1387800e-02
  -9.9510400e-02
  -1.0700700e-01
  -1.1239400e-01
  -1.1527600e-01
  -1.1707900e-01
  -1.1926000e-01
  -1.2235900e-01
  -1.2587200e-01
  -1.2944400e-01
  -1.3444800e-01
  -1.4310800e-01
  -1.5551200e-01
  -1.6935300e-01
  -1.8263200e-01
  -1.9525500e-01
  -2.0473600e-01
  -1.9845400e-01
  -1.6337700e-01
  -1.0593000e-01
  -4.8729400e-02
  -8.8829400e-03
   1.5097900e-02
   3.4988200e-02
   5.4458900e-02
   6.6347800e-02
   6.6669500e-02
   6.0994900e-02
   5.9542500e-02
   6.9792600e-02
   9.0121800e-02
   1.1249000e-01
   1.2975300e-01
   1.3651200e-01
   1.3078400e-01
   1.1785500e-01
   1.0572600e-01
   9.8234400e-02
   9.4079600e-02
   8.9644100e-02
   8.3250200e-02
   7.7996600e-02
   7.8219400e-02
   8.3516900e-02
   8.9283600e-02
   9.2023800e-02
   9.1675100e-02
   8.9883300e-02
   8.8507600e-02
   8.8522400e-02
   8.9463200e-02
   9.0638300e-02
   9.1569400e-02
   9.1992300e-02
   9.1431600e-02
   8.6338300e-02
   7.0721300e-02
   4.3096900e-02
   9.7515600e-03
  -1.8038500e-02
  -3.0096300e-02
  -2.6868000e-02
  -2.0604800e-02
  -2.3957500e-02
  -3.8760300e-02
  -5.3642300e-02
  -5.3341400e-02
  -3.6368200e-02
  -1.9254200e-02
  -1.7927300e-02
  -3.2290100e-02
  -5.1444200e-02
  -6.5609400e-02
  -6.9339300e-02
  -6.1684500e-02
  -4.7827100e-02
  -3.5066900e-02
  -2.6642600e-02
  -2.1004800e-02
  -1.7157700e-02
  -1.8535900e-02
  -2.7628900e-02
  -4.1140400e-02
  -5.1166200e-02
  -4.9367700e-02
  -3.6578100e-02
  -2.4742100e-02
  -2.3602400e-02
  -3.1587800e-02
  -3.9111600e-02
  -3.6518200e-02
  -2.3077900e-02
  -7.8393500e-03
   7.8370200e-04
   2.2655000e-03
   2.6227600e-03
   7.4738100e-03
   1.4326500e-02
   1.6450600e-02
   1.2239600e-02
   5.2426300e-03
  -8.2405300e-04
  -4.8783400e-03
  -7.0351200e-03
  -5.4621700e-03
   1.7521500e-03
   1.2979800e-02
   2.4812400e-02
   3.4679100e-02
   3.9373300e-02
   3.5307200e-02
   2.3419400e-02
   9.2818700e-03
  -3.0549000e-03
  -1.4239000e-02
  -2.6215300e-02
  -3.7303200e-02
  -4.4013300e-02
  -4.5995500e-02
  -4.5775900e-02
  -4.5700100e-02
  -4.6364900e-02
  -4.7009700e-02
  -4.6976400e-02
  -4.5836100e-02
  -4.0799500e-02
  -2.9342500e-02
  -1.6897600e-02
  -1.2223000e-02
  -1.6606900e-02
  -2.5028600e-02
  -3.2922800e-02
  -3.8744100e-02
  -4.3281600e-02
  -4.7931100e-02
  -5.2593700e-02
  -5.5839600e-02
  -5.7108300e-02
  -5.8225500e-02
  -6.3004500e-02
  -7.2356100e-02
  -8.1481300e-02
  -8.5951300e-02
  -8.7770600e-02
  -8.9128100e-02
  -8.2412900e-02
  -5.8888700e-02
  -2.4915600e-02
   2.5465000e-03
   1.4505900e-02
   1.6561100e-02
   1.8806000e-02
   2.5809800e-02
   3.6067800e-02
   4.5679300e-02
   5.0690600e-02
   4.8919900e-02
   4.1674500e-02
   3.2805000e-02
   2.6185300e-02
   2.3391700e-02
   2.1036000e-02
   1.0169000e-02
  -1.4300100e-02
  -3.8846900e-02
  -3.9617800e-02
  -1.0200200e-02
   3.1923400e-02
   6.0186200e-02
   5.7560600e-02
   3.0175800e-02
  -1.5374800e-03
  -2.3009800e-02
  -3.3893900e-02
  -4.0107200e-02
  -3.8490100e-02
  -1.9064200e-02
   1.7387600e-02
   5.9224800e-02
   9.2899200e-02
   1.0309800e-01
   8.2255500e-02
   4.3054100e-02
   9.3920900e-03
  -4.3196400e-03
  -2.5334200e-03
   2.5294000e-03
   6.4731900e-03
   1.1866700e-02
   1.9500900e-02
   2.7475900e-02
   3.4109500e-02
   3.7574000e-02
   3.6514400e-02
   3.2532800e-02
   2.9186700e-02
   2.8446500e-02
   2.8999900e-02
   2.7392400e-02
   2.1289700e-02
   1.2408200e-02
   5.3203000e-03
   2.6776700e-03
   1.7422100e-03
  -2.9073000e-03
  -1.2652400e-02
  -2.3527400e-02
  -3.1435400e-02
  -3.7225000e-02
  -4.8102700e-02
  -7.1173800e-02
  -9.9522600e-02
  -1.1026100e-01
  -8.7843600e-02
  -4.1879000e-02
   6.1854700e-03
   4.3787400e-02
   7.1859300e-02
   9.2838800e-02
   1.0162400e-01
   9.5689100e-02
   8.2573900e-02
   7.1383000e-02
   6.4866300e-02
   6.0238000e-02
   5.3790100e-02
   4.3955800e-02
   3.1665700e-02
   1.9163500e-02
   8.6201800e-03
   9.7643400e-04
  -4.7218900e-03
  -1.1114200e-02
  -2.1868600e-02
  -3.7262700e-02
  -4.5344300e-02
  -2.8117800e-02
   1.3082300e-02
   5.2256400e-02
   6.6760000e-02
   5.8891000e-02
   4.7563900e-02
   4.7646900e-02
   5.7659500e-02
   6.4706400e-02
   6.0059200e-02
   4.6122900e-02
   2.8220700e-02
   5.4210600e-03
  -2.3964600e-02
  -5.3254500e-02
  -7.4026900e-02
  -8.6470800e-02
  -9.7036500e-02
  -1.1130900e-01
  -1.2957300e-01
  -1.4392000e-01
  -1.4414900e-01
  -1.2990900e-01
  -1.0867300e-01
  -8.3750100e-02
  -5.4922300e-02
  -2.6982100e-02
  -6.3508500e-03
   7.8280200e-03
   1.8890200e-02
   2.3644800e-02
   1.7865800e-02
   4.5087500e-03
  -9.8678900e-03
  -2.1672800e-02
  -3.1482300e-02
  -4.1728500e-02
  -5.1124100e-02
  -5.1048800e-02
  -3.4958100e-02
  -1.0306300e-02
   8.3709200e-03
   1.6703600e-02
   1.9458400e-02
   1.8413000e-02
   1.3404900e-02
   6.7043200e-03
   7.6716800e-04
  -2.2074700e-03
   4.2304100e-04
   8.5938100e-03
   1.8325300e-02
   2.5344400e-02
   2.8652100e-02
   3.0994800e-02
   3.6338000e-02
   4.6331900e-02
   5.9219700e-02
   7.1823200e-02
   7.8704900e-02
   7.3021800e-02
   5.4760500e-02
   3.3364600e-02
   1.8907700e-02
   1.3292800e-02
   1.1157100e-02
   6.9213300e-03
  -2.8276000e-04
  -7.2482800e-03
  -1.1320600e-02
  -1.2731600e-02
  -1.3437900e-02
  -1.6433400e-02
  -2.4770400e-02
  -3.6965000e-02
  -4.2242600e-02
  -2.8027000e-02
   5.1046600e-03
   4.4386900e-02
   7.3836500e-02
   7.9418400e-02
   6.0453800e-02
   3.2040300e-02
   1.0023300e-02
  -7.3129000e-04
  -5.5759300e-03
  -1.2421500e-02
  -2.4669100e-02
  -3.7227700e-02
  -4.0097200e-02
  -2.9630500e-02
  -1.2060800e-02
   4.5912900e-03
   1.7273900e-02
   2.5286600e-02
   2.4889100e-02
   1.3325100e-02
  -5.1693600e-03
  -2.3176600e-02
  -3.6688600e-02
  -4.6879000e-02
  -5.7366500e-02
  -6.9570700e-02
  -7.8123200e-02
  -7.4510200e-02
  -5.8198900e-02
  -3.7002100e-02
  -1.7166200e-02
   2.8553100e-04
   1.4130800e-02
   2.1651900e-02
   2.3883700e-02
   2.4526700e-02
   2.4743700e-02
   2.3438600e-02
   2.0136700e-02
   1.5316200e-02
   9.2360300e-03
   1.0502500e-03
  -1.0246900e-02
  -2.0579300e-02
  -2.1152600e-02
  -9.0860000e-03
   9.2078000e-03
   2.5912300e-02
   3.8330000e-02
   4.7221600e-02
   5.0812500e-02
   4.6004400e-02
   3.4603000e-02
   2.2100200e-02
   1.2022600e-02
   4.1340400e-03
  -3.8187000e-03
  -1.1194300e-02
  -1.2070200e-02
  -2.7341100e-03
   9.8451400e-03
   1.3109800e-02
   2.6143700e-03
  -1.4899100e-02
  -3.0608600e-02
  -4.1057600e-02
  -4.8158100e-02
  -5.4434300e-02
  -5.8417000e-02
  -5.6910100e-02
  -5.0583200e-02
  -4.3000000e-02
  -3.6650100e-02
  -3.3325400e-02
  -3.5646900e-02
  -4.4094800e-02
  -5.5256000e-02
  -6.5492500e-02
  -7.2986900e-02
  -7.3451400e-02
  -6.0270400e-02
  -3.3889900e-02
  -3.3018700e-03
   2.2063600e-02
   3.8482900e-02
   4.9505200e-02
   6.0244100e-02
   6.8175000e-02
   6.5751300e-02
   5.2164400e-02
   3.4664900e-02
   2.0722800e-02
   1.2598500e-02
   7.4036700e-03
   1.0352800e-03
  -5.8994400e-03
  -6.7752200e-03
   2.5821100e-03
   1.8587000e-02
   3.5084300e-02
   4.8376800e-02
   5.5406500e-02
   5.2926700e-02
   4.2346100e-02
   2.9713700e-02
   1.9679200e-02
   1.2615600e-02
   6.2273700e-03
  -1.7202400e-03
  -1.0520900e-02
  -1.5499100e-02
  -1.2856900e-02
  -4.3952200e-03
   5.0897400e-03
   1.2096500e-02
   1.5812600e-02
   1.8649800e-02
   2.4651700e-02
   3.3937500e-02
   3.9525400e-02
   3.4393400e-02
   2.0048900e-02
   3.5717400e-03
  -9.7497600e-03
  -1.8967900e-02
  -2.6501200e-02
  -3.4979000e-02
  -4.4393100e-02
  -5.2773000e-02
  -5.9235900e-02
  -6.3702000e-02
  -6.3477100e-02
  -5.5364200e-02
  -4.1010200e-02
  -2.3684200e-02
  -1.6355000e-03
   2.8790900e-02
   6.3501000e-02
   8.7142400e-02
   8.6320200e-02
   6.5676300e-02
   4.1809500e-02
   2.6323600e-02
   1.9479700e-02
   1.4778800e-02
   6.3778300e-03
  -7.1914200e-03
  -2.3791100e-02
  -3.7979700e-02
  -4.0816500e-02
  -2.8875700e-02
  -1.3149500e-02
  -8.6257400e-03
  -1.8203800e-02
  -3.2998500e-02
  -4.2226000e-02
  -4.0738600e-02
  -3.1646100e-02
  -2.2027900e-02
  -1.6887300e-02
  -1.6909600e-02
  -1.9491000e-02
  -2.1485200e-02
  -2.0860900e-02
  -1.6349900e-02
  -7.6540900e-03
   3.4606100e-03
   1.4109800e-02
   2.2878000e-02
   3.0559100e-02
   3.6710300e-02
   3.7397200e-02
   3.0447600e-02
   1.9234300e-02
   8.5228300e-03
   2.3021500e-04
  -6.7493800e-03
  -1.3006500e-02
  -1.4046200e-02
  -4.1920300e-03
   1.3626000e-02
   2.8768300e-02
   3.4328900e-02
   3.2789600e-02
   3.0858600e-02
   3.1970200e-02
   3.3591300e-02
   3.1542200e-02
   2.5922700e-02
   2.0658000e-02
   1.8477400e-02
   1.8732600e-02
   1.9275900e-02
   1.8763900e-02
   1.6176800e-02
   9.7440100e-03
   1.4126700e-03
  -1.9146500e-03
   3.0850800e-03
   1.2770800e-02
   2.1009000e-02
   2.1802500e-02
   1.2581200e-02
  -2.9312300e-03
  -1.9063800e-02
  -3.3684500e-02
  -4.7795100e-02
  -6.2804400e-02
  -7.8353800e-02
  -9.1099100e-02
  -9.6516000e-02
  -9.3159200e-02
  -8.4931000e-02
  -7.7149600e-02
  -7.0304200e-02
  -6.0556500e-02
  -4.5760300e-02
  -2.8212700e-02
  -1.2435700e-02
  -1.2585000e-03
   6.4609200e-03
   1.3255700e-02
   1.8341400e-02
   1.8646200e-02
   1.4017700e-02
   7.5030800e-03
   1.7878000e-03
  -2.5833700e-03
  -6.5627200e-03
  -1.1193800e-02
  -1.6765500e-02
  -2.1206000e-02
  -2.0106400e-02
  -1.1638300e-02
   9.1774500e-04
   1.3019100e-02
   2.2704500e-02
   3.0839800e-02
   3.9181300e-02
   4.8660400e-02
   5.9122900e-02
   6.8509400e-02
   7.2196900e-02
   6.7327600e-02
   5.6797300e-02
   4.5988400e-02
   3.7823000e-02
   3.1774700e-02
   2.5787600e-02
   1.8377800e-02
   9.4425800e-03
   1.6691500e-03
   2.9960800e-04
   7.4953400e-03
   1.9444400e-02
   3.0878300e-02
   3.9504600e-02
   4.4762500e-02
   4.5426400e-02
   4.1704600e-02
   3.6447500e-02
   3.2267400e-02
   2.9981500e-02
   3.0338800e-02
   3.4299000e-02
   4.0893400e-02
   4.7759400e-02
   5.2707900e-02
   5.3838600e-02
   5.0881600e-02
   4.6054500e-02
   4.2039700e-02
   3.9327300e-02
   3.6672500e-02
   3.3622300e-02
   3.0671000e-02
   2.8017400e-02
   2.5439500e-02
   2.2511100e-02
   1.8715200e-02
   1.4190100e-02
   8.1497600e-03
  -4.9977300e-03
  -3.0315800e-02
  -6.0740000e-02
  -8.1981600e-02
  -8.9202400e-02
  -8.8661200e-02
  -8.5983800e-02
  -8.1812200e-02
  -7.7009400e-02
  -7.4103500e-02
  -7.1123700e-02
  -6.0052700e-02
  -3.8083800e-02
  -1.4665600e-02
  -5.5547400e-04
   3.7412000e-03
   4.6746700e-03
   6.0493300e-03
   6.6469600e-03
   4.9204000e-03
   1.3665600e-03
  -2.8502300e-03
  -6.6885100e-03
  -9.2294800e-03
  -1.0368700e-02
  -1.1009100e-02
  -1.2310000e-02
  -1.5441300e-02
  -2.0345300e-02
  -2.3735300e-02
  -2.1520300e-02
  -1.3773000e-02
  -4.2424000e-03
   4.0420400e-03
   9.9171400e-03
   1.1066800e-02
   5.2906900e-03
  -4.1838200e-03
  -1.1364100e-02
  -1.4289300e-02
  -1.4960300e-02
  -1.4271200e-02
  -1.0562700e-02
  -3.2288600e-03
   5.8217500e-03
   1.4548700e-02
   2.1424800e-02
   2.3288400e-02
   1.7340700e-02
   5.6790800e-03
  -6.5450700e-03
  -1.6053600e-02
  -2.0673000e-02
  -1.7334800e-02
  -6.0952900e-03
   8.1274500e-03
   2.0581100e-02
   3.0096800e-02
   3.5847100e-02
   3.4692100e-02
   2.5856800e-02
   1.3716800e-02
   4.0108000e-03
  -2.2499900e-04
   1.1156600e-05
   1.4818500e-03
   1.4806800e-03
  -6.0214900e-04
  -3.5999000e-03
  -6.1363400e-03
  -7.5570500e-03
  -8.0653100e-03
  -8.4174600e-03
  -9.4654000e-03
  -1.1485700e-02
  -1.4056000e-02
  -1.6703700e-02
  -1.9094000e-02
  -2.1128700e-02
  -2.2978000e-02
  -2.4807600e-02
  -2.6729000e-02
  -2.8786400e-02
  -3.0908000e-02
  -3.3003700e-02
  -3.5066500e-02
  -3.7104200e-02
  -3.9226600e-02
  -4.2150900e-02
  -4.6254700e-02
  -4.9042800e-02
  -4.6561300e-02
  -3.8419100e-02
  -2.8169400e-02
  -1.9168400e-02
  -1.2193800e-02
  -5.9994700e-03
   1.2506000e-03
   9.1859400e-03
   1.3348700e-02
   9.9561100e-03
   7.1109800e-04
  -9.1109600e-03
  -1.2586800e-02
  -4.0643000e-03
   1.4869600e-02
   3.6569800e-02
   5.4825400e-02
   6.6393900e-02
   6.9029900e-02
   6.4141400e-02
   5.7317500e-02
   5.1899100e-02
   4.5109700e-02
   3.2919000e-02
   1.5542900e-02
  -3.8698400e-03
  -2.2577100e-02
  -3.6030300e-02
  -3.7128200e-02
  -2.4503900e-02
  -5.7723100e-03
   9.1486400e-03
   1.4398400e-02
   1.1504500e-02
   7.0377300e-03
   6.8652500e-03
   1.3425700e-02
   2.5153100e-02
   3.7968900e-02
   4.8753200e-02
   5.4390500e-02
   4.9880800e-02
   3.4157000e-02
   1.3243000e-02
  -4.5804000e-03
  -1.3574600e-02
  -1.3886200e-02
  -1.0764900e-02
  -9.4495800e-03
  -1.1655300e-02
  -1.6214500e-02
  -2.1486400e-02
  -2.6355700e-02
  -3.0344900e-02
  -3.3711400e-02
  -3.7145000e-02
  -4.0115900e-02
  -3.8586900e-02
  -2.8328000e-02
  -1.0907400e-02
   8.1139000e-03
   2.4301500e-02
   3.4231700e-02
   3.5656600e-02
   3.0938400e-02
   2.5549900e-02
   2.3124000e-02
   2.4279200e-02
   2.7836400e-02
   3.1842200e-02
   3.4412600e-02
   3.3676900e-02
   2.8382800e-02
   1.9602400e-02
   9.4857300e-03
  -9.7402500e-04
  -1.1618000e-02
  -2.2473400e-02
  -3.3686500e-02
  -4.3328300e-02
  -4.6568800e-02
  -4.1277400e-02
  -3.1287600e-02
  -2.1869700e-02
  -1.5101200e-02
  -9.7560000e-03
  -3.7491500e-03
   3.7060000e-03
   1.1619300e-02
   1.8650600e-02
   2.4627600e-02
   2.9856100e-02
   3.2293100e-02
   2.8151600e-02
   1.7150900e-02
   3.2344500e-03
  -9.8631500e-03
  -2.1118600e-02
  -3.1621200e-02
  -4.2964000e-02
  -5.4811700e-02
  -6.1496200e-02
  -5.6052900e-02
  -3.9631800e-02
  -2.0147500e-02
  -4.7147100e-03
   3.5648400e-03
   6.4198000e-03
   8.5127100e-03
   1.3306600e-02
   2.0962600e-02
   2.9159700e-02
   3.4969600e-02
   3.7110600e-02
   3.6871600e-02
   3.6481100e-02
   3.7215100e-02
   3.8940500e-02
   4.0931500e-02
   4.3193600e-02
   4.6463200e-02
   5.0097200e-02
   5.1355100e-02
   4.8561600e-02
   4.3605200e-02
   3.9894200e-02
   3.8918100e-02
   3.9509600e-02
   3.8852500e-02
   3.4127900e-02
   2.5062900e-02
   1.4383200e-02
   5.3151500e-03
  -9.3604600e-04
  -4.6088200e-03
  -5.1253900e-03
  -2.1431100e-03
   2.7167800e-03
   7.3142400e-03
   1.0815100e-02
   1.3795600e-02
   1.5945700e-02
   1.4111800e-02
   5.6732500e-03
  -7.7820700e-03
  -2.2591300e-02
  -3.6478700e-02
  -4.9598500e-02
  -6.2402500e-02
  -7.2552600e-02
  -7.7216800e-02
  -7.7490400e-02
  -7.6889100e-02
  -7.7033400e-02
  -7.6921000e-02
  -7.4824500e-02
  -6.9747800e-02
  -6.2273600e-02
  -5.3731200e-02
  -4.4263000e-02
  -3.3102600e-02
  -1.9807000e-02
  -4.2585500e-03
   1.2374400e-02
   2.6462200e-02
   3.4817200e-02
   3.8576000e-02
   4.1482200e-02
   4.4957200e-02
   4.7198700e-02
   4.6661900e-02
   4.3998400e-02
   4.0834100e-02
   3.7498800e-02
   3.2179100e-02
   2.3279300e-02
   1.0986400e-02
  -3.7882600e-03
  -1.9388500e-02
  -3.3093200e-02
  -4.3214500e-02
  -5.0998200e-02
  -5.7646100e-02
  -6.0152000e-02
  -5.4715800e-02
  -4.2915100e-02
  -3.0304400e-02
  -2.0772100e-02
  -1.4162700e-02
  -8.0162700e-03
  -3.7379600e-04
   9.2578400e-03
   2.0966900e-02
   3.4047300e-02
   4.3471500e-02
   4.1990700e-02
   2.9034100e-02
   1.1687800e-02
  -3.1449100e-03
  -1.3750800e-02
  -2.2526000e-02
  -3.2219000e-02
  -4.3527600e-02
  -5.5422100e-02
  -6.4995700e-02
  -6.8021400e-02
  -6.3523200e-02
  -5.4725100e-02
  -4.4586700e-02
  -3.4205100e-02
  -2.3789900e-02
  -1.2994100e-02
  -1.3418400e-03
   1.1226400e-02
   2.4337200e-02
   3.7304100e-02
   4.9155900e-02
   5.9354700e-02
   6.8468600e-02
   7.7612100e-02
   8.7271400e-02
   9.4739500e-02
   9.4303600e-02
   8.4106300e-02
   6.9045300e-02
   5.4420400e-02
   4.0280600e-02
   2.3414000e-02
   2.9891800e-03
  -1.7289000e-02
  -3.2928600e-02
  -4.3681100e-02
  -5.3010200e-02
  -6.2082500e-02
  -6.6184800e-02
  -6.0645500e-02
  -4.7851600e-02
  -3.5532000e-02
  -2.9992800e-02
  -3.1153100e-02
  -3.4206600e-02
  -3.4978200e-02
  -3.1504300e-02
  -2.2712600e-02
  -9.4373700e-03
   5.2446200e-03
   1.8021200e-02
   2.4902800e-02
   2.2474600e-02
   1.2665500e-02
   1.5265800e-03
  -6.7873900e-03
  -1.2284400e-02
  -1.7283900e-02
  -2.3787000e-02
  -3.2007700e-02
  -4.0679100e-02
  -4.8574000e-02
  -5.5501500e-02
  -6.0603300e-02
  -6.0500400e-02
  -5.2828100e-02
  -4.0134700e-02
  -2.7399800e-02
  -1.7692000e-02
  -1.0716200e-02
  -4.1614600e-03
   3.8065200e-03
   1.2802300e-02
   2.0717600e-02
   2.6228200e-02
   3.0015300e-02
   3.3557200e-02
   3.7762200e-02
   4.2607200e-02
   4.7556000e-02
   5.1891800e-02
   5.3958700e-02
   5.1705300e-02
   4.5506700e-02
   3.8310400e-02
   3.2575800e-02
   2.8521500e-02
   2.4955300e-02
   2.1308300e-02
   1.8393100e-02
   1.6877000e-02
   1.6234600e-02
   1.5547100e-02
   1.4131400e-02
   1.1538800e-02
   7.9929800e-03
   4.3359000e-03
   1.1600100e-03
  -1.6046900e-03
  -4.4125600e-03
  -6.8893600e-03
  -7.0984700e-03
  -3.6254100e-03
   2.3902200e-03
   8.6257900e-03
   1.3795900e-02
   1.8102800e-02
   2.2410800e-02
   2.7369500e-02
   3.2912900e-02
   3.7443600e-02
   3.8515800e-02
   3.5703300e-02
   3.1139500e-02
   2.7218700e-02
   2.5782000e-02
   2.8033200e-02
   3.3302700e-02
   3.9300700e-02
   4.4228400e-02
   4.7901100e-02
   5.1059100e-02
   5.4432900e-02
   5.8435800e-02
   6.2508000e-02
   6.4254100e-02
   6.1310300e-02
   5.4539100e-02
   4.6132200e-02
   3.3757600e-02
   1.3254000e-02
  -1.1163600e-02
  -2.9507600e-02
  -3.8388800e-02
  -4.2740700e-02
  -4.8677300e-02
  -5.8044800e-02
  -6.6633000e-02
  -6.8284700e-02
  -6.1991700e-02
  -5.2172100e-02
  -4.3589600e-02
  -3.8855500e-02
  -3.8244300e-02
  -3.9755500e-02
  -4.0779800e-02
  -4.0088000e-02
  -3.8322800e-02
  -3.6149400e-02
  -3.0355400e-02
  -1.5948600e-02
   5.2779300e-03
   2.4741900e-02
   3.6914700e-02
   4.3855800e-02
   4.8380300e-02
   4.8013000e-02
   4.0214600e-02
   2.7655200e-02
   1.4961000e-02
   4.4157800e-03
  -4.3380500e-03
  -1.2684100e-02
  -2.1796000e-02
  -3.2043000e-02
  -4.2776200e-02
  -5.0985900e-02
  -5.2186100e-02
  -4.5696100e-02
  -3.5857400e-02
  -2.7266000e-02
  -2.1533300e-02
  -1.7713400e-02
  -1.3938500e-02
  -8.8951600e-03
  -2.8797700e-03
   1.7725400e-03
   2.5467400e-03
  -2.9369200e-04
  -4.2135200e-03
  -7.1802600e-03
  -8.8510000e-03
  -1.0022400e-02
  -1.1623400e-02
  -1.3529100e-02
  -1.4157500e-02
  -1.2417400e-02
  -9.2654200e-03
  -6.3375200e-03
  -4.3343800e-03
  -2.9594100e-03
  -1.5190100e-03
   4.2959500e-04
   2.4316200e-03
   3.2183500e-03
   2.1312200e-03
  -1.0024800e-04
  -1.7681100e-03
  -8.6979800e-04
   3.1738300e-03
   8.9954600e-03
   1.5314600e-02
   2.1954900e-02
   2.8986400e-02
   3.6305300e-02
   4.3808700e-02
   5.1448000e-02
   5.9446800e-02
   6.6626700e-02
   6.6333900e-02
   5.1049300e-02
   2.4921800e-02
   1.9017200e-03
  -9.6525400e-03
  -1.3052200e-02
  -1.6261300e-02
  -2.3846400e-02
  -3.5009200e-02
  -4.6591000e-02
  -5.5111500e-02
  -5.6946000e-02
  -5.1263200e-02
  -4.1808000e-02
  -3.3869600e-02
  -3.0679600e-02
  -3.1656800e-02
  -3.3634300e-02
  -3.4053800e-02
  -3.2534400e-02
  -3.0238500e-02
  -2.8208400e-02
  -2.5810600e-02
  -2.1442400e-02
  -1.4358700e-02
  -4.8494100e-03
   6.0910800e-03
   1.7241700e-02
   2.7784400e-02
   3.5867800e-02
   3.8487700e-02
   3.5357600e-02
   3.0120500e-02
   2.6755600e-02
   2.6386900e-02
   2.7402500e-02
   2.7707300e-02
   2.6516100e-02
   2.4851400e-02
   2.4626700e-02
   2.6708600e-02
   3.0196300e-02
   3.3682400e-02
   3.6520000e-02
   3.8366400e-02
   3.8281800e-02
   3.5819900e-02
   3.2077700e-02
   2.7959100e-02
   2.2372300e-02
   1.3833100e-02
   2.8501700e-03
  -8.7932300e-03
  -1.8909200e-02
  -2.4146900e-02
  -2.2400000e-02
  -1.6337100e-02
  -1.1346200e-02
  -1.0463700e-02
  -1.2565700e-02
  -1.4712800e-02
  -1.5056100e-02
  -1.3675400e-02
  -1.1777400e-02
  -1.0442900e-02
  -9.9330400e-03
  -9.9023400e-03
  -9.8941500e-03
  -9.0379900e-03
  -5.7474500e-03
   6.7708600e-04
   8.8609300e-03
   1.6956700e-02
   2.4332200e-02
   3.1423000e-02
   3.8884100e-02
   4.5584500e-02
   4.7688400e-02
   4.2947500e-02
   3.3967300e-02
   2.5077500e-02
   1.8392300e-02
   1.3283400e-02
   8.1013200e-03
   1.8058300e-03
  -5.6114800e-03
  -1.2823400e-02
  -1.7380000e-02
  -1.8083000e-02
  -1.6431300e-02
  -1.4824000e-02
  -1.4457600e-02
  -1.4359800e-02
  -1.1913500e-02
  -5.6142400e-03
   3.2406100e-03
   1.2270600e-02
   2.0299800e-02
   2.6838500e-02
   2.8511800e-02
   2.0463400e-02
   3.6358800e-03
  -1.4757400e-02
  -2.8395600e-02
  -3.4674000e-02
  -3.2350100e-02
  -2.2816400e-02
  -1.1051800e-02
  -1.3697100e-03
   5.6398100e-03
   1.2014000e-02
   1.8160400e-02
   2.0411300e-02
   1.5778200e-02
   6.3382000e-03
  -3.5351900e-03
  -1.1263700e-02
  -1.6942700e-02
  -2.2171100e-02
  -2.8390900e-02
  -3.5877200e-02
  -4.4100600e-02
  -5.1219700e-02
  -5.2374700e-02
  -4.3270900e-02
  -2.6206400e-02
  -7.7676000e-03
   7.7323300e-03
   2.0383700e-02
   3.2664400e-02
   4.4258500e-02
   4.9467700e-02
   4.4168300e-02
   3.1859200e-02
   1.8988300e-02
   8.3336700e-03
  -1.4175800e-03
  -1.2443700e-02
  -2.3811400e-02
  -2.9996800e-02
  -2.6740700e-02
  -1.6659000e-02
  -5.8030500e-03
   2.2681300e-03
   8.0307100e-03
   1.4170700e-02
   2.2805500e-02
   3.3883700e-02
   4.5876400e-02
   5.7323600e-02
   6.7691600e-02
   7.6814900e-02
   8.1386500e-02
   7.5222400e-02
   5.7373400e-02
   3.4450800e-02
   1.3396500e-02
  -3.7035200e-03
  -1.8847800e-02
  -3.4977900e-02
  -5.3446600e-02
  -7.3004800e-02
  -9.1009300e-02
  -1.0585900e-01
  -1.1409200e-01
  -1.0843900e-01
  -8.7224000e-02
  -5.8748000e-02
  -3.2342900e-02
  -1.1063200e-02
   7.7146600e-03
   2.7887600e-02
   5.1215400e-02
   7.7024600e-02
   1.0325400e-01
   1.2327400e-01
   1.2621000e-01
   1.0953500e-01
   8.3658100e-02
   6.0410000e-02
   4.3811700e-02
   3.0714300e-02
   1.6214500e-02
  -2.1437100e-03
  -2.3462100e-02
  -4.2114500e-02
  -4.9554100e-02
  -4.3455100e-02
  -3.0662600e-02
  -1.9348600e-02
  -1.2423800e-02
  -9.1737000e-03
  -1.0139800e-02
  -1.6130500e-02
  -2.5059400e-02
  -3.3710500e-02
  -4.0671500e-02
  -4.6811800e-02
  -5.3271300e-02
  -5.8478200e-02
  -5.9180100e-02
  -5.5175000e-02
  -5.0607000e-02
  -4.9840200e-02
  -5.3356100e-02
  -5.8325000e-02
  -6.2046500e-02
  -6.3530400e-02
  -6.2678600e-02
  -5.9992600e-02
  -5.6178900e-02
  -4.9958300e-02
  -3.8794700e-02
  -2.2955800e-02
  -5.7511100e-03
   8.9169600e-03
   1.8570600e-02
   2.4072500e-02
   2.7806800e-02
   3.0678100e-02
   3.2822600e-02
   3.4560800e-02
   3.6165100e-02
   3.8370200e-02
   4.2271300e-02
   4.8498900e-02
   5.7272200e-02
   6.7215200e-02
   7.4942000e-02
   7.8503600e-02
   7.9446100e-02
   8.0640500e-02
   8.3630400e-02
   8.7181100e-02
   8.5920100e-02
   7.4076900e-02
   5.2902800e-02
   2.9341200e-02
   8.5403200e-03
  -8.2947300e-03
  -2.1435500e-02
  -3.1852500e-02
  -4.0957000e-02
  -4.7172700e-02
  -4.6731900e-02
  -3.9870200e-02
  -3.0767200e-02
  -2.2765200e-02
  -1.6646900e-02
  -1.3566800e-02
  -1.7043000e-02
  -2.8150700e-02
  -4.2891300e-02
  -5.6751300e-02
  -6.6605000e-02
  -6.8185300e-02
  -5.8857700e-02
  -4.2688800e-02
  -2.7217400e-02
  -1.6607600e-02
  -1.0111300e-02
  -5.6313800e-03
  -2.5083000e-03
  -5.5448900e-04
   1.1075700e-03
   4.6288300e-03
   1.2699100e-02
   2.4840300e-02
   3.6868600e-02
   4.4833000e-02
   4.7795900e-02
   4.8000300e-02
   4.8610900e-02
   5.1975700e-02
   5.9775500e-02
   7.1882500e-02
   8.2666200e-02
   8.1288000e-02
   6.2577500e-02
   3.3677300e-02
   5.5072300e-03
  -1.6666100e-02
  -3.2996400e-02
  -4.5024200e-02
  -5.5088600e-02
  -6.5707500e-02
  -7.5257100e-02
  -7.7962900e-02
  -7.1573600e-02
  -6.0166600e-02
  -4.8989500e-02
  -4.1531500e-02
  -4.0434600e-02
  -4.6180100e-02
  -5.5301900e-02
  -6.3368000e-02
  -6.8599300e-02
  -7.1977100e-02
  -7.5497200e-02
  -8.0401300e-02
  -8.6109700e-02
  -9.1039400e-02
  -9.4524700e-02
  -9.6593800e-02
  -9.6536400e-02
  -9.3838300e-02
  -8.9530300e-02
  -8.2823900e-02
  -6.8200400e-02
  -4.1961500e-02
  -8.2572100e-03
   2.5698700e-02
   5.6198900e-02
   8.4256000e-02
   1.1246300e-01
   1.3540100e-01
   1.3833600e-01
   1.1592600e-01
   8.0447100e-02
   4.7307200e-02
   2.2355000e-02
   1.9454400e-03
  -1.9798300e-02
  -4.4160600e-02
  -6.7221900e-02
  -8.2137300e-02
  -8.1949500e-02
  -6.6879900e-02
  -4.5633600e-02
  -2.6808100e-02
  -1.2791600e-02
  -7.8364900e-04
   1.2859400e-02
   2.9376100e-02
   4.3876600e-02
   4.6527000e-02
   3.3816300e-02
   1.3062000e-02
  -6.3677700e-03
  -2.0776300e-02
  -3.2615800e-02
  -4.7967600e-02
  -7.0780800e-02
  -9.5597000e-02
  -1.1230300e-01
  -1.1816000e-01
  -1.1693300e-01
  -1.1164100e-01
  -1.0432000e-01
  -9.6886900e-02
  -8.9958000e-02
  -8.2925400e-02
  -7.5074900e-02
  -6.6559900e-02
  -5.8400800e-02
  -5.1252800e-02
  -4.3350600e-02
  -3.0598700e-02
  -1.1162200e-02
   1.1981300e-02
   3.4664100e-02
   5.5163100e-02
   7.4299000e-02
   9.4253900e-02
   1.1590400e-01
   1.3411200e-01
   1.4072700e-01
   1.3527600e-01
   1.2541000e-01
   1.1802900e-01
   1.1392400e-01
   1.0889900e-01
   9.9509300e-02
   8.6207000e-02
   7.1583700e-02
   5.9026600e-02
   5.1487100e-02
   4.8977200e-02
   4.8480200e-02
   4.6629400e-02
   4.1791500e-02
   3.4343900e-02
   2.6050500e-02
   1.9051400e-02
   1.4922800e-02
   1.3640000e-02
   1.3462400e-02
   1.2602400e-02
   1.0475700e-02
   7.2930500e-03
   3.4228800e-03
  -6.0668100e-04
  -4.3489700e-03
  -7.4516800e-03
  -8.6536600e-03
  -6.6518700e-03
  -2.2083300e-03
   2.5332200e-03
   5.8264900e-03
   6.9936400e-03
   6.2515500e-03
   4.2824200e-03
   2.0497800e-03
   3.1213400e-04
  -1.4502300e-03
  -4.8733800e-03
  -1.0775000e-02
  -1.8239900e-02
  -2.5736700e-02
  -3.2470200e-02
  -3.8503200e-02
  -4.4271200e-02
  -5.0291000e-02
  -5.6527600e-02
  -6.1108800e-02
  -6.1285000e-02
  -5.6856200e-02
  -4.9961500e-02
  -4.1974300e-02
  -3.3218700e-02
  -2.4050300e-02
  -1.4857800e-02
  -6.4743000e-03
  -4.4110000e-04
   2.3677100e-03
   2.9552300e-03
   3.2612300e-03
   4.3929700e-03
   6.3070700e-03
   8.9219400e-03
   1.2519900e-02
   1.7086300e-02
   2.1477600e-02
   2.2282100e-02
   1.6094900e-02
   4.0908700e-03
  -8.5660100e-03
  -1.7326600e-02
  -2.1532100e-02
  -2.3751400e-02
  -2.5842600e-02
  -2.7389800e-02
  -2.7884800e-02
  -2.7601600e-02
  -2.6018400e-02
  -2.1154900e-02
  -1.2355600e-02
  -2.3600900e-03
   5.4071400e-03
   1.0134000e-02
   1.3556300e-02
   1.7111000e-02
   1.9614500e-02
   1.9032300e-02
   1.5541400e-02
   1.1171900e-02
   7.4628300e-03
   5.1607300e-03
   5.4384800e-03
   8.7594300e-03
   1.3340500e-02
   1.6668700e-02
   1.7939300e-02
   1.8257400e-02
   1.9037100e-02
   2.0907700e-02
   2.3225800e-02
   2.4262800e-02
   2.2669100e-02
   1.8864300e-02
   1.4475200e-02
   1.1111400e-02
   1.0533500e-02
   1.3772900e-02
   1.9528400e-02
   2.5393800e-02
   2.9703200e-02
   3.1831600e-02
   3.2253400e-02
   3.2464200e-02
   3.4335400e-02
   3.8912200e-02
   4.4398900e-02
   4.6337100e-02
   4.2429500e-02
   3.5022000e-02
   2.7617300e-02
   2.1078100e-02
   1.4463400e-02
   7.9415600e-03
   2.2726400e-03
  -2.5532400e-03
  -5.6389900e-03
  -4.6618100e-03
   6.4306600e-04
   6.8645600e-03
   1.0303000e-02
   1.0547800e-02
   9.8283700e-03
   1.0184800e-02
   1.2067300e-02
   1.4673700e-02
   1.7356300e-02
   2.0465200e-02
   2.4563700e-02
   2.9456900e-02
   3.4476900e-02
   3.9335300e-02
   4.3633300e-02
   4.5941300e-02
   4.4830600e-02
   4.0998100e-02
   3.6688200e-02
   3.3173800e-02
   3.0200900e-02
   2.6894900e-02
   2.2820800e-02
   1.8106300e-02
   1.2271000e-02
   4.5268100e-03
  -4.6866400e-03
  -1.4196900e-02
  -2.2958200e-02
  -2.9784000e-02
  -3.4284600e-02
  -3.7310800e-02
  -3.9042500e-02
  -3.8609000e-02
  -3.5846900e-02
  -3.1226000e-02
  -2.4584900e-02
  -1.5883200e-02
  -6.3805000e-03
   1.7731200e-03
   7.3247500e-03
   1.1042200e-02
   1.4701200e-02
   1.9414900e-02
   2.3984200e-02
   2.5297700e-02
   2.1749800e-02
   1.5274300e-02
   9.0341000e-03
   4.7520200e-03
   2.1694600e-03
  -1.7231400e-04
  -3.3738100e-03
  -7.7694700e-03
  -1.3065500e-02
  -1.8675500e-02
  -2.4143200e-02
  -2.9149400e-02
  -3.3510400e-02
  -3.6746900e-02
  -3.8078800e-02
  -3.6322000e-02
  -3.0685200e-02
  -2.2562300e-02
  -1.4077900e-02
  -5.8723400e-03
   2.2839300e-03
   1.0803400e-02
   1.9973600e-02
   2.8352700e-02
   3.2002500e-02
   2.8298000e-02
   1.9576100e-02
   1.0501400e-02
   3.7370900e-03
  -1.1885600e-03
  -6.1354300e-03
  -1.2275300e-02
  -1.9783800e-02
  -2.7629000e-02
  -3.2538300e-02
  -3.1092500e-02
  -2.3915000e-02
  -1.5477600e-02
  -1.0029800e-02
  -8.3032800e-03
  -8.0579200e-03
  -6.8843700e-03
  -4.0446700e-03
  -7.6898400e-04
   1.3339500e-03
   1.9422200e-03
   1.8103900e-03
   1.8819700e-03
   2.4802800e-03
   3.3854100e-03
   4.8581700e-03
   7.2707000e-03
   1.0401300e-02
   1.3785100e-02
   1.6541900e-02
   1.7073000e-02
   1.4345600e-02
   9.3587800e-03
   4.2212700e-03
   6.5404000e-05
  -2.2720000e-03
  -1.0101400e-03
   4.3132400e-03
   1.1551600e-02
   1.8150500e-02
   2.3310500e-02
   2.7810500e-02
   3.2735300e-02
   3.7544700e-02
   3.9062100e-02
   3.5232000e-02
   2.7958100e-02
   2.0490400e-02
   1.4579600e-02
   9.7563800e-03
   4.2388900e-03
  -3.2091300e-03
  -1.2215700e-02
  -2.1539100e-02
  -2.9847200e-02
  -3.6057500e-02
  -4.0097800e-02
  -4.2249200e-02
  -4.2486700e-02
  -4.1210500e-02
  -3.9535700e-02
  -3.8077200e-02
  -3.5702800e-02
  -3.0831200e-02
  -2.3663300e-02
  -1.6543400e-02
  -1.1900900e-02
  -9.9589700e-03
  -8.9884500e-03
  -7.0864500e-03
  -3.5068900e-03
   1.0184300e-03
   5.3580900e-03
   9.0647900e-03
   1.1978100e-02
   1.3613300e-02
   1.3551500e-02
   1.2306400e-02
   1.1001400e-02
   1.0201500e-02
   9.8291700e-03
   9.4375200e-03
   8.9550000e-03
   9.3995600e-03
   1.1801500e-02
   1.5802200e-02
   2.0046900e-02
   2.3742100e-02
   2.6908400e-02
   2.9919400e-02
   3.3272400e-02
   3.6523800e-02
   3.7885900e-02
   3.6098400e-02
   3.2122500e-02
   2.7916800e-02
   2.3442500e-02
   1.6152300e-02
   5.1706500e-03
  -5.9520100e-03
  -1.3204900e-02
  -1.6437500e-02
  -1.8491700e-02
  -2.1674700e-02
  -2.5110700e-02
  -2.6187900e-02
  -2.4037200e-02
  -2.0137700e-02
  -1.6413500e-02
  -1.3565700e-02
  -1.1758800e-02
  -1.1802100e-02
  -1.4047600e-02
  -1.7465600e-02
  -2.0732800e-02
  -2.3333900e-02
  -2.4766600e-02
  -2.3512600e-02
  -1.8792500e-02
  -1.2107500e-02
  -5.6047300e-03
  -2.1947200e-04
   4.5137000e-03
   8.7434500e-03
   1.0835200e-02
   9.2926100e-03
   5.0861700e-03
   5.8544000e-04
  -2.8594200e-03
  -5.4621300e-03
  -8.0485900e-03
  -1.0441600e-02
  -1.1070300e-02
  -9.1481000e-03
  -5.7086200e-03
  -2.3012000e-03
   3.1849600e-04
   2.4610300e-03
   4.7239000e-03
   7.2991800e-03
   9.6131500e-03
   1.0837700e-02
   1.1017900e-02
   1.0864300e-02
   1.0921900e-02
   1.1355400e-02
   1.2282500e-02
   1.3881600e-02
   1.6024500e-02
   1.8370600e-02
   2.0096400e-02
   1.9411700e-02
   1.5093300e-02
   8.2990100e-03
   1.6874700e-03
  -2.8697700e-03
  -5.4242000e-03
  -7.3674900e-03
  -1.0047000e-02
  -1.3812000e-02
  -1.7999400e-02
  -2.1170600e-02
  -2.1826800e-02
  -1.9971300e-02
  -1.7218600e-02
  -1.5034600e-02
  -1.3704500e-02
  -1.2699000e-02
  -1.1647900e-02
  -1.1035400e-02
  -1.1580300e-02
  -1.3189600e-02
  -1.5047700e-02
  -1.6094500e-02
  -1.5587800e-02
  -1.3884400e-02
  -1.2079600e-02
  -1.0810300e-02
  -1.0007800e-02
  -9.2537600e-03
  -7.7393000e-03
  -4.4940100e-03
   1.9073900e-04
   4.3583300e-03
   6.5715400e-03
   7.2522300e-03
   7.8123900e-03
   9.8907400e-03
   1.4800400e-02
   2.2280700e-02
   3.0514900e-02
   3.7803900e-02
   4.3401300e-02
   4.7641800e-02
   5.1291100e-02
   5.3426400e-02
   5.2042500e-02
   4.7298500e-02
   4.1514200e-02
   3.6425600e-02
   3.1565200e-02
   2.5246000e-02
   1.6771300e-02
   7.0363500e-03
  -2.2727500e-03
  -9.4032000e-03
  -1.3447600e-02
  -1.4830800e-02
  -1.4911000e-02
  -1.5179900e-02
  -1.6252400e-02
  -1.7728100e-02
  -1.9246300e-02
  -2.1263300e-02
  -2.4288700e-02
  -2.8042000e-02
  -3.1929300e-02
  -3.4987100e-02
  -3.5480500e-02
  -3.2479800e-02
  -2.7349600e-02
  -2.2198900e-02
  -1.7654200e-02
  -1.2949500e-02
  -7.3738700e-03
  -9.7439900e-04
   6.0519700e-03
   1.3128700e-02
   1.8693200e-02
   2.1871200e-02
   2.3637600e-02
   2.5560600e-02
   2.8314600e-02
   3.0891800e-02
   3.1362600e-02
   2.9033800e-02
   2.5170600e-02
   2.1510400e-02
   1.8732700e-02
   1.6484300e-02
   1.4527600e-02
   1.3374800e-02
   1.3437400e-02
   1.4235500e-02
   1.4852900e-02
   1.4234600e-02
   1.1723500e-02
   7.8992600e-03
   3.9927200e-03
   7.4176900e-04
  -1.9562900e-03
  -4.2696900e-03
  -5.6744100e-03
  -5.7275800e-03
  -4.9331000e-03
  -4.1600100e-03
  -3.7858600e-03
  -3.8518100e-03
  -4.7944800e-03
  -7.1651900e-03
  -1.0617800e-02
  -1.4236200e-02
  -1.7407600e-02
  -2.0132400e-02
  -2.2851700e-02
  -2.5871500e-02
  -2.9088200e-02
  -3.1499400e-02
  -3.1555000e-02
  -2.9136100e-02
  -2.5771900e-02
  -2.2892900e-02
  -2.0868900e-02
  -1.9159200e-02
  -1.7326200e-02
  -1.6147100e-02
  -1.6882000e-02
  -1.9487900e-02
  -2.2691400e-02
  -2.5442500e-02
  -2.7621200e-02
  -2.9478600e-02
  -3.0172200e-02
  -2.7960200e-02
  -2.2686700e-02
  -1.6161500e-02
  -9.9260500e-03
  -4.1053100e-03
   1.8926500e-03
   8.4547700e-03
   1.5524300e-02
   2.2859200e-02
   3.0245400e-02
   3.6419700e-02
   3.8354600e-02
   3.4466900e-02
   2.7132300e-02
   1.9967100e-02
   1.4653800e-02
   1.0597400e-02
   6.3137700e-03
   1.6741400e-03
  -1.0977800e-03
   1.6819800e-05
   4.1795600e-03
   8.9027200e-03
   1.2395100e-02
   1.4047100e-02
   1.4200600e-02
   1.3978100e-02
   1.4303400e-02
   1.4954800e-02
   1.4993200e-02
   1.4015700e-02
   1.2455000e-02
   1.0810300e-02
   9.1396500e-03
   7.1205800e-03
   4.5898800e-03
   1.7605100e-03
  -1.0750000e-03
  -3.7902500e-03
  -6.4417000e-03
  -9.3018700e-03
  -1.2804100e-02
  -1.7004700e-02
  -2.1497300e-02
  -2.5911300e-02
  -3.0040000e-02
  -3.3214500e-02
  -3.4437400e-02
  -3.3793200e-02
  -3.1991700e-02
  -2.8685200e-02
  -2.3204900e-02
  -1.6095400e-02
  -8.6579300e-03
  -2.3299200e-03
   1.4033700e-03
   2.3830900e-03
   2.2419800e-03
   2.6754600e-03
   4.1489600e-03
   6.2120900e-03
   8.4698300e-03
   1.0774000e-02
   1.2990500e-02
   1.5132000e-02
   1.7010000e-02
   1.7560800e-02
   1.5759100e-02
   1.2088400e-02
   8.0575600e-03
   4.6888500e-03
   2.3413400e-03
   1.3200600e-03
   1.5141600e-03
   2.1202000e-03
   2.3741200e-03
   1.9644800e-03
   7.6735100e-04
  -1.0993100e-03
  -3.1557700e-03
  -4.9322000e-03
  -6.2370000e-03
  -7.0059400e-03
  -7.3754500e-03
  -7.6500400e-03
  -8.1088800e-03
  -8.9848200e-03
  -1.0266800e-02
  -1.1756300e-02
  -1.3238100e-02
  -1.4554300e-02
  -1.5776600e-02
  -1.7013400e-02
  -1.8398100e-02
  -2.0376200e-02
  -2.3293800e-02
  -2.6955700e-02
  -3.0572300e-02
  -3.2520300e-02
  -3.1394700e-02
  -2.7838800e-02
  -2.3419500e-02
  -1.8475500e-02
  -1.2593000e-02
  -5.9609600e-03
  -1.1528500e-05
   3.3602800e-03
   3.9016800e-03
   3.3150800e-03
   3.3008200e-03
   4.4258700e-03
   6.3962300e-03
   8.5986900e-03
   1.0383000e-02
   1.0837000e-02
   9.2240300e-03
   6.0146100e-03
   2.5423000e-03
  -2.7505900e-04
  -2.4921700e-03
  -4.6992100e-03
  -7.3860900e-03
  -1.0634100e-02
  -1.4150800e-02
  -1.7594800e-02
  -2.0216400e-02
  -2.0455200e-02
  -1.7410000e-02
  -1.2287300e-02
  -7.1822100e-03
  -3.3626800e-03
  -1.0587300e-03
   3.6795500e-04
   1.9317600e-03
   4.1291500e-03
   6.7687100e-03
   9.4106500e-03
   1.1292900e-02
   1.1538700e-02
   1.0095000e-02
   7.9142800e-03
   6.0590400e-03
   4.8716900e-03
   4.1214000e-03
   3.5596300e-03
   3.0133900e-03
   2.3456200e-03
   1.5897100e-03
   1.0043400e-03
   8.5741600e-04
   1.1428400e-03
   1.5976300e-03
   1.9687700e-03
   2.2099000e-03
   2.3274900e-03
   2.2498500e-03
   1.9488800e-03
   1.5407000e-03
   1.1736200e-03
   8.8248300e-04
   5.7190500e-04
  -8.5895600e-05
  -1.4742200e-03
  -3.5638500e-03
  -5.8880000e-03
  -8.0073400e-03
  -9.8614700e-03
  -1.1643100e-02
  -1.3493800e-02
  -1.5050500e-02
  -1.5456900e-02
  -1.4411000e-02
  -1.2537800e-02
  -1.0544900e-02
  -8.5776400e-03
  -6.5096200e-03
  -4.2942100e-03
  -1.9212800e-03
   5.5860600e-04
   3.1059000e-03
   5.6655900e-03
   8.2206700e-03
   1.0341200e-02
   1.0816500e-02
   9.0472100e-03
   5.9334400e-03
   2.8708000e-03
   5.3197600e-04
  -1.1565200e-03
  -2.3103900e-03
  -3.0880000e-03
  -3.8211600e-03
  -4.7930500e-03
  -5.8415800e-03
  -6.3882100e-03
  -6.1185800e-03
  -5.2814600e-03
  -4.3276700e-03
  -3.3869400e-03
  -2.3325900e-03
  -1.1437500e-03
   1.3172000e-04
   1.4739000e-03
   2.7956300e-03
   3.7590000e-03
   3.8954300e-03
   3.1738200e-03
   2.1043100e-03
   1.2015600e-03
   6.1434600e-04
   3.0719400e-04
   3.9381900e-04
   8.6097900e-04
   1.4469400e-03
   1.9408900e-03
   2.2737400e-03
   2.5433800e-03
   2.8769600e-03
   3.2545400e-03
   3.2895300e-03
   2.5100100e-03
   1.0281600e-03
  -6.1791400e-04
  -2.0767600e-03
  -3.3407300e-03
  -4.5265200e-03
  -5.7475100e-03
  -6.8773000e-03
  -7.4999200e-03
  -7.3439100e-03
  -6.6333200e-03
  -5.6687800e-03
  -4.1852600e-03
  -1.8846200e-03
   9.2884600e-04
   3.7889700e-03
   6.3341100e-03
   7.9357700e-03
   8.0776500e-03
   7.0917300e-03
   5.9070600e-03
   5.4611300e-03
   6.5033200e-03
   9.1616800e-03
   1.2602500e-02
   1.5836300e-02
   1.8291800e-02
   1.9096800e-02
   1.7405800e-02
   1.3830900e-02
   9.9706000e-03
   6.8959900e-03
   4.9006200e-03
   3.9234600e-03
   3.5509900e-03
   3.1178400e-03
   2.2493800e-03
   1.0108400e-03
  -3.0077700e-04
  -1.4018200e-03
  -2.3787900e-03
  -3.7404900e-03
  -5.8996500e-03
  -8.6983300e-03
  -1.1532200e-02
  -1.3395100e-02
  -1.3119600e-02
  -1.0633500e-02
  -7.2648000e-03
  -4.3431100e-03
  -2.2040300e-03
  -4.4969300e-04
   1.0942100e-03
   2.1568600e-03
   2.6467200e-03
   2.8165400e-03
   3.0024200e-03
   3.3204500e-03
   3.6596800e-03
   3.9204400e-03
   4.1728600e-03
   4.9326500e-03
   6.8270600e-03
   9.6061800e-03
   1.1966300e-02
   1.2650700e-02
   1.1675000e-02
   1.0154200e-02
   9.1083400e-03
   8.7425600e-03
   8.6881600e-03
   8.4753500e-03
   7.9290800e-03
   7.5179000e-03
   8.0237000e-03
   9.6434200e-03
   1.1763900e-02
   1.3716100e-02
   1.5278900e-02
   1.6292600e-02
   1.6315200e-02
   1.5241200e-02
   1.3680000e-02
   1.2310200e-02
   1.1364200e-02
   1.0764000e-02
   1.0414200e-02
   1.0146300e-02
   9.7620900e-03
   9.2609700e-03
   8.7205200e-03
   8.2227500e-03
   7.5686700e-03
   6.0506600e-03
   3.2422500e-03
  -3.1058900e-04
  -3.7674500e-03
  -6.8247300e-03
  -9.5086500e-03
  -1.1906300e-02
  -1.4112900e-02
  -1.6261000e-02
  -1.8533800e-02
  -2.0662200e-02
  -2.1661300e-02
  -2.0721700e-02
  -1.8318600e-02
  -1.5731000e-02
  -1.3713500e-02
  -1.2195700e-02
  -1.0731700e-02
  -8.9508300e-03
  -6.6987300e-03
  -3.7703300e-03
  -1.4808500e-04
   3.7919700e-03
   7.4261300e-03
   9.9078500e-03
   1.0892800e-02
   1.1036900e-02
   1.1285700e-02
   1.2048600e-02
   1.3242600e-02
   1.4909900e-02
   1.7196500e-02
   1.9917500e-02
   2.2708200e-02
   2.5339300e-02
   2.7428000e-02
   2.7913100e-02
   2.6059400e-02
   2.2710800e-02
   1.9342400e-02
   1.6694500e-02
   1.4597100e-02
   1.2450400e-02
   9.8456800e-03
   6.7845100e-03
   3.5373100e-03
   3.7114100e-04
  -2.6148000e-03
  -5.3582100e-03
  -7.7939900e-03
  -9.9770900e-03
  -1.2100100e-02
  -1.4321800e-02
  -1.6652500e-02
  -1.9032200e-02
  -2.1376800e-02
  -2.3656000e-02
  -2.5861100e-02
  -2.7605100e-02
  -2.8253100e-02
  -2.7791400e-02
  -2.6654500e-02
  -2.4899700e-02
  -2.2536900e-02
  -1.9852300e-02
  -1.7167400e-02
  -1.4610700e-02
  -1.2021300e-02
  -8.8399100e-03
  -4.4030200e-03
   1.1737900e-03
   7.1291800e-03
   1.2737400e-02
   1.7301700e-02
   2.0358600e-02
   2.2321500e-02
   2.3902500e-02
   2.5010900e-02
   2.5242700e-02
   2.4772200e-02
   2.4099100e-02
   2.3464300e-02
   2.2641000e-02
   2.1091000e-02
   1.8700900e-02
   1.5941800e-02
   1.3278600e-02
   1.0858700e-02
   8.3871200e-03
   5.4580100e-03
   2.0348900e-03
  -1.5379600e-03
  -4.7788900e-03
  -7.4412100e-03
  -9.5379600e-03
  -1.0888300e-02
  -1.1310600e-02
  -1.1127100e-02
  -1.0921900e-02
  -1.0979200e-02
  -1.1186600e-02
  -1.1385500e-02
  -1.1718200e-02
  -1.2589100e-02
  -1.4007400e-02
  -1.5150200e-02
  -1.4991800e-02
  -1.3477200e-02
  -1.1547400e-02
  -9.9744900e-03
  -8.6783400e-03
  -7.0366100e-03
  -4.7102500e-03
  -1.9381600e-03
   9.0290700e-04
   3.6001100e-03
   6.1276500e-03
   8.6272300e-03
   1.1201100e-02
   1.3874900e-02
   1.6677000e-02
   1.9114000e-02
   1.9895500e-02
   1.8200100e-02
   1.4857300e-02
   1.1438700e-02
   8.7711800e-03
   6.6815600e-03
   4.7949800e-03
   3.3778900e-03
   2.9169500e-03
   3.1990900e-03
   3.6039800e-03
   3.7722800e-03
   3.7216000e-03
   3.6907000e-03
   3.8090000e-03
   3.8357700e-03
   3.4265900e-03
   2.5221800e-03
   1.4801400e-03
   8.2026800e-04
   6.8230700e-04
   8.1316100e-04
   8.9673700e-04
   7.8643400e-04
   5.5730900e-04
   3.5095000e-04
   2.2870100e-04
   2.0733700e-04
   1.3107200e-04
  -5.3772100e-04
  -2.2498900e-03
  -4.7769900e-03
  -7.4663700e-03
  -9.8776900e-03
  -1.1873500e-02
  -1.2903300e-02
  -1.2083100e-02
  -9.5903300e-03
  -6.6497000e-03
  -4.1779200e-03
  -2.2936700e-03
  -6.0189900e-04
   1.3730300e-03
   3.7413300e-03
   6.2506700e-03
   8.3414500e-03
   9.3256600e-03
   9.1738000e-03
   8.6063500e-03
   8.3070100e-03
   8.3975500e-03
   8.6242200e-03
   8.7642900e-03
   8.7127000e-03
   8.3115900e-03
   7.6041300e-03
   5.9128900e-03
   3.9142400e-03
   2.0448000e-03
   3.9274300e-04
  -1.1648600e-03
  -2.7190900e-03
  -4.0209900e-03
  -4.5514800e-03
  -4.2678200e-03
  -3.7013600e-03
  -3.3045500e-03
  -3.1659200e-03
  -3.1892700e-03
  -3.4011800e-03
  -3.9495200e-03
  -4.8007100e-03
  -5.7185000e-03
  -6.5330500e-03
  -7.2579200e-03
  -7.9823300e-03
  -8.7867500e-03
  -9.5245600e-03
  -9.7858900e-03
  -9.3910100e-03
  -8.6425700e-03
  -7.9240600e-03
  -7.3923400e-03
  -6.9988900e-03
  -6.6989700e-03
  -6.6998100e-03
  -7.1821600e-03
  -7.9709800e-03
  -8.7807000e-03
  -9.4913900e-03
  -1.0144300e-02
  -1.0793600e-02
  -1.1223400e-02
  -1.1002900e-02
  -1.0031800e-02
  -8.7182700e-03
  -7.5086100e-03
  -6.5263400e-03
  -5.7173800e-03
  -5.2397900e-03
  -5.4762300e-03
  -6.4411000e-03
  -7.6303500e-03
  -8.6312900e-03
  -9.3983300e-03
  -1.0094200e-02
  -1.0907000e-02
  -1.1882600e-02
  -1.2703800e-02
  -1.2654000e-02
  -1.1335400e-02
  -9.2356200e-03
  -7.1617800e-03
  -5.4971100e-03
  -4.1530800e-03
  -2.8539600e-03
  -1.4010900e-03
   2.3176700e-04
   1.8832700e-03
   3.2888300e-03
   4.3716200e-03
   5.2734400e-03
   6.1814000e-03
   7.1978200e-03
   8.3044000e-03
   9.5063200e-03
   1.0940400e-02
   1.2701300e-02
   1.4645600e-02
   1.6546000e-02
   1.8328400e-02
   1.9998000e-02
   2.1465800e-02
   2.2684700e-02
   2.3677600e-02
   2.4381600e-02
   2.4745700e-02
   2.4879900e-02
   2.4976200e-02
   2.5128800e-02
   2.5294200e-02
   2.5240900e-02
   2.4756300e-02
   2.3938000e-02
   2.3048300e-02
   2.2282900e-02
   2.1661200e-02
   2.1079500e-02
   2.0444700e-02
   1.9574200e-02
   1.8108300e-02
   1.5932400e-02
   1.3422700e-02
   1.1015600e-02
   8.9055400e-03
   7.2904900e-03
   6.4143400e-03
   6.1735500e-03
   6.1091000e-03
   5.8548000e-03
   5.3739100e-03
   4.8285200e-03
   4.2875700e-03
   3.6533900e-03
   2.8953800e-03
   2.0780100e-03
   1.2726700e-03
   5.1236000e-04
  -2.2569800e-04
  -9.6874700e-04
  -1.8130200e-03
  -2.9687400e-03
  -4.5377100e-03
  -6.1510600e-03
  -7.1898800e-03
  -7.4689500e-03
  -7.3328800e-03
  -7.2206000e-03
  -7.2816800e-03
  -7.3745100e-03
  -7.3615200e-03
  -7.2252000e-03
  -7.0139100e-03
  -6.7980100e-03
  -6.6216000e-03
  -6.4831900e-03
  -6.3614100e-03
  -6.2227900e-03
  -6.1056500e-03
  -6.1917600e-03
  -6.6357100e-03
  -7.3571200e-03
  -8.1177900e-03
  -8.7913400e-03
  -9.4246600e-03
  -1.0119100e-02
  -1.0920800e-02
  -1.1772100e-02
  -1.2608900e-02
  -1.3406900e-02
  -1.4159200e-02
  -1.4884800e-02
  -1.5474900e-02
  -1.5628700e-02
  -1.5210400e-02
  -1.4493800e-02
  -1.3835400e-02
  -1.3348000e-02
  -1.2979600e-02
  -1.2604600e-02
  -1.2051700e-02
  -1.1103400e-02
  -9.6548900e-03
  -7.9285600e-03
  -6.2600300e-03
  -4.8462400e-03
  -3.7346300e-03
  -2.8352500e-03
  -2.1474500e-03
  -1.9045000e-03
  -2.1812300e-03
  -2.6929000e-03
  -3.1315200e-03
  -3.4263700e-03
  -3.6542300e-03
  -3.9128600e-03
  -4.2599500e-03
  -4.6737000e-03
  -5.1393000e-03
  -5.6907300e-03
  -6.3294500e-03
  -6.9876400e-03
  -7.5969500e-03
  -8.1559700e-03
  -8.6805400e-03
  -9.0307100e-03
  -8.9303200e-03
  -8.3324900e-03
  -7.5239400e-03
  -6.8255100e-03
  -6.4503600e-03
  -6.4389200e-03
  -6.5954000e-03
  -6.6813900e-03
  -6.6277400e-03
  -6.4841400e-03
  -6.3458300e-03
  -6.2888700e-03
  -6.2159000e-03
  -5.8736300e-03
  -5.1006300e-03
  -4.0450200e-03
  -2.9836700e-03
  -2.0722200e-03
  -1.3036000e-03
  -5.6764600e-04
   1.1443300e-04
   6.3878100e-04
   1.0141000e-03
   1.3239700e-03
   1.6403300e-03
   1.9846500e-03
   2.3179600e-03
   2.4519900e-03
   2.1465300e-03
   1.4234600e-03
   5.7357300e-04
  -1.6506500e-04
  -7.5034700e-04
  -1.2518900e-03
  -1.7701200e-03
  -2.3540700e-03
  -2.9682900e-03
  -3.5686200e-03
  -4.0474000e-03
  -4.0745900e-03
  -3.3689100e-03
  -2.1228200e-03
  -8.2607500e-04
   2.1995100e-04
   1.0394700e-03
   1.8059100e-03
   2.6478300e-03
   3.5810500e-03
   4.5464800e-03
   5.3377800e-03
   5.5752000e-03
   5.0779100e-03
   4.1332000e-03
   3.2036200e-03
   2.5313600e-03
   2.0500000e-03
   1.6382000e-03
   1.3120100e-03
   1.1218400e-03
   1.0473100e-03
   9.9519700e-04
   8.9225500e-04
   7.6432200e-04
   6.5864900e-04
   5.6783000e-04
   4.4458100e-04
   2.2240300e-04
  -1.0246700e-04
  -4.4446400e-04
  -7.4135400e-04
  -9.9397900e-04
  -1.2117900e-03
  -1.4251800e-03
  -1.6499500e-03
  -1.8551100e-03
  -1.9948800e-03
  -1.9868000e-03
  -1.8213200e-03
  -1.6028200e-03
  -1.4159000e-03
  -1.2816600e-03
  -1.1703200e-03
  -1.0448000e-03
  -8.9658300e-04
  -7.4039800e-04
  -5.2044600e-04
  -5.4642900e-05
   7.6882400e-04
   1.8130200e-03
   2.8206200e-03
   3.6231700e-03
   4.1248100e-03
   4.3174700e-03
   4.3533400e-03
   4.4123200e-03
   4.5688600e-03
   4.8068000e-03
   5.1121500e-03
   5.4712700e-03
   5.8203500e-03
   6.0544400e-03
   6.0410500e-03
   5.7486400e-03
   5.3241900e-03
   4.9449000e-03
   4.6723300e-03
   4.4613700e-03
   4.2430600e-03
   3.9819800e-03
   3.6892800e-03
   3.3928500e-03
   3.1161700e-03
   2.8728100e-03
   2.6751900e-03
   2.5254900e-03
   2.3986500e-03
   2.2690500e-03
   2.1281100e-03
   1.9857500e-03
   1.8527200e-03
   1.7324200e-03
   1.6235300e-03
   1.4880700e-03
   1.2572200e-03
   9.1030700e-04
   5.1558500e-04
   1.5670900e-04
  -1.1982400e-04
  -2.6539500e-04
  -2.6227100e-04
  -1.7984100e-04
  -1.0837400e-04
  -8.5680900e-05
  -9.5958600e-05
  -1.0294600e-04
  -8.3418600e-05
  -4.7084300e-05
  -3.4133400e-05
  -7.9419300e-05
  -1.7475600e-04
  -2.7841700e-04
  -3.5838600e-04
  -4.1164100e-04
  -4.5182200e-04
  -4.9195800e-04
  -5.2582900e-04
  -5.2176600e-04
  -4.6352200e-04
  -3.7307100e-04
  -2.8200400e-04
  -2.0420800e-04
  -1.3488000e-04
  -7.0085600e-05
  -8.2045600e-06
   5.3011800e-05
   1.1124700e-04
   1.6110200e-04
   1.8825100e-04
   1.7592300e-04
   1.3044600e-04
   7.8195800e-05
   3.9482200e-05
   1.7336700e-05
   2.8850100e-06
  -1.2213600e-05
  -2.9581000e-05
  -4.6666900e-05
  -5.9591500e-05
  -6.5975300e-05
  -6.4169100e-05
  -5.4185600e-05
  -3.9800100e-05
  -2.5228700e-05
  -1.1600100e-05
   2.0703700e-06
   1.6766200e-05
   3.3170700e-05
   5.1195600e-05
   6.8097600e-05
   7.5559600e-05
   6.8480200e-05
   5.4103000e-05
   4.8642800e-05
   7.3329100e-05
   1.3792500e-04
   2.2338000e-04
   2.9930200e-04
   3.5126300e-04
   3.8199300e-04
   4.0049300e-04
   4.1480200e-04
   4.2772900e-04
   4.3774400e-04
   4.4242100e-04
   4.4019700e-04
   4.3163900e-04
   4.1854600e-04
   4.0213900e-04
   3.8245800e-04
   3.5792600e-04
   3.2854200e-04
   2.9812600e-04
   2.7061300e-04
   2.4719900e-04
   2.2686300e-04
   2.0819200e-04
   1.9089300e-04
   1.7561700e-04
   1.6287000e-04
   1.5247600e-04
   1.4387300e-04
   1.3662500e-04
   1.3053300e-04
   1.2535800e-04
   1.2061800e-04
   1.1557300e-04
   1.0958200e-04
   1.0251500e-04
   9.4593400e-05
