  -1.0685700e-04
  -2.0501000e-04
  -3.9698400e-04
  -4.5551000e-04
  -4.1777000e-04
  -3.9407300e-04
  -3.7193000e-04
  -3.5918000e-04
  -3.4909200e-04
  -3.4003000e-04
  -3.3390700e-04
  -3.2561900e-04
  -3.1433700e-04
  -2.9653600e-04
  -2.7568900e-04
  -2.6262200e-04
  -2.5343800e-04
  -2.4307700e-04
  -2.3341100e-04
  -2.2236400e-04
  -2.0517200e-04
  -1.9030900e-04
  -1.9075000e-04
  -2.0058400e-04
  -2.1029000e-04
  -2.2135100e-04
  -2.2786600e-04
  -2.2183900e-04
  -2.0880100e-04
  -1.9405200e-04
  -1.8232700e-04
  -1.8025000e-04
  -1.8860200e-04
  -1.9947500e-04
  -2.0118500e-04
  -1.9468900e-04
  -1.8773300e-04
  -1.8071400e-04
  -1.7524300e-04
  -1.7409400e-04
  -1.7587600e-04
  -1.7357400e-04
  -1.6282900e-04
  -1.5627300e-04
  -1.6073700e-04
  -1.6880800e-04
  -1.8236900e-04
  -2.0049500e-04
  -2.1590500e-04
  -2.2748500e-04
  -2.3775400e-04
  -2.3965600e-04
  -2.2668600e-04
  -2.0932800e-04
  -1.9369800e-04
  -1.7737000e-04
  -1.6314300e-04
  -1.4728700e-04
  -2.2166900e-04
   1.1234500e-04
   5.3732600e-04
   1.2820300e-04
  -2.0461200e-04
  -3.7197800e-05
  -3.7369700e-04
  -7.9958500e-04
  -3.8918900e-04
  -5.6014900e-05
  -1.2023900e-04
  -1.8460700e-04
   1.5855900e-04
   5.8925900e-04
   1.8507600e-04
  -1.3117000e-04
  -4.1274100e-05
  -1.4578200e-04
   1.5601100e-04
   5.5194300e-04
   1.2605400e-04
  -2.0236200e-04
  -1.0410400e-04
  -7.6397200e-05
  -3.5096400e-05
  -9.4601900e-05
   2.3795400e-04
   6.4278700e-04
   2.0930800e-04
  -1.3552800e-04
   3.5740900e-05
  -2.7876600e-04
  -6.7702500e-04
  -2.4686100e-04
   9.1733400e-05
   1.1361800e-05
   1.4729200e-05
   1.3352400e-05
   4.7897200e-06
  -1.2942500e-05
  -3.8089500e-05
  -6.2980000e-05
  -1.6987100e-04
   1.4910400e-04
   5.7197800e-04
   1.7205300e-04
  -1.3604700e-04
  -3.2586100e-05
  -2.4161300e-05
  -1.5178300e-05
  -9.7077200e-05
   2.3666900e-04
   6.6453000e-04
   2.5925300e-04
  -6.7222300e-05
   1.0457600e-04
  -2.2255400e-04
  -6.3559100e-04
  -2.1896200e-04
   1.1408200e-04
   3.7868100e-05
   4.1480200e-05
   3.4719600e-05
   2.3793500e-05
   6.4255900e-06
  -1.1198500e-05
  -2.6247400e-05
  -1.3596500e-04
   1.6661200e-04
   5.6663000e-04
   1.4326800e-04
  -1.8880700e-04
  -1.0760300e-04
  -1.1024700e-04
  -9.7274800e-05
  -1.7241800e-04
   1.6188200e-04
   5.8838100e-04
   1.8340500e-04
  -1.3783700e-04
   4.6857400e-05
  -2.6230300e-04
  -6.5421200e-04
  -2.1309500e-04
   1.3813300e-04
   7.1356700e-05
   8.4884000e-05
   8.4382600e-05
   7.4888900e-05
   6.1163800e-05
   4.9708000e-05
   5.5656100e-05
  -1.3879100e-05
   3.3271600e-04
   7.7379200e-04
   3.8684200e-04
   8.4046600e-05
   1.8111300e-04
   1.7680200e-04
   1.7104700e-04
   6.3900400e-05
   3.5761500e-04
   7.4000600e-04
   2.9306900e-04
  -6.3842300e-05
   9.1232400e-05
  -2.4778000e-04
  -6.6826100e-04
  -2.5244700e-04
   8.0197600e-05
   2.9934400e-06
   1.2673700e-05
   2.3823600e-05
   3.8525100e-05
   5.2011600e-05
   6.9424700e-05
   1.8900900e-04
  -1.0407200e-04
  -4.0889800e-04
  -2.1880500e-04
  -5.4356300e-04
  -8.6965600e-04
  -7.8187500e-04
  -7.8431100e-04
  -7.8061600e-04
  -8.7211200e-04
  -5.5455100e-04
  -1.5197400e-04
  -5.9784600e-04
  -9.7676900e-04
  -8.5867800e-04
  -1.2378800e-03
  -1.6019400e-03
  -1.5379900e-03
  -1.6462000e-03
  -1.3292100e-03
  -1.0100700e-03
  -1.0940100e-03
  -1.0769400e-03
  -1.0621800e-03
  -1.0486800e-03
  -9.4552700e-04
  -1.1630000e-03
  -1.7045300e-03
  -2.1575900e-03
  -2.7903100e-03
  -2.8662400e-03
  -1.8824200e-03
  -1.0722100e-03
  -7.5598100e-04
  -2.8819500e-05
   1.1935900e-03
   1.7707700e-03
   1.2862600e-03
   9.7792000e-04
   1.0863900e-03
   1.1095800e-03
   1.1337300e-03
   1.1654800e-03
   1.1182500e-03
   1.3872100e-03
   2.1506300e-03
   2.1773500e-03
   1.4707400e-03
   1.2656400e-03
   1.2729300e-03
   1.4887500e-03
   2.0999300e-03
   2.3909300e-03
   2.0610300e-03
   1.5152700e-03
   1.1589600e-03
   3.8643400e-04
  -4.8859100e-04
  -6.4472000e-04
  -6.0971000e-04
  -7.3054700e-04
  -9.1260500e-04
  -1.0933400e-03
  -1.2128800e-03
  -1.0804400e-03
  -1.6310900e-03
  -2.6569800e-03
  -2.5258900e-03
  -1.8464900e-03
  -1.2725800e-03
  -8.7209900e-04
  -1.3834700e-03
  -2.8798400e-03
  -4.3685100e-03
  -4.9525600e-03
  -4.3869500e-03
  -2.9985400e-03
  -1.2720300e-03
  -1.9170800e-04
  -8.1943800e-05
  -1.2154900e-04
  -8.4922000e-05
  -4.7873900e-05
  -6.5366000e-06
  -6.1609400e-05
   2.9615500e-04
   7.4847400e-04
   2.8454400e-04
   1.4738900e-04
   1.0844400e-03
   2.0025300e-03
   3.4809800e-03
   5.9567200e-03
   7.2073400e-03
   6.3460600e-03
   4.1023800e-03
   1.5136800e-03
   1.3019400e-04
   5.2321000e-04
   2.0636600e-03
   3.3568900e-03
   4.3335600e-03
   5.2510300e-03
   5.2722600e-03
   4.4027200e-03
   3.3824700e-03
   2.3666400e-03
   1.4133400e-03
   1.6706600e-03
   3.2197100e-03
   4.7539500e-03
   5.0659400e-03
   3.8295900e-03
   2.1056900e-03
   6.9317800e-04
   7.5481800e-05
   6.5738700e-04
   1.9744300e-03
   2.2382100e-03
   1.2045200e-03
  -7.5875700e-05
  -7.1077100e-04
  -3.6152500e-04
   4.6687200e-05
   6.8446300e-04
   1.8102400e-03
   2.4341600e-03
   1.6754600e-03
  -7.6154500e-04
  -4.5782800e-03
  -7.4929300e-03
  -7.9581700e-03
  -6.5652800e-03
  -3.9375800e-03
  -1.8666700e-03
  -1.9714700e-03
  -4.0112300e-03
  -5.8297600e-03
  -4.8855600e-03
  -2.3977800e-03
  -9.8631700e-04
  -9.1135100e-05
   9.2273100e-04
   9.9013900e-04
   7.1863300e-04
   1.5789100e-03
   3.0282000e-03
   4.1127600e-03
   4.3638200e-03
   3.3498400e-03
   1.7142000e-03
   5.2522600e-04
  -2.9178500e-04
  -1.5376600e-03
  -3.2795500e-03
  -4.5450700e-03
  -4.3554700e-03
  -2.8796500e-03
  -5.4305200e-04
   3.0828300e-03
   6.9550400e-03
   8.7184700e-03
   7.9166400e-03
   5.4313300e-03
   3.0344800e-03
   2.3605600e-03
   2.8180000e-03
   3.4371700e-03
   3.7410600e-03
   3.6602700e-03
   2.5434500e-03
  -1.7307000e-04
  -3.2518800e-03
  -4.8388100e-03
  -3.9726100e-03
  -1.7425600e-03
   2.9633000e-04
   1.5111800e-03
   1.3290500e-03
  -4.2262900e-04
  -2.3540100e-03
  -3.4741500e-03
  -4.6205500e-03
  -5.0467800e-03
  -3.8359300e-03
  -2.0555800e-03
  -8.2431200e-04
  -1.1286900e-03
  -2.4700600e-03
  -4.2843700e-03
  -6.4426000e-03
  -6.9937700e-03
  -4.3027900e-03
  -3.1951900e-04
   1.7002300e-03
   8.1016100e-04
  -2.4162600e-03
  -6.0615200e-03
  -7.1970000e-03
  -5.3399600e-03
  -2.2807700e-03
   7.0559200e-04
   2.6617700e-03
   2.4286000e-03
   9.6668900e-04
   4.8921500e-04
   6.4848000e-04
   5.4383900e-04
   5.8029200e-04
   1.5645000e-03
   3.3535400e-03
   4.1578900e-03
   3.3401800e-03
   2.0543400e-03
   1.1113300e-03
   8.1435000e-04
   2.2075300e-03
   5.7283100e-03
   8.7834000e-03
   8.6802200e-03
   5.9847600e-03
   2.8165300e-03
  -1.0663700e-04
  -3.0442800e-03
  -6.0616200e-03
  -8.9919300e-03
  -1.1040800e-02
  -1.0905500e-02
  -8.1745900e-03
  -4.0678400e-03
  -4.4793600e-04
   1.8701100e-03
   3.6486200e-03
   4.4818900e-03
   3.6989200e-03
   2.9616300e-03
   2.5897300e-03
   9.7691400e-04
  -8.1997800e-04
  -9.0277200e-04
  -1.3003500e-04
   1.5856200e-03
   4.7662400e-03
   7.2736600e-03
   7.9899100e-03
   7.2631600e-03
   4.8335200e-03
   1.5091700e-03
  -1.1599500e-03
  -2.5367900e-03
  -1.9637200e-03
   2.1526400e-04
   3.2804600e-03
   6.0398500e-03
   6.2862600e-03
   3.1378600e-03
  -2.5088200e-03
  -8.6307500e-03
  -1.3383500e-02
  -1.5483400e-02
  -1.4179300e-02
  -1.0782600e-02
  -7.2579600e-03
  -3.8224600e-03
  -5.4728300e-04
   1.7347700e-03
   3.6175600e-03
   5.3787300e-03
   5.0998100e-03
   3.8448100e-03
   3.9172100e-03
   4.4629400e-03
   5.0747200e-03
   6.4396300e-03
   7.7152300e-03
   8.7466100e-03
   9.3892400e-03
   8.8110800e-03
   7.4324100e-03
   5.8117400e-03
   4.6883500e-03
   3.6535600e-03
   1.7968100e-03
  -5.5819000e-05
  -1.1715200e-03
  -2.0447400e-03
  -3.1666700e-03
  -3.8038800e-03
  -3.1421200e-03
  -1.9182600e-03
  -1.1874800e-03
  -8.6456500e-04
  -1.3128400e-04
   1.0147900e-03
   1.7488400e-03
   2.1528900e-03
   2.7349800e-03
   2.9848700e-03
   3.0759500e-03
   2.7763900e-03
   1.0804300e-03
  -9.4138300e-04
  -1.8206000e-03
  -2.0605000e-03
  -2.7980500e-03
  -3.9412700e-03
  -4.7511300e-03
  -4.9848100e-03
  -4.9134100e-03
  -3.6232400e-03
  -1.2715800e-03
   3.2913200e-04
   8.8062500e-04
   2.2902500e-04
  -2.2000400e-03
  -5.7788500e-03
  -7.7245200e-03
  -7.1412500e-03
  -5.8589900e-03
  -3.7528500e-03
  -1.2180000e-03
   8.2246500e-05
   1.1546200e-03
   2.8140000e-03
   3.9584600e-03
   5.1051500e-03
   6.7451300e-03
   8.1241000e-03
   8.7809500e-03
   8.0586100e-03
   5.9606400e-03
   2.9631200e-03
   3.7183700e-04
  -1.2471700e-03
  -2.4858700e-03
  -2.9678300e-03
  -3.9424300e-03
  -5.5042700e-03
  -5.9127500e-03
  -5.5825100e-03
  -6.0709000e-03
  -7.2958600e-03
  -8.0106500e-03
  -8.4791600e-03
  -8.6980600e-03
  -8.6698900e-03
  -8.5804100e-03
  -7.5095600e-03
  -5.9578800e-03
  -4.4236800e-03
  -1.9892100e-03
   1.3312300e-03
   5.0597600e-03
   7.9851300e-03
   9.0462500e-03
   8.9810900e-03
   9.0751600e-03
   1.0064900e-02
   1.0889300e-02
   1.0165200e-02
   8.0734400e-03
   5.1787700e-03
   2.1072400e-03
   4.7689800e-04
   1.2194400e-03
   1.9498100e-03
   1.6885500e-03
   1.8490400e-03
   2.5579500e-03
   4.0808700e-03
   5.1152700e-03
   4.1940000e-03
   2.2411200e-03
   2.2305500e-04
  -1.7952000e-03
  -3.5700000e-03
  -4.7767900e-03
  -5.5076500e-03
  -5.6606700e-03
  -5.7392800e-03
  -5.3354300e-03
  -3.9412100e-03
  -2.3978000e-03
  -7.5314800e-04
   6.8181500e-05
   8.7654900e-04
   2.7696400e-03
   3.4896300e-03
   3.2236100e-03
   3.2977500e-03
   3.1113800e-03
   2.3418700e-03
   1.1754400e-03
  -8.7561200e-04
  -3.7518600e-03
  -5.6432600e-03
  -6.0684200e-03
  -5.5173400e-03
  -4.1409700e-03
  -2.5210200e-03
  -1.1262500e-03
  -8.0262700e-04
  -6.4089800e-04
  -2.2804900e-04
  -4.9186900e-04
  -9.7500700e-04
  -2.8288800e-03
  -6.7127600e-03
  -1.0656500e-02
  -1.2651100e-02
  -1.1650600e-02
  -7.7426900e-03
  -1.6484300e-03
   5.0218200e-03
   1.0157000e-02
   1.2859200e-02
   1.4262500e-02
   1.5836500e-02
   1.6904800e-02
   1.7057900e-02
   1.6978100e-02
   1.5842900e-02
   1.3155300e-02
   1.0069200e-02
   7.0570100e-03
   4.3662500e-03
   1.9943200e-03
  -3.7619700e-04
  -3.0480600e-03
  -6.2965300e-03
  -8.6494300e-03
  -9.3697700e-03
  -9.6889500e-03
  -1.0344300e-02
  -1.0430800e-02
  -9.5429500e-03
  -8.4273100e-03
  -7.5537300e-03
  -7.5751700e-03
  -8.4874200e-03
  -9.6296600e-03
  -1.0524000e-02
  -1.0699900e-02
  -9.4111400e-03
  -6.8939100e-03
  -4.4566500e-03
  -2.9774100e-03
  -2.5586100e-03
  -1.7331600e-03
   1.4951700e-04
   2.1729300e-03
   4.1888700e-03
   6.1298800e-03
   7.0206700e-03
   6.1188100e-03
   4.1670200e-03
   1.9650000e-03
   3.2210200e-04
  -9.5491600e-05
   1.1464700e-04
   1.1356400e-03
   2.9002400e-03
   3.9986500e-03
   4.1367300e-03
   2.7593900e-03
  -9.9175700e-04
  -4.6525800e-03
  -6.2671400e-03
  -6.6823300e-03
  -6.1204600e-03
  -4.7436400e-03
  -3.1105500e-03
  -1.8785700e-03
  -9.7930000e-04
   8.7621200e-05
   9.1258000e-04
   1.0793400e-03
   1.0041300e-03
   9.2713300e-04
   1.0873400e-03
   1.9043900e-03
   2.8628100e-03
   4.2301900e-03
   5.5327000e-03
   5.1002000e-03
   3.9420600e-03
   2.8782100e-03
   8.9967500e-04
  -1.8870500e-03
  -5.0445900e-03
  -9.0952300e-03
  -1.2501200e-02
  -1.3133400e-02
  -1.1673700e-02
  -9.0040200e-03
  -5.8500500e-03
  -3.0216300e-03
  -9.9524900e-04
  -1.0483500e-04
  -1.8488300e-05
  -1.6363000e-04
  -6.8625700e-05
   9.2656400e-04
   2.6593400e-03
   5.1187000e-03
   8.6361300e-03
   1.1990600e-02
   1.3643500e-02
   1.3014500e-02
   1.0842600e-02
   8.0199100e-03
   5.1069400e-03
   2.0378100e-03
  -1.8545500e-03
  -5.5794700e-03
  -7.9268000e-03
  -8.2676800e-03
  -6.9687100e-03
  -6.6481300e-03
  -7.5432500e-03
  -7.7750000e-03
  -6.5489700e-03
  -3.9543500e-03
  -5.5730300e-04
   2.9363400e-03
   5.2060200e-03
   6.0015500e-03
   6.3227100e-03
   5.6665200e-03
   3.3636200e-03
   9.9669400e-04
  -1.1292800e-03
  -2.7062400e-03
  -2.0660400e-03
  -1.3013800e-04
   2.1278200e-03
   4.7301900e-03
   7.0979000e-03
   8.6572000e-03
   9.1697900e-03
   8.5458000e-03
   7.3373800e-03
   6.6939400e-03
   6.2023100e-03
   4.9013000e-03
   2.0556100e-03
  -1.7622900e-03
  -4.9179400e-03
  -6.7065800e-03
  -6.7047400e-03
  -5.8900200e-03
  -5.6624100e-03
  -5.6583100e-03
  -6.0618500e-03
  -6.4083000e-03
  -5.1212100e-03
  -2.7133100e-03
   2.8838200e-05
   1.8950500e-03
   2.1329500e-03
   1.9923800e-03
   1.8494500e-03
   2.1782400e-03
   3.8155400e-03
   6.0198100e-03
   7.8152400e-03
   9.1298000e-03
   9.7143900e-03
   9.1629600e-03
   7.8038400e-03
   6.0955300e-03
   5.1085100e-03
   4.9432500e-03
   4.0429800e-03
   2.0840100e-03
   3.0197500e-04
  -1.0615700e-03
  -2.5962500e-03
  -3.8780900e-03
  -4.5866300e-03
  -4.7340700e-03
  -4.6453500e-03
  -4.5563100e-03
  -4.7090600e-03
  -5.5232600e-03
  -6.5803800e-03
  -7.6395100e-03
  -8.5384900e-03
  -8.7137000e-03
  -7.4286600e-03
  -5.0883000e-03
  -2.4426500e-03
   1.0337300e-03
   4.0286600e-03
   5.2365700e-03
   4.9209600e-03
   3.2282100e-03
   9.6758800e-04
  -6.4381000e-04
  -1.1279500e-03
  -4.8902900e-04
   8.8488900e-04
   1.3790700e-03
  -1.5501800e-04
  -2.3356900e-03
  -3.1298500e-03
  -2.4798800e-03
  -1.0233000e-03
   4.2543900e-04
   1.1500500e-03
   1.7932600e-04
  -2.6678500e-03
  -5.7510100e-03
  -7.7175700e-03
  -7.5754700e-03
  -6.1409100e-03
  -4.4040500e-03
  -2.1441900e-03
  -9.3235900e-04
  -8.6233000e-04
  -4.1807700e-05
   1.9145300e-03
   4.8009300e-03
   8.8913000e-03
   1.3606200e-02
   1.6608000e-02
   1.6667100e-02
   1.4644200e-02
   1.1563500e-02
   8.8757200e-03
   7.5807100e-03
   6.6801000e-03
   5.9360900e-03
   5.6155100e-03
   4.9654200e-03
   3.8448600e-03
   1.7516800e-03
  -7.6307900e-04
  -2.1292700e-03
  -2.9364100e-03
  -3.9202800e-03
  -4.8199300e-03
  -5.9480700e-03
  -7.9708200e-03
  -9.5981200e-03
  -8.9417100e-03
  -6.9128100e-03
  -4.9024900e-03
  -2.7163100e-03
  -1.2545000e-03
  -1.6644900e-03
  -3.1130700e-03
  -4.8058600e-03
  -6.0220400e-03
  -5.7854100e-03
  -4.0102600e-03
  -1.9001400e-03
  -1.1722500e-03
  -1.6582600e-03
  -2.2091800e-03
  -2.7675800e-03
  -3.0907200e-03
  -2.7685600e-03
  -2.0378700e-03
  -1.9419500e-03
  -3.0757300e-03
  -3.5503200e-03
  -2.3853900e-03
  -6.7719600e-04
   1.8473600e-03
   5.0285100e-03
   7.7957400e-03
   9.9960000e-03
   1.1971200e-02
   1.2651600e-02
   1.1123600e-02
   8.9549100e-03
   7.0247200e-03
   4.9917200e-03
   3.2869000e-03
   1.9108200e-03
   3.6211000e-04
  -8.4177300e-04
  -1.9753900e-03
  -2.3836900e-03
  -1.1463300e-03
   3.8420900e-04
   2.1561200e-03
   4.1816900e-03
   5.1551100e-03
   4.0215000e-03
   1.5094400e-03
  -9.8411200e-04
  -3.5789100e-03
  -5.6043400e-03
  -6.8044100e-03
  -7.4462600e-03
  -6.7947300e-03
  -4.4440500e-03
  -8.7643600e-04
   2.2683100e-03
   4.2697200e-03
   5.3192100e-03
   3.9389600e-03
  -5.2768400e-04
  -5.7881100e-03
  -9.5978900e-03
  -1.0584100e-02
  -8.7392100e-03
  -5.6084300e-03
  -2.7043200e-03
  -1.9015600e-03
  -3.5330500e-03
  -5.7160200e-03
  -7.7414400e-03
  -9.7102200e-03
  -1.0454400e-02
  -1.0055500e-02
  -9.5044200e-03
  -7.8812500e-03
  -4.8883800e-03
  -7.6427900e-04
   3.8651400e-03
   7.0276800e-03
   7.9239700e-03
   6.9631900e-03
   5.0324600e-03
   3.0309800e-03
   9.3730300e-04
  -5.9415800e-04
  -1.0612700e-03
  -1.6174300e-03
  -2.9077500e-03
  -4.6083700e-03
  -5.7436300e-03
  -5.5845600e-03
  -4.8662500e-03
  -4.6351300e-03
  -4.6369000e-03
  -4.6990300e-03
  -5.9005900e-03
  -7.2663800e-03
  -6.9060900e-03
  -5.5886100e-03
  -3.6330900e-03
  -7.6949700e-04
   2.1601000e-03
   5.3308100e-03
   8.9102100e-03
   1.2238600e-02
   1.4674500e-02
   1.6209600e-02
   1.7754000e-02
   1.8890500e-02
   1.8889300e-02
   1.7752300e-02
   1.6129600e-02
   1.4678400e-02
   1.3126100e-02
   1.1902700e-02
   1.1178700e-02
   9.8735500e-03
   7.3511500e-03
   4.1124000e-03
   3.0114200e-04
  -3.6747900e-03
  -6.5102100e-03
  -7.7382300e-03
  -7.4301100e-03
  -5.7411000e-03
  -3.4977900e-03
  -1.6411700e-03
  -1.8024400e-03
  -4.3183700e-03
  -7.6269900e-03
  -1.1428500e-02
  -1.5397400e-02
  -1.8229700e-02
  -1.9445600e-02
  -1.9199500e-02
  -1.7498400e-02
  -1.4262700e-02
  -9.6425100e-03
  -4.6348100e-03
   3.7197600e-04
   4.9871100e-03
   8.1238300e-03
   9.9617800e-03
   1.0916200e-02
   1.0904100e-02
   9.6680800e-03
   8.2684300e-03
   7.5373800e-03
   6.0587500e-03
   4.0023900e-03
   2.0374700e-03
  -1.0646400e-03
  -5.7861900e-03
  -1.0821100e-02
  -1.4637600e-02
  -1.6759800e-02
  -1.7582200e-02
  -1.7671100e-02
  -1.7599200e-02
  -1.7690300e-02
  -1.7531600e-02
  -1.6786600e-02
  -1.5797900e-02
  -1.3764100e-02
  -8.8841900e-03
  -9.9572600e-04
   7.6141200e-03
   1.4846000e-02
   2.0466700e-02
   2.4633100e-02
   2.7166300e-02
   2.8792300e-02
   3.0023900e-02
   2.9454100e-02
   2.7496700e-02
   2.5301900e-02
   2.2608400e-02
   1.9522500e-02
   1.5459300e-02
   1.0994500e-02
   7.6109500e-03
   4.8559500e-03
   3.0685200e-03
   2.8361700e-03
   2.9993500e-03
   2.9962000e-03
   3.0738200e-03
   2.9975100e-03
   1.9353300e-03
   4.7771400e-04
  -1.2025100e-03
  -4.5333700e-03
  -8.6738500e-03
  -1.2388200e-02
  -1.6679800e-02
  -2.2120400e-02
  -2.7148800e-02
  -3.1036400e-02
  -3.5080100e-02
  -3.9846800e-02
  -4.3808300e-02
  -4.4779000e-02
  -4.1712100e-02
  -3.5813700e-02
  -3.1045100e-02
  -3.0808900e-02
  -3.4768900e-02
  -4.0824100e-02
  -4.6541600e-02
  -4.9968700e-02
  -4.9925100e-02
  -4.3024300e-02
  -2.5136500e-02
   2.3145200e-03
   2.9192800e-02
   4.5665300e-02
   5.1161900e-02
   4.9074700e-02
   4.3159400e-02
   3.6999800e-02
   3.1961600e-02
   2.9178500e-02
   2.9966800e-02
   3.4088400e-02
   3.9837800e-02
   4.4937800e-02
   4.7858700e-02
   4.7779100e-02
   4.4930400e-02
   4.1031600e-02
   3.6979500e-02
   3.2020100e-02
   2.6488200e-02
   2.1219700e-02
   1.5531000e-02
   9.8426800e-03
   4.5761600e-03
  -8.5855400e-04
  -6.0451900e-03
  -1.0666800e-02
  -1.4551800e-02
  -1.8771500e-02
  -2.4062500e-02
  -2.9421500e-02
  -3.5017500e-02
  -4.1351600e-02
  -4.6372300e-02
  -4.8379400e-02
  -4.8392300e-02
  -4.7019800e-02
  -4.5742700e-02
  -4.5783900e-02
  -4.6770500e-02
  -4.8815000e-02
  -5.1593000e-02
  -5.4766400e-02
  -5.8513400e-02
  -6.2499700e-02
  -6.6569300e-02
  -7.0158400e-02
  -7.2611000e-02
  -7.4274100e-02
  -7.4386500e-02
  -7.2619300e-02
  -6.9566300e-02
  -6.4633000e-02
  -5.8155800e-02
  -5.0971600e-02
  -4.2323100e-02
  -3.2762800e-02
  -2.4031500e-02
  -1.4720100e-02
  -3.9144900e-03
   6.5411700e-03
   1.6751200e-02
   2.7781700e-02
   4.0194700e-02
   5.3807100e-02
   6.8795800e-02
   8.4872400e-02
   9.9888500e-02
   1.1353300e-01
   1.2629900e-01
   1.3670100e-01
   1.4392400e-01
   1.4943900e-01
   1.5448500e-01
   1.5906100e-01
   1.6323400e-01
   1.6813900e-01
   1.7381900e-01
   1.7919800e-01
   1.8325700e-01
   1.8141600e-01
   1.6551000e-01
   1.3112500e-01
   8.5872600e-02
   4.3163600e-02
   7.7287000e-03
  -2.2575100e-02
  -4.7609400e-02
  -6.5465200e-02
  -7.5931200e-02
  -7.9917200e-02
  -7.8597400e-02
  -7.3932900e-02
  -6.7728900e-02
  -5.9874500e-02
  -5.0229500e-02
  -3.9304600e-02
  -2.6602600e-02
  -1.1792800e-02
   3.5794700e-03
   1.7739700e-02
   3.0143800e-02
   4.0294400e-02
   4.7848900e-02
   5.3026700e-02
   5.6896000e-02
   5.9799200e-02
   6.0719600e-02
   6.0334700e-02
   5.8916800e-02
   5.3349900e-02
   4.1796100e-02
   2.4898500e-02
   4.5712600e-03
  -1.4951700e-02
  -3.0990900e-02
  -4.3234800e-02
  -5.1329600e-02
  -5.5999900e-02
  -5.7670500e-02
  -5.6985700e-02
  -5.5488800e-02
  -5.3671900e-02
  -5.2592600e-02
  -5.3545100e-02
  -5.6358600e-02
  -6.0459600e-02
  -6.5050200e-02
  -6.9146700e-02
  -7.3017000e-02
  -7.6740600e-02
  -7.9882800e-02
  -8.2824400e-02
  -8.4369400e-02
  -8.3999200e-02
  -8.3399400e-02
  -8.2725700e-02
  -8.1335400e-02
  -7.9875300e-02
  -7.9400800e-02
  -7.9826600e-02
  -8.0408200e-02
  -8.0979700e-02
  -8.1474200e-02
  -8.0828600e-02
  -7.8968900e-02
  -7.5992000e-02
  -7.0078400e-02
  -6.0518800e-02
  -4.8717200e-02
  -3.6014100e-02
  -2.3381700e-02
  -1.1475300e-02
  -1.1866400e-03
   7.1487900e-03
   1.4497000e-02
   2.0547300e-02
   2.3903000e-02
   2.5567700e-02
   2.7861100e-02
   2.9878200e-02
   3.0993600e-02
   3.2953100e-02
   3.5455300e-02
   3.7949700e-02
   4.1524000e-02
   4.5317100e-02
   4.8509100e-02
   5.2208000e-02
   5.6061200e-02
   5.9159400e-02
   6.1052500e-02
   6.0141300e-02
   5.4047500e-02
   4.2686100e-02
   2.8423600e-02
   1.4312100e-02
   3.0366000e-03
  -5.5701100e-03
  -1.2510600e-02
  -1.7269800e-02
  -1.9170600e-02
  -1.9706900e-02
  -1.9748100e-02
  -1.8784600e-02
  -1.8073300e-02
  -1.7351600e-02
  -1.6369100e-02
  -1.6474400e-02
  -1.7164600e-02
  -1.7508800e-02
  -1.8454100e-02
  -2.0376800e-02
  -2.2344100e-02
  -2.4376000e-02
  -2.7364700e-02
  -3.1092000e-02
  -3.4076500e-02
  -3.6334400e-02
  -3.8069400e-02
  -3.7128000e-02
  -3.2622900e-02
  -2.5377000e-02
  -1.5932500e-02
  -5.9883900e-03
   2.6704400e-03
   9.7143600e-03
   1.5066800e-02
   1.9791300e-02
   2.4589800e-02
   2.8391100e-02
   3.1713400e-02
   3.4940300e-02
   3.7601800e-02
   3.9784900e-02
   4.1464800e-02
   4.2750700e-02
   4.3396600e-02
   4.2572600e-02
   4.0702800e-02
   3.8425400e-02
   3.5897800e-02
   3.3469800e-02
   3.0946900e-02
   2.8834400e-02
   2.6660000e-02
   2.4225800e-02
   2.2753600e-02
   2.2101800e-02
   2.1944400e-02
   2.2010800e-02
   2.2090200e-02
   2.1855900e-02
   2.1275200e-02
   2.0947500e-02
   2.0063000e-02
   1.8205600e-02
   1.6084900e-02
   1.4383500e-02
   1.3039100e-02
   1.1421600e-02
   1.0371200e-02
   1.0236200e-02
   1.0484000e-02
   1.1399000e-02
   1.2233700e-02
   1.2645700e-02
   1.3155800e-02
   1.3559600e-02
   1.4299500e-02
   1.5281100e-02
   1.6412500e-02
   1.8308500e-02
   2.0199800e-02
   2.1442300e-02
   2.2192400e-02
   2.2537800e-02
   2.1984700e-02
   2.0835100e-02
   2.0124800e-02
   1.8443000e-02
   1.5684600e-02
   1.3514500e-02
   1.1672000e-02
   9.6518800e-03
   7.9640900e-03
   6.6145500e-03
   5.0912200e-03
   3.8204700e-03
   3.2300000e-03
   2.7973900e-03
   2.5069000e-03
   2.9661900e-03
   3.2554200e-03
   3.4477800e-03
   4.0587400e-03
   4.5760500e-03
   5.2582700e-03
   5.2852400e-03
   4.6455000e-03
   4.4288500e-03
   3.4846600e-03
   5.6748200e-04
  -3.1572400e-03
  -6.4654500e-03
  -9.0579900e-03
  -1.0194000e-02
  -1.0291500e-02
  -9.9834100e-03
  -9.3366600e-03
  -9.1072400e-03
  -9.1136500e-03
  -9.2732800e-03
  -9.9934400e-03
  -1.1100800e-02
  -1.3120200e-02
  -1.5715700e-02
  -1.8120100e-02
  -2.0613900e-02
  -2.2874500e-02
  -2.4543300e-02
  -2.5723000e-02
  -2.6357000e-02
  -2.6833000e-02
  -2.7306700e-02
  -2.6572200e-02
  -2.4605800e-02
  -2.2729800e-02
  -2.0401000e-02
  -1.6828900e-02
  -1.3806500e-02
  -1.2663900e-02
  -1.2730300e-02
  -1.3836800e-02
  -1.5514100e-02
  -1.6808200e-02
  -1.7452900e-02
  -1.7846400e-02
  -1.8343900e-02
  -1.8672000e-02
  -1.9654900e-02
  -2.1289200e-02
  -2.2743600e-02
  -2.4288500e-02
  -2.5678600e-02
  -2.6340000e-02
  -2.5609200e-02
  -2.3501700e-02
  -2.0828000e-02
  -1.7499500e-02
  -1.2942200e-02
  -7.8991400e-03
  -3.0202000e-03
   1.9415500e-03
   6.8950400e-03
   1.0554700e-02
   1.1843200e-02
   1.1580200e-02
   1.0689700e-02
   9.5518400e-03
   8.7125700e-03
   8.5441400e-03
   8.7229300e-03
   8.4554600e-03
   7.9499300e-03
   7.4127700e-03
   5.9741500e-03
   3.7104800e-03
   1.0559100e-03
  -2.1980700e-03
  -5.7226200e-03
  -9.1601200e-03
  -1.2707200e-02
  -1.5910500e-02
  -1.8851200e-02
  -2.1728900e-02
  -2.3674600e-02
  -2.4899500e-02
  -2.5408900e-02
  -2.4994100e-02
  -2.4503900e-02
  -2.3837800e-02
  -2.2516200e-02
  -2.0958300e-02
  -1.9573200e-02
  -1.7700700e-02
  -1.5984900e-02
  -1.5570300e-02
  -1.5953400e-02
  -1.6508400e-02
  -1.6998800e-02
  -1.7667300e-02
  -1.7759300e-02
  -1.6949300e-02
  -1.5843200e-02
  -1.3923200e-02
  -1.1186600e-02
  -7.8869900e-03
  -4.4950800e-03
  -2.1717100e-03
  -3.2575200e-04
   1.6084100e-03
   2.3732800e-03
   1.6787600e-03
   3.5291200e-04
  -1.5395800e-03
  -3.4276000e-03
  -4.6725600e-03
  -5.4285500e-03
  -5.7054000e-03
  -5.4189000e-03
  -4.8712800e-03
  -4.5727600e-03
  -3.7715700e-03
  -1.7380300e-03
   1.0963900e-03
   3.9995800e-03
   7.1398900e-03
   1.0699100e-02
   1.3835500e-02
   1.6720600e-02
   1.9375600e-02
   2.1706600e-02
   2.4220200e-02
   2.6491300e-02
   2.8178200e-02
   2.9561500e-02
   2.9696600e-02
   2.9000000e-02
   2.8503100e-02
   2.6596900e-02
   2.4050500e-02
   2.2411700e-02
   2.1003700e-02
   1.9358500e-02
   1.8289700e-02
   1.8197600e-02
   1.8260400e-02
   1.8163700e-02
   1.8393200e-02
   1.8965800e-02
   1.9278300e-02
   2.0161700e-02
   2.1962100e-02
   2.4154700e-02
   2.7007700e-02
   2.9859700e-02
   3.2223700e-02
   3.3627800e-02
   3.3165200e-02
   3.1980900e-02
   3.1018700e-02
   2.9951500e-02
   2.9041900e-02
   2.9111100e-02
   2.9751800e-02
   3.0223200e-02
   3.0869700e-02
   3.1047100e-02
   2.9998600e-02
   2.8289100e-02
   2.6114600e-02
   2.2130300e-02
   1.6683100e-02
   1.1264100e-02
   5.7356000e-03
   6.1623700e-04
  -2.9297300e-03
  -5.3280900e-03
  -7.8323100e-03
  -9.7498000e-03
  -1.1091000e-02
  -1.2271800e-02
  -1.3105900e-02
  -1.4223300e-02
  -1.4694100e-02
  -1.4421800e-02
  -1.4737100e-02
  -1.5037800e-02
  -1.4835400e-02
  -1.5155400e-02
  -1.5395600e-02
  -1.5546900e-02
  -1.6287700e-02
  -1.6357300e-02
  -1.5606900e-02
  -1.4211300e-02
  -1.1666700e-02
  -8.4825200e-03
  -4.4031600e-03
   9.0479200e-05
   3.6010500e-03
   6.1280500e-03
   7.3425400e-03
   7.3487300e-03
   6.1401100e-03
   3.4589800e-03
   3.8320600e-04
  -2.6076300e-03
  -5.4332100e-03
  -7.4461600e-03
  -8.2410800e-03
  -8.7218200e-03
  -8.7949700e-03
  -7.7805800e-03
  -6.8498800e-03
  -6.4908500e-03
  -7.0226500e-03
  -8.2117300e-03
  -9.0934200e-03
  -9.0725100e-03
  -8.3157100e-03
  -6.9281400e-03
  -4.3239600e-03
  -1.0765000e-03
   1.5159900e-03
   2.8754900e-03
   3.6038800e-03
   3.6223400e-03
   2.7395600e-03
   1.7812800e-03
   6.5004500e-04
  -1.0591600e-03
  -3.2522000e-03
  -6.1023700e-03
  -8.9497600e-03
  -1.1044900e-02
  -1.3153300e-02
  -1.4621600e-02
  -1.4114500e-02
  -1.2890700e-02
  -1.1842100e-02
  -1.1031200e-02
  -1.0780500e-02
  -1.0924000e-02
  -1.1896300e-02
  -1.3595600e-02
  -1.6097000e-02
  -1.9349900e-02
  -2.1783900e-02
  -2.3648700e-02
  -2.5528700e-02
  -2.6583900e-02
  -2.6580600e-02
  -2.5520900e-02
  -2.3644100e-02
  -2.1695000e-02
  -1.9587600e-02
  -1.6748800e-02
  -1.3923000e-02
  -1.1765000e-02
  -1.0008900e-02
  -9.0616600e-03
  -9.0106200e-03
  -9.0197900e-03
  -9.2681300e-03
  -9.8467200e-03
  -1.0256300e-02
  -1.1093700e-02
  -1.1937200e-02
  -1.2285700e-02
  -1.3046300e-02
  -1.4108000e-02
  -1.5170400e-02
  -1.5825400e-02
  -1.6482100e-02
  -1.7738400e-02
  -1.8227600e-02
  -1.8231600e-02
  -1.7923100e-02
  -1.6356200e-02
  -1.4158400e-02
  -1.1156900e-02
  -7.5924200e-03
  -4.2152000e-03
  -6.7205700e-04
   2.3939700e-03
   4.1614500e-03
   5.4417300e-03
   6.8975200e-03
   8.2560500e-03
   9.9220200e-03
   1.1913400e-02
   1.3822700e-02
   1.5737100e-02
   1.7763300e-02
   1.9475500e-02
   2.0849800e-02
   2.2485900e-02
   2.3538700e-02
   2.3593700e-02
   2.3667500e-02
   2.3248100e-02
   2.1844600e-02
   2.0298800e-02
   1.8756600e-02
   1.7450000e-02
   1.6792600e-02
   1.6296800e-02
   1.5874000e-02
   1.6516500e-02
   1.7491300e-02
   1.7576500e-02
   1.7749800e-02
   1.8398700e-02
   1.8635900e-02
   1.8462300e-02
   1.8688400e-02
   1.9333500e-02
   1.9497900e-02
   1.9674500e-02
   2.0265800e-02
   2.0760900e-02
   2.1332900e-02
   2.1660400e-02
   2.1327200e-02
   2.0757700e-02
   2.0372700e-02
   1.9565100e-02
   1.8756700e-02
   1.8360900e-02
   1.7871100e-02
   1.7471100e-02
   1.6746700e-02
   1.5787800e-02
   1.4578300e-02
   1.3118600e-02
   1.1414400e-02
   9.2819700e-03
   7.7274300e-03
   6.0204800e-03
   2.9297400e-03
  -7.3533200e-04
  -3.8873800e-03
  -6.9469600e-03
  -9.2864600e-03
  -9.9878800e-03
  -1.0382700e-02
  -1.0620800e-02
  -1.0437000e-02
  -1.0663200e-02
  -1.1297600e-02
  -1.1432100e-02
  -1.1667400e-02
  -1.2074900e-02
  -1.1743500e-02
  -1.1192800e-02
  -1.0545900e-02
  -1.0541000e-02
  -1.1176900e-02
  -1.1631500e-02
  -1.2089900e-02
  -1.2541900e-02
  -1.3007300e-02
  -1.3482200e-02
  -1.4041100e-02
  -1.4274800e-02
  -1.4281200e-02
  -1.4232400e-02
  -1.3281500e-02
  -1.1338700e-02
  -9.5659100e-03
  -8.1817500e-03
  -6.6883400e-03
  -5.1902000e-03
  -3.6955900e-03
  -2.2256200e-03
  -7.7218200e-04
   6.7017600e-04
   2.2019400e-03
   3.4250400e-03
   4.2532200e-03
   5.4129200e-03
   7.2201700e-03
   9.1830000e-03
   1.1374000e-02
   1.4143200e-02
   1.5844600e-02
   1.6550700e-02
   1.7768000e-02
   1.8080800e-02
   1.7074900e-02
   1.5997200e-02
   1.5104700e-02
   1.3982100e-02
   1.2288300e-02
   1.0119900e-02
   7.4724900e-03
   4.1616500e-03
   8.4984800e-04
  -1.8907400e-03
  -3.9072400e-03
  -4.7735700e-03
  -5.0052600e-03
  -4.3540100e-03
  -3.2936200e-03
  -3.2973600e-03
  -4.0188200e-03
  -5.3830400e-03
  -7.9691100e-03
  -1.1037600e-02
  -1.3954800e-02
  -1.6970800e-02
  -1.9743500e-02
  -2.1952300e-02
  -2.3675200e-02
  -2.4915500e-02
  -2.5678800e-02
  -2.5955800e-02
  -2.5655600e-02
  -2.5104900e-02
  -2.4643700e-02
  -2.4087100e-02
  -2.3937300e-02
  -2.3695300e-02
  -2.3364200e-02
  -2.3539400e-02
  -2.3119800e-02
  -2.3038800e-02
  -2.3788200e-02
  -2.4020500e-02
  -2.4010500e-02
  -2.3764400e-02
  -2.3176000e-02
  -2.2836200e-02
  -2.1941800e-02
  -1.9993400e-02
  -1.8230100e-02
  -1.6887700e-02
  -1.5293700e-02
  -1.4189000e-02
  -1.4288900e-02
  -1.5273200e-02
  -1.6085500e-02
  -1.6479900e-02
  -1.7136900e-02
  -1.7143100e-02
  -1.6413900e-02
  -1.6367300e-02
  -1.6079000e-02
  -1.4804400e-02
  -1.3234800e-02
  -1.0861300e-02
  -7.6620600e-03
  -4.0618200e-03
   1.0865700e-04
   4.6213200e-03
   8.8978000e-03
   1.2373100e-02
   1.4635600e-02
   1.6493700e-02
   1.8282800e-02
   1.9248600e-02
   2.0536900e-02
   2.2978600e-02
   2.5333500e-02
   2.7048200e-02
   2.8198800e-02
   2.9182000e-02
   3.0004400e-02
   3.0069000e-02
   3.0218300e-02
   3.0782300e-02
   3.1247600e-02
   3.1801900e-02
   3.2115400e-02
   3.1858700e-02
   3.1109100e-02
   2.9849400e-02
   2.8094600e-02
   2.5774300e-02
   2.3123700e-02
   2.0901000e-02
   1.8945400e-02
   1.7060000e-02
   1.6069300e-02
   1.5993700e-02
   1.5923000e-02
   1.6331700e-02
   1.7818200e-02
   1.9145600e-02
   2.0134000e-02
   2.1060100e-02
   2.1011000e-02
   2.0386000e-02
   2.0097000e-02
   1.9144500e-02
   1.7451200e-02
   1.6166700e-02
   1.5531800e-02
   1.5138400e-02
   1.4659500e-02
   1.4271600e-02
   1.3569000e-02
   1.2546300e-02
   1.1682500e-02
   1.0495500e-02
   9.0011200e-03
   7.6733600e-03
   6.0007000e-03
   4.0062200e-03
   2.1045900e-03
   1.0777600e-04
  -1.6386000e-03
  -2.6494000e-03
  -3.6903200e-03
  -5.5784500e-03
  -7.2978000e-03
  -8.9348900e-03
  -1.1055000e-02
  -1.2623800e-02
  -1.4268900e-02
  -1.6103500e-02
  -1.7287200e-02
  -1.8000100e-02
  -1.8358800e-02
  -1.8145100e-02
  -1.6683400e-02
  -1.3599900e-02
  -9.0712800e-03
  -4.0654200e-03
   9.1097200e-04
   5.8429800e-03
   9.6260800e-03
   1.1947300e-02
   1.3687300e-02
   1.4742300e-02
   1.4571000e-02
   1.3902800e-02
   1.3398100e-02
   1.2815100e-02
   1.2666700e-02
   1.2539500e-02
   1.1908800e-02
   1.1704200e-02
   1.1848000e-02
   1.1890500e-02
   1.2011200e-02
   1.1818100e-02
   1.1469200e-02
   1.0622700e-02
   8.7914100e-03
   6.8976900e-03
   4.6656600e-03
   2.3552100e-03
   7.8210900e-04
  -6.4372500e-04
  -1.8110400e-03
  -2.5616500e-03
  -3.8975200e-03
  -5.0774600e-03
  -4.7976700e-03
  -4.3780000e-03
  -4.6343500e-03
  -3.9746300e-03
  -3.2218200e-03
  -3.6217800e-03
  -4.0782500e-03
  -4.7714200e-03
  -5.8788200e-03
  -6.5799300e-03
  -6.8608300e-03
  -7.6328900e-03
  -8.5128000e-03
  -8.4771300e-03
  -8.8520400e-03
  -1.0157700e-02
  -1.0636500e-02
  -1.0561400e-02
  -1.0354800e-02
  -9.7355700e-03
  -9.5329500e-03
  -9.5731700e-03
  -9.8627400e-03
  -1.0491000e-02
  -1.0940000e-02
  -1.1715800e-02
  -1.2913400e-02
  -1.3699600e-02
  -1.4161300e-02
  -1.4813800e-02
  -1.5056000e-02
  -1.5302800e-02
  -1.6070600e-02
  -1.6330800e-02
  -1.6578200e-02
  -1.7239500e-02
  -1.7792500e-02
  -1.8415600e-02
  -1.8623000e-02
  -1.8728200e-02
  -1.9666100e-02
  -2.0599300e-02
  -2.0783600e-02
  -2.0745000e-02
  -2.0871100e-02
  -2.0745900e-02
  -1.9840600e-02
  -1.8916200e-02
  -1.8370000e-02
  -1.7335400e-02
  -1.5987100e-02
  -1.5030100e-02
  -1.3295900e-02
  -9.7946200e-03
  -6.5998800e-03
  -4.2738400e-03
  -1.6465000e-03
   3.6784300e-04
   1.3770500e-03
   2.3190600e-03
   2.9984100e-03
   3.3312900e-03
   3.8228600e-03
   4.0613500e-03
   3.6455100e-03
   2.8745700e-03
   2.7013500e-03
   2.2240400e-03
   9.2150400e-04
   1.4168600e-04
  -3.8768200e-04
  -6.7361600e-04
  -5.3911200e-04
  -8.0243900e-04
  -1.4653100e-03
  -1.6129900e-03
  -1.8249300e-03
  -2.1710800e-03
  -1.7335500e-03
  -1.0366600e-03
  -4.2819200e-04
   6.7643400e-05
   9.5268400e-04
   1.8893900e-03
   2.1504400e-03
   1.8290400e-03
   1.2379200e-03
   7.2536300e-04
   2.1764500e-04
  -3.6849300e-04
  -7.0708200e-04
  -2.8948400e-04
  -3.6192500e-05
   1.3928500e-04
   7.2377100e-04
   1.2973000e-03
   1.7257000e-03
   1.1582300e-03
   1.1507000e-04
  -1.0915100e-03
  -2.5660600e-03
  -4.3599900e-03
  -6.2600400e-03
  -7.2384300e-03
  -8.7076500e-03
  -1.0768900e-02
  -1.1739600e-02
  -1.1906600e-02
  -1.1683000e-02
  -1.0874700e-02
  -9.8309800e-03
  -8.8844400e-03
  -7.9342500e-03
  -7.0099100e-03
  -6.1064900e-03
  -5.2965900e-03
  -4.2667800e-03
  -2.4887300e-03
  -7.8934900e-04
   5.0410200e-04
   1.9869800e-03
   3.1433400e-03
   4.0761100e-03
   4.6984100e-03
   5.3133100e-03
   6.5246800e-03
   6.8257200e-03
   7.1226400e-03
   8.3292300e-03
   9.0281700e-03
   9.4056600e-03
   9.8480500e-03
   1.0378200e-02
   1.0593900e-02
   1.0468000e-02
   1.0510500e-02
   1.0316600e-02
   9.4680100e-03
   8.5725300e-03
   7.2253000e-03
   4.8345200e-03
   2.6569900e-03
   7.0725200e-04
  -7.8143700e-04
  -1.3861000e-03
  -1.6130100e-03
  -1.2705300e-03
  -7.9221000e-04
  -1.5603400e-04
   1.0459900e-03
   2.8970100e-03
   4.5859700e-03
   6.1834800e-03
   8.3757500e-03
   9.7431500e-03
   1.0792200e-02
   1.2430200e-02
   1.3640400e-02
   1.4533700e-02
   1.5612400e-02
   1.6353900e-02
   1.6769600e-02
   1.7280800e-02
   1.7869600e-02
   1.8126100e-02
   1.7966300e-02
   1.8208100e-02
   1.8750000e-02
   1.9268100e-02
   1.9531100e-02
   1.9226600e-02
   1.8360300e-02
   1.7350900e-02
   1.6109900e-02
   1.4532900e-02
   1.3135200e-02
   1.1335100e-02
   9.4469000e-03
   8.2990700e-03
   7.3986800e-03
   6.3333000e-03
   5.5196000e-03
   5.3695900e-03
   5.3756500e-03
   5.5466300e-03
   6.4677400e-03
   7.3894400e-03
   7.5746300e-03
   7.5986400e-03
   7.4626600e-03
   6.6789000e-03
   5.6488200e-03
   4.7006400e-03
   3.7484200e-03
   2.7860500e-03
   1.8254500e-03
   8.6196400e-04
  -1.8946800e-04
  -9.8597300e-04
  -1.0475700e-03
  -1.1118500e-03
  -2.0738800e-03
  -2.6985100e-03
  -2.2583200e-03
  -1.6756700e-03
  -1.0826900e-03
  -8.2158500e-04
  -8.1393500e-04
  -9.4802500e-04
  -1.8332900e-03
  -2.6491800e-03
  -3.0450500e-03
  -3.6087800e-03
  -3.7580700e-03
  -3.9957400e-03
  -4.4018300e-03
  -4.0641300e-03
  -3.4887600e-03
  -2.9983500e-03
  -2.5966100e-03
  -1.7769500e-03
  -8.7346300e-04
  -6.2172500e-04
  -9.3099900e-04
  -1.4885000e-03
  -1.7797400e-03
  -2.8104200e-03
  -4.2640300e-03
  -4.7137400e-03
  -5.5827400e-03
  -7.2942700e-03
  -8.4118800e-03
  -9.5312900e-03
  -1.1067600e-02
  -1.2514400e-02
  -1.3973800e-02
  -1.5342300e-02
  -1.7129600e-02
  -1.8919800e-02
  -2.0377100e-02
  -2.1689700e-02
  -2.2258700e-02
  -2.2992200e-02
  -2.3893200e-02
  -2.4129500e-02
  -2.3974700e-02
  -2.2918800e-02
  -2.1371200e-02
  -1.9839200e-02
  -1.7303700e-02
  -1.4102000e-02
  -1.1495700e-02
  -8.9038200e-03
  -5.7329800e-03
  -3.2275000e-03
  -1.5284600e-03
  -6.4064100e-04
  -2.4313500e-04
   9.1055000e-05
  -3.1864600e-04
  -7.2993600e-04
  -3.0642800e-04
   3.1336700e-05
  -1.3444400e-04
   1.2299400e-04
   7.0222900e-04
   1.1906300e-03
   1.6778200e-03
   2.2477600e-03
   2.4074400e-03
   2.4791000e-03
   3.3702100e-03
   4.1660000e-03
   4.4573300e-03
   5.2492500e-03
   6.1321800e-03
   6.0981300e-03
   6.3999100e-03
   7.9532800e-03
   9.0927400e-03
   9.0874600e-03
   9.2568700e-03
   9.9118300e-03
   1.0235100e-02
   9.9108900e-03
   9.2539400e-03
   9.1041100e-03
   8.8685200e-03
   8.5463100e-03
   8.6464400e-03
   8.5612000e-03
   8.8947600e-03
   9.1340300e-03
   9.2667400e-03
   9.9911000e-03
   9.9703600e-03
   9.2017900e-03
   8.9338800e-03
   8.9890100e-03
   8.8721000e-03
   9.0871300e-03
   9.6340900e-03
   1.0109100e-02
   1.0691600e-02
   1.0860900e-02
   1.1024400e-02
   1.1778100e-02
   1.1780100e-02
   1.1128000e-02
   1.0655700e-02
   1.0172000e-02
   9.7771500e-03
   9.0607300e-03
   8.1053600e-03
   6.9155900e-03
   5.3154700e-03
   4.1294100e-03
   3.2718900e-03
   2.2441100e-03
   1.4520500e-03
   1.3967000e-03
   1.3434500e-03
   5.4722000e-04
  -4.9801300e-04
  -1.3792700e-03
  -2.5031700e-03
  -4.4587100e-03
  -6.0011400e-03
  -6.7201500e-03
  -8.0369900e-03
  -9.3464700e-03
  -1.0157500e-02
  -1.1382800e-02
  -1.3009100e-02
  -1.4215200e-02
  -1.5179700e-02
  -1.5988600e-02
  -1.6142700e-02
  -1.6062000e-02
  -1.6063300e-02
  -1.6150000e-02
  -1.5917000e-02
  -1.5361400e-02
  -1.4983100e-02
  -1.4266800e-02
  -1.3310100e-02
  -1.2029500e-02
  -1.0655800e-02
  -1.0020100e-02
  -9.5332000e-03
  -9.1969100e-03
  -9.5126700e-03
  -1.0075100e-02
  -1.0472100e-02
  -1.1207000e-02
  -1.2265700e-02
  -1.3328300e-02
  -1.4072000e-02
  -1.4480500e-02
  -1.5064300e-02
  -1.5413600e-02
  -1.5113800e-02
  -1.4575400e-02
  -1.4122000e-02
  -1.3662200e-02
  -1.3288300e-02
  -1.2591100e-02
  -1.1472300e-02
  -1.0850800e-02
  -1.0315700e-02
  -9.0337600e-03
  -7.5114300e-03
  -6.0699600e-03
  -4.7077600e-03
  -2.9298400e-03
  -1.0647700e-03
   6.9624100e-05
   9.6889800e-04
   1.9422900e-03
   2.9985200e-03
   3.7295300e-03
   4.0467100e-03
   4.7680400e-03
   5.8893400e-03
   6.6908900e-03
   6.8349000e-03
   6.8179100e-03
   6.5688800e-03
   5.8977000e-03
   5.6331000e-03
   5.6948700e-03
   5.5759900e-03
   5.7900400e-03
   6.3406900e-03
   6.7262000e-03
   7.3692300e-03
   8.6671000e-03
   1.0288200e-02
   1.1499800e-02
   1.2471500e-02
   1.3284900e-02
   1.3350500e-02
   1.3501600e-02
   1.4154500e-02
   1.4302000e-02
   1.4460400e-02
   1.5129900e-02
   1.5375800e-02
   1.5310200e-02
   1.5435200e-02
   1.5225500e-02
   1.4603900e-02
   1.4400100e-02
   1.4509900e-02
   1.4436400e-02
   1.4691600e-02
   1.5356600e-02
   1.5694000e-02
   1.5379000e-02
   1.4732800e-02
   1.4497400e-02
   1.4753600e-02
   1.4348400e-02
   1.2883100e-02
   1.1592100e-02
   1.0793600e-02
   9.4996900e-03
   8.1213600e-03
   7.4817300e-03
   7.0872100e-03
   6.6055200e-03
   6.0345000e-03
   5.7972600e-03
   5.7865500e-03
   6.0077900e-03
   6.6430500e-03
   6.9454500e-03
   6.6040300e-03
   6.0242100e-03
   5.6260700e-03
   4.9099100e-03
   3.7884600e-03
   3.0043700e-03
   2.8737400e-03
   2.9891500e-03
   2.9289200e-03
   3.2746300e-03
   3.6985700e-03
   3.3764400e-03
   2.9877100e-03
   2.0195900e-03
   3.0724000e-04
  -8.0943500e-04
  -1.9255400e-03
  -3.5461900e-03
  -4.7424200e-03
  -5.7050900e-03
  -6.4380700e-03
  -6.8364400e-03
  -7.4195400e-03
  -7.6760000e-03
  -7.5988800e-03
  -7.6087300e-03
  -7.5236800e-03
  -7.6713100e-03
  -8.5565600e-03
  -9.3529800e-03
  -9.7395200e-03
  -1.0205400e-02
  -1.0752200e-02
  -1.1057900e-02
  -1.0698300e-02
  -1.0192600e-02
  -9.4497900e-03
  -8.2966400e-03
  -7.4802600e-03
  -7.4064100e-03
  -7.2427800e-03
  -6.6669500e-03
  -6.1806400e-03
  -5.6885700e-03
  -5.1917300e-03
  -4.6890900e-03
  -4.1772300e-03
  -3.6655100e-03
  -3.1655900e-03
  -2.5710000e-03
  -2.4005600e-03
  -2.1600600e-03
  -1.6525600e-03
  -2.3134900e-03
  -3.2274700e-03
  -3.5535200e-03
  -4.2929400e-03
  -5.4471400e-03
  -6.3611100e-03
  -6.2843100e-03
  -5.7246200e-03
  -5.0899400e-03
  -3.7906900e-03
  -2.1554000e-03
  -1.0190100e-03
   3.0617900e-05
   2.0090700e-03
   3.4678300e-03
   4.5130100e-03
   6.2436400e-03
   7.3029400e-03
   7.3822200e-03
   7.3961100e-03
   7.2451100e-03
   6.4338100e-03
   5.3921600e-03
   4.4235400e-03
   3.5236000e-03
   2.3155700e-03
   5.9456600e-04
  -3.1478700e-04
  -8.9279500e-04
  -2.0606500e-03
  -2.8107500e-03
  -3.2383300e-03
  -3.7469100e-03
  -4.2442800e-03
  -4.7395900e-03
  -5.2376200e-03
  -5.7344600e-03
  -6.2336000e-03
  -6.6502500e-03
  -7.3934700e-03
  -8.4642400e-03
  -9.5285400e-03
  -1.0352200e-02
  -1.0523600e-02
  -1.0534200e-02
  -1.0380800e-02
  -9.5667600e-03
  -8.5138400e-03
  -7.5408300e-03
  -6.6384400e-03
  -5.4044200e-03
  -3.8536600e-03
  -2.3893700e-03
  -8.3808400e-04
   3.7874500e-04
   1.2663900e-03
   2.4030400e-03
   2.9637100e-03
   2.5465100e-03
   2.0626800e-03
   1.3310600e-03
   1.8970100e-04
  -6.2482900e-04
  -7.9717400e-04
  -6.3759100e-04
  -8.8640800e-04
  -1.4696800e-03
  -1.8792500e-03
  -2.6113800e-03
  -3.7642300e-03
  -4.4973100e-03
  -4.8874400e-03
  -5.5469800e-03
  -5.5545800e-03
  -4.8991900e-03
  -4.4178100e-03
  -3.8468900e-03
  -3.6054200e-03
  -3.6907000e-03
  -3.6786900e-03
  -3.7604700e-03
  -3.5168900e-03
  -2.8583300e-03
  -2.6172500e-03
  -2.6896700e-03
  -2.5860900e-03
  -2.9903400e-03
  -3.1476700e-03
  -2.0599100e-03
  -1.4811400e-03
  -1.7192000e-03
  -1.4531600e-03
  -8.7589300e-04
  -4.8729200e-04
   3.1752900e-04
   1.2169000e-03
   1.3705100e-03
   1.2017500e-03
   1.5356600e-03
   1.8578000e-03
   1.6771400e-03
   2.0055100e-03
   2.3206200e-03
   2.3038800e-03
   2.0580700e-03
   1.4877400e-03
   1.0829100e-03
   3.4666300e-04
  -7.9196100e-04
  -1.6022300e-03
  -1.6757800e-03
  -1.9273200e-03
  -2.4328700e-03
  -1.7735600e-03
  -8.7977000e-04
  -5.7721300e-04
   1.3438000e-04
   1.2607300e-03
   1.9759100e-03
   2.3602400e-03
   2.9223500e-03
   3.1554100e-03
   3.0505200e-03
   3.1216100e-03
   2.8708200e-03
   2.2011400e-03
   1.9484800e-03
   2.0227400e-03
   2.0067800e-03
   1.9947200e-03
   1.8948200e-03
   2.1171900e-03
   2.7508600e-03
   2.9761200e-03
   2.8778800e-03
   2.9627200e-03
   2.5486900e-03
   2.4615000e-03
   3.2952100e-03
   3.1987400e-03
   2.8734600e-03
   2.8169500e-03
   2.0121600e-03
   8.8684100e-04
   1.7733600e-04
  -2.0631400e-04
  -6.8753900e-04
  -1.0822900e-03
  -1.8044600e-03
  -2.9494300e-03
  -3.6910900e-03
  -4.0182600e-03
  -4.8404100e-03
  -5.6527100e-03
  -6.0389800e-03
  -6.6858900e-03
  -6.6715700e-03
  -5.9166100e-03
  -5.6638200e-03
  -5.8203100e-03
  -5.4713900e-03
  -5.2133300e-03
  -5.2255500e-03
  -4.0788500e-03
  -2.6975100e-03
  -1.8188800e-03
  -8.4761900e-04
   1.2095800e-04
   1.0856400e-03
   2.0549500e-03
   3.1069600e-03
   3.9139900e-03
   3.9894800e-03
   4.1459700e-03
   4.7962600e-03
   5.0384800e-03
   4.9536900e-03
   4.9524400e-03
   4.9493900e-03
   4.9407700e-03
   4.9340400e-03
   4.9251000e-03
   4.9099000e-03
   4.9018700e-03
   4.8058800e-03
   5.0391200e-03
   5.5191800e-03
   6.2441800e-03
   7.3953200e-03
   8.0391800e-03
   8.7699900e-03
   9.6793400e-03
   9.8334800e-03
   9.7483700e-03
   9.7569700e-03
   9.7543200e-03
   9.7495700e-03
   9.6533000e-03
   9.9696300e-03
   1.0282300e-02
   1.0080500e-02
   1.0386000e-02
   1.0772300e-02
   1.0420900e-02
   9.7521100e-03
   9.4941800e-03
   9.6617200e-03
   9.3251800e-03
   8.9879600e-03
   9.1595500e-03
   8.9105300e-03
   8.2487800e-03
   7.9150900e-03
   8.3288900e-03
   8.6560800e-03
   8.5738000e-03
   8.4982300e-03
   8.8329100e-03
   9.2534700e-03
   8.8382400e-03
   8.6024400e-03
   8.5436900e-03
   7.6481900e-03
   6.9325000e-03
   6.3962700e-03
   5.0214900e-03
   3.8315700e-03
   2.7356800e-03
   1.1239400e-03
  -6.1159000e-05
  -1.0108700e-03
  -1.7385600e-03
  -2.0409900e-03
  -2.8411800e-03
  -3.7357400e-03
  -3.8025400e-03
  -4.0429700e-03
  -4.4567900e-03
  -4.0359600e-03
  -3.6991100e-03
  -3.7746800e-03
  -3.6787200e-03
  -3.8177200e-03
  -4.6934800e-03
  -5.4884300e-03
  -5.7877200e-03
  -6.5948800e-03
  -7.3992400e-03
  -7.7008000e-03
  -8.5015000e-03
  -9.3884600e-03
  -9.4482000e-03
  -9.5899200e-03
  -1.0225800e-02
  -1.0527800e-02
  -1.0268600e-02
  -9.3578600e-03
  -8.8308700e-03
  -8.6715400e-03
  -8.7523500e-03
  -8.6621800e-03
  -8.8953800e-03
  -9.5380000e-03
  -9.7698800e-03
  -9.5856600e-03
  -9.7963600e-03
  -1.0510300e-02
  -1.0482400e-02
  -9.7943800e-03
  -9.2889700e-03
  -8.6945000e-03
  -8.4266400e-03
  -8.4830100e-03
  -8.4590000e-03
  -8.4533900e-03
  -8.3670400e-03
  -8.5992200e-03
  -9.2364100e-03
  -9.4528500e-03
  -9.4282600e-03
  -9.1597300e-03
  -8.4715000e-03
  -8.1898200e-03
  -8.2136300e-03
  -8.1443500e-03
  -8.0723600e-03
  -8.1697300e-03
  -7.6357700e-03
  -6.2948700e-03
  -5.7663700e-03
  -5.8670500e-03
  -5.7920700e-03
  -5.7306700e-03
  -5.6662900e-03
  -5.5850700e-03
  -5.5902300e-03
  -5.3650900e-03
  -4.4267400e-03
  -3.5003100e-03
  -3.2756700e-03
  -3.2707800e-03
  -3.1903500e-03
  -3.1944800e-03
  -2.8893200e-03
  -2.2813200e-03
  -1.8434300e-03
  -1.0246900e-03
  -2.1904200e-04
   1.9348200e-04
   7.6295500e-04
   1.0246900e-03
   9.0870600e-04
   1.0933700e-03
   1.9472100e-03
   2.7117400e-03
   3.0184800e-03
   3.7712800e-03
   4.5091700e-03
   4.7912600e-03
   5.5134500e-03
   6.2131600e-03
   6.5406300e-03
   6.9458900e-03
   7.3293600e-03
   7.7762600e-03
   7.9290200e-03
   7.7925700e-03
   7.8067900e-03
   7.5320600e-03
   6.9827500e-03
   6.5910100e-03
   5.9224000e-03
   4.9967300e-03
   4.0897000e-03
   3.4587600e-03
   3.1854300e-03
   2.4394900e-03
   1.9035200e-03
   2.2445200e-03
   2.7029400e-03
   3.0879300e-03
   3.3957000e-03
   3.9557400e-03
   4.8298300e-03
   5.3616100e-03
   5.5544700e-03
   6.0581400e-03
   6.8682200e-03
   7.4062000e-03
   7.3605500e-03
   7.3765900e-03
   7.7624700e-03
   7.8148800e-03
   7.6838200e-03
   7.3784800e-03
   6.7682100e-03
   6.5314000e-03
   6.2944200e-03
   5.6996200e-03
   5.4701600e-03
   5.2976800e-03
   4.4838800e-03
   3.9820200e-03
   4.0627600e-03
   3.7925100e-03
   3.3106900e-03
   2.8979500e-03
   2.5530800e-03
   1.9964700e-03
   1.2369700e-03
   5.5657600e-04
  -1.0466100e-04
  -7.3968700e-04
  -1.3580100e-03
  -2.0107400e-03
  -2.4810300e-03
  -2.5252200e-03
  -2.4206500e-03
  -2.3667500e-03
  -2.3626900e-03
  -2.1612200e-03
  -1.6639500e-03
  -1.6248300e-03
  -2.0177600e-03
  -2.1039800e-03
  -1.9533500e-03
  -2.0429200e-03
  -2.3617300e-03
  -2.4277800e-03
  -2.3573700e-03
  -2.1560800e-03
  -1.7743500e-03
  -1.4974300e-03
  -1.0506000e-03
  -3.9875800e-04
   1.0156000e-05
   1.8881200e-04
   5.7178600e-04
   1.1467400e-03
   1.4869700e-03
   1.6474800e-03
   1.8852400e-03
   1.9477600e-03
   1.8460200e-03
   1.8331600e-03
   1.6608200e-03
   1.3417000e-03
   1.0797200e-03
   7.8359200e-04
   6.8465000e-04
   6.3096200e-04
   1.7627400e-04
  -1.1356800e-04
   1.0197900e-04
   2.6424600e-04
   1.1264800e-04
  -1.7129700e-04
  -2.0501200e-04
  -3.6417100e-04
  -8.8027000e-04
  -1.0425800e-03
  -9.4338900e-04
  -9.1684800e-04
  -8.5355200e-04
  -9.1619000e-04
  -1.1265000e-03
  -1.1394800e-03
  -1.1223700e-03
  -1.3921000e-03
  -1.6413100e-03
  -1.5936500e-03
  -1.5448900e-03
  -1.7677300e-03
  -1.9693000e-03
  -1.9197400e-03
  -1.7646700e-03
  -1.7925700e-03
  -1.7425800e-03
  -1.3166400e-03
  -1.0609600e-03
  -1.0554600e-03
  -9.0245100e-04
  -6.4086200e-04
  -5.3007000e-04
  -4.4581300e-04
  -1.4340200e-04
   1.1766900e-04
   2.3717800e-04
   4.5456300e-04
   7.3668700e-04
   9.5593600e-04
   1.2344300e-03
   1.5660000e-03
   1.8473500e-03
   2.1232900e-03
   2.2812100e-03
   2.4359400e-03
   2.6056200e-03
   2.5997400e-03
   2.5366000e-03
   2.5002700e-03
   2.3943500e-03
   2.2083800e-03
   2.1196100e-03
   2.0282300e-03
   1.8598800e-03
   1.7116500e-03
   1.5674500e-03
   1.4107500e-03
   1.3098600e-03
   1.2733500e-03
   1.1661500e-03
   1.0098900e-03
   8.8329400e-04
   7.1185800e-04
   5.0205200e-04
   3.2766100e-04
   1.0799000e-04
  -9.6007300e-05
  -2.2340700e-04
  -4.0429400e-04
  -5.6983000e-04
  -6.7612400e-04
  -7.8407900e-04
  -8.8295400e-04
  -9.7460900e-04
  -1.0565300e-03
  -1.1317000e-03
  -1.1918500e-03
  -1.2807500e-03
  -1.3592400e-03
  -1.3856100e-03
  -1.4466500e-03
  -1.5035000e-03
  -1.4938400e-03
  -1.4656700e-03
  -1.4371600e-03
  -1.4351200e-03
  -1.4299300e-03
  -1.3902600e-03
  -1.3810800e-03
  -1.3687600e-03
  -1.3307000e-03
  -1.2930000e-03
  -1.2720500e-03
  -1.2680500e-03
  -1.2360000e-03
  -1.2025300e-03
  -1.1873600e-03
  -1.1516400e-03
  -1.0999800e-03
  -1.0636400e-03
  -1.0386200e-03
  -9.9688700e-04
  -9.4512500e-04
  -8.9677700e-04
  -8.4886600e-04
  -8.0175100e-04
  -7.5551400e-04
  -7.0999700e-04
  -6.6517200e-04
  -6.1962800e-04
  -5.8047400e-04
  -5.4405300e-04
  -5.0900300e-04
  -4.7641000e-04
  -4.3439000e-04
  -3.9206400e-04
  -3.4926300e-04
  -3.0217600e-04
  -2.5659400e-04
  -2.1128000e-04
  -1.6940600e-04
  -1.2829800e-04
  -8.5251200e-05
  -4.4568400e-05
  -8.1551500e-06
   2.6402400e-05
   5.7786500e-05
   8.2973700e-05
   1.0423200e-04
   1.2306400e-04
   1.3915100e-04
   1.5250600e-04
   1.6318800e-04
   1.7110900e-04
   1.7646900e-04
