   3.4670400e-05
   4.5683300e-04
   6.6179600e-04
   6.9034800e-04
   3.4364400e-04
   4.9354300e-04
   5.8531700e-04
   3.9565000e-04
   4.9762100e-04
   1.6009500e-04
   8.0761500e-04
   6.6893400e-04
   4.4459600e-04
   2.8858000e-04
   2.8348100e-04
   3.5486100e-04
   4.6499000e-04
   5.2821300e-04
   7.4337300e-04
   4.7518800e-04
   3.0285600e-04
   6.4955900e-04
   2.1923900e-04
   8.0557600e-04
   6.8932800e-04
   5.4350900e-04
   6.8321000e-04
   5.4656800e-04
   6.8117000e-04
   5.4962700e-04
   6.7607200e-04
   5.5982400e-04
   6.5669700e-04
   8.3004900e-04
   5.6492300e-04
   3.6199900e-04
   7.1584100e-04
   2.3861300e-04
   8.0251700e-04
   5.9755400e-04
   3.3140800e-04
   7.5051100e-04
   2.9979700e-04
   6.3732300e-04
   3.0489500e-04
   3.9870900e-04
   5.0985800e-04
   6.2712500e-04
   5.0781900e-04
  -2.4473200e-05
   2.0394300e-04
   3.8749200e-04
   6.2202700e-04
   5.8735600e-04
   6.0265200e-04
   6.1081000e-04
   4.2828100e-04
   4.5275400e-04
   7.1380100e-04
   6.2814500e-04
   5.4860700e-04
   8.2189100e-04
   5.4452800e-04
   4.2726100e-04
   5.0170000e-04
   6.1284900e-04
   5.2719300e-04
   4.4765500e-04
   5.5370600e-04
   6.1386900e-04
   2.7940200e-04
   7.0564300e-04
   4.2216200e-04
   1.0166600e-03
  -4.6906900e-05
   2.1006100e-04
   5.9449500e-04
   6.8830800e-04
   2.6512600e-05
   3.0795400e-04
  -1.4276000e-04
   4.2114300e-04
   3.2019100e-04
   3.9361000e-04
   1.7539100e-04
  -8.0965500e-04
   1.3144100e-03
  -3.6301900e-04
   2.2331800e-03
  -1.6019700e-03
   1.9231800e-03
  -1.1278100e-03
   2.1770900e-03
  -1.4184300e-03
   1.5295700e-05
   8.9123200e-04
   8.5860100e-04
   3.4945700e-03
  -2.7715900e-03
   3.1478600e-03
  -2.9102700e-03
  -1.4643100e-03
  -2.8878400e-03
   2.6991900e-03
   2.1964700e-03
  -3.0734200e-03
   4.6590800e-03
   2.4503800e-03
  -5.3943000e-04
  -3.9768900e-05
   1.6621400e-03
   1.3562200e-04
  -5.0577900e-04
   3.2223000e-04
  -1.7141400e-03
  -1.2685300e-03
  -1.5703600e-03
  -3.7219600e-03
  -1.8140800e-03
   4.7141500e-03
  -4.9354300e-04
  -1.3531600e-03
   4.0758000e-03
   3.6628200e-03
  -4.1247500e-03
   5.9449500e-04
   6.3059200e-03
  -9.0448800e-04
  -3.4649900e-03
  -1.3715200e-03
   2.2658100e-03
  -4.5020500e-03
  -1.2868800e-03
   1.0074800e-03
   2.5635700e-03
  -2.1883100e-03
   3.8596300e-03
   3.7127900e-03
  -2.0088400e-04
   2.6512600e-05
   1.3643800e-03
   5.9724800e-03
  -1.9221700e-03
  -1.4734900e-03
   2.2688700e-03
   3.3008200e-03
  -2.3565600e-03
   4.4337200e-03
  -1.6070700e-03
   3.9422200e-03
   6.8626900e-04
   8.9225200e-04
  -4.2685300e-03
  -2.9592200e-03
   4.6091200e-03
   1.6468400e-03
  -7.4582000e-03
  -5.3188400e-03
   8.9000800e-03
   1.2705700e-03
  -5.9459600e-03
  -8.0527000e-03
   7.6947800e-03
   6.1519500e-03
  -6.7484800e-03
   2.8011600e-03
   8.8501200e-03
  -7.8161200e-03
  -6.7066700e-03
   3.7321600e-04
   1.8956500e-03
  -5.4259100e-03
   4.7294400e-03
   1.3453100e-02
  -3.2794100e-03
  -4.7427000e-03
  -3.2539100e-03
  -5.3739000e-03
  -1.0933400e-02
  -1.2093800e-02
  -6.4456200e-03
   5.8368500e-03
   1.0512300e-02
  -2.3739000e-03
  -9.2692200e-03
   2.6716600e-03
   2.8337900e-03
   3.2325000e-04
   8.8205400e-03
  -2.8409300e-03
  -1.0970100e-02
  -3.1264500e-03
  -2.6614600e-04
  -1.0692700e-02
  -4.5652700e-03
   6.7556200e-03
   3.2141400e-03
  -1.6424600e-02
   2.1658800e-03
  -9.9228600e-03
  -1.9802900e-02
   8.2046300e-03
   2.0357600e-02
   8.3912400e-03
  -7.1798200e-03
   8.5809100e-03
   3.0489500e-04
  -9.1183000e-03
  -1.0127800e-02
   8.3800300e-03
   2.1950400e-02
   1.8650600e-03
  -1.3758000e-02
  -3.7627500e-04
   2.8151300e-02
   9.7994700e-04
   4.0819200e-03
   8.0527000e-03
   1.2409900e-03
  -1.9473500e-02
  -8.4809800e-03
   6.3222400e-03
  -1.0843700e-02
  -1.4112900e-03
  -3.4945700e-03
   2.4673000e-02
  -6.6363100e-03
  -1.2399700e-02
   4.4082300e-03
   1.9564300e-02
  -3.3783200e-03
  -1.5817800e-02
   6.6607800e-03
   7.6590900e-03
  -1.1808300e-03
  -9.2131300e-03
   5.7410000e-04
   1.6087000e-02
  -4.7314800e-04
  -2.9907200e-02
  -1.0934400e-02
  -3.7311400e-03
  -7.9578600e-03
  -5.9092500e-03
  -4.4510600e-03
  -9.5445400e-04
  -9.2814600e-03
   1.4970400e-02
  -6.0591500e-03
  -1.3165500e-02
   3.6373300e-03
  -1.2827000e-02
   2.9673700e-03
  -1.1505500e-02
   9.7342100e-03
   5.6176200e-03
   2.9908300e-02
  -2.1006100e-04
   4.1522800e-03
   9.8800300e-03
  -1.3876300e-02
  -1.9062600e-02
   1.3453100e-02
   2.5476600e-02
  -3.0268200e-02
   6.9197900e-03
   3.1815100e-03
  -1.3256300e-02
  -4.5581300e-03
   2.7621100e-02
   3.5690100e-03
  -1.7091500e-02
   4.3671400e-02
   5.6661500e-02
  -1.1159800e-02
  -3.5535100e-02
   2.5431700e-03
   1.1585000e-02
  -8.4106200e-03
  -1.0498000e-02
  -1.5435400e-02
  -1.2325300e-02
  -1.3150300e-02
  -2.8756000e-03
   1.0340900e-02
  -1.8359000e-02
  -2.8709100e-02
   4.4969500e-04
   2.3307600e-02
  -1.5072400e-02
  -4.0350200e-02
  -1.1364700e-02
   4.1433100e-02
   4.6496000e-02
   3.7299200e-02
  -1.3660100e-02
  -1.6642800e-02
   2.7617000e-02
   6.8790000e-03
  -2.8922200e-02
  -1.2432400e-02
   2.3974500e-02
   4.3072800e-03
   1.2105000e-02
  -3.0713900e-02
  -1.3573400e-02
  -1.0301200e-02
  -3.0781100e-02
  -3.2200600e-02
   1.0551000e-02
   4.4362800e-02
   1.6606100e-02
  -9.0285700e-03
   2.0299500e-02
   4.2831100e-02
   9.4017800e-03
   1.7782800e-02
   8.0598300e-03
   1.5589400e-02
   2.1271300e-03
  -1.0825300e-02
   1.6233900e-03
  -1.9726400e-02
  -9.3120500e-03
  -4.3817200e-03
  -1.2003100e-02
   5.3912400e-03
   3.7831500e-02
   5.1816900e-02
   4.0340000e-03
  -8.6053800e-03
  -2.4679200e-02
  -2.5382800e-02
   3.4033000e-02
  -1.2234500e-02
  -5.2950800e-02
  -6.1063600e-02
  -3.6396700e-02
  -5.4554800e-02
  -8.9864500e-02
  -1.7289300e-02
  -2.3445300e-02
  -7.3919200e-02
  -5.0556500e-02
  -1.0849800e-03
  -1.9525500e-02
  -2.3253600e-02
   4.9558200e-03
   1.9894700e-03
   3.8704300e-02
   9.0582400e-02
   5.5143200e-02
  -3.9961600e-02
  -6.3773000e-03
   6.3286600e-02
   1.9945600e-02
   2.1519100e-02
   7.5989200e-02
   1.0379500e-01
   2.2906900e-02
   3.2799200e-02
   3.7227800e-02
   5.3498400e-02
   3.7745800e-02
  -5.2311400e-03
   2.0830800e-02
  -1.1976600e-02
  -2.9883800e-02
  -7.4511700e-02
  -2.4005100e-02
   8.2992700e-02
   8.2281900e-02
   1.7211800e-02
  -2.8181900e-02
  -2.6077200e-02
   3.0787300e-02
   1.0510500e-01
   7.5790400e-02
   1.1767500e-03
  -2.4638400e-02
  -7.8369200e-02
  -7.9380800e-02
  -5.6107800e-02
  -6.6589500e-02
  -1.1000000e-01
  -6.1272700e-02
   5.1608800e-02
   7.5887300e-02
  -4.0218600e-02
  -1.4168400e-01
  -1.1038600e-01
  -8.2443000e-02
  -1.0614000e-01
  -1.4228200e-01
  -7.9645900e-02
   4.7651300e-03
   2.9249500e-02
   1.2237500e-01
   1.6122000e-01
   1.3159100e-01
   1.0127700e-01
   3.1662200e-03
  -2.9163900e-03
   5.4099000e-02
   1.3892400e-01
   7.5406000e-02
   3.4552100e-02
   3.6594600e-02
   4.2491600e-03
   3.3689400e-02
   7.9486900e-03
   9.5945100e-03
  -3.4809000e-02
  -8.3806400e-02
  -7.4583100e-02
  -3.6501800e-02
  -1.4643100e-03
  -1.4148600e-02
  -7.6301300e-02
  -1.1901800e-01
   1.0707000e-02
   1.4441800e-01
   1.4754400e-01
   3.9660800e-02
  -1.8895400e-01
  -1.1551400e-01
   5.8629600e-02
   2.3360700e-02
  -6.8016100e-02
  -3.8728800e-02
   3.8074200e-02
   3.4072800e-02
   2.3822600e-02
   3.5950100e-02
   5.8717300e-02
  -3.9119400e-02
  -4.8088800e-02
  -3.9635300e-02
  -3.8367800e-02
  -2.3680900e-02
  -2.0414700e-02
  -8.1011300e-02
  -9.1050400e-03
   1.3483900e-01
   4.3616300e-02
  -7.0350200e-02
  -9.2885900e-02
  -1.1143100e-01
  -1.0987500e-01
  -4.1655400e-02
  -6.9993300e-02
  -9.0876100e-02
  -6.9273400e-02
  -1.2767100e-01
  -2.6319900e-02
   1.0230900e-01
   2.2485900e-01
   2.2779400e-01
   9.4530700e-02
   8.3434200e-02
   5.9622800e-02
  -3.7393000e-03
  -1.1343300e-02
  -8.8715300e-03
  -9.9493700e-03
  -6.2906300e-03
   7.4846100e-02
   1.2297100e-01
  -6.3446700e-03
  -9.6911800e-02
  -1.8089700e-01
  -2.1886200e-01
  -9.9608900e-02
  -9.0043000e-02
  -1.6945700e-01
  -1.7794900e-01
  -1.2865300e-01
  -3.5677800e-02
   3.7055500e-02
   4.0903900e-02
  -3.1162500e-03
  -2.7603700e-03
  -1.2556800e-02
   7.2933100e-02
   7.2163300e-02
   8.6862500e-02
   7.0506200e-02
   7.0151400e-02
   1.3865800e-01
   1.1646200e-01
   1.5887700e-01
   9.5728900e-02
   5.6953200e-02
   5.0200600e-02
   4.0255300e-02
   1.8002100e-02
   8.2341000e-02
   3.8554400e-02
  -4.1164900e-02
   1.4038400e-02
   6.8654400e-02
   1.5487100e-01
   7.0666300e-02
  -3.4100300e-02
  -6.0677200e-02
   3.0453800e-02
   1.1144000e-01
   9.4010700e-02
   5.2561300e-02
   4.2606800e-02
   6.2214900e-02
   8.7691500e-02
   1.7988800e-02
  -1.5989200e-02
  -5.0894000e-02
  -1.2082700e-01
  -1.4709600e-01
  -1.6991900e-01
  -1.0829600e-01
  -9.8962400e-02
  -1.4196000e-01
  -1.3066700e-01
  -6.4321600e-02
  -7.8072500e-02
  -1.3722200e-01
  -1.2283000e-01
  -2.5749900e-02
   8.4519200e-02
   5.2656100e-02
   4.6549000e-02
   2.7657800e-02
   8.8052500e-03
   3.7385800e-02
   2.7734200e-02
   3.3874000e-02
   4.3264500e-02
   5.8570500e-02
  -3.7334900e-02
  -4.3920200e-02
   8.5032100e-02
   5.4994300e-02
  -3.5934800e-02
  -7.4239400e-02
  -9.2166000e-02
  -4.5333500e-02
   4.0615300e-03
   8.1248900e-02
   7.0110600e-02
  -7.1206800e-03
  -9.1734700e-02
  -1.9351200e-02
   1.1333100e-01
   1.1240800e-01
   8.0500500e-02
   6.8702300e-02
   8.4756800e-02
   9.8523900e-02
   1.4188200e-01
   2.8969100e-02
  -5.4749600e-02
  -2.5366500e-02
   8.0200700e-03
   3.8082300e-02
   2.8348100e-03
  -7.9703000e-02
  -3.9969800e-02
  -5.1760800e-03
  -8.6322000e-02
  -1.3385600e-01
  -1.8526300e-01
  -7.9922300e-02
   4.3031000e-02
   2.4690400e-02
   4.5483400e-02
   1.0198900e-01
   9.4886600e-02
   5.9408600e-02
   1.1855600e-01
   1.0321900e-01
   5.0138400e-02
   4.8900500e-02
  -1.0809100e-01
  -1.1722200e-01
  -1.0324800e-01
  -1.2637200e-01
  -1.5763100e-01
  -1.4237100e-01
   5.4937200e-02
   7.1280200e-02
   1.1959100e-01
   1.0435600e-01
   6.9411100e-02
   2.7825000e-02
  -5.0656400e-02
   4.5432400e-02
   1.2489200e-01
   9.4110600e-02
  -3.4774400e-02
  -6.1196200e-02
  -3.8147600e-02
  -1.2389600e-03
   2.6533000e-02
   7.6074900e-02
   6.0319300e-02
   1.1247500e-02
  -3.6492600e-02
  -1.2821300e-01
  -1.1879400e-01
  -8.4541600e-02
  -1.1095000e-01
  -1.1164700e-01
  -1.6832400e-02
  -1.4811400e-02
  -1.0188900e-01
  -1.3193000e-01
   2.5286900e-02
   1.6537800e-02
  -1.1037400e-02
   4.4618700e-02
   3.9537500e-02
   9.7957000e-02
   1.1414100e-01
  -2.3425900e-02
  -1.0129700e-01
   4.2847500e-02
   1.7010000e-01
   1.3641400e-01
  -1.0532600e-02
  -2.7984100e-02
  -2.9992900e-02
  -7.3187100e-02
   1.7040500e-02
   5.2200300e-02
   7.7551400e-02
  -1.2114200e-03
  -6.4543900e-02
   5.9776800e-02
   6.8971600e-02
   1.3130700e-01
   4.5590500e-02
  -8.2938600e-02
  -2.0898100e-02
   5.4589500e-02
   9.7697000e-02
   7.4097700e-02
   2.8150300e-02
   2.2356300e-02
  -6.5989900e-02
  -8.1947400e-02
  -1.7215900e-02
   2.6824600e-02
   7.2143900e-02
  -4.5471200e-02
  -4.5174400e-02
   3.3153000e-02
   9.8219000e-02
   1.1906800e-01
   6.9404900e-02
  -5.7032700e-02
  -1.0103000e-01
  -1.6109500e-02
   9.7003500e-02
   1.3057900e-01
  -8.5431800e-03
  -7.2065400e-02
  -1.2455500e-01
  -1.2458200e-01
  -5.5702000e-02
  -9.6610900e-02
  -8.0670700e-02
  -1.3451100e-02
  -1.8315100e-02
  -8.5742800e-02
  -1.1634000e-01
  -1.4109700e-01
  -9.0261200e-02
   9.7362500e-02
   2.0993200e-01
   1.5597300e-01
   1.4006800e-02
   6.8453500e-02
   1.0394300e-01
  -4.8724100e-02
  -1.4414700e-01
  -3.7574500e-02
   6.8058900e-02
   3.5501400e-02
  -5.3025200e-02
  -8.2508300e-02
   5.4077600e-02
   5.9306700e-02
  -2.4799500e-02
  -1.0626200e-01
  -1.5273700e-01
  -3.9200900e-02
   8.4081700e-02
   7.2797500e-02
   1.2813800e-02
   1.2716900e-02
  -6.9784300e-02
  -1.3524100e-01
  -4.3405200e-02
   9.0820000e-02
   9.7192200e-02
   8.3392400e-03
  -1.4842000e-02
   2.0694100e-02
  -2.3616600e-02
  -5.5948800e-02
   2.0187300e-02
   3.3644500e-02
   5.6205700e-02
   8.3586100e-03
  -8.9941000e-02
  -5.5685700e-02
   1.4198700e-01
   2.1212700e-01
   1.0429000e-01
  -5.5034100e-03
  -9.4333900e-02
  -1.8135600e-02
   7.6345100e-02
   5.6652400e-02
  -2.2837600e-02
   1.4700200e-02
   5.4189800e-02
  -1.5592500e-02
  -1.0073400e-01
  -1.0133000e-01
  -1.6128800e-02
   4.8844400e-03
   5.5337900e-02
  -1.3991500e-02
  -1.1175600e-01
  -9.1113700e-02
  -6.0061300e-04
   1.4630900e-02
  -3.2905200e-02
  -3.2706400e-02
  -4.7920500e-02
  -3.9707700e-02
   8.1108200e-03
   1.1992700e-01
   1.0234200e-01
  -2.2509200e-02
   6.3569100e-03
  -1.7845000e-03
  -5.1630300e-02
  -8.1255100e-02
  -6.2314900e-02
   7.0085100e-02
   1.2934800e-01
   8.3309800e-02
  -4.4450400e-02
  -1.9413800e-01
  -1.6614000e-01
   1.6126800e-02
   1.4435100e-01
   2.9154700e-02
  -1.3644300e-01
  -5.4668000e-02
   6.8003900e-02
   1.0698900e-01
   1.7562600e-02
  -3.1392000e-02
  -2.0922500e-02
   3.3445700e-02
   6.1691800e-02
  -6.9685300e-02
  -1.1118200e-01
  -4.9850900e-02
   1.0284900e-02
  -6.7872300e-03
  -5.7313100e-02
  -1.5125500e-02
   5.4144900e-02
  -1.6409300e-02
  -2.5852900e-02
  -7.7141500e-03
   1.2511900e-02
   1.0668300e-02
  -1.7722700e-02
   7.3827400e-04
  -4.4508600e-02
  -3.2279100e-02
   2.9759400e-02
   3.8198600e-02
   8.9643200e-03
   1.5439500e-02
   5.4263200e-02
   4.7504500e-02
   6.1081000e-03
   1.6003400e-02
   8.3035500e-02
   1.0370200e-01
   6.4404200e-02
   9.7525600e-03
  -3.4354200e-03
   2.5241000e-02
   1.2047900e-02
   8.4391700e-03
  -1.3790600e-02
   2.1324300e-02
   6.2420900e-02
   1.4972500e-02
  -1.7131200e-04
  -5.6737000e-03
   2.5537800e-02
   3.3863700e-02
  -4.7930700e-02
  -6.5985800e-02
  -4.3242100e-02
   2.2704000e-02
   4.4861400e-02
  -2.8589800e-02
  -2.5371600e-02
  -1.7968400e-02
  -6.1753000e-02
  -7.9894700e-02
  -3.0011300e-02
  -9.9463100e-03
  -2.1516000e-03
  -5.8530700e-02
  -1.4058600e-01
  -1.4730100e-01
  -6.8162900e-02
   3.2570800e-02
   2.7629200e-02
  -4.3760100e-02
  -1.1557300e-01
  -7.6418500e-02
  -3.7445000e-02
   1.8813800e-02
   4.0358300e-02
   2.7399800e-03
   1.9115600e-02
   1.8648600e-02
   3.2158800e-02
   4.8526200e-02
   5.6504500e-02
   6.0902500e-02
   4.7402500e-02
   5.2580600e-02
   3.0880100e-02
   2.9260700e-02
   6.0117400e-02
   5.5769300e-02
   4.2339600e-02
   2.8268600e-02
   6.5197600e-02
   9.1418600e-02
   2.4642500e-02
   1.0700900e-02
   3.8384100e-02
  -6.7790700e-03
  -6.0764900e-03
   1.3578500e-02
   4.3694800e-03
  -1.7130200e-02
  -2.3476900e-02
  -1.4147500e-02
  -1.3093200e-03
  -8.5962100e-03
  -9.5445400e-03
   6.6261200e-03
   6.2202700e-05
  -4.4184300e-03
   1.1719600e-02
   8.1822000e-03
   8.2403300e-03
   5.0567700e-03
  -1.7342300e-02
   9.3202000e-04
   1.8325300e-02
   1.8854500e-03
  -1.7862400e-02
  -1.0145200e-02
  -2.5588800e-02
  -1.7346400e-02
  -2.8246100e-03
   7.3827400e-03
  -8.9735000e-04
  -7.3052500e-03
  -1.7362700e-02
  -4.9228800e-02
  -1.1441200e-03
   2.7515000e-02
   1.4883800e-02
  -9.8096700e-04
  -1.5988100e-02
  -3.2163900e-02
  -3.6044900e-02
  -3.5720600e-02
  -4.0067700e-02
  -3.7766200e-02
  -4.3681600e-02
  -3.6138700e-03
   1.4271900e-02
   1.0765100e-02
  -2.4801500e-02
  -2.9235300e-03
   2.6148600e-02
   7.5826100e-03
   1.8724000e-02
   4.0441900e-03
   1.4581900e-04
  -1.9140100e-03
  -1.8276400e-02
  -4.9474600e-02
  -1.3535700e-02
  -5.7338600e-03
  -1.7074100e-02
   1.7986800e-02
  -1.0478600e-02
  -3.3582300e-02
  -1.6489800e-02
   1.6179800e-02
   4.9763200e-02
   3.0048000e-02
  -1.8079600e-03
  -3.6138700e-03
   7.8875000e-03
   9.8657500e-03
   2.3713500e-02
  -1.0191000e-02
  -3.6640400e-02
  -4.6948700e-02
  -2.4823000e-02
   3.3158100e-02
   2.2384800e-02
   9.3365200e-03
  -4.2083700e-03
  -3.1359300e-02
  -5.7127500e-02
  -5.7899500e-03
   2.6175100e-02
   2.8158400e-02
   3.8811400e-02
   4.3432800e-02
   3.1743800e-02
   2.0567700e-02
   3.8265900e-02
   2.4474200e-02
   2.5462300e-02
   3.2616600e-02
   3.6111200e-02
   2.0644100e-02
  -9.6128600e-03
  -1.8818900e-02
  -5.2943600e-03
   7.7325100e-03
   2.0581900e-02
   4.5479300e-03
  -1.0092100e-02
  -1.1038400e-02
  -7.9976300e-03
  -3.9238700e-03
  -2.4692400e-02
  -4.0960000e-02
  -1.3792700e-02
   2.6443300e-02
   2.3903200e-02
   1.0719200e-02
   1.0494900e-02
   1.1506500e-02
   2.2545900e-03
  -1.4907200e-02
  -2.3121000e-02
  -1.5894300e-02
   1.2399700e-03
   5.2821300e-03
  -2.2880400e-02
  -3.2850200e-02
  -2.0792000e-02
  -9.8188400e-03
  -5.8858000e-03
   9.0826100e-03
   7.5326400e-03
   2.4605700e-03
  -9.8769700e-03
   4.9894700e-03
   1.3019700e-02
  -3.7780500e-03
   6.9779200e-03
  -9.9534500e-03
   1.3234900e-02
   1.0866100e-02
  -1.6325700e-02
   8.5860100e-04
   9.7841800e-03
  -9.8881900e-03
  -1.6244100e-02
  -2.4039800e-02
  -2.1117300e-02
  -6.2488200e-03
  -7.7212900e-03
   1.3332800e-02
   1.1763400e-02
   1.3664200e-03
  -2.5564300e-03
  -1.1240300e-02
  -2.7559900e-02
  -3.9388600e-02
  -2.1478300e-02
  -5.1057200e-03
  -1.4600300e-02
  -3.2178200e-02
  -2.0538100e-02
   1.0647900e-02
   3.4128900e-02
   1.8078500e-02
  -2.1273300e-02
  -2.4480300e-02
   3.3395700e-03
   3.0927000e-02
   2.9041500e-02
  -1.3071700e-02
  -1.2805600e-02
   6.6373300e-03
  -3.7749900e-03
  -1.1629900e-02
  -6.3222400e-03
   2.9922600e-02
   2.2601000e-02
   1.1146500e-02
   2.5490900e-02
   7.2002200e-03
   8.0996000e-03
   3.1572500e-02
   4.5624100e-02
   5.9971500e-02
   5.4011300e-02
   3.9354900e-02
   1.9428600e-02
  -5.0292400e-03
   5.6808400e-03
   1.8432400e-02
   1.4287200e-02
   2.3029300e-02
   1.6726400e-02
  -1.7512600e-02
  -1.9699900e-02
   1.8325300e-02
   4.2992200e-02
   2.0376000e-02
  -1.2044900e-02
  -1.0342000e-02
  -1.7732900e-02
  -2.6333200e-02
  -9.5598400e-03
   3.2732900e-03
  -4.2032700e-03
  -2.1171300e-02
  -1.3068700e-02
   3.1988500e-03
   8.8909000e-03
  -4.6193100e-03
  -7.3215600e-03
   6.2896100e-03
   4.6499100e-03
   9.3263200e-03
   1.6244100e-02
   8.4972900e-03
  -1.7692100e-03
  -1.2424200e-02
  -2.9091500e-02
  -2.8294100e-02
  -2.8492900e-02
  -2.1068300e-02
  -9.5200700e-03
  -6.2314900e-03
  -6.1142200e-03
  -1.9887500e-02
  -1.5249900e-02
  -8.3382200e-03
  -1.3270600e-02
  -2.1525200e-02
  -1.2972800e-02
   7.5275400e-03
   2.9969500e-03
   5.1352900e-03
  -1.1828700e-04
  -5.2056500e-03
   1.1755300e-02
   3.2095600e-02
   4.2786300e-02
   1.9975200e-02
  -5.3157800e-03
  -4.5622100e-03
   6.2671700e-03
  -6.2110900e-03
  -1.1455500e-02
   9.6883200e-03
   2.2941600e-02
   1.2423200e-02
  -1.2488500e-02
  -8.9714600e-03
  -1.1795100e-02
  -1.0008500e-02
  -9.8474000e-03
  -2.3569700e-02
  -1.6583600e-02
   6.2141500e-03
   2.8714200e-02
   2.6498300e-02
   2.7031700e-02
   3.3632300e-02
   4.1785900e-02
   3.0416100e-02
   1.6032000e-02
   5.3025200e-05
  -1.7085300e-02
  -1.3088000e-02
  -5.3718600e-03
  -3.5486100e-03
  -3.3497700e-03
  -1.8589400e-03
  -1.4644100e-02
  -1.5907600e-02
  -1.3654000e-02
  -1.9169600e-02
  -1.4926600e-02
   4.7620700e-03
   1.2680200e-02
   1.6611200e-03
  -7.4214900e-03
   9.9422300e-04
   1.2247800e-02
  -1.8966700e-04
  -3.8015000e-03
  -8.5207500e-03
  -2.0268900e-02
  -2.5235900e-02
  -1.9389900e-02
  -6.7984500e-03
   6.7698900e-03
  -6.2896100e-03
  -3.5099700e-02
  -2.8287900e-02
  -1.4140400e-02
  -8.0690100e-03
  -1.8518000e-02
  -1.5025500e-02
   2.8083000e-03
   6.3120400e-04
   3.6516000e-03
   1.3804900e-02
   1.3669300e-02
   1.7712500e-02
   8.2240100e-03
  -9.5832900e-03
  -1.0682500e-02
  -3.9503800e-03
   2.3237300e-02
   2.7268200e-02
   8.2984500e-03
  -6.8137400e-03
  -2.0251600e-03
   1.1908200e-02
   5.1536500e-03
   3.3089800e-03
   7.5357000e-03
   1.2568000e-02
   1.8263100e-02
   1.1676800e-02
  -1.3771300e-02
  -2.4860700e-02
  -1.2622100e-02
   6.9748600e-03
   1.1549300e-02
  -6.7607200e-04
  -1.1025200e-02
  -2.3223000e-02
  -1.7486100e-02
   1.1339200e-02
   1.7950100e-02
  -3.5496300e-03
  -8.7654800e-03
   4.2970800e-03
   7.3123800e-03
   7.9242100e-03
   1.2590400e-02
   3.3395700e-03
  -6.3202000e-03
  -1.1508500e-02
  -1.2619000e-02
  -6.4140100e-03
  -1.0479600e-02
  -1.6328700e-02
  -1.1813400e-02
  -1.2477200e-02
  -8.4616000e-03
  -1.0874300e-02
   5.4962700e-04
   1.4604400e-02
   1.4316800e-03
  -5.2953800e-03
   1.4734900e-03
   1.2845400e-02
   1.0574500e-02
  -1.0584600e-03
  -6.2631000e-03
  -7.8355000e-03
  -1.1517700e-02
  -2.4850500e-03
   1.6693800e-02
   1.2459900e-02
   5.6288300e-03
   1.4950100e-02
   9.9697600e-03
   2.8552000e-04
  -5.9785900e-03
  -2.0537100e-03
   1.1707400e-02
   8.4901500e-03
   1.4602300e-03
   5.9316900e-03
   1.5766800e-02
   2.2104400e-02
   1.4932700e-02
   1.4449400e-03
   1.0921200e-03
   7.6519500e-03
  -4.0819200e-03
  -2.1156000e-02
  -1.6883400e-02
  -1.5336500e-03
   1.4440200e-02
   1.1543200e-02
  -2.5074800e-03
  -6.6720000e-03
  -2.8276700e-03
   6.7260500e-03
   5.9796100e-03
   4.9792700e-03
  -1.0441900e-03
  -6.7933500e-03
  -1.2124400e-02
  -1.1637000e-02
   4.4357600e-03
   4.9252300e-03
   1.2031600e-02
   1.0190000e-02
  -2.0049700e-02
  -4.0252300e-02
  -2.7495600e-02
  -1.0846700e-02
  -9.4639800e-03
  -3.8076200e-03
  -4.3572500e-03
  -3.7087100e-03
  -3.8300500e-03
  -1.5030600e-03
  -3.0193800e-03
  -1.0545900e-02
  -2.8858000e-03
   9.5455600e-03
  -1.6295100e-03
  -1.4028200e-02
   4.7212800e-04
   2.1783200e-02
   2.6601300e-02
   1.2548600e-02
   3.9819900e-03
   4.6509200e-03
   5.5931400e-03
   1.7029300e-04
   4.5010300e-03
   5.7287600e-03
  -1.1543200e-03
  -2.9979700e-04
   6.7556200e-03
   1.5265200e-02
   1.4191400e-02
   1.2692400e-02
   9.2896100e-03
   1.5173400e-03
  -7.2807700e-03
  -4.3592900e-03
   2.0985800e-03
  -1.2848400e-04
  -9.0754700e-04
  -2.0180200e-03
   7.4469900e-03
   9.2926700e-03
   7.1043600e-03
   3.8698200e-03
  -8.0894100e-03
  -1.4230100e-02
  -1.3269600e-02
   2.9989900e-03
   1.0694800e-02
   8.5350200e-03
  -3.0713800e-03
  -2.0624800e-02
  -2.2056500e-02
  -1.4882800e-02
  -5.4656800e-03
  -9.2478000e-03
  -1.2587400e-02
  -9.1509300e-03
  -7.9741800e-03
  -2.1903500e-03
   8.2433800e-03
   1.5089800e-02
   5.7267300e-03
  -1.3256300e-04
  -1.2889200e-03
  -2.6991900e-03
   6.1183000e-06
   7.1278200e-04
   7.6988600e-04
  -7.6223800e-03
  -1.0503100e-02
  -1.0570400e-02
  -4.0268600e-03
   1.8650600e-03
  -1.7110800e-03
  -3.1356300e-03
  -1.0089100e-02
  -1.2082600e-02
  -1.1797100e-02
  -1.3829400e-02
  -1.5259000e-02
  -1.2382400e-02
  -5.9847100e-03
  -4.6346100e-03
  -1.6631600e-03
  -1.5887200e-03
   1.1237300e-03
   6.6077600e-04
  -1.8752600e-03
  -2.4167300e-03
   1.6213500e-04
   8.2107500e-03
   4.0717300e-03
   7.0360400e-03
   1.8976900e-02
   1.4672700e-02
   7.5367200e-03
   4.3368500e-03
   3.5557500e-03
   4.9996700e-03
   6.0316200e-03
   1.7955200e-02
   1.9740700e-02
   3.8759400e-03
  -3.7199200e-03
  -7.0370600e-03
  -6.4282900e-03
   2.7879000e-03
   6.8351600e-03
   1.0849800e-02
   1.1780800e-02
   7.1471900e-03
   4.9435800e-03
   7.1369900e-03
   1.5376300e-02
   1.8440500e-02
   1.1919500e-02
   1.7641100e-03
  -1.0462300e-03
   7.4367900e-03
   1.1938800e-02
   3.1611200e-03
  -8.5023900e-03
  -1.7931700e-02
  -1.8262100e-02
  -6.8280200e-03
   6.4435800e-03
   1.4035400e-02
   1.5851500e-02
   1.0714200e-02
   5.7695500e-03
   4.0003500e-03
  -2.6390300e-03
  -7.4694200e-03
  -6.6556900e-03
   4.0788600e-04
  -7.5153100e-04
  -9.4354300e-03
  -9.9269400e-03
   2.5238000e-03
   3.6944300e-03
  -5.0985800e-05
   2.1872900e-03
  -2.1210100e-04
  -4.4969500e-03
  -6.5047700e-03
   1.1798100e-03
   5.5819300e-03
   1.3418400e-02
   1.9557100e-02
   1.8659800e-02
   7.4520800e-03
  -4.3582700e-03
  -5.1679200e-03
   2.5870200e-03
   1.4934800e-02
   1.4279100e-02
   6.6332500e-03
  -5.9755400e-04
  -6.1458300e-03
  -1.6393000e-02
  -1.8912700e-02
  -1.4229100e-02
  -4.9007500e-03
   1.7671700e-03
   5.6084400e-05
   4.1706400e-04
  -2.4646500e-03
  -1.2858600e-03
   1.6488800e-03
   5.4544600e-03
   8.9520900e-03
   5.5941600e-03
   5.2821300e-03
   1.0951800e-02
   1.2935100e-02
   1.5121400e-02
   8.0292400e-03
  -3.1509200e-04
  -1.0989500e-02
  -1.4215900e-02
  -6.0560900e-03
  -6.1866200e-03
  -9.0785300e-03
  -7.0778500e-03
  -1.2274300e-02
  -1.6193100e-02
  -9.5149700e-03
  -9.5465800e-03
  -1.2653700e-02
  -1.6933400e-02
  -8.0975600e-03
  -4.8589500e-03
   2.3473900e-03
   3.6658800e-03
   8.7593600e-04
  -3.0734200e-03
  -1.4954100e-02
  -1.2308000e-02
  -7.8273400e-03
  -9.6975000e-04
   2.2902800e-03
   4.2002100e-03
   5.8093200e-03
   1.0594900e-03
  -5.5482800e-03
  -1.4801200e-02
  -1.5174400e-02
  -1.2557800e-02
  -1.5482400e-02
  -2.2246100e-02
  -1.9879400e-02
  -1.3962000e-02
  -1.0635600e-02
  -6.0316200e-03
  -9.0785300e-03
   1.0911000e-03
   6.2875700e-03
   3.9503800e-03
   6.3100000e-03
   6.1070800e-03
   9.8045700e-03
   1.2309000e-02
   1.3018700e-02
   1.2126500e-02
   7.2828100e-03
   1.3674400e-03
   2.7644500e-03
   5.6400500e-03
   8.3096700e-03
   1.3509200e-02
   1.1167900e-02
   3.0642500e-03
   7.1890000e-04
   1.4708400e-02
   2.0257700e-02
   1.2286600e-02
   1.3711100e-02
   1.9828400e-02
   1.6837500e-02
   9.3171500e-03
   3.6883100e-03
  -4.2624100e-04
  -2.7654700e-03
   1.9609100e-03
   5.6237300e-03
   3.9809700e-03
  -6.3222400e-04
  -4.8701600e-03
  -5.7685300e-03
  -5.2066700e-03
  -1.0390900e-03
   4.1074200e-03
   1.7590100e-03
  -2.7664900e-03
  -2.5982400e-03
  -7.4021200e-03
  -9.9442700e-03
  -1.0524500e-02
  -7.8752700e-03
  -6.4772400e-03
  -7.9191100e-03
  -5.6665600e-03
  -1.4602300e-03
  -1.1502400e-03
  -9.0142900e-04
  -2.7297800e-03
  -2.1352800e-03
   6.9177500e-03
   7.4062000e-03
   7.4113000e-03
   7.8885200e-03
   7.9262500e-03
   9.0897500e-03
   2.3504500e-03
   5.1414100e-03
   7.7569800e-03
   8.7695600e-04
  -7.6988600e-03
  -8.8378800e-03
  -1.0635600e-03
   1.4337200e-03
   2.3606400e-03
   1.6335900e-03
  -3.1815100e-04
  -2.2036100e-03
  -1.7243400e-03
  -6.6607800e-03
  -8.9255800e-03
  -2.0129200e-03
   4.2379400e-03
   1.4245400e-03
  -1.0238000e-03
   3.0928000e-03
   8.1546700e-03
   6.8545300e-03
   6.9340700e-05
   4.9252300e-04
   3.2712500e-03
   1.2828000e-03
   6.7301300e-04
  -2.2464400e-03
  -1.1950100e-02
  -1.5673000e-02
  -1.0379700e-02
  -7.6244200e-03
  -7.9558200e-03
  -7.6478700e-03
  -8.3198600e-03
  -7.3735700e-03
  -7.5224500e-03
  -7.7559600e-03
  -6.0938200e-03
   5.0873600e-03
   9.5170100e-03
   2.6247500e-03
  -4.9476600e-03
  -7.0289000e-03
   1.0911000e-03
   9.6342800e-03
   9.0805700e-03
  -1.6876300e-03
  -7.4072200e-03
  -7.7080300e-03
  -6.0346800e-03
  -1.7875600e-03
   6.2304600e-04
  -2.6461600e-03
   2.5900800e-04
   9.6434500e-03
   1.1787900e-02
   6.7484800e-03
   1.4979600e-03
  -2.3514700e-03
  -2.3698200e-03
  -7.0870300e-04
  -1.3021800e-03
   3.8433100e-03
   4.7641100e-03
   6.2712500e-04
  -6.1111600e-03
  -9.6108200e-03
  -3.8718600e-03
   2.4860700e-03
  -3.0938200e-03
  -6.1417500e-03
   6.4038200e-04
   6.1060600e-03
   7.5764900e-03
   8.5023900e-03
   8.6257800e-03
   4.5764900e-03
   6.4374700e-03
   4.0187000e-03
   3.0489500e-04
  -3.6913700e-04
   9.8096700e-04
   3.9901500e-03
  -1.0452100e-03
  -5.8858000e-03
  -1.2807600e-02
  -1.5580200e-02
  -1.1713500e-02
  -7.2522200e-03
  -1.0125800e-02
  -9.5802300e-03
  -8.8103500e-04
   3.8045600e-03
   4.6458300e-03
   4.9843700e-03
   3.1917100e-03
   2.0129200e-03
   9.5506600e-03
   1.3133900e-02
   1.0221600e-02
   6.4415500e-03
   7.3215600e-04
  -5.6186300e-04
   4.1023200e-03
   4.5428400e-03
   3.2549300e-03
   6.4721400e-03
   1.0918100e-02
   1.2375300e-02
   7.9966100e-03
  -3.4782500e-03
  -4.4582000e-03
  -1.0013600e-03
  -4.2756700e-03
  -1.1528900e-02
  -9.2151700e-03
  -7.5866900e-04
   2.8266500e-03
   2.1454800e-03
   6.7260500e-03
   1.1574800e-02
   6.0652700e-03
  -1.2236600e-05
  -5.8327800e-04
  -2.5513300e-03
  -2.5421500e-03
   3.5384200e-03
   5.0700300e-03
  -1.5305900e-03
  -7.8089800e-03
  -3.2376000e-03
  -2.4605700e-03
  -3.4497000e-03
  -1.6529600e-03
   2.5136000e-03
   4.5662900e-03
   2.0057800e-03
   3.0081600e-04
  -1.2511900e-03
  -7.8926000e-03
  -1.1089400e-02
  -1.1589100e-02
  -8.0639100e-03
  -5.4850500e-03
  -4.1349500e-03
  -4.0605100e-03
  -6.9279500e-03
  -7.0187000e-03
  -6.6434500e-03
  -2.1301900e-03
   1.8150900e-03
   2.1403800e-03
  -3.0469100e-03
  -3.3273300e-03
   2.3341300e-03
   3.9167300e-03
   5.4656800e-04
  -3.5282200e-03
  -2.7042900e-03
  -4.0788600e-06
   7.6682600e-04
   3.5934800e-03
   4.0676500e-03
  -1.4418800e-03
  -3.2080300e-03
   2.5686600e-03
   5.7715900e-03
   7.0340000e-03
   6.5088500e-03
   2.3433100e-03
   4.7314800e-04
   4.4969500e-04
   4.6468500e-03
   6.2233300e-03
   5.9143500e-05
  -1.1155700e-03
   4.4286300e-03
   9.6781200e-03
   4.9802900e-03
  -2.0108800e-03
  -2.6675800e-03
  -1.4123100e-03
  -2.8144200e-03
  -5.5462400e-03
  -2.3626800e-03
   4.1543200e-03
   6.8800200e-03
   5.6064000e-03
   1.7427000e-03
  -6.5894000e-03
  -1.0390900e-02
  -8.5329800e-03
  -6.2681900e-03
  -6.0775100e-03
  -5.5962000e-03
  -2.3188300e-03
  -4.2664900e-03
  -4.6152300e-03
   2.8103400e-03
  -1.1624800e-03
  -6.2763500e-03
  -2.6186300e-03
  -1.6244100e-03
  -7.9843800e-04
   2.6645200e-03
   3.2559500e-03
   4.5550700e-03
   1.6957900e-03
  -3.6332500e-03
  -1.7977600e-03
   1.3664200e-04
  -1.2134600e-03
  -3.8045600e-03
   2.7838200e-04
  -1.3072800e-03
  -4.8344700e-03
  -2.1516000e-03
  -1.9272600e-04
   3.6301900e-04
  -2.0159800e-03
   2.5166600e-03
   6.0499700e-03
   5.9480000e-03
   7.7202700e-03
   1.4806300e-03
   7.1788000e-04
   6.0632300e-03
   9.0224500e-03
   6.6822000e-03
  -6.2712500e-04
  -1.0390900e-03
   9.3915800e-04
   2.7603700e-03
   4.7355600e-03
   5.3422900e-03
   6.1590900e-03
   7.4072200e-03
   1.6407200e-03
  -1.8079600e-03
  -3.1621400e-03
  -2.9449400e-03
   2.8286900e-03
   1.8650600e-03
   2.6380100e-03
   4.3337900e-04
  -2.0088400e-03
   1.9629500e-03
   9.5629000e-03
   8.6920600e-03
   9.8606500e-04
  -2.5044200e-03
  -2.0649300e-03
   7.4643200e-04
  -1.6478600e-03
  -2.6298500e-03
   1.1492200e-03
  -8.6471900e-04
  -6.0693500e-03
  -6.5190500e-03
  -4.6111600e-03
  -6.3691500e-03
  -1.0501000e-02
  -6.9728200e-03
  -4.0187000e-03
  -4.2695500e-03
  -1.9925300e-03
  -1.0778400e-03
  -2.7654700e-03
  -5.0221000e-03
  -7.0085100e-03
  -5.9245500e-03
  -1.4388200e-03
   1.3664200e-04
   5.1495700e-04
  -4.4051700e-04
   1.0727400e-03
   7.8110200e-03
   7.3725500e-03
   9.9208200e-03
   8.6533100e-03
   2.2790600e-03
   3.6709800e-04
  -6.2916500e-04
   1.1196500e-03
   5.9347500e-04
   9.1774500e-05
  -5.7410000e-04
  -8.7083800e-04
  -1.2746500e-03
   1.0197200e-04
   1.4989800e-04
   4.8018400e-03
   5.7930100e-03
   5.9816500e-03
   9.0713900e-03
   6.3987200e-03
   1.4724700e-03
  -4.6233900e-03
  -2.4259000e-03
   1.4480000e-04
  -1.6733500e-03
  -6.3956600e-03
  -5.9765600e-03
  -2.9041500e-03
  -1.6203300e-03
  -7.0360400e-04
   1.6223700e-03
   2.9225100e-03
  -9.0448800e-04
  -3.0285600e-03
  -7.8110300e-04
   3.3416100e-03
   5.1597600e-04
  -2.7532300e-05
   3.7913000e-03
   3.7158500e-03
   1.6570400e-03
   2.2525500e-03
   1.8242700e-03
   2.1567000e-03
   3.7525600e-03
   2.3800200e-03
   1.6601000e-03
  -2.1159100e-03
  -1.8416100e-03
   5.2005500e-03
   6.4079000e-03
   8.3423000e-03
   7.5326400e-03
   3.7729500e-03
   1.9425600e-03
   1.1951100e-03
   2.7420200e-03
   2.2964000e-03
   2.8552100e-05
  -2.4044900e-03
  -4.7600400e-03
  -1.7814400e-03
   8.9786000e-03
   8.8858000e-03
  -5.8633700e-04
  -4.4398400e-03
  -2.7766900e-03
  -3.3793400e-03
  -2.9551400e-03
  -4.6805000e-04
   3.1611200e-05
  -3.3579200e-03
  -5.8154400e-03
  -2.4615900e-03
   3.8749200e-05
   3.2834900e-03
   4.8436500e-04
  -2.7114200e-03
  -5.4952500e-03
  -6.4099300e-03
  -4.9548000e-03
  -8.3514800e-04
   4.0554100e-03
  -1.3654000e-03
  -2.3881800e-03
   3.4364400e-04
   3.3100000e-03
   2.6645200e-03
   6.9952500e-04
  -1.5530300e-03
  -3.3446700e-03
  -8.4432500e-04
  -2.8521500e-03
  -6.0877000e-03
  -4.2134700e-03
  -2.5390900e-04
  -5.0475900e-04
  -1.1736900e-03
  -3.9248900e-03
  -2.8756000e-03
   1.9690700e-03
   1.2532300e-03
  -1.1186300e-03
  -3.0734200e-03
  -2.7053100e-03
   2.6818500e-03
   7.0187000e-03
   6.4160500e-03
   4.5244800e-03
   3.6872900e-03
   5.2168700e-03
   3.9044900e-03
   4.1237300e-03
   5.5044300e-03
   3.1580600e-03
   2.3963300e-04
  -9.5751300e-04
  -1.8864800e-03
  -3.1335900e-03
  -2.0292300e-03
  -8.5452200e-04
   3.0081600e-04
   2.9194500e-03
   1.8456900e-03
   1.3409300e-03
   3.8912400e-03
   1.5469100e-03
  -9.1672500e-04
   1.3664200e-04
   2.1577200e-03
   1.5938200e-03
  -4.5071500e-04
  -1.4969400e-03
  -4.0788600e-06
  -3.2325000e-04
  -1.7957200e-03
  -4.4531000e-03
  -6.3028700e-03
  -1.7376000e-03
   7.4643200e-04
   8.7899500e-04
  -8.6981800e-04
   4.3847800e-04
   3.2845100e-03
   3.8922600e-03
   2.9704300e-03
   1.0054400e-03
  -4.6091200e-04
  -8.1373300e-04
  -5.4554800e-04
  -8.6675900e-04
   5.5064700e-04
   1.1349400e-03
  -5.1903500e-04
  -2.3443300e-03
  -2.4391600e-03
  -8.0353600e-04
   2.2862000e-03
   4.1543200e-03
   4.9425600e-03
   1.8711800e-03
  -3.4211500e-03
  -5.5533700e-03
  -2.8184900e-03
   2.6818500e-04
  -1.5224400e-03
  -4.9048300e-03
  -5.4534400e-03
  -4.7641100e-03
  -6.1692800e-03
  -7.0003500e-03
  -8.4422300e-03
  -6.9422300e-03
  -5.6706400e-03
  -4.3919200e-03
  -2.6910300e-03
  -1.7773700e-03
  -2.3596200e-03
  -2.1057100e-03
   2.7532300e-05
   1.0900800e-03
   1.3541800e-03
  -3.4772300e-04
  -1.6601000e-03
   1.7335200e-05
  -3.2936800e-04
  -1.6346000e-03
  -1.6233900e-03
  -1.0707000e-03
  -6.7403200e-04
  -1.5132600e-03
  -1.4520800e-03
   6.2814500e-04
  -5.5064700e-05
  -2.0588100e-03
  -1.8864700e-04
   2.3229100e-03
   1.3776400e-03
  -1.8946300e-03
  -2.2331800e-04
   2.0190400e-03
   3.6373300e-03
   4.2420200e-03
   4.5887200e-03
   2.4779100e-03
   1.0605100e-04
   2.5798800e-04
  -1.7447300e-03
  -4.1930700e-03
  -4.4653400e-03
  -2.8205400e-03
  -2.3565600e-03
  -2.6257700e-03
  -2.3637000e-03
  -2.2535700e-04
   6.6893400e-04
  -1.9680500e-04
  -1.0778400e-03
  -2.0292300e-03
  -3.9238700e-03
  -3.3834200e-03
   5.2923300e-04
   1.3878300e-03
   4.6703000e-04
  -5.2107500e-04
  -2.2454200e-03
  -1.7722700e-03
  -1.8589400e-03
  -1.8365100e-03
   2.3045600e-04
   2.6002800e-04
   4.1604400e-04
   1.5907600e-03
   4.4836900e-03
   4.9619400e-03
   4.1114900e-03
   3.7545900e-03
   1.2817800e-03
   2.6798100e-03
   3.0489500e-03
   2.5543900e-03
  -2.7022500e-04
  -3.5598300e-03
  -3.5435100e-03
  -1.4184300e-03
   9.7484900e-04
  -3.5588100e-04
  -8.0455600e-04
  -2.3504500e-03
  -8.6369900e-04
   2.3545200e-03
   4.0921200e-03
   4.1451500e-03
   3.2702300e-03
   2.1179500e-03
  -4.9558200e-04
  -1.5764800e-03
  -1.6815100e-03
  -2.6757300e-03
  -1.8028600e-03
  -7.1380100e-06
   4.0584700e-04
  -3.7219600e-04
  -1.6611200e-03
  -1.5744400e-03
  -8.9327100e-04
  -6.5057900e-04
  -7.7498400e-04
  -1.6611200e-03
  -7.1584100e-04
  -1.4785900e-04
  -7.5255000e-04
  -2.5187000e-03
  -1.9078900e-03
  -7.3419600e-04
  -6.0163200e-05
   1.8242700e-03
   3.5516700e-03
   3.4201300e-03
   2.2535700e-04
   1.2777000e-03
  -1.5397700e-04
  -1.7110800e-03
   5.5574500e-04
   3.2253600e-03
   2.7114200e-03
   1.3725400e-03
   2.3718600e-03
   2.1852500e-03
   2.4565000e-03
   1.0217600e-03
  -7.4643200e-04
   9.6261200e-04
   2.7950400e-03
   2.3055800e-03
   1.1951100e-03
   2.7440600e-03
   4.3858000e-03
   3.2916400e-03
   3.9412000e-03
   5.2352200e-03
   6.0244800e-03
   6.4089200e-03
   5.2964100e-03
   3.6587400e-03
   1.8497700e-03
   1.8150900e-03
   2.4218300e-03
   2.1923900e-03
   2.6114900e-03
   3.4344000e-03
   1.9099300e-03
   1.1492200e-03
   2.1587400e-03
   2.2637700e-03
   6.9850600e-04
  -1.3684600e-03
  -2.6818500e-03
  -2.4299800e-03
  -1.6876300e-03
  -9.9524300e-04
  -3.3385500e-03
  -5.5023900e-03
  -4.5652700e-03
  -4.6397100e-03
  -5.0414800e-03
  -5.8358400e-03
  -2.8113600e-03
  -3.3762800e-03
  -6.3538500e-03
  -5.9755400e-03
  -3.0724000e-03
  -2.3535100e-03
  -4.2379400e-03
  -3.6495600e-03
  -2.4840300e-03
  -1.6376600e-03
  -1.6080900e-03
  -1.6458200e-03
  -3.1723400e-03
  -2.8949700e-03
  -3.2977600e-03
  -3.4915100e-03
  -3.4782500e-03
  -1.1573800e-03
   1.4836900e-03
   5.6594200e-04
   3.5180200e-04
  -2.0394300e-06
  -5.4554800e-04
  -6.1081000e-04
   2.7022500e-04
   1.0880400e-03
   1.3154300e-03
   1.7712500e-03
   2.4932100e-03
   1.8813800e-03
   5.0883800e-04
   1.0401100e-04
  -6.3936200e-04
  -7.4949100e-04
  -6.8219000e-04
  -6.6893400e-04
   5.6288300e-04
   1.6743700e-03
   2.6329100e-03
   9.4425700e-04
   5.3229200e-04
   2.2066700e-03
   1.4755300e-03
   1.6794700e-03
   3.2477900e-03
   5.1108200e-03
   4.7192500e-03
   2.8348100e-03
   1.1533000e-03
  -7.4235300e-04
  -1.5673000e-03
  -8.8001500e-04
   4.8334500e-04
  -1.0064600e-03
  -2.6522800e-03
  -2.3769600e-03
  -6.6077600e-04
  -2.1567000e-03
  -3.6159100e-03
  -1.5846400e-03
  -2.4575200e-04
   1.7947000e-04
   9.4833600e-05
   1.1390200e-03
   1.3164500e-03
   1.2644500e-03
   7.3623500e-04
   2.4259000e-03
   3.4099300e-03
   2.4575200e-03
   2.2637700e-03
   4.6335900e-03
   5.0027300e-03
   3.8820600e-03
   2.4310000e-03
   1.1135300e-03
   3.9208100e-03
   5.5085100e-03
   4.1991900e-03
   3.2702300e-03
   2.2168600e-03
   9.3915800e-04
  -6.2100700e-04
  -3.6526200e-03
  -3.2049700e-03
  -3.0642500e-03
  -4.8314200e-03
  -5.7063300e-03
  -5.5492900e-03
  -5.6757400e-03
  -5.5380800e-03
  -6.4231900e-03
  -6.1907000e-03
  -4.0166600e-03
  -2.6736900e-03
  -1.5346700e-03
  -2.1770900e-03
  -2.7981000e-03
  -3.5384200e-03
  -1.7987800e-03
   1.1420800e-03
   2.2525500e-03
   2.2974200e-03
   2.3147500e-03
   1.7702300e-03
   1.1318900e-03
   1.4398400e-03
   5.9449500e-04
  -8.4228500e-04
  -3.9768900e-05
   1.8548600e-03
   3.2008900e-03
   3.1621400e-03
   2.1026500e-03
   2.2668300e-03
   3.6434400e-03
   4.2063300e-03
   5.4687400e-03
   5.4738400e-03
   5.5921200e-03
   5.9459600e-03
   5.7073500e-03
   5.9204700e-03
   4.0238000e-03
   4.1390300e-03
   4.1186300e-03
   4.3603100e-03
   5.0914400e-03
   5.3055800e-03
   4.5193800e-03
   2.7562900e-03
   1.6325700e-03
   1.2613900e-03
   4.8742400e-04
   2.5798800e-04
   2.4473200e-04
   1.6631600e-03
   4.4806300e-03
   5.1750600e-03
   3.4191100e-03
  -4.1910300e-04
  -1.1155700e-03
  -6.4344100e-04
  -7.2501800e-04
  -7.3827400e-04
  -6.9340700e-04
  -2.2698900e-03
  -2.3096600e-03
  -1.7885800e-03
  -3.3212200e-03
  -5.7501800e-03
  -6.5221000e-03
  -5.1332500e-03
  -3.3242700e-03
  -1.0972100e-03
  -5.5982400e-04
  -1.8803600e-03
  -4.5377400e-03
  -4.2726100e-03
  -2.1638400e-03
  -1.1074100e-03
  -1.1482000e-03
  -1.2940200e-03
  -2.3259700e-03
  -2.9847100e-03
  -4.4745100e-03
  -4.6335900e-03
  -5.6237300e-03
  -4.1838900e-03
  -4.1125200e-03
  -5.9500400e-03
  -5.2025900e-03
  -3.6036800e-03
  -2.6512600e-03
  -3.1356300e-03
  -2.0404500e-03
  -2.5564300e-03
  -2.6431000e-03
  -1.8059200e-03
  -1.3083000e-03
  -4.1502400e-04
   3.1509200e-04
  -1.2471100e-03
  -1.6703000e-03
  -1.4388200e-03
   1.0656000e-03
   3.9911700e-03
   4.9262500e-03
   5.2586800e-03
   3.5323000e-03
   1.3817200e-03
  -5.4452800e-04
  -1.4541200e-03
  -1.4796100e-03
  -2.1210100e-04
  -3.6709800e-05
   7.6478700e-05
   1.4398400e-03
   1.1298400e-03
   2.8970100e-03
   3.1264500e-03
   2.6859300e-03
   2.8705000e-03
   3.2447400e-03
   2.4595500e-03
  -4.7314800e-04
   7.5153100e-04
   2.3147500e-03
   1.2144800e-03
  -2.3320900e-03
  -3.0601700e-03
  -2.5533700e-03
  -2.3708400e-03
  -7.9231900e-04
  -1.0299100e-03
  -1.4204600e-03
  -1.7579900e-03
  -9.8096700e-04
   4.1196500e-04
  -1.4683900e-04
   2.9571800e-05
   1.6356200e-03
   4.4357600e-04
   9.5853300e-05
   7.1992000e-04
   8.8307400e-04
   2.7909600e-03
   3.3161200e-03
   3.3232500e-03
   1.8385500e-03
  -2.9979700e-04
  -1.3439900e-03
  -7.7804300e-04
   5.3943000e-04
   6.4853900e-04
   6.1081000e-04
   1.2206000e-03
   1.3256300e-03
   4.0788600e-04
  -8.4228500e-04
   6.8932800e-04
   1.4265800e-03
   7.4949100e-04
   7.5459000e-05
   1.7641100e-03
   2.4697500e-03
   1.3235900e-03
   2.4065300e-04
  -6.7913100e-04
  -2.8868200e-03
  -4.3868200e-03
  -1.8385500e-03
  -2.2168600e-03
  -1.4510600e-03
  -1.0747800e-03
  -2.6104700e-04
  -6.6587500e-04
  -2.0965400e-03
  -1.7702300e-03
  -2.5758000e-03
  -2.1536400e-03
  -7.2603800e-04
  -4.3643800e-04
   1.9527600e-03
   3.3497700e-03
   2.8399100e-03
   1.2002100e-03
  -1.3042200e-03
  -5.5472500e-04
  -9.4935600e-04
  -1.1889900e-03
   3.3446700e-04
  -2.1077500e-03
  -1.5377300e-03
   4.6193100e-04
  -5.9347500e-04
  -9.3304000e-04
  -1.8681200e-03
  -2.1108100e-03
  -3.0744400e-03
  -2.0098600e-03
   1.8354900e-04
  -2.8327700e-03
  -3.2987800e-03
  -1.1482000e-03
  -1.2981000e-03
  -2.8756000e-03
  -1.9109500e-03
   3.5098600e-03
   3.2294400e-03
   1.9976200e-03
   3.0866800e-03
   2.9163900e-03
  -5.3025200e-04
   1.8915700e-03
   6.3773000e-03
   3.7250200e-03
   1.6580600e-03
   7.0666300e-04
   1.1543200e-03
   1.1420800e-03
   1.8507900e-03
   8.1373300e-04
   1.1420800e-04
   9.6873000e-04
   2.2382800e-03
  -6.3222400e-04
  -9.3304000e-04
   1.7335200e-03
   3.5312800e-03
   2.9051700e-03
   1.5458900e-03
   2.4350800e-03
  -1.9333800e-03
   2.0598300e-04
   3.2804300e-03
   5.3524900e-03
   4.4724800e-03
  -3.0897400e-04
  -3.1917100e-04
  -2.9938900e-03
  -3.1713200e-03
  -1.1084300e-03
  -2.2291000e-03
   1.0197200e-04
  -1.4357600e-03
  -4.5846400e-03
  -2.9163900e-03
   8.4330500e-04
  -8.0149700e-04
  -4.8895400e-03
  -4.3531700e-03
  -5.1393700e-04
   2.8072800e-03
   4.1196500e-04
   7.8416200e-04
   4.2726100e-04
  -1.4123100e-03
   8.5248300e-04
   2.1322300e-03
  -2.1556800e-03
  -2.3188300e-03
  -1.2002100e-03
   1.6009500e-04
  -3.6638400e-03
  -5.4616000e-03
  -1.1614600e-03
  -2.2678500e-03
  -1.5448700e-03
  -1.7070000e-03
   8.7695600e-05
   1.5091800e-03
   2.0598300e-03
   2.3973500e-03
   4.0696900e-03
   3.0795400e-03
   3.9055100e-04
   2.9571800e-04
   1.7070000e-03
   1.6213500e-03
  -4.6906900e-04
  -1.1971500e-03
   1.0401100e-04
   1.7151600e-03
  -1.9639700e-03
  -1.7090400e-03
   2.5472500e-03
   3.3926000e-03
   1.0503100e-03
  -8.7593600e-04
   2.6818500e-04
  -3.7627500e-04
  -9.7892700e-05
   1.7090400e-03
   8.0965500e-04
  -6.9952500e-04
  -1.8783200e-03
  -1.6284900e-03
  -1.1940900e-03
  -1.2409900e-03
