   4.9903600e-06
   4.9818300e-06
   4.9976900e-06
   5.0046900e-06
   4.9729400e-06
   4.9868100e-06
   5.0940300e-06
   5.1600000e-06
   4.9125900e-06
   4.6063500e-06
   4.8938300e-06
   5.6340900e-06
   5.7488000e-06
   5.1007800e-06
   4.3837600e-06
   4.4235700e-06
   4.4795400e-06
   3.5742200e-06
   3.4189600e-06
   4.8373200e-06
   6.0590500e-06
   6.2461500e-06
   5.2360100e-06
   4.5894000e-06
   9.2258300e-07
  -7.2968400e-06
  -7.5812500e-06
   1.0125100e-06
   8.5396600e-06
   9.5165300e-06
   2.8407200e-06
   3.1205400e-06
   1.3185100e-05
   1.1373500e-05
   3.3118300e-06
   7.5641800e-06
   1.6993900e-05
   1.6288300e-05
   7.2518800e-06
   1.8719000e-06
   7.2961800e-06
   1.5021600e-05
   7.7114800e-06
  -4.1594400e-06
  -7.0560000e-07
   9.9185200e-06
   7.9902900e-06
  -5.0240700e-06
  -6.1270300e-06
   4.3598700e-06
   7.8014400e-06
  -1.6301900e-07
  -1.0744400e-05
  -1.1923100e-05
   1.0431500e-05
   1.9242800e-05
   1.2023600e-06
  -1.5661700e-05
  -6.3210600e-06
   1.8422800e-05
   1.9690300e-05
   2.5359300e-06
  -3.7487600e-06
   9.9235200e-06
   1.5582200e-05
  -2.2948800e-05
  -3.2287100e-05
   8.6474300e-06
   3.3380500e-05
   2.8884800e-05
   5.0287400e-06
  -1.0307100e-05
  -6.5705600e-06
  -1.8721600e-05
  -2.5356400e-05
  -2.2245000e-05
  -1.1130700e-05
  -1.7878000e-05
  -8.3713600e-05
  -1.0789600e-04
  -1.9992200e-05
   5.6487400e-05
   3.7658300e-05
  -6.4304400e-06
  -4.1633700e-05
  -2.6318800e-05
  -1.8995500e-06
  -1.5862900e-05
  -1.3465100e-05
   5.0081600e-06
  -1.9978200e-05
  -7.9768500e-05
  -6.9214500e-05
   1.4772500e-05
   7.7450200e-05
   8.0980900e-05
   4.9927000e-05
   4.3166700e-05
   8.1895500e-05
   3.2177600e-05
  -7.6714100e-05
  -6.8848400e-05
   9.2413700e-06
   4.8188300e-06
  -5.2636000e-05
  -3.8805800e-05
   2.7123200e-05
   7.4417900e-05
   3.4543700e-05
  -3.2472200e-05
  -5.6073300e-05
  -1.0965800e-05
   2.6894100e-05
   9.9182600e-06
  -6.4763000e-06
  -8.8748600e-06
  -1.0111500e-05
   1.8469900e-05
   7.2173500e-05
   8.7850300e-05
   8.4866900e-05
   1.0956100e-04
   1.0801300e-04
   3.0243300e-05
  -3.4140700e-05
  -4.6929800e-05
  -2.0890000e-05
   4.6467600e-05
   8.2564300e-05
   4.1654600e-05
  -2.0843100e-05
  -2.2260800e-05
   6.2667600e-05
   1.3269500e-04
   1.1763600e-04
   1.8174300e-05
  -5.2505100e-05
  -4.9382900e-05
  -5.5507100e-06
   4.2981100e-05
   7.5842600e-05
   8.1471700e-05
   6.8175700e-05
   1.4672300e-04
   1.7731000e-04
   9.3134600e-05
   3.4556400e-05
   2.4396100e-05
   4.9781800e-07
  -7.6348700e-05
  -9.2611600e-05
  -2.6043300e-05
   1.3543400e-05
   1.6095700e-05
   5.3009600e-06
   2.9193700e-05
   2.6711200e-05
  -5.4884300e-06
  -6.0641200e-06
  -1.0369600e-06
  -9.8130900e-06
  -5.5356400e-05
  -6.7682800e-05
  -2.7069800e-05
  -8.9740900e-06
  -2.8432500e-05
  -4.0917600e-05
  -5.6886600e-05
  -4.3786100e-05
   1.8230700e-05
   1.1932700e-05
  -3.3727600e-05
  -1.5178600e-05
   2.6957400e-07
  -2.3381900e-05
  -5.9391500e-05
  -6.1191500e-05
  -1.6457600e-05
  -7.0157400e-06
  -4.6014400e-05
  -8.3440700e-05
  -1.3132100e-04
  -1.9129800e-04
  -9.4043200e-05
   4.9077900e-05
   3.9045500e-05
  -2.9783700e-06
   1.9417800e-05
   2.9049500e-05
   4.2575300e-06
   2.9964700e-05
   6.6438100e-05
   6.2877100e-05
   8.1841500e-06
  -2.8216500e-05
  -6.7488300e-06
   4.7530400e-05
   1.1019500e-04
   2.0314600e-04
   1.9833800e-04
  -4.8380400e-05
  -2.7311500e-04
  -2.2581900e-04
   1.8628800e-05
   1.8278100e-04
   1.2997100e-04
   3.9692300e-05
   4.4272500e-05
   5.9132600e-05
  -2.9059500e-06
  -9.6111700e-05
  -6.6501200e-05
   9.2385500e-06
  -4.9218400e-05
  -1.5967600e-04
  -7.9679500e-05
   7.7618500e-05
   3.9542400e-05
  -6.8875700e-05
  -1.3068000e-04
  -1.0408500e-04
  -3.5231500e-05
  -2.9220100e-05
  -5.8356300e-05
  -1.0105500e-04
  -1.2423600e-04
  -1.6203300e-04
  -2.0226300e-04
  -9.7379900e-05
   6.4196000e-05
   6.1103000e-05
  -7.0559100e-05
  -1.7643600e-04
  -4.5640600e-05
   1.2110600e-04
   1.4599300e-04
   9.5276900e-05
   7.6982200e-05
   1.2098700e-04
   1.2429300e-04
   2.7369700e-05
   4.4227200e-06
   1.4571700e-04
   1.7830300e-04
   1.1796200e-04
   7.2471000e-05
   8.5183100e-05
   7.7099600e-05
   3.4071700e-05
   1.1234900e-05
  -3.5304100e-05
  -7.5324100e-05
  -4.2201300e-05
  -2.5663900e-05
  -1.1883700e-04
  -1.8668000e-04
  -8.1663700e-05
  -3.0330300e-05
  -7.2900000e-05
  -3.1897300e-06
   8.0938000e-05
   1.2674200e-05
  -6.1713300e-05
   9.1383700e-05
   2.0312600e-04
   1.6945900e-05
  -1.5329700e-04
  -1.4504900e-04
  -1.4545200e-04
  -2.7189200e-04
  -2.2711200e-04
  -8.8993200e-06
   5.3528000e-05
  -1.3082300e-05
  -8.8250100e-06
   7.7482000e-05
   9.9532300e-05
   9.2994700e-05
   1.0854700e-04
   3.9956400e-05
  -7.8892500e-05
  -9.6284700e-05
  -2.2935800e-05
   7.0427600e-05
   1.3729600e-04
   1.7003100e-04
   1.5468300e-04
   1.0483500e-04
   6.1874400e-05
   4.6523000e-07
  -1.9592500e-05
   3.2149200e-05
   6.7890200e-05
   7.1583000e-05
  -4.2441300e-05
  -3.3089200e-04
  -3.2661700e-04
  -3.0459300e-05
   1.2767000e-04
   8.4138600e-05
   6.2465800e-05
   1.0371300e-04
   6.4208600e-05
  -6.6740100e-05
  -1.4366300e-04
  -1.5973500e-04
  -9.7861600e-05
   1.3369500e-05
   9.9518300e-05
   1.5155000e-04
   8.2573900e-05
  -1.9884300e-05
  -1.7983700e-05
   1.5288700e-05
   2.2100800e-05
   2.8700800e-05
   3.9844500e-05
  -3.9378700e-06
  -3.0257000e-05
  -4.7506900e-05
  -6.3348500e-05
   9.2345900e-06
   5.0714800e-05
  -1.3082900e-05
  -9.7060400e-05
  -8.9381900e-05
  -1.2023300e-05
   7.3734300e-05
   1.5387900e-04
   2.2421500e-04
   1.6168300e-04
  -1.0002000e-04
  -2.8145000e-04
  -1.7282100e-04
   8.1253700e-06
  -5.5682500e-06
  -1.1981900e-04
  -1.4160900e-04
  -3.7511000e-05
   1.9207200e-05
   1.8142900e-05
   1.3873700e-04
   2.0380500e-04
   1.3403300e-04
   4.4783600e-07
  -1.2644200e-04
  -1.2519000e-04
  -4.2522500e-05
  -1.0878500e-05
  -6.5912100e-06
   2.1640700e-06
   4.2864200e-05
   7.2900900e-05
   1.1936600e-04
   2.2448000e-04
   2.1761000e-04
   5.6967300e-05
  -7.0090900e-05
  -8.4667700e-05
   6.7502000e-06
   9.1778000e-05
  -4.2878400e-05
  -1.8229000e-04
  -1.3625300e-04
  -3.4076400e-05
  -3.6389100e-05
  -2.1335900e-05
   1.0350400e-04
   2.2284800e-04
   1.6107000e-04
   6.3816600e-05
   8.1240300e-06
  -9.5268900e-05
  -1.4516300e-04
  -6.5058200e-05
   2.2672100e-06
  -1.0584300e-04
  -1.2010700e-04
   3.6180600e-05
   9.4813100e-05
  -4.8916100e-05
  -1.7028400e-04
  -7.9821400e-05
   7.5753200e-05
   1.4396900e-04
   1.1503100e-04
   3.5484300e-05
  -8.2999100e-06
   4.7937400e-05
   8.4947100e-05
   9.7219300e-07
  -6.8307600e-05
   2.1908400e-05
   1.3428100e-04
   8.9064900e-05
   2.6447200e-05
  -9.9768100e-06
  -5.1197800e-05
  -6.2138400e-05
  -5.8678100e-05
  -2.6395800e-05
   3.1146400e-05
   1.5349200e-04
   1.6708700e-04
   1.0325400e-05
  -7.1035300e-05
   6.7510100e-05
   2.6151300e-04
   2.2983800e-04
  -1.4858600e-05
  -1.3712500e-04
  -4.9615100e-05
   1.2349100e-04
   1.7932000e-04
   5.9912400e-05
  -6.4834400e-05
  -1.0224400e-04
  -4.1432800e-05
   7.2790800e-05
   1.4314500e-04
   1.4108600e-04
   8.8351300e-05
   2.7492500e-05
   1.6688600e-05
   2.5985200e-05
   6.7019100e-05
   1.0699900e-05
  -7.6505600e-05
   1.0414300e-05
   1.2850100e-04
   1.0875200e-04
  -1.3249700e-05
  -9.2310000e-05
  -3.6640000e-05
   6.3197100e-05
   4.5902100e-05
  -2.7267200e-05
   4.2398400e-05
   2.1881500e-04
   2.4406000e-04
   5.2252700e-06
  -2.1728600e-04
  -1.9193200e-04
  -1.3766700e-04
  -2.8416700e-04
  -1.9981000e-04
   1.1446600e-04
   1.8444900e-04
   2.4062600e-06
  -1.6866100e-04
  -1.8223600e-04
  -6.5078100e-05
   4.8549800e-05
   5.4964100e-05
   5.8269900e-06
   3.4785200e-05
   3.2825900e-05
  -6.9746100e-05
  -8.9392500e-05
  -3.0908100e-05
  -4.7037000e-05
  -1.5686700e-04
  -2.2260200e-04
  -9.2772700e-05
   5.7165000e-05
   1.0322900e-04
   3.2922600e-05
  -4.8118500e-05
  -7.1153900e-05
  -5.5834900e-05
  -2.0450400e-05
  -9.0597900e-05
  -1.5519300e-04
  -1.2227400e-04
  -4.7345200e-05
  -1.6385100e-05
  -6.6332000e-05
  -2.1931100e-05
   8.4346900e-05
   4.7269800e-05
   2.4991300e-06
   1.6157200e-05
   6.5096600e-06
  -1.8833400e-05
  -7.8863600e-05
  -8.7509800e-05
   3.1939500e-05
   9.8154400e-05
  -9.9163200e-05
  -3.5633900e-04
  -2.8986700e-04
  -8.9601800e-05
  -3.9192500e-05
  -7.2015600e-05
   1.4734600e-05
   1.5352600e-04
   6.8213900e-05
  -3.0292000e-05
   7.4076500e-05
   1.9383800e-04
   9.3253100e-05
  -6.1713700e-05
   5.2390500e-05
   2.7426800e-04
   2.9395000e-04
   1.1230500e-04
  -3.0812200e-05
   1.0049000e-05
   7.5526500e-05
   3.6126700e-05
  -3.9698200e-05
  -5.2319500e-05
  -6.1837600e-05
  -1.0308100e-04
  -1.0157800e-04
  -5.7494400e-05
  -3.8749900e-06
   3.6368900e-05
   1.8389100e-06
  -4.6057600e-05
  -5.9973700e-05
  -7.2607500e-05
  -1.4922100e-04
  -3.5774600e-04
  -5.4804300e-04
  -6.0859400e-04
  -6.3173100e-04
  -6.3357700e-04
  -5.0610100e-04
  -3.1076000e-04
  -2.2495000e-04
  -2.1660400e-04
  -1.1510000e-04
   8.8791800e-05
   1.6007300e-04
   2.7546100e-05
  -6.2134900e-05
   2.5700900e-05
   1.9658200e-04
   3.1946600e-04
   4.7243100e-04
   6.6695800e-04
   6.1786500e-04
   3.5668000e-05
  -6.6056200e-04
  -9.8375700e-04
  -9.6523000e-04
  -8.4215500e-04
  -7.1506900e-04
  -3.2415600e-04
   2.0008100e-04
   3.6054900e-04
  -4.0942100e-05
  -5.6122900e-04
  -8.6440900e-04
  -1.0204300e-03
  -1.0971800e-03
  -1.0916600e-03
  -1.0040800e-03
  -9.2009300e-04
  -8.1777300e-04
  -5.5595900e-04
  -2.3702500e-04
  -1.6184700e-04
  -3.5182300e-04
  -7.4592000e-04
  -1.3278700e-03
  -1.7676200e-03
  -1.7779200e-03
  -1.1696700e-03
  -2.7554000e-04
   2.8789400e-04
   2.9725800e-04
   2.0667700e-05
  -1.1026900e-04
   7.2566300e-05
   2.3166300e-04
   1.2790700e-04
  -2.2706400e-04
  -9.2449200e-04
  -2.0242600e-03
  -3.1276500e-03
  -3.6461400e-03
  -3.4421700e-03
  -3.0564200e-03
  -3.1493700e-03
  -3.8661900e-03
  -4.8001700e-03
  -5.5025200e-03
  -5.6950300e-03
  -5.1634600e-03
  -4.0319000e-03
  -2.7115900e-03
  -1.6029500e-03
  -9.9647000e-04
  -9.4806000e-04
  -1.2320600e-03
  -1.5259000e-03
  -1.7195300e-03
  -2.0316200e-03
  -2.6532800e-03
  -3.3774100e-03
  -3.5926100e-03
  -2.8295000e-03
  -1.2827300e-03
   3.9666200e-04
   1.6004400e-03
   2.0605500e-03
   1.7008000e-03
   6.6355100e-04
  -4.0980700e-04
  -1.0163500e-03
  -1.0534400e-03
  -5.7372300e-04
   3.1416700e-04
   1.4645000e-03
   2.6943500e-03
   3.8233200e-03
   4.7132100e-03
   5.4541400e-03
   6.2814300e-03
   7.1566300e-03
   7.5935900e-03
   7.2856800e-03
   6.7047600e-03
   6.4611600e-03
   6.2884900e-03
   5.5489300e-03
   4.2667300e-03
   2.7788800e-03
   1.5815500e-03
   1.3242200e-03
   2.2430100e-03
   4.2874000e-03
   6.8168600e-03
   8.7060400e-03
   9.3181000e-03
   8.7461600e-03
   7.8196200e-03
   7.0575700e-03
   6.5354100e-03
   6.2456400e-03
   5.8397000e-03
   5.0039900e-03
   3.6947900e-03
   2.2412200e-03
   1.0639000e-03
   4.5837500e-04
   4.4884300e-04
   6.7961000e-04
   9.4035600e-04
   1.4292900e-03
   2.2047100e-03
   2.7905900e-03
   2.4276200e-03
   7.6229900e-04
  -1.7530700e-03
  -4.2695000e-03
  -5.9140900e-03
  -6.0049200e-03
  -4.3712200e-03
  -1.6359100e-03
   1.3020100e-03
   3.7473400e-03
   5.2801200e-03
   5.6174600e-03
   4.5470400e-03
   2.1858700e-03
  -7.9676100e-04
  -3.3014500e-03
  -4.3293500e-03
  -3.6142500e-03
  -1.6391300e-03
   5.2493000e-04
   1.5855000e-03
   8.4187400e-04
  -1.6508200e-03
  -5.1887000e-03
  -8.8130800e-03
  -1.1591900e-02
  -1.2855300e-02
  -1.2597100e-02
  -1.1246200e-02
  -9.6654000e-03
  -8.6952800e-03
  -8.9580600e-03
  -1.0538500e-02
  -1.2583800e-02
  -1.3363800e-02
  -1.1910400e-02
  -8.6555400e-03
  -4.7442300e-03
  -1.3798800e-03
   8.7702200e-04
   1.9187800e-03
   1.8427500e-03
   7.4190800e-04
  -1.3845800e-03
  -4.4761900e-03
  -8.2928600e-03
  -1.2188200e-02
  -1.5260000e-02
  -1.6464700e-02
  -1.5144600e-02
  -1.1649700e-02
  -7.0148700e-03
  -2.6910200e-03
  -2.0836000e-05
   5.0910800e-04
  -6.1719700e-04
  -2.2899500e-03
  -3.4559000e-03
  -3.5285200e-03
  -2.6333400e-03
  -1.0189400e-03
   1.1390900e-03
   3.1874300e-03
   4.6381300e-03
   5.8153100e-03
   6.9572100e-03
   7.9861300e-03
   8.6331300e-03
   8.5479300e-03
   7.7994900e-03
   7.0907000e-03
   7.2511800e-03
   8.6248900e-03
   1.0516300e-02
   1.1802000e-02
   1.1753300e-02
   9.9642400e-03
   6.7485200e-03
   3.6605000e-03
   2.5605800e-03
   4.6460600e-03
   1.0154900e-02
   1.8168500e-02
   2.6705900e-02
   3.3630800e-02
   3.7294500e-02
   3.6961300e-02
   3.3179600e-02
   2.7443500e-02
   2.1835100e-02
   1.8219600e-02
   1.7135600e-02
   1.8004400e-02
   1.9714400e-02
   2.1186300e-02
   2.1194100e-02
   1.8615100e-02
   1.3512300e-02
   7.3482200e-03
   1.8452000e-03
  -2.1513300e-03
  -4.7712100e-03
  -6.7549100e-03
  -8.6244600e-03
  -1.0321000e-02
  -1.1788400e-02
  -1.3390100e-02
  -1.5209500e-02
  -1.6560200e-02
  -1.6597500e-02
  -1.4852600e-02
  -1.1306500e-02
  -6.2323100e-03
  -2.9622000e-04
   5.3892800e-03
   9.5126400e-03
   1.1252800e-02
   1.0740900e-02
   8.6830800e-03
   5.9281100e-03
   3.2602000e-03
   1.5033700e-03
   1.1053600e-03
   1.4341800e-03
   1.3369100e-03
   4.8180900e-04
  -2.4030200e-04
   4.2547200e-04
   2.8894200e-03
   6.6645100e-03
   1.0785800e-02
   1.3775600e-02
   1.3751000e-02
   9.5715000e-03
   2.1335900e-03
  -6.0434400e-03
  -1.2649600e-02
  -1.7088000e-02
  -1.9895300e-02
  -2.1293600e-02
  -2.1209800e-02
  -1.9935600e-02
  -1.7973600e-02
  -1.5903600e-02
  -1.4249200e-02
  -1.3570400e-02
  -1.4662900e-02
  -1.7670500e-02
  -2.1629600e-02
  -2.4937600e-02
  -2.6174600e-02
  -2.4598200e-02
  -2.0513100e-02
  -1.4858000e-02
  -8.8138300e-03
  -3.6931200e-03
  -2.7003900e-04
   2.0771700e-03
   4.9168200e-03
   9.0537400e-03
   1.3572900e-02
   1.6720100e-02
   1.7202500e-02
   1.4546900e-02
   9.2349000e-03
   2.7089200e-03
  -3.0609300e-03
  -6.6366100e-03
  -7.7820500e-03
  -7.0460200e-03
  -5.5169200e-03
  -4.4755900e-03
  -4.6998300e-03
  -6.3480600e-03
  -9.2801700e-03
  -1.3403100e-02
  -1.8516800e-02
  -2.4023200e-02
  -2.8923700e-02
  -3.2152300e-02
  -3.2960500e-02
  -3.1224900e-02
  -2.7536800e-02
  -2.3070000e-02
  -1.8886700e-02
  -1.5044600e-02
  -1.1174500e-02
  -7.4019600e-03
  -3.9997100e-03
  -1.2227400e-03
   4.9283700e-04
   9.4156600e-04
   5.7562200e-04
   9.8047600e-05
   1.4701200e-04
   1.0509800e-03
   2.1276000e-03
   2.4637600e-03
   2.1240700e-03
   2.0992800e-03
   3.1574700e-03
   4.6557200e-03
   4.6569600e-03
   1.6452200e-03
  -4.2319900e-03
  -1.1304400e-02
  -1.7208700e-02
  -1.9815200e-02
  -1.7934200e-02
  -1.2516200e-02
  -6.4963600e-03
  -2.7682400e-03
  -2.6235200e-03
  -5.3920100e-03
  -9.0593500e-03
  -1.1835200e-02
  -1.2730100e-02
  -1.1345700e-02
  -7.3943000e-03
  -1.2745200e-03
   5.4928000e-03
   1.1056200e-02
   1.3537000e-02
   1.2316300e-02
   8.5159300e-03
   4.4229700e-03
   2.4953100e-03
   4.1606300e-03
   9.4335900e-03
   1.7034500e-02
   2.4887100e-02
   3.0632200e-02
   3.2604900e-02
   3.0735200e-02
   2.6448800e-02
   2.1631900e-02
   1.7595500e-02
   1.4971500e-02
   1.3622600e-02
   1.3151700e-02
   1.3223400e-02
   1.3462300e-02
   1.3736700e-02
   1.3838000e-02
   1.3053100e-02
   1.0914400e-02
   7.8100500e-03
   4.5061700e-03
   1.4100100e-03
  -1.9605500e-03
  -6.1599200e-03
  -1.0710200e-02
  -1.4088000e-02
  -1.4742300e-02
  -1.1784200e-02
  -5.3474400e-03
   3.4768000e-03
   1.2576100e-02
   1.9411600e-02
   2.2615100e-02
   2.3061800e-02
   2.2812200e-02
   2.2963300e-02
   2.3052500e-02
   2.1893200e-02
   1.8343900e-02
   1.2081400e-02
   3.9420700e-03
  -4.0521500e-03
  -9.1291500e-03
  -9.1716000e-03
  -4.3890300e-03
   2.3309200e-03
   7.3410200e-03
   7.9006200e-03
   3.5208000e-03
  -3.6910700e-03
  -1.0743600e-02
  -1.5743800e-02
  -1.8410600e-02
  -1.9360000e-02
  -1.9480800e-02
  -1.9353000e-02
  -1.8675500e-02
  -1.6568000e-02
  -1.2621900e-02
  -7.5712500e-03
  -3.0068600e-03
  -1.1664100e-04
   9.7754700e-04
   7.5457100e-04
   2.4631600e-04
   2.4666600e-04
   8.1226700e-04
   1.2018200e-03
   3.3579200e-04
  -1.7560200e-03
  -3.0956900e-03
  -1.4075000e-03
   3.6599600e-03
   9.7978700e-03
   1.3690000e-02
   1.3458700e-02
   1.0154500e-02
   6.5649900e-03
   4.5724500e-03
   4.3241700e-03
   4.5078700e-03
   3.2673100e-03
  -1.6612800e-04
  -4.8110700e-03
  -9.0559400e-03
  -1.1770500e-02
  -1.2809000e-02
  -1.3311500e-02
  -1.4539700e-02
  -1.6779400e-02
  -1.9475500e-02
  -2.1778400e-02
  -2.2890100e-02
  -2.2274500e-02
  -1.9977000e-02
  -1.7050600e-02
  -1.5263100e-02
  -1.5347600e-02
  -1.6345300e-02
  -1.6701900e-02
  -1.5307300e-02
  -1.2076400e-02
  -8.1033800e-03
  -4.5795800e-03
  -1.5760300e-03
   1.7929000e-03
   6.8288100e-03
   1.4446000e-02
   2.4050500e-02
   3.3480300e-02
   3.9659500e-02
   3.9914200e-02
   3.3655300e-02
   2.2788600e-02
   1.0442000e-02
  -8.6019500e-04
  -1.0268400e-02
  -1.8227900e-02
  -2.5002000e-02
  -2.9551800e-02
  -3.0096800e-02
  -2.5708500e-02
  -1.7116900e-02
  -6.8099700e-03
   1.9240700e-03
   6.7445500e-03
   7.3636600e-03
   5.4273700e-03
   3.4456700e-03
   2.7763300e-03
   3.0246200e-03
   3.3046000e-03
   3.4779300e-03
   4.5563400e-03
   8.4413900e-03
   1.6407800e-02
   2.7467800e-02
   3.8416200e-02
   4.5505900e-02
   4.6270700e-02
   4.0525900e-02
   3.0489800e-02
   1.9881500e-02
   1.2342700e-02
   1.0158200e-02
   1.3215700e-02
   1.9143500e-02
   2.4876600e-02
   2.8390700e-02
   2.9169700e-02
   2.7564200e-02
   2.4047900e-02
   1.9170700e-02
   1.3744300e-02
   8.8997800e-03
   5.9526800e-03
   5.6039800e-03
   7.6772900e-03
   1.1083400e-02
   1.3710400e-02
   1.3029400e-02
   7.6087900e-03
  -1.6083300e-03
  -1.1728000e-02
  -1.9544100e-02
  -2.3363300e-02
  -2.3239700e-02
  -2.0075700e-02
  -1.4945500e-02
  -8.6702100e-03
  -1.9783400e-03
   4.3710100e-03
   9.4098500e-03
   1.1822000e-02
   1.0587000e-02
   6.2412000e-03
   6.6245800e-04
  -3.3547200e-03
  -3.1409200e-03
   2.2482600e-03
   1.1186500e-02
   2.0225400e-02
   2.6138200e-02
   2.7297400e-02
   2.3535500e-02
   1.6337800e-02
   8.6671900e-03
   3.3394600e-03
   1.2354700e-03
   9.7862100e-04
   1.7516800e-04
  -2.4931700e-03
  -6.6019900e-03
  -1.1120400e-02
  -1.5606200e-02
  -2.0518700e-02
  -2.6265600e-02
  -3.2015200e-02
  -3.5963600e-02
  -3.6130100e-02
  -3.1218100e-02
  -2.1607400e-02
  -9.8972400e-03
   6.8525800e-05
   4.8876500e-03
   3.4751600e-03
  -2.7689600e-03
  -1.1100500e-02
  -1.8701100e-02
  -2.3705900e-02
  -2.5748000e-02
  -2.5568100e-02
  -2.3972600e-02
  -2.1600300e-02
  -1.9252100e-02
  -1.7750800e-02
  -1.7480700e-02
  -1.8427400e-02
  -2.0507900e-02
  -2.3720800e-02
  -2.7746500e-02
  -3.1763000e-02
  -3.4725900e-02
  -3.5877300e-02
  -3.5091700e-02
  -3.3091400e-02
  -3.1054700e-02
  -3.0061500e-02
  -3.0555000e-02
  -3.1877700e-02
  -3.2533200e-02
  -3.1125700e-02
  -2.7268300e-02
  -2.1652300e-02
  -1.5543900e-02
  -1.0255500e-02
  -6.7898900e-03
  -5.7572900e-03
  -6.8407800e-03
  -8.9828400e-03
  -1.0888200e-02
  -1.1180400e-02
  -8.8758700e-03
  -3.9237400e-03
   2.4483900e-03
   8.3155500e-03
   1.1861900e-02
   1.1578500e-02
   6.8458100e-03
  -1.2417600e-03
  -9.9726800e-03
  -1.6019300e-02
  -1.6778100e-02
  -1.1718700e-02
  -2.7473700e-03
   7.3276600e-03
   1.6376000e-02
   2.3760600e-02
   2.9658000e-02
   3.3715300e-02
   3.4882300e-02
   3.2562200e-02
   2.7627900e-02
   2.2327200e-02
   1.9468200e-02
   2.1237000e-02
   2.8486400e-02
   3.9548600e-02
   5.0513800e-02
   5.6904900e-02
   5.5662700e-02
   4.6298700e-02
   3.0694700e-02
   1.2289600e-02
  -4.6697800e-03
  -1.5825000e-02
  -1.8034900e-02
  -1.0705100e-02
   4.0714700e-03
   2.2022200e-02
   3.8133200e-02
   4.8013900e-02
   4.9446600e-02
   4.3021100e-02
   3.1172500e-02
   1.7333600e-02
   4.7207100e-03
  -4.6573600e-03
  -1.0456600e-02
  -1.3571300e-02
  -1.5339500e-02
  -1.6898400e-02
  -1.8309100e-02
  -1.8913200e-02
  -1.8633100e-02
  -1.8438800e-02
  -1.9915400e-02
  -2.4484800e-02
  -3.2351700e-02
  -4.2400400e-02
  -5.2425200e-02
  -5.9467400e-02
  -6.1111800e-02
  -5.6848200e-02
  -4.8190100e-02
  -3.7635400e-02
  -2.7281300e-02
  -1.8710300e-02
  -1.2684200e-02
  -8.3969500e-03
  -4.1822600e-03
   1.3297400e-03
   8.6652100e-03
   1.7244800e-02
   2.5853000e-02
   3.3863500e-02
   4.1410500e-02
   4.8525300e-02
   5.4729400e-02
   5.9266100e-02
   6.1725100e-02
   6.2428500e-02
   6.2151300e-02
   6.1399900e-02
   6.0087700e-02
   5.7659200e-02
   5.3601000e-02
   4.7723200e-02
   4.0227300e-02
   3.1731500e-02
   2.2845100e-02
   1.3979600e-02
   5.3927000e-03
  -3.3257200e-03
  -1.3061700e-02
  -2.4213400e-02
  -3.5730100e-02
  -4.5111300e-02
  -4.9767900e-02
  -4.8311100e-02
  -4.1381500e-02
  -3.1549200e-02
  -2.1832100e-02
  -1.4102900e-02
  -8.1960900e-03
  -1.9996200e-03
   6.9890900e-03
   2.0189700e-02
   3.7062700e-02
   5.5043000e-02
   7.0759600e-02
   8.1535500e-02
   8.6376600e-02
   8.6262900e-02
   8.3865500e-02
   8.2087100e-02
   8.2717500e-02
   8.6139900e-02
   9.1524600e-02
   9.7444300e-02
   1.0196600e-01
   1.0306300e-01
   9.9744400e-02
   9.2313900e-02
   8.1462800e-02
   6.8284700e-02
   5.4247000e-02
   4.1137600e-02
   3.0808700e-02
   2.4655700e-02
   2.3168000e-02
   2.5435000e-02
   2.8795700e-02
   2.9571100e-02
   2.4641500e-02
   1.3246800e-02
  -2.6074600e-03
  -1.9418300e-02
  -3.3972600e-02
  -4.4435400e-02
  -5.0085600e-02
  -5.0941500e-02
  -4.8106100e-02
  -4.4009500e-02
  -4.1912100e-02
  -4.4614900e-02
  -5.3260100e-02
  -6.7671600e-02
  -8.6664800e-02
  -1.0828500e-01
  -1.2989200e-01
  -1.4789700e-01
  -1.5808400e-01
  -1.5680600e-01
  -1.4266600e-01
  -1.1796900e-01
  -8.8227800e-02
  -6.0405100e-02
  -4.0814000e-02
  -3.3008800e-02
  -3.6825000e-02
  -4.8380500e-02
  -6.1375100e-02
  -7.0346500e-02
  -7.3325700e-02
  -7.1614400e-02
  -6.8647900e-02
  -6.7572000e-02
  -6.9234800e-02
  -7.1367200e-02
  -6.9581000e-02
  -5.9997000e-02
  -4.0845500e-02
  -1.3062900e-02
   1.9635800e-02
   5.1690800e-02
   7.7824600e-02
   9.4859900e-02
   1.0212300e-01
   1.0072300e-01
   9.2546100e-02
   8.0006300e-02
   6.6094400e-02
   5.3613600e-02
   4.4258600e-02
   3.8466600e-02
   3.5568900e-02
   3.3955200e-02
   3.2154400e-02
   2.9398300e-02
   2.6123700e-02
   2.4283000e-02
   2.6014800e-02
   3.1689200e-02
   3.9313900e-02
   4.5982500e-02
   4.9545400e-02
   4.8893700e-02
   4.4206900e-02
   3.7215600e-02
   3.0330500e-02
   2.5421700e-02
   2.3004500e-02
   2.2177900e-02
   2.1407600e-02
   1.8896500e-02
   1.2439300e-02
  -3.7836500e-04
  -2.1205600e-02
  -4.9791300e-02
  -8.3481000e-02
  -1.1824700e-01
  -1.4993000e-01
  -1.7496400e-01
  -1.9091300e-01
  -1.9717400e-01
  -1.9548600e-01
  -1.8961000e-01
  -1.8376600e-01
  -1.8072600e-01
  -1.8133000e-01
  -1.8497000e-01
  -1.9053700e-01
  -1.9707500e-01
  -2.0365900e-01
  -2.0789700e-01
  -2.0450600e-01
  -1.8788500e-01
  -1.5611200e-01
  -1.1270700e-01
  -6.5307000e-02
  -2.2254700e-02
   1.0420100e-02
   3.0124000e-02
   3.8184500e-02
   3.8741200e-02
   3.6808700e-02
   3.7026300e-02
   4.2902600e-02
   5.6312900e-02
   7.6974600e-02
   1.0266900e-01
   1.3028700e-01
   1.5661700e-01
   1.7897800e-01
   1.9577900e-01
   2.0638600e-01
   2.1135700e-01
   2.1191600e-01
   2.0913800e-01
   2.0336100e-01
   1.9421700e-01
   1.8119400e-01
   1.6458800e-01
   1.4616500e-01
   1.2908900e-01
   1.1661800e-01
   1.1089800e-01
   1.1209500e-01
   1.1811800e-01
   1.2575200e-01
   1.3223200e-01
   1.3498300e-01
   1.3199200e-01
   1.2294100e-01
   1.0874200e-01
   9.0914100e-02
   7.1248500e-02
   5.1639900e-02
   3.3471100e-02
   1.7437600e-02
   3.6473500e-03
  -8.5221000e-03
  -2.0308400e-02
  -3.2788900e-02
  -4.6651100e-02
  -6.1684300e-02
  -7.5999200e-02
  -8.6866000e-02
  -9.2419000e-02
  -9.2508300e-02
  -8.8518300e-02
  -8.2646500e-02
  -7.6689400e-02
  -7.1097200e-02
  -6.5091900e-02
  -5.7650100e-02
  -4.8171800e-02
  -3.6930300e-02
  -2.5558300e-02
  -1.6473000e-02
  -1.1790200e-02
  -1.2434900e-02
  -1.7067500e-02
  -2.2367500e-02
  -2.4666400e-02
  -2.0906500e-02
  -1.0002300e-02
   6.3441700e-03
   2.4569400e-02
   4.0730300e-02
   5.1374300e-02
   5.3763500e-02
   4.6049500e-02
   2.7724000e-02
   3.7131800e-04
  -3.2200900e-02
  -6.4831700e-02
  -9.2295600e-02
  -1.1062400e-01
  -1.1789500e-01
  -1.1452100e-01
  -1.0288500e-01
  -8.6716800e-02
  -7.0469300e-02
  -5.8630400e-02
  -5.4148200e-02
  -5.7050400e-02
  -6.4949000e-02
  -7.4504900e-02
  -8.2591800e-02
  -8.6941500e-02
  -8.6918400e-02
  -8.3503000e-02
  -7.8349500e-02
  -7.2811500e-02
  -6.7457400e-02
  -6.2277600e-02
  -5.7281400e-02
  -5.2768700e-02
  -4.9482900e-02
  -4.8142100e-02
  -4.9155000e-02
  -5.2468000e-02
  -5.7582700e-02
  -6.3964400e-02
  -7.1041900e-02
  -7.7943600e-02
  -8.3734700e-02
  -8.6793300e-02
  -8.3926000e-02
  -7.1335400e-02
  -4.7318200e-02
  -1.3919400e-02
   2.3369700e-02
   5.7361100e-02
   8.1763600e-02
   9.3228400e-02
   9.1864600e-02
   8.0441300e-02
   6.3548500e-02
   4.6302400e-02
   3.2825100e-02
   2.5061200e-02
   2.3059200e-02
   2.5667400e-02
   3.0938400e-02
   3.6452400e-02
   3.9814600e-02
   3.8882200e-02
   3.2411200e-02
   1.9892000e-02
   1.6041000e-03
  -2.0816900e-02
  -4.4675500e-02
  -6.7220800e-02
  -8.5787700e-02
  -9.8290600e-02
  -1.0376400e-01
  -1.0255500e-01
  -9.6224800e-02
  -8.7329500e-02
  -7.8865100e-02
  -7.2826800e-02
  -6.9197200e-02
  -6.6213800e-02
  -6.1288800e-02
  -5.2324600e-02
  -3.8574500e-02
  -2.0699700e-02
  -2.7736900e-04
   2.1033700e-02
   4.1832400e-02
   6.1198600e-02
   7.9115300e-02
   9.6249800e-02
   1.1317700e-01
   1.2948700e-01
   1.4405700e-01
   1.5565400e-01
   1.6322400e-01
   1.6607300e-01
   1.6396400e-01
   1.5721200e-01
   1.4749900e-01
   1.3736000e-01
   1.2905100e-01
   1.2361500e-01
   1.2067600e-01
   1.1872400e-01
   1.1569700e-01
   1.0905800e-01
   9.6926900e-02
   7.8766300e-02
   5.5250500e-02
   2.8275000e-02
   3.1178800e-04
  -2.6421000e-02
  -5.0269100e-02
  -6.9949500e-02
  -8.4237500e-02
  -9.1939600e-02
  -9.2261000e-02
  -8.5687400e-02
  -7.4073900e-02
  -5.9997700e-02
  -4.6231200e-02
  -3.5095800e-02
  -2.7172100e-02
  -2.0896500e-02
  -1.3510000e-02
  -2.3143800e-03
   1.4279300e-02
   3.5937800e-02
   6.0304400e-02
   8.3848400e-02
   1.0289000e-01
   1.1406500e-01
   1.1529300e-01
   1.0707900e-01
   9.1603200e-02
   7.1868900e-02
   5.1144900e-02
   3.2163600e-02
   1.6695900e-02
   5.6644300e-03
  -6.7782800e-04
  -2.6549000e-03
  -9.6189900e-04
   3.3056100e-03
   8.2472700e-03
   1.1536600e-02
   1.1033500e-02
   5.4044900e-03
  -5.2038200e-03
  -1.9460600e-02
  -3.5130200e-02
  -4.9517300e-02
  -6.0256500e-02
  -6.5876700e-02
  -6.6239700e-02
  -6.2134100e-02
  -5.4515400e-02
  -4.4416200e-02
  -3.2970300e-02
  -2.1439400e-02
  -1.1399300e-02
  -4.2286500e-03
  -4.8955500e-04
   2.0293100e-04
  -7.6049700e-04
  -1.5746900e-03
  -3.0599200e-04
   4.7135900e-03
   1.3764200e-02
   2.5290800e-02
   3.6368300e-02
   4.3491100e-02
   4.3443600e-02
   3.4529800e-02
   1.7721000e-02
  -3.5591300e-03
  -2.4700900e-02
  -4.1804900e-02
  -5.3103100e-02
  -5.8452600e-02
  -5.8395100e-02
  -5.4130900e-02
  -4.7379400e-02
  -3.9843400e-02
  -3.3112100e-02
  -2.8474600e-02
  -2.6925200e-02
  -2.8887700e-02
  -3.3691100e-02
  -3.9387700e-02
  -4.3588700e-02
  -4.3912200e-02
  -3.7910400e-02
  -2.3972800e-02
  -2.2323500e-03
   2.4984800e-02
   5.3751400e-02
   7.9325900e-02
   9.7367800e-02
   1.0531800e-01
   1.0332900e-01
   9.4142300e-02
   8.1897100e-02
   7.0658300e-02
   6.3607900e-02
   6.2464000e-02
   6.6936000e-02
   7.4719900e-02
   8.2350600e-02
   8.6442700e-02
   8.4646200e-02
   7.6098200e-02
   6.1343400e-02
   4.1910800e-02
   1.9726300e-02
  -2.7656600e-03
  -2.2851700e-02
  -3.8052100e-02
  -4.6474800e-02
  -4.7149600e-02
  -4.1173600e-02
  -3.1890500e-02
  -2.3657400e-02
  -2.0207500e-02
  -2.3214000e-02
  -3.1574300e-02
  -4.2053600e-02
  -5.0430200e-02
  -5.2933600e-02
  -4.8318400e-02
  -3.8181600e-02
  -2.5138500e-02
  -1.1926000e-02
  -5.2385500e-04
   8.4974100e-03
   1.6192200e-02
   2.4145200e-02
   3.3025800e-02
   4.2205000e-02
   4.9961800e-02
   5.4421400e-02
   5.4864200e-02
   5.2120700e-02
   4.8014300e-02
   4.4736400e-02
   4.4334600e-02
   4.7875400e-02
   5.5044800e-02
   6.4395300e-02
   7.3818000e-02
   8.0889300e-02
   8.3134500e-02
   7.8765300e-02
   6.7342800e-02
   4.9753500e-02
   2.8040400e-02
   4.8571000e-03
  -1.7078600e-02
  -3.5030400e-02
  -4.7205800e-02
  -5.3484200e-02
  -5.5102600e-02
  -5.4175600e-02
  -5.3289000e-02
  -5.4668200e-02
  -5.9513500e-02
  -6.7638600e-02
  -7.7145700e-02
  -8.5146100e-02
  -8.9413000e-02
  -8.9243100e-02
  -8.5294300e-02
  -7.8900500e-02
  -7.1637900e-02
  -6.5048200e-02
  -5.9695100e-02
  -5.5422200e-02
  -5.2006900e-02
  -4.9472700e-02
  -4.8118600e-02
  -4.8075400e-02
  -4.9413500e-02
  -5.1875600e-02
  -5.4427800e-02
  -5.5258300e-02
  -5.2591000e-02
  -4.5643900e-02
  -3.5321700e-02
  -2.3778000e-02
  -1.3696100e-02
  -7.8746000e-03
  -8.0658700e-03
  -1.4045600e-02
  -2.3958200e-02
  -3.5144600e-02
  -4.4979400e-02
  -5.1651000e-02
  -5.4418000e-02
  -5.3334300e-02
  -4.9197500e-02
  -4.2702100e-02
  -3.3902000e-02
  -2.2963600e-02
  -1.0738500e-02
   1.2798600e-03
   1.1458200e-02
   1.8438000e-02
   2.1589900e-02
   2.1367500e-02
   1.9317400e-02
   1.7650700e-02
   1.8077800e-02
   2.1190300e-02
   2.6432800e-02
   3.2161800e-02
   3.6645700e-02
   3.8616600e-02
   3.7620100e-02
   3.4231400e-02
   2.9954000e-02
   2.6381400e-02
   2.4787900e-02
   2.5977400e-02
   2.9865500e-02
   3.5364600e-02
   4.1023900e-02
   4.5490600e-02
   4.8180400e-02
   4.9363100e-02
   4.9527100e-02
   4.9014600e-02
   4.7989900e-02
   4.6394200e-02
   4.4470600e-02
   4.3204800e-02
   4.4090500e-02
   4.8187300e-02
   5.5586000e-02
   6.5382500e-02
   7.6016700e-02
   8.5383200e-02
   9.1369200e-02
   9.2554300e-02
   8.8743000e-02
   8.1060400e-02
   7.1401400e-02
   6.1778000e-02
   5.3926900e-02
   4.9088000e-02
   4.7830600e-02
   5.0141100e-02
   5.5369100e-02
   6.2560200e-02
   7.0318700e-02
   7.7075800e-02
   8.1445800e-02
   8.2268000e-02
   7.8962100e-02
   7.1188900e-02
   5.8432200e-02
   4.0442400e-02
   1.8298700e-02
  -5.1263600e-03
  -2.6143400e-02
  -4.1128200e-02
  -4.7455400e-02
  -4.5203900e-02
  -3.7274400e-02
  -2.7796600e-02
  -2.0277200e-02
  -1.7196000e-02
  -1.9828500e-02
  -2.7469300e-02
  -3.7944900e-02
  -4.8247500e-02
  -5.5403000e-02
  -5.7902900e-02
  -5.5708500e-02
  -5.0084500e-02
  -4.3202100e-02
  -3.7370600e-02
  -3.4371600e-02
  -3.4920800e-02
  -3.8687700e-02
  -4.4678800e-02
  -5.1395600e-02
  -5.7444600e-02
  -6.2043700e-02
  -6.4966100e-02
  -6.6388500e-02
  -6.6819300e-02
  -6.6749500e-02
  -6.6634400e-02
  -6.6580200e-02
  -6.6472000e-02
  -6.6063800e-02
  -6.4599800e-02
  -6.1424700e-02
  -5.6384700e-02
  -4.9583100e-02
  -4.1713400e-02
  -3.4068500e-02
  -2.8154200e-02
  -2.4958100e-02
  -2.4533200e-02
  -2.6086500e-02
  -2.8561300e-02
  -3.1418000e-02
  -3.4267500e-02
  -3.6651700e-02
  -3.8254300e-02
  -3.8621600e-02
  -3.6890700e-02
  -3.2333400e-02
  -2.5404200e-02
  -1.7474500e-02
  -1.0353000e-02
  -5.6795500e-03
  -4.3054500e-03
  -6.0652100e-03
  -9.7166100e-03
  -1.3269800e-02
  -1.4915100e-02
  -1.3816300e-02
  -1.0389100e-02
  -6.0351500e-03
  -2.7528400e-03
  -2.5999500e-03
  -6.5020400e-03
  -1.3554600e-02
  -2.2033300e-02
  -2.9543200e-02
  -3.3443200e-02
  -3.2006800e-02
  -2.5061900e-02
  -1.4233400e-02
  -1.9585200e-03
   9.7258900e-03
   1.9463500e-02
   2.6811600e-02
   3.2083800e-02
   3.6078000e-02
   3.9783300e-02
   4.3909000e-02
   4.8809700e-02
   5.4364300e-02
   6.0103900e-02
   6.5586000e-02
   7.0265200e-02
   7.3064800e-02
   7.3213700e-02
   7.0600600e-02
   6.5330100e-02
   5.8038100e-02
   4.9852200e-02
   4.1848700e-02
   3.4978000e-02
   2.9729900e-02
   2.6352500e-02
   2.4779000e-02
   2.4960200e-02
   2.6448000e-02
   2.8184600e-02
   2.8937100e-02
   2.7816000e-02
   2.4635300e-02
   1.9872900e-02
   1.4257500e-02
   8.6089500e-03
   4.1100100e-03
   1.8488700e-03
   2.5503200e-03
   6.4841500e-03
   1.3017200e-02
   2.1073500e-02
   2.9704600e-02
   3.7899200e-02
   4.4272400e-02
   4.7195000e-02
   4.5330600e-02
   3.8295900e-02
   2.7041800e-02
   1.3746000e-02
   8.9578700e-04
  -9.5029700e-03
  -1.6039300e-02
  -1.8205500e-02
  -1.7049400e-02
  -1.4424200e-02
  -1.2078500e-02
  -1.1275600e-02
  -1.2615700e-02
  -1.5678700e-02
  -1.9207300e-02
  -2.2142300e-02
  -2.4337700e-02
  -2.6174200e-02
  -2.8063600e-02
  -3.0689100e-02
  -3.4625200e-02
  -3.9762200e-02
  -4.5492900e-02
  -5.0695100e-02
  -5.4056600e-02
  -5.4976500e-02
  -5.3880400e-02
  -5.2212400e-02
  -5.1772700e-02
  -5.3913100e-02
  -5.8873800e-02
  -6.5872200e-02
  -7.3166900e-02
  -7.8455200e-02
  -7.9872100e-02
  -7.6545700e-02
  -6.8916100e-02
  -5.8495500e-02
  -4.7273300e-02
  -3.7229600e-02
  -3.0213600e-02
  -2.7365300e-02
  -2.8359600e-02
  -3.1722600e-02
  -3.5356600e-02
  -3.7258300e-02
  -3.6335500e-02
  -3.2682100e-02
  -2.7169600e-02
  -2.0863600e-02
  -1.4602200e-02
  -8.6589800e-03
  -2.6385900e-03
   4.1220100e-03
   1.1588500e-02
   1.8565800e-02
   2.3352200e-02
   2.4776900e-02
   2.2676600e-02
   1.7969000e-02
   1.2380600e-02
   8.1635900e-03
   7.1716100e-03
   9.8666600e-03
   1.5576300e-02
   2.3281700e-02
   3.1661300e-02
   3.9306500e-02
   4.4831400e-02
   4.6897100e-02
   4.4655300e-02
   3.7495400e-02
   2.5626300e-02
   1.1061100e-02
  -2.7504200e-03
  -1.2241500e-02
  -1.5098000e-02
  -1.0993000e-02
  -1.7832600e-03
   8.9029600e-03
   1.6652300e-02
   1.8141000e-02
   1.2457700e-02
   1.0377400e-03
  -1.3085200e-02
  -2.6401400e-02
  -3.5788300e-02
  -3.9413800e-02
  -3.7491000e-02
  -3.1821300e-02
  -2.4487400e-02
  -1.7154300e-02
  -1.0762300e-02
  -5.7104500e-03
  -1.9383400e-03
   1.0018700e-03
   3.8108600e-03
   6.9999400e-03
   1.0867300e-02
   1.5209000e-02
   1.9195000e-02
   2.1942500e-02
   2.3074200e-02
   2.2873600e-02
   2.2273700e-02
   2.2666300e-02
   2.4948400e-02
   2.9113700e-02
   3.4214300e-02
   3.8401000e-02
   3.9604800e-02
   3.6196800e-02
   2.7779800e-02
   1.5756100e-02
   3.2367800e-03
  -6.1736500e-03
  -9.8790900e-03
  -6.8673100e-03
   1.5584900e-03
   1.2105800e-02
   2.1255900e-02
   2.6416600e-02
   2.6270300e-02
   2.1027300e-02
   1.2152000e-02
   1.6696300e-03
  -8.3897100e-03
  -1.6513000e-02
  -2.2324500e-02
  -2.6097300e-02
  -2.8321200e-02
  -2.9511700e-02
  -2.9765300e-02
  -2.8938200e-02
  -2.7194800e-02
  -2.4963500e-02
  -2.2681900e-02
  -2.0266500e-02
  -1.7383100e-02
  -1.4062500e-02
  -1.0631600e-02
  -7.6936500e-03
  -5.8564400e-03
  -5.9262200e-03
  -8.2805000e-03
  -1.2082900e-02
  -1.5704900e-02
  -1.7502400e-02
  -1.6811100e-02
  -1.4330400e-02
  -1.1571700e-02
  -1.0082800e-02
  -1.0825900e-02
  -1.3816800e-02
  -1.7975600e-02
  -2.1634600e-02
  -2.3459600e-02
  -2.3050800e-02
  -2.0815600e-02
  -1.7632100e-02
  -1.3948000e-02
  -9.5178400e-03
  -3.8881200e-03
   3.3640000e-03
   1.1820500e-02
   2.0318300e-02
   2.7362200e-02
   3.1687300e-02
   3.2838900e-02
   3.1293300e-02
   2.8340000e-02
   2.5967100e-02
   2.6156900e-02
   2.9871000e-02
   3.6720300e-02
   4.5173700e-02
   5.3381000e-02
   5.9921500e-02
   6.4220600e-02
   6.6017800e-02
   6.5372900e-02
   6.2496500e-02
   5.7548300e-02
   5.1035300e-02
   4.3601300e-02
   3.5731500e-02
   2.7701400e-02
   1.9758800e-02
   1.2308900e-02
   5.9846800e-03
   1.5475500e-03
  -7.2009600e-04
  -1.5679500e-03
  -2.0963200e-03
  -3.2383200e-03
  -5.6520300e-03
  -9.6795300e-03
  -1.4943800e-02
  -2.0455200e-02
  -2.5161500e-02
  -2.8150900e-02
  -2.9101800e-02
  -2.8697900e-02
  -2.7819400e-02
  -2.6831800e-02
  -2.5751500e-02
  -2.3850100e-02
  -2.0405900e-02
  -1.5501000e-02
  -9.5813000e-03
  -3.2749300e-03
   2.7054800e-03
   7.7434000e-03
   1.1891100e-02
   1.5585800e-02
   1.9067000e-02
   2.2627300e-02
   2.6389700e-02
   3.0011800e-02
   3.3236400e-02
   3.6166500e-02
   3.8431900e-02
   3.9497700e-02
   3.9325000e-02
   3.8026200e-02
   3.5473700e-02
   3.1722400e-02
   2.7039900e-02
   2.1317300e-02
   1.4617000e-02
   7.7193000e-03
   1.5439100e-03
  -3.0911100e-03
  -5.5924400e-03
  -5.9655800e-03
  -5.0924500e-03
  -4.3996800e-03
  -5.0141500e-03
  -7.5939700e-03
  -1.2423200e-02
  -1.8896800e-02
  -2.5425500e-02
  -3.0494100e-02
  -3.3334900e-02
  -3.3868200e-02
  -3.2469400e-02
  -2.9546200e-02
  -2.5453900e-02
  -2.0734300e-02
  -1.5989600e-02
  -1.2109600e-02
  -1.0240600e-02
  -1.1216900e-02
  -1.5275800e-02
  -2.1745900e-02
  -2.9221700e-02
  -3.6180900e-02
  -4.1183000e-02
  -4.2981900e-02
  -4.0921300e-02
  -3.5409200e-02
  -2.8124200e-02
  -2.1073200e-02
  -1.5689200e-02
  -1.2918900e-02
  -1.2828400e-02
  -1.4525300e-02
  -1.6782400e-02
  -1.8783400e-02
  -2.0103900e-02
  -2.0351900e-02
  -1.9206800e-02
  -1.6485600e-02
  -1.1987600e-02
  -5.8575700e-03
   1.3728200e-03
   8.8513000e-03
   1.5124000e-02
   1.8743000e-02
   1.9359800e-02
   1.7817900e-02
   1.5476000e-02
   1.3668600e-02
   1.3319800e-02
   1.4498900e-02
   1.6278300e-02
   1.7474900e-02
   1.7455400e-02
   1.6417500e-02
   1.5341100e-02
   1.5404200e-02
   1.7214500e-02
   2.0495700e-02
   2.4304400e-02
   2.7504900e-02
   2.8803200e-02
   2.7160500e-02
   2.2768600e-02
   1.6945600e-02
   1.1725900e-02
   8.8809800e-03
   9.3486800e-03
   1.3047600e-02
   1.8636300e-02
   2.3659200e-02
   2.5830200e-02
   2.4065600e-02
   1.8494600e-02
   1.0416400e-02
   1.8831400e-03
  -4.9631600e-03
  -8.9614800e-03
  -1.0098200e-02
  -8.9233800e-03
  -6.2504400e-03
  -3.0423100e-03
  -1.3573800e-04
   1.7735500e-03
   2.4341600e-03
   1.6571600e-03
  -8.3048100e-04
  -5.0466400e-03
  -1.0739500e-02
  -1.7394500e-02
  -2.4350600e-02
  -3.0663800e-02
  -3.5158700e-02
  -3.6816800e-02
  -3.5113700e-02
  -3.0495600e-02
  -2.4062100e-02
  -1.6850800e-02
  -1.0324400e-02
  -6.1191300e-03
  -5.1896600e-03
  -7.4377200e-03
  -1.1925200e-02
  -1.7319400e-02
  -2.2348700e-02
  -2.5732700e-02
  -2.6536500e-02
  -2.4746300e-02
  -2.1234100e-02
  -1.7269100e-02
  -1.3773400e-02
  -1.1366700e-02
  -1.0465300e-02
  -1.1121700e-02
  -1.2625800e-02
  -1.3823500e-02
  -1.3885100e-02
  -1.2492600e-02
  -9.7222800e-03
  -6.0629700e-03
  -2.3477500e-03
   2.9260200e-04
   8.8394100e-04
  -8.7034500e-04
  -4.0753000e-03
  -7.3647700e-03
  -9.8946700e-03
  -1.1635400e-02
  -1.2746600e-02
  -1.3318800e-02
  -1.3431400e-02
  -1.2814800e-02
  -1.0703100e-02
  -6.2817800e-03
   2.6869400e-04
   7.5609300e-03
   1.3804400e-02
   1.7469800e-02
   1.7775500e-02
   1.5305600e-02
   1.1844600e-02
   9.6183100e-03
   1.0290900e-02
   1.4249800e-02
   2.0638500e-02
   2.7808700e-02
   3.3962400e-02
   3.7966100e-02
   3.9293600e-02
   3.8066600e-02
   3.5044800e-02
   3.1015200e-02
   2.6249700e-02
   2.1070900e-02
   1.6223200e-02
   1.2831000e-02
   1.1956200e-02
   1.3933400e-02
   1.8139200e-02
   2.2962200e-02
   2.6393300e-02
   2.6735800e-02
   2.3071200e-02
   1.5817100e-02
   6.8179400e-03
  -1.7900100e-03
  -8.2355400e-03
  -1.1462400e-02
  -1.1412100e-02
  -8.5670100e-03
  -3.8170700e-03
   1.5866900e-03
   6.3484700e-03
   9.3351900e-03
   9.8520400e-03
   7.7112400e-03
   3.2948300e-03
  -2.5478600e-03
  -8.6082000e-03
  -1.3232100e-02
  -1.4404600e-02
  -1.1193800e-02
  -4.2937800e-03
   4.5794300e-03
   1.3026400e-02
   1.8524400e-02
   1.9302700e-02
   1.5030300e-02
   7.2755000e-03
  -1.0638700e-03
  -7.3247200e-03
  -1.0269500e-02
  -1.0410800e-02
  -9.4412100e-03
  -9.0207100e-03
  -1.0131100e-02
  -1.2775500e-02
  -1.6169000e-02
  -1.9463900e-02
  -2.2135700e-02
  -2.4279200e-02
  -2.6791100e-02
  -3.0477300e-02
  -3.5409700e-02
  -4.0830600e-02
  -4.5049600e-02
  -4.6853200e-02
  -4.5835100e-02
  -4.2089600e-02
  -3.6319500e-02
  -2.9829900e-02
  -2.4018100e-02
  -1.9776400e-02
  -1.7314900e-02
  -1.6007000e-02
  -1.5093700e-02
  -1.4166000e-02
  -1.3241900e-02
  -1.2436400e-02
  -1.1870000e-02
  -1.1650700e-02
  -1.1530000e-02
  -1.0816300e-02
  -8.9240500e-03
  -5.9490500e-03
  -2.7319100e-03
  -2.2076100e-04
   1.0834200e-03
   6.2668500e-04
  -1.7073800e-03
  -5.0000200e-03
  -8.0164700e-03
  -9.9135600e-03
  -1.0348300e-02
  -9.6926200e-03
  -8.7486500e-03
  -8.1266700e-03
  -8.1416400e-03
  -8.7962100e-03
  -9.5888200e-03
  -9.7341400e-03
  -8.6578000e-03
  -6.1388000e-03
  -2.1956200e-03
   2.9315600e-03
   8.8529600e-03
   1.4706700e-02
   1.9355500e-02
   2.2068800e-02
   2.2851400e-02
   2.1828400e-02
   1.9309300e-02
   1.5989900e-02
   1.2926200e-02
   1.1038600e-02
   1.0801700e-02
   1.2475300e-02
   1.6178500e-02
   2.1321300e-02
   2.6558700e-02
   3.0432200e-02
   3.1996300e-02
   3.0937700e-02
   2.7657300e-02
   2.3351300e-02
   1.9549600e-02
   1.7437300e-02
   1.7358200e-02
   1.8818600e-02
   2.0847100e-02
   2.2388900e-02
   2.2802200e-02
   2.2056400e-02
   2.0747400e-02
   1.9819800e-02
   1.9923900e-02
   2.1125600e-02
   2.2926200e-02
   2.4645900e-02
   2.5843000e-02
   2.6301000e-02
   2.5883700e-02
   2.4496400e-02
   2.2245000e-02
   1.9231000e-02
   1.5597700e-02
   1.1916900e-02
   8.9468000e-03
   7.4318800e-03
   7.5298300e-03
   8.6215900e-03
   9.7353300e-03
   9.7978900e-03
   7.9703200e-03
   3.9001700e-03
  -2.0574200e-03
  -8.8613000e-03
  -1.5186000e-02
  -1.9895600e-02
  -2.2311000e-02
  -2.2114100e-02
  -1.9576400e-02
  -1.5674000e-02
  -1.1185900e-02
  -6.6814300e-03
  -2.7960500e-03
  -2.0271200e-04
   7.6189900e-04
   3.1719600e-04
  -1.1391800e-03
  -2.7935800e-03
  -3.9315100e-03
  -3.8971200e-03
  -2.2017900e-03
   9.6090400e-04
   4.9053300e-03
   8.8404800e-03
   1.2099800e-02
   1.4075600e-02
   1.4403600e-02
   1.3115800e-02
   1.0297400e-02
   6.0701300e-03
   9.1504300e-04
  -4.5583200e-03
  -9.7153000e-03
  -1.3894200e-02
  -1.6520600e-02
  -1.7389500e-02
  -1.6931500e-02
  -1.5785900e-02
  -1.4733200e-02
  -1.4740800e-02
  -1.6332600e-02
  -1.9210300e-02
  -2.2632200e-02
  -2.5915000e-02
  -2.8369400e-02
  -2.9476400e-02
  -2.9017500e-02
  -2.6992300e-02
  -2.3924700e-02
  -2.0301000e-02
  -1.6107400e-02
  -1.1451700e-02
  -6.7311000e-03
  -2.0765300e-03
   2.2249200e-03
   5.3444300e-03
   6.4030600e-03
   4.9791300e-03
   1.4630800e-03
  -3.4324800e-03
  -8.6850500e-03
  -1.3074500e-02
  -1.5665900e-02
  -1.5941600e-02
  -1.3525300e-02
  -8.5417900e-03
  -1.8512800e-03
   5.2624100e-03
   1.1488400e-02
   1.5702000e-02
   1.7184400e-02
   1.5762200e-02
   1.1796300e-02
   6.3542200e-03
   8.9374800e-04
  -3.3387800e-03
  -5.3220200e-03
  -4.4172200e-03
  -7.2133600e-04
   5.0232200e-03
   1.1560600e-02
   1.7388200e-02
   2.1204300e-02
   2.2238800e-02
   2.0396400e-02
   1.6341900e-02
   1.1530900e-02
   7.3397800e-03
   4.6637000e-03
   4.0318900e-03
   5.0188900e-03
   6.7569900e-03
   8.6006100e-03
   1.0172900e-02
   1.1293200e-02
   1.1837100e-02
   1.1911600e-02
   1.1713300e-02
   1.1340500e-02
   1.1167700e-02
   1.1766900e-02
   1.3316700e-02
   1.5979100e-02
   1.9692900e-02
   2.3781100e-02
   2.7478300e-02
   3.0184800e-02
   3.1550700e-02
   3.1689300e-02
   3.1168400e-02
   3.0676600e-02
   3.0648700e-02
   3.1335200e-02
   3.2743100e-02
   3.4375500e-02
   3.5628700e-02
   3.6174300e-02
   3.5734700e-02
   3.4320200e-02
   3.2016300e-02
   2.8875200e-02
   2.5295500e-02
   2.1921600e-02
   1.9247000e-02
   1.7356100e-02
   1.5990600e-02
   1.4966700e-02
   1.4053900e-02
   1.2649600e-02
   1.0297600e-02
   7.0141200e-03
   3.1284800e-03
  -1.0056800e-03
  -4.9994400e-03
  -8.1238300e-03
  -9.7690400e-03
  -9.9498800e-03
  -9.1232500e-03
  -7.7116000e-03
  -5.9339000e-03
  -4.0832600e-03
  -3.0589200e-03
  -3.5670800e-03
  -5.4833000e-03
  -8.3864900e-03
  -1.1764600e-02
  -1.4768600e-02
  -1.6494200e-02
  -1.6155200e-02
  -1.3332300e-02
  -8.6307200e-03
  -3.5246500e-03
   3.9218400e-04
   1.8846900e-03
   4.1855000e-04
  -3.7935800e-03
  -9.9456900e-03
  -1.6806200e-02
  -2.2999000e-02
  -2.7016800e-02
  -2.7867900e-02
  -2.5670000e-02
  -2.1382200e-02
  -1.6182300e-02
  -1.1264000e-02
  -7.9325700e-03
  -6.9332100e-03
  -7.9358600e-03
  -9.8699700e-03
  -1.1801700e-02
  -1.3093900e-02
  -1.3057500e-02
  -1.1365600e-02
  -8.3241400e-03
  -4.3178000e-03
   1.9287800e-05
   3.9567700e-03
   7.1811200e-03
   9.4474800e-03
   1.0415300e-02
   9.9463400e-03
   8.1191500e-03
   5.4479100e-03
   2.8933300e-03
   1.0164900e-03
  -2.4793300e-04
  -1.1670900e-03
  -2.1144200e-03
  -3.6159700e-03
  -5.9980600e-03
  -9.1204000e-03
  -1.2433400e-02
  -1.5247800e-02
  -1.7053400e-02
  -1.7771500e-02
  -1.7684200e-02
  -1.7491100e-02
  -1.7873900e-02
  -1.8938800e-02
  -2.0225500e-02
  -2.1286400e-02
  -2.1911900e-02
  -2.2257000e-02
  -2.2652200e-02
  -2.3057100e-02
  -2.3333500e-02
  -2.3739000e-02
  -2.4485200e-02
  -2.5365500e-02
  -2.6199100e-02
  -2.7000500e-02
  -2.7427300e-02
  -2.6986800e-02
  -2.5598200e-02
  -2.3466200e-02
  -2.0952900e-02
  -1.8308700e-02
  -1.5742300e-02
  -1.3558900e-02
  -1.1786200e-02
  -1.0264100e-02
  -8.8750100e-03
  -7.5411600e-03
  -6.3253900e-03
  -5.4032400e-03
  -4.7973500e-03
  -4.3232800e-03
  -3.6039900e-03
  -2.3672300e-03
  -8.6503500e-04
   1.7524900e-04
   2.2225700e-05
  -1.6114200e-03
  -4.6101700e-03
  -8.4997300e-03
  -1.2596800e-02
  -1.5981800e-02
  -1.7952600e-02
  -1.8417700e-02
  -1.7790300e-02
  -1.6271800e-02
  -1.4080400e-02
  -1.1781200e-02
  -9.8636200e-03
  -8.6889400e-03
  -8.4571900e-03
  -9.1184500e-03
  -1.0656100e-02
  -1.3068000e-02
  -1.6106500e-02
  -1.9175400e-02
  -2.1584900e-02
  -2.2829600e-02
  -2.2871800e-02
  -2.1882300e-02
  -2.0086200e-02
  -1.8027500e-02
  -1.6267600e-02
  -1.5194600e-02
  -1.4986100e-02
  -1.5692700e-02
  -1.6907600e-02
  -1.7940400e-02
  -1.8085300e-02
  -1.7002500e-02
  -1.4849100e-02
  -1.2103700e-02
  -9.4100300e-03
  -7.4811200e-03
  -6.9872800e-03
  -8.0055700e-03
  -1.0014200e-02
  -1.2397700e-02
  -1.4313800e-02
  -1.4895200e-02
  -1.3786300e-02
  -1.1350900e-02
  -8.6027400e-03
  -6.8322200e-03
  -6.7837500e-03
  -8.5089200e-03
  -1.1546900e-02
  -1.5099100e-02
  -1.8350500e-02
  -2.0361200e-02
  -2.0412700e-02
  -1.8407400e-02
  -1.4687000e-02
  -9.7538100e-03
  -4.3046100e-03
   7.0385400e-04
   4.4064800e-03
   6.4187300e-03
   6.9638500e-03
   6.6675300e-03
   6.4272500e-03
   7.1318000e-03
   9.3473600e-03
   1.2939900e-02
   1.7230600e-02
   2.1540500e-02
   2.5546300e-02
   2.9123900e-02
   3.2287400e-02
   3.5392700e-02
   3.8891400e-02
   4.2784500e-02
   4.6496600e-02
   4.9431300e-02
   5.1279500e-02
   5.1913100e-02
   5.1366000e-02
   4.9868400e-02
   4.7787500e-02
   4.5702600e-02
   4.4019700e-02
   4.2854700e-02
   4.2135900e-02
   4.1724400e-02
   4.1359400e-02
   4.0717100e-02
   3.9875300e-02
   3.8910000e-02
   3.8024300e-02
   3.7317700e-02
   3.6609500e-02
   3.5958700e-02
   3.5543200e-02
   3.5352100e-02
   3.5155400e-02
   3.4509200e-02
   3.3028200e-02
   3.0435100e-02
   2.6626600e-02
   2.1755900e-02
   1.6401600e-02
   1.1557600e-02
   8.1864600e-03
   7.1049300e-03
   8.6254000e-03
   1.2001200e-02
   1.5939200e-02
   1.9139200e-02
   2.0543000e-02
   1.9593200e-02
   1.6452200e-02
   1.1914300e-02
   7.2016200e-03
   3.5433100e-03
   1.6384300e-03
   1.8000200e-03
   4.0643500e-03
   7.8131500e-03
   1.1854000e-02
   1.4856200e-02
   1.6039200e-02
   1.5418000e-02
   1.3415700e-02
   1.0438000e-02
   7.1199700e-03
   4.6097000e-03
   3.3468800e-03
   2.9721500e-03
   3.1261600e-03
   3.5872700e-03
   4.0279000e-03
   3.8151400e-03
   2.4151500e-03
  -1.7268400e-04
  -3.5302200e-03
  -7.1090300e-03
  -1.0468800e-02
  -1.2797500e-02
  -1.3601000e-02
  -1.3459600e-02
  -1.3203000e-02
  -1.3335500e-02
  -1.4050100e-02
  -1.5241900e-02
  -1.6819800e-02
  -1.8480300e-02
  -1.9787600e-02
  -2.0541800e-02
  -2.0780800e-02
  -2.0545300e-02
  -1.9898000e-02
  -1.8979200e-02
  -1.7782900e-02
  -1.6282100e-02
  -1.4525000e-02
  -1.2564500e-02
  -1.0584800e-02
  -9.1082800e-03
  -8.4615900e-03
  -8.5266100e-03
  -9.1552800e-03
  -1.0272100e-02
  -1.1815400e-02
  -1.3426900e-02
  -1.4615000e-02
  -1.5140400e-02
  -1.5027700e-02
  -1.4290300e-02
  -1.2773800e-02
  -1.0751400e-02
  -8.7288000e-03
  -7.1427600e-03
  -6.0970300e-03
  -5.5135400e-03
  -5.1690200e-03
  -4.6532000e-03
  -3.3845200e-03
  -8.2858700e-04
   2.9281100e-03
   6.8930900e-03
   1.0048700e-02
   1.1568900e-02
   1.0883600e-02
   8.0157000e-03
   3.8163800e-03
  -5.9080000e-04
  -4.5580000e-03
  -7.7895300e-03
  -1.0062400e-02
  -1.1226200e-02
  -1.1379700e-02
  -1.0830400e-02
  -9.9733700e-03
  -9.2316800e-03
  -8.9651000e-03
  -9.1838300e-03
  -9.7538900e-03
  -1.0402300e-02
  -1.0845200e-02
  -1.0979100e-02
  -1.0708600e-02
  -9.9464000e-03
  -8.8435200e-03
  -7.7393400e-03
  -6.8104300e-03
  -5.8853600e-03
  -4.5609400e-03
  -2.4769400e-03
   2.9899300e-04
   3.3397700e-03
   6.1288700e-03
   8.0032800e-03
   8.4280000e-03
   7.1025200e-03
   4.2070800e-03
   5.2834700e-04
  -3.0227600e-03
  -5.3489800e-03
  -5.4157300e-03
  -2.9919000e-03
   1.3292700e-03
   6.4944700e-03
   1.1293200e-02
   1.4755700e-02
   1.6253100e-02
   1.5456800e-02
   1.2993400e-02
   9.8319300e-03
   6.7925000e-03
   4.5973300e-03
   3.9506700e-03
   5.1718300e-03
   7.9082600e-03
   1.1291200e-02
   1.4317100e-02
   1.6260900e-02
   1.6784600e-02
   1.5760000e-02
   1.3313500e-02
   9.9383600e-03
   6.4750200e-03
   3.4759200e-03
   9.9885400e-04
  -1.0845900e-03
  -2.7321900e-03
  -3.9570200e-03
  -4.8979800e-03
  -5.4961900e-03
  -5.4878400e-03
  -4.9093500e-03
  -4.0915900e-03
  -3.4162800e-03
  -3.2461800e-03
  -4.0421700e-03
  -5.9348100e-03
  -8.5754200e-03
  -1.1342200e-02
  -1.3502900e-02
  -1.4433900e-02
  -1.3683100e-02
  -1.1382200e-02
  -8.0713100e-03
  -4.5840800e-03
  -1.8440400e-03
  -5.7410400e-04
  -1.0283100e-03
  -2.9120000e-03
  -5.7142300e-03
  -8.7570600e-03
  -1.1079300e-02
  -1.2112200e-02
  -1.1875100e-02
  -1.0734800e-02
  -8.9621400e-03
  -6.7662500e-03
  -4.6110000e-03
  -3.0962200e-03
  -2.5402500e-03
  -2.9658200e-03
  -4.4546800e-03
  -6.6804700e-03
  -8.8300300e-03
  -1.0215900e-02
  -1.0199300e-02
  -8.6150600e-03
  -5.9451400e-03
  -2.7252700e-03
   5.3750400e-04
   3.6484500e-03
   6.4227100e-03
   8.6153000e-03
   1.0320000e-02
   1.1518500e-02
   1.2009200e-02
   1.1684600e-02
   1.0500300e-02
   8.6734300e-03
   6.4887200e-03
   4.4177100e-03
   3.2727100e-03
   3.2981600e-03
   4.0405900e-03
   4.9745600e-03
   5.7783100e-03
   6.2993600e-03
   6.6355900e-03
   6.8924200e-03
   7.1092000e-03
   7.5325200e-03
   8.4012200e-03
   9.5767500e-03
   1.0710800e-02
   1.1757100e-02
   1.2644200e-02
   1.3153300e-02
   1.3118700e-02
   1.2743400e-02
   1.2142900e-02
   1.1214000e-02
   9.8454900e-03
   8.0182500e-03
   5.8196400e-03
   3.2830200e-03
   5.5866700e-04
  -1.8476400e-03
  -3.4057400e-03
  -3.9222800e-03
  -3.4161100e-03
  -2.1394800e-03
  -6.8323400e-04
   3.0295600e-04
   1.9954400e-04
  -1.2821200e-03
  -3.6708700e-03
  -6.1465300e-03
  -8.0688700e-03
  -9.0272200e-03
  -8.8212600e-03
  -7.3611600e-03
  -4.8823900e-03
  -1.9946300e-03
   8.0055200e-04
   2.9971200e-03
   4.1833200e-03
   4.1605200e-03
   3.0925700e-03
   1.3604800e-03
  -6.5489800e-04
  -2.4626300e-03
  -3.9295200e-03
  -5.1622200e-03
  -6.0068400e-03
  -6.1432300e-03
  -5.6194300e-03
  -4.6165900e-03
  -3.4282700e-03
  -2.6980200e-03
  -2.7015100e-03
  -3.3519200e-03
  -4.3607800e-03
  -5.1794700e-03
  -5.0442600e-03
  -3.5500100e-03
  -1.0162000e-03
   1.9816500e-03
   4.9685200e-03
   7.2763100e-03
   8.3482400e-03
   8.1122800e-03
   6.5317400e-03
   3.5926600e-03
  -2.6150600e-04
  -4.3449700e-03
  -8.0401700e-03
  -1.0672300e-02
  -1.1804200e-02
  -1.1543500e-02
  -1.0412300e-02
  -9.3284800e-03
  -9.1813400e-03
  -1.0450700e-02
  -1.3175000e-02
  -1.6700900e-02
  -2.0229700e-02
  -2.3047200e-02
  -2.4188000e-02
  -2.3278500e-02
  -2.0879600e-02
  -1.7662300e-02
  -1.4063300e-02
  -1.0618000e-02
  -7.8364400e-03
  -6.0099400e-03
  -4.7296000e-03
  -3.8780000e-03
  -3.6810700e-03
  -3.7900900e-03
  -3.5025100e-03
  -2.7524000e-03
  -1.7232900e-03
  -5.5208400e-04
   4.1062500e-04
   9.1972800e-04
   1.0561800e-03
   1.0689300e-03
   1.1273300e-03
   1.2762400e-03
   1.5767400e-03
   1.9075100e-03
   1.9778600e-03
   1.4911500e-03
   5.0229800e-04
  -6.1997900e-04
  -1.6850000e-03
  -2.7034100e-03
  -3.8873200e-03
  -5.1920000e-03
  -6.4170400e-03
  -7.6337500e-03
  -8.6155800e-03
  -9.3227600e-03
  -1.0032100e-02
  -1.0524900e-02
  -1.0590200e-02
  -1.0012500e-02
  -8.7244500e-03
  -7.1786600e-03
  -5.8796000e-03
  -4.8791700e-03
  -3.9125200e-03
  -2.8701800e-03
  -1.9237400e-03
  -1.1154800e-03
  -5.1902600e-04
  -2.7669200e-04
  -4.3281300e-04
  -7.7921900e-04
  -8.3820600e-04
  -5.3720100e-04
   2.2996100e-06
   9.1649600e-04
   2.1520200e-03
   3.4905900e-03
   4.6428500e-03
   5.3785800e-03
   5.9182400e-03
   6.1488100e-03
   5.7815300e-03
   4.9403300e-03
   4.0234100e-03
   3.4513400e-03
   3.5952300e-03
   4.7936400e-03
   6.9367700e-03
   9.6150700e-03
   1.2379000e-02
   1.4516700e-02
   1.5457200e-02
   1.4916700e-02
   1.3102700e-02
   1.0467000e-02
   7.3679500e-03
   4.2258000e-03
   1.7764500e-03
   5.7637600e-04
   4.9521400e-04
   1.2454600e-03
   2.6018900e-03
   4.2035600e-03
   5.5770700e-03
   6.3731600e-03
   6.4504600e-03
   5.6862000e-03
   3.9635100e-03
   1.2028100e-03
  -2.0396500e-03
  -4.8450400e-03
  -6.6313700e-03
  -7.2157500e-03
  -6.6105900e-03
  -5.0675800e-03
  -3.1090500e-03
  -1.5349500e-03
  -9.8757800e-04
  -1.6300300e-03
  -3.1987700e-03
  -5.2598800e-03
  -7.2981600e-03
  -8.6884300e-03
  -9.1350500e-03
  -8.7777500e-03
  -7.7397900e-03
  -6.0671500e-03
  -4.0746500e-03
  -2.3325700e-03
  -1.1910700e-03
  -9.7000200e-04
  -2.0879000e-03
  -4.1415100e-03
  -6.3797200e-03
  -8.3235500e-03
  -9.5674300e-03
  -9.5650500e-03
  -8.1421700e-03
  -5.6645000e-03
  -2.6741900e-03
   2.0581500e-04
   2.3402900e-03
   3.5045200e-03
   3.7996800e-03
   3.3304300e-03
   2.3323200e-03
   1.2585000e-03
   3.9534300e-04
   9.4079200e-05
   5.5051500e-04
   1.5857900e-03
   3.1247700e-03
   5.4665400e-03
   8.3629500e-03
   1.1187300e-02
   1.3721900e-02
   1.5760400e-02
   1.6967500e-02
   1.7028100e-02
   1.5868400e-02
   1.4000300e-02
   1.2299600e-02
   1.1302700e-02
   1.1092000e-02
   1.1598000e-02
   1.2513500e-02
   1.3302000e-02
   1.3458300e-02
   1.2622900e-02
   1.0764500e-02
   8.1998900e-03
   5.3575900e-03
   2.6200900e-03
   2.0537100e-04
  -1.8013200e-03
  -3.4806600e-03
  -5.1264500e-03
  -6.7965100e-03
  -8.2422300e-03
  -9.4642800e-03
  -1.0622400e-02
  -1.1600600e-02
  -1.1929600e-02
  -1.1457600e-02
  -1.0527100e-02
  -9.4880800e-03
  -8.4594300e-03
  -7.5020300e-03
  -6.7721800e-03
  -6.2360200e-03
  -5.8076400e-03
  -5.4057800e-03
  -4.9606700e-03
  -4.4628800e-03
  -3.7649600e-03
  -2.8595500e-03
  -1.9670500e-03
  -1.3348800e-03
  -1.0463300e-03
  -1.0144500e-03
  -1.1087800e-03
  -1.2626500e-03
  -1.4820300e-03
  -1.4544200e-03
  -1.0515100e-03
  -4.9418900e-04
   3.0749900e-05
   4.0681700e-04
   5.3699400e-04
   3.4831500e-04
  -3.1644000e-04
  -1.5692800e-03
  -3.1452200e-03
  -4.5324900e-03
  -5.4885000e-03
  -5.8739800e-03
  -5.6056800e-03
  -4.5841200e-03
  -2.8216300e-03
  -6.6803900e-04
   1.3497200e-03
   2.8224700e-03
   3.3582100e-03
   2.6926000e-03
   8.3771200e-04
  -1.7248100e-03
  -4.1704000e-03
  -5.7775200e-03
  -6.2184500e-03
  -5.5218100e-03
  -3.7582200e-03
  -1.3890000e-03
   5.7419300e-04
   1.6094600e-03
   1.6851800e-03
   9.4772400e-04
  -1.9181900e-04
  -1.1471700e-03
  -1.4534000e-03
  -1.1268700e-03
  -2.8505100e-04
   9.2586800e-04
   2.0426400e-03
   2.4493800e-03
   1.8762600e-03
   7.1933200e-04
  -5.4511900e-04
  -1.6536700e-03
  -2.2775000e-03
  -2.1297200e-03
  -1.0913700e-03
   7.5332300e-04
   2.9430400e-03
   4.8604900e-03
   6.0877300e-03
   6.4444300e-03
   5.7356500e-03
   3.9213100e-03
   1.4316900e-03
  -1.1676400e-03
  -3.3672800e-03
  -4.6365800e-03
  -4.9291400e-03
  -4.7355300e-03
  -4.5485400e-03
  -4.5969400e-03
  -4.9861100e-03
  -5.7344800e-03
  -6.7908400e-03
  -7.9242500e-03
  -8.8297100e-03
  -9.2650600e-03
  -8.9198200e-03
  -7.7212900e-03
  -5.8219300e-03
  -3.5193100e-03
  -1.1575100e-03
   1.1219400e-03
   2.9349400e-03
   3.7441200e-03
   3.2272700e-03
   1.9220600e-03
   4.9176700e-04
  -8.4039000e-04
  -1.7422600e-03
  -1.7256700e-03
  -5.9620300e-04
   1.3311900e-03
   3.4355500e-03
   5.1518100e-03
   5.9999900e-03
   5.6025800e-03
   3.8934800e-03
   1.2588400e-03
  -1.7426900e-03
  -4.4834100e-03
  -6.5989900e-03
  -7.9039300e-03
  -8.3099200e-03
  -8.0734300e-03
  -7.5685800e-03
  -6.6528400e-03
  -5.4578300e-03
  -4.5433100e-03
  -4.1826900e-03
  -4.2972400e-03
  -4.7798900e-03
  -5.3208100e-03
  -5.5275500e-03
  -5.0418000e-03
  -3.4069200e-03
  -8.3049300e-04
   2.1536300e-03
   5.2483100e-03
   8.2956400e-03
   1.1153600e-02
   1.3825600e-02
   1.6289800e-02
   1.8630000e-02
   2.0832900e-02
   2.2587500e-02
   2.3387000e-02
   2.3095400e-02
   2.1992300e-02
   2.0324300e-02
   1.8457400e-02
   1.6745800e-02
   1.5331000e-02
   1.4405200e-02
   1.4045900e-02
   1.3950600e-02
   1.4116800e-02
   1.4412500e-02
   1.4177400e-02
   1.2962100e-02
   1.0910600e-02
   8.4381300e-03
   6.1210800e-03
   4.5889300e-03
   4.2161800e-03
   5.0254800e-03
   6.6849000e-03
   8.4926700e-03
   9.8794100e-03
   1.0534300e-02
   1.0374800e-02
   9.5458000e-03
   8.3260100e-03
   6.9844400e-03
   5.7252700e-03
   4.7928300e-03
   4.4016300e-03
   4.4560400e-03
   4.7060600e-03
   5.1293400e-03
   5.6448100e-03
   6.1680000e-03
   6.5959400e-03
   6.6295500e-03
   6.2487000e-03
   5.5447300e-03
   4.5913700e-03
   3.5985200e-03
   2.7550100e-03
   2.1829500e-03
   1.9908500e-03
   2.1508900e-03
   2.4872200e-03
   2.8797600e-03
   3.1120600e-03
   2.9161000e-03
   2.2429200e-03
   1.0857900e-03
  -5.8386000e-04
  -2.1652000e-03
  -3.1506500e-03
  -3.5099000e-03
  -3.3407200e-03
  -2.6681800e-03
  -1.6589900e-03
  -7.5005900e-04
  -6.0814200e-04
  -1.7937400e-03
  -4.1664400e-03
  -7.2106700e-03
  -1.0198700e-02
  -1.2521800e-02
  -1.3854000e-02
  -1.3729000e-02
  -1.1984400e-02
  -9.1212600e-03
  -5.7664900e-03
  -2.4259400e-03
   2.4947800e-04
   1.7821900e-03
   2.0369100e-03
   1.3348800e-03
  -9.5023900e-05
  -1.8137500e-03
  -3.1028000e-03
  -3.5338300e-03
  -3.1971400e-03
  -2.2321800e-03
  -9.7721000e-04
   2.0048000e-04
   1.2452600e-03
   1.9911300e-03
   2.3771600e-03
   2.6554200e-03
   3.0001000e-03
   3.3791100e-03
   3.5384600e-03
   3.2186700e-03
   2.5148600e-03
   1.5379000e-03
   2.1377500e-04
  -1.2764600e-03
  -2.5801700e-03
  -3.6330900e-03
  -4.5720500e-03
  -5.4681500e-03
  -6.2822000e-03
  -7.0077100e-03
  -7.9822600e-03
  -9.5796900e-03
  -1.1545300e-02
  -1.3472900e-02
  -1.5045100e-02
  -1.5978000e-02
  -1.6258700e-02
  -1.5997700e-02
  -1.5252900e-02
  -1.4003900e-02
  -1.2203800e-02
  -9.8233100e-03
  -6.9303600e-03
  -3.9415900e-03
  -1.2353500e-03
   1.0201400e-03
   2.6854300e-03
   3.6827400e-03
   4.2134400e-03
   4.7025100e-03
   5.3954900e-03
   6.3869300e-03
   7.4076600e-03
   7.9044100e-03
   7.5523100e-03
   6.4204900e-03
   4.9020000e-03
   3.4465900e-03
   2.0777700e-03
   6.5431800e-04
  -6.7871000e-04
  -1.7845700e-03
  -2.6614400e-03
  -3.3774400e-03
  -4.0360600e-03
  -4.6017300e-03
  -5.1763900e-03
  -5.9614700e-03
  -7.0373000e-03
  -8.2445100e-03
  -9.5167600e-03
  -1.0751500e-02
  -1.1439200e-02
  -1.1185900e-02
  -1.0187600e-02
  -8.8715400e-03
  -7.4100500e-03
  -6.0496000e-03
  -5.2028300e-03
  -4.9788200e-03
  -5.4115700e-03
  -6.4280600e-03
  -7.5868400e-03
  -8.2821000e-03
  -7.9731500e-03
  -6.4510900e-03
  -3.9638500e-03
  -1.0878200e-03
   1.5377600e-03
   3.5578700e-03
   4.9104700e-03
   5.6262500e-03
   5.7740100e-03
   5.5569900e-03
   5.3456100e-03
   5.3932900e-03
   5.7083900e-03
   6.0220500e-03
   5.8074700e-03
   4.7799600e-03
   2.9785500e-03
   6.2167500e-04
  -1.9672800e-03
  -4.2940500e-03
  -5.7816900e-03
  -6.4079200e-03
  -6.5281700e-03
  -6.5977800e-03
  -6.9960800e-03
  -7.6513400e-03
  -8.1504100e-03
  -8.0114800e-03
  -7.0574600e-03
  -5.4760200e-03
  -3.5806700e-03
  -1.7287300e-03
  -2.5134800e-04
   5.6010700e-04
   6.3297200e-04
   3.9315300e-04
   2.2664400e-04
   1.5545400e-04
   2.8381400e-05
  -1.6626300e-04
  -1.4312700e-04
   2.2533300e-04
   7.0566900e-04
   1.0355400e-03
   1.1006600e-03
   8.5247700e-04
   5.8411700e-05
  -1.5996500e-03
  -3.8276300e-03
  -5.9293400e-03
  -7.4368000e-03
  -8.0966300e-03
  -7.9619300e-03
  -7.2619000e-03
  -6.1748900e-03
  -5.1879700e-03
  -4.7314700e-03
  -4.8356000e-03
  -5.3293000e-03
  -6.0559200e-03
  -6.6636800e-03
  -6.7781500e-03
  -6.1559100e-03
  -4.7263900e-03
  -2.6889500e-03
  -2.0404300e-04
   2.4922900e-03
   4.9898800e-03
   7.0751600e-03
   8.5990300e-03
   9.4226700e-03
   9.7830500e-03
   1.0053300e-02
   1.0287900e-02
   1.0220700e-02
   9.9334300e-03
   9.6895600e-03
   9.4460100e-03
   8.9638700e-03
   8.1009400e-03
   7.0662300e-03
   6.1233300e-03
   5.4251100e-03
   4.9529600e-03
   4.4503400e-03
   3.9226400e-03
   3.4198800e-03
   2.8708300e-03
   2.2905300e-03
   1.5934500e-03
   8.9610600e-04
   6.2216200e-04
   7.5300400e-04
   9.2778200e-04
   7.8560200e-04
   2.7308300e-04
  -4.0006400e-04
  -1.0784100e-03
  -1.4066500e-03
  -1.4748900e-03
  -1.4752000e-03
  -1.2433100e-03
  -5.8665200e-04
   3.5752000e-04
   1.4085500e-03
   2.5270700e-03
   3.6718600e-03
   4.6946700e-03
   5.5896800e-03
   6.4832200e-03
   7.2406900e-03
   7.8099900e-03
   8.2402400e-03
   8.4857900e-03
   8.4057400e-03
   7.8958000e-03
   7.0851500e-03
   6.3187700e-03
   5.7225000e-03
   5.2497200e-03
   4.6976500e-03
   4.0237000e-03
   3.3858400e-03
   2.7745700e-03
   2.0051000e-03
   1.0104500e-03
  -1.8648300e-04
  -1.6389200e-03
  -3.3090500e-03
  -5.0652000e-03
  -6.7114600e-03
  -8.0932400e-03
  -8.9869800e-03
  -9.1317800e-03
  -8.4978900e-03
  -7.3153800e-03
  -5.9238200e-03
  -4.4196400e-03
  -2.8068300e-03
  -1.1214600e-03
   3.4184300e-04
   1.1752300e-03
   1.4591800e-03
   1.3282800e-03
   8.8036700e-04
   2.6049400e-04
  -2.5932300e-04
  -3.8788300e-04
  -1.0034600e-04
   5.8542000e-04
   1.5580800e-03
   2.6499600e-03
   3.6972200e-03
   4.7377700e-03
   5.7247200e-03
   6.3395300e-03
   6.4350000e-03
   6.1799900e-03
   5.6977300e-03
   5.0020000e-03
   4.2551600e-03
   3.6848600e-03
   3.4649200e-03
   3.8048100e-03
   4.8510600e-03
   6.2524200e-03
   7.5339500e-03
   8.4366900e-03
   8.8774900e-03
   8.8638900e-03
   8.4194900e-03
   7.5954800e-03
   6.7976900e-03
   6.5662700e-03
   6.9791200e-03
   7.6477700e-03
   8.4341300e-03
   9.3792600e-03
   1.0330100e-02
   1.1021600e-02
   1.1312700e-02
   1.1216500e-02
   1.0820700e-02
   1.0165000e-02
   9.2790600e-03
   8.3535100e-03
   7.5638900e-03
   6.4397000e-03
   5.1769000e-03
   3.8559800e-03
   2.5042200e-03
   1.0348700e-03
  -3.4297000e-04
  -1.3865000e-03
  -1.9634600e-03
  -2.1213400e-03
  -2.0419200e-03
  -1.6947700e-03
  -9.1975800e-04
   2.1301700e-04
   1.3998100e-03
   2.4399300e-03
   3.3622200e-03
   4.1018300e-03
   4.4138300e-03
   4.3332500e-03
   4.2471200e-03
   4.2709400e-03
   4.3464600e-03
   4.4896700e-03
   4.6827800e-03
   4.8523300e-03
   4.7672300e-03
   4.3119600e-03
   3.4584400e-03
   2.2770900e-03
   8.5196600e-04
  -8.4371100e-04
  -2.7049300e-03
  -4.3850600e-03
  -5.8510800e-03
  -7.1560800e-03
  -8.0692300e-03
  -8.2765400e-03
  -7.8710800e-03
  -7.1825100e-03
  -6.4185000e-03
  -5.8207900e-03
  -5.4899200e-03
  -5.4291300e-03
  -5.7423100e-03
  -6.2376400e-03
  -6.6173700e-03
  -6.6928100e-03
  -6.3285900e-03
  -5.5144300e-03
  -4.3051700e-03
  -2.8954200e-03
  -1.2016500e-03
   7.2743900e-04
   2.3531900e-03
   3.3481700e-03
   3.6995100e-03
   3.4002100e-03
   2.5117700e-03
   1.2931100e-03
  -1.6392300e-04
  -1.8663700e-03
  -3.5977900e-03
  -5.0985000e-03
  -6.3564700e-03
  -7.5977000e-03
  -8.9918200e-03
  -1.0529800e-02
  -1.2101400e-02
  -1.3593100e-02
  -1.4927500e-02
  -1.6128100e-02
  -1.7131100e-02
  -1.7799900e-02
  -1.8052300e-02
  -1.7736700e-02
  -1.6660400e-02
  -1.4846100e-02
  -1.2592000e-02
  -1.0297300e-02
  -8.3901500e-03
  -7.1857300e-03
  -6.8697200e-03
  -7.3855700e-03
  -8.4601400e-03
  -9.6753000e-03
  -1.0667300e-02
  -1.1241400e-02
  -1.1115600e-02
  -9.9958300e-03
  -7.9809100e-03
  -5.5588400e-03
  -3.2884400e-03
  -1.3716800e-03
  -7.2283200e-05
   2.0955100e-04
  -3.8387200e-04
  -1.4395500e-03
  -2.4730100e-03
  -3.0524100e-03
  -3.1321700e-03
  -2.8414000e-03
  -2.2918300e-03
  -1.6199800e-03
  -1.1563000e-03
  -1.0656800e-03
  -1.2523100e-03
  -1.6126000e-03
  -1.9218400e-03
  -2.0750700e-03
  -1.8815700e-03
  -1.1102300e-03
   1.8588400e-04
   1.8207300e-03
   3.6120600e-03
   5.3981000e-03
   7.0950500e-03
   8.5222800e-03
   9.4437600e-03
   9.8035100e-03
   9.8342000e-03
   9.6949400e-03
   9.5137900e-03
   9.3167700e-03
   8.9639300e-03
   8.5605000e-03
   8.2190600e-03
   7.8585100e-03
   7.4369800e-03
   6.9876700e-03
   6.4981400e-03
   5.9343800e-03
   5.3121800e-03
   4.7806500e-03
   4.3590900e-03
   3.8343700e-03
   3.2033300e-03
   2.6595800e-03
   2.1815300e-03
   1.6533800e-03
   1.0603500e-03
   4.9094100e-04
  -1.4607100e-04
  -9.6856600e-04
  -1.8782700e-03
  -2.6838600e-03
  -3.2871100e-03
  -3.6590900e-03
  -3.8051600e-03
  -3.7488800e-03
  -3.5868000e-03
  -3.4697900e-03
  -3.5397700e-03
  -3.9472100e-03
  -4.5773400e-03
  -5.1987300e-03
  -5.6913400e-03
  -6.0308700e-03
  -6.2317300e-03
  -6.3614800e-03
  -6.5855200e-03
  -6.7326400e-03
  -6.5662600e-03
  -6.3308500e-03
  -6.2748700e-03
  -6.3844500e-03
  -6.5543000e-03
  -6.7517400e-03
  -6.8819500e-03
  -6.7288500e-03
  -6.0956600e-03
  -4.9310500e-03
  -3.4271800e-03
  -1.7708300e-03
  -1.3585100e-04
   1.3081000e-03
   2.5123600e-03
   3.4683600e-03
   4.1413000e-03
   4.4874700e-03
   4.5399500e-03
   4.4269200e-03
   4.3160700e-03
   4.2766600e-03
   4.2869300e-03
   4.2733600e-03
   4.2060100e-03
   4.0941000e-03
   3.8542100e-03
   3.2786000e-03
   2.3325000e-03
   1.3377900e-03
   4.7195800e-04
  -3.0126100e-04
  -9.9410600e-04
  -1.5420100e-03
  -1.8231600e-03
  -1.7757000e-03
  -1.5268200e-03
  -1.2240600e-03
  -8.9362900e-04
  -5.4313700e-04
  -2.0357300e-04
   6.1997500e-05
   2.2074400e-04
   2.9298500e-04
   2.6456400e-04
   1.9431900e-04
   2.0420600e-04
   3.6979000e-04
   6.4562400e-04
   9.3857300e-04
   1.2977200e-03
   1.6817100e-03
   1.9102500e-03
   1.9102300e-03
   1.7257500e-03
   1.5608000e-03
   1.4686000e-03
   1.3781000e-03
   1.3799100e-03
   1.5054800e-03
   1.6524800e-03
   1.7909300e-03
   1.9928600e-03
   2.2373900e-03
   2.4915600e-03
   2.7960100e-03
   3.0806300e-03
   3.2709600e-03
   3.3779100e-03
   3.4438300e-03
   3.4772000e-03
   3.3743300e-03
   3.0627700e-03
   2.6219400e-03
   2.1693300e-03
   1.7691600e-03
   1.5585400e-03
   1.5123100e-03
   1.4936800e-03
   1.4559400e-03
   1.3937200e-03
   1.3359400e-03
   1.2947200e-03
   1.2606600e-03
   1.2442000e-03
   1.3092900e-03
   1.4714900e-03
   1.6258700e-03
   1.7414600e-03
   1.8625100e-03
   1.9748600e-03
   2.0113100e-03
   1.9342900e-03
   1.7850600e-03
   1.6291700e-03
   1.4966300e-03
   1.3861600e-03
   1.3187900e-03
   1.3317600e-03
   1.4373200e-03
   1.5674000e-03
   1.6407400e-03
   1.6274300e-03
   1.5186800e-03
   1.3091900e-03
   1.0489200e-03
   7.8132500e-04
   5.8697600e-04
   5.1823400e-04
   5.2574100e-04
   5.1192700e-04
   4.1833400e-04
   2.3534400e-04
  -3.0616000e-05
  -3.3515900e-04
  -5.9796700e-04
  -7.6420800e-04
  -8.1626000e-04
  -7.8629400e-04
  -7.2377000e-04
  -6.4306500e-04
  -5.6259100e-04
  -5.5404000e-04
  -6.5299200e-04
  -8.0690900e-04
  -9.4836700e-04
  -1.0862700e-03
  -1.2508800e-03
  -1.3767800e-03
  -1.4271100e-03
  -1.4672500e-03
  -1.5278100e-03
  -1.5735700e-03
  -1.5918400e-03
  -1.6021500e-03
  -1.6166200e-03
  -1.6162900e-03
  -1.5807800e-03
  -1.4997900e-03
  -1.3774800e-03
  -1.2067100e-03
  -9.9538100e-04
  -7.8296300e-04
  -6.0142700e-04
  -4.5802900e-04
  -3.4046300e-04
  -2.3346700e-04
  -1.3575500e-04
  -4.5414400e-05
   4.9757900e-05
   1.5454900e-04
   2.5782900e-04
   3.3899800e-04
   3.9252600e-04
   4.2029900e-04
   4.2134600e-04
   4.0333600e-04
   3.8235500e-04
   3.7519100e-04
   3.9370700e-04
   4.2809800e-04
   4.5814200e-04
   4.6924500e-04
   4.5250400e-04
   4.1546600e-04
   3.6931600e-04
   3.2740600e-04
   3.0886200e-04
   3.2427900e-04
   3.6383200e-04
   4.1085100e-04
   4.4820000e-04
   4.6381500e-04
   4.4852400e-04
   3.9687100e-04
   3.1949400e-04
   2.3714300e-04
   1.6515900e-04
   1.0680400e-04
   6.2976900e-05
   3.5044600e-05
   1.7732900e-05
   5.7879100e-06
  -3.7967600e-06
  -1.2725600e-05
  -2.3069400e-05
  -3.6236200e-05
  -5.5089900e-05
  -7.9800300e-05
  -1.0359800e-04
  -1.2081600e-04
  -1.3040100e-04
  -1.3216900e-04
  -1.2637100e-04
  -1.1623200e-04
  -1.0506000e-04
  -9.5113700e-05
  -8.7552000e-05
  -8.2694400e-05
  -8.0517800e-05
  -8.0592500e-05
  -8.2213500e-05
  -8.4950800e-05
  -8.7821700e-05
  -9.0108600e-05
  -9.1610400e-05
  -9.2188000e-05
  -9.2047400e-05
  -9.1727000e-05
  -9.1795500e-05
  -9.2432600e-05
  -9.3922500e-05
  -9.6288200e-05
  -9.8975000e-05
  -1.0142600e-04
  -1.0325200e-04
  -1.0403000e-04
  -1.0359800e-04
  -1.0211600e-04
  -9.9787300e-05
  -9.6851900e-05
  -9.3482200e-05
  -8.9873800e-05
  -8.6189500e-05
  -8.2516600e-05
  -7.8896700e-05
  -7.5291000e-05
  -7.1695500e-05
  -6.8124200e-05
  -6.4576600e-05
  -6.1020700e-05
  -5.7417200e-05
  -5.3787400e-05
  -5.0174300e-05
  -4.6600800e-05
  -4.3072000e-05
  -3.9587500e-05
  -3.6141800e-05
  -3.2722000e-05
  -2.9313100e-05
  -2.5907200e-05
  -2.2505000e-05
  -1.9109300e-05
  -1.5721900e-05
  -1.2344000e-05
  -8.9755600e-06
  -5.6169100e-06
