  -8.5310500e-04
  -8.6766500e-04
  -8.4711500e-04
  -8.6182200e-04
  -8.4161800e-04
  -8.5672700e-04
  -8.3680300e-04
  -8.5228300e-04
  -8.3263900e-04
  -8.4846700e-04
  -8.2912500e-04
  -8.4529900e-04
  -8.2621700e-04
  -8.4273700e-04
  -8.2395600e-04
  -8.4079300e-04
  -8.2230100e-04
  -8.3945700e-04
  -8.2121000e-04
  -8.3870700e-04
  -8.2072200e-04
  -8.3851600e-04
  -8.2076200e-04
  -8.3891800e-04
  -8.2145400e-04
  -8.3989200e-04
  -8.2264600e-04
  -8.4136100e-04
  -8.2435000e-04
  -8.4339300e-04
  -8.2662600e-04
  -8.4596400e-04
  -8.2941900e-04
  -8.4901200e-04
  -8.3263900e-04
  -8.5257400e-04
  -8.3637400e-04
  -8.5664800e-04
  -8.4053300e-04
  -8.6125200e-04
  -8.4156500e-04
  -8.5867200e-04
  -8.4027800e-04
  -8.5618700e-04
  -8.3805600e-04
  -8.4839300e-04
  -8.3022600e-04
  -8.4620800e-04
  -8.2503200e-04
  -8.4160200e-04
  -8.1384700e-04
  -8.2988500e-04
  -8.0961300e-04
  -8.1536700e-04
  -7.9561500e-04
  -8.0917300e-04
  -7.9204200e-04
  -8.2099300e-04
  -8.0080600e-04
  -8.2096500e-04
  -8.1197900e-04
  -8.4053400e-04
  -8.1979900e-04
  -8.5050500e-04
  -8.4246800e-04
  -8.5972500e-04
  -8.5361300e-04
  -8.8527500e-04
  -8.6416700e-04
  -8.9808200e-04
  -8.9193500e-04
  -9.1035800e-04
  -8.9509000e-04
  -9.2900900e-04
  -9.2527200e-04
  -9.4258900e-04
  -9.4130600e-04
  -9.7694100e-04
  -9.5601000e-04
  -9.9446900e-04
  -9.9283800e-04
  -1.0111700e-03
  -9.9756000e-04
  -1.0355200e-03
  -1.0368100e-03
  -1.0531300e-03
  -1.0574000e-03
  -1.0963700e-03
  -1.0767600e-03
  -1.1023200e-03
  -1.0889300e-03
  -1.1124600e-03
  -1.0988800e-03
  -1.1231300e-03
  -1.1094100e-03
  -1.1337300e-03
  -1.1199900e-03
  -1.1443000e-03
  -1.1302700e-03
  -1.1544200e-03
  -1.1406300e-03
  -1.1649700e-03
  -1.1510200e-03
  -1.1754000e-03
  -1.1613600e-03
  -1.1855200e-03
  -1.1711100e-03
  -1.1956000e-03
  -1.1812200e-03
  -1.2056800e-03
  -1.1911700e-03
  -1.2154800e-03
  -1.2004700e-03
  -1.2252100e-03
  -1.2100200e-03
  -1.2349400e-03
  -1.2192700e-03
  -1.2447500e-03
  -1.2276100e-03
  -1.2543300e-03
  -1.2092200e-03
  -1.2075600e-03
  -1.1741400e-03
  -1.1655600e-03
  -1.1352500e-03
  -1.0926600e-03
  -1.0635200e-03
  -1.0610900e-03
  -1.0143000e-03
  -1.0172900e-03
  -9.3615100e-04
  -9.3770600e-04
  -9.0209400e-04
  -8.5103000e-04
  -8.2015800e-04
  -8.1345300e-04
  -7.9566600e-04
  -8.6347200e-04
  -8.6187200e-04
  -9.5821800e-04
  -9.5971800e-04
  -1.0054600e-03
  -1.0634500e-03
  -1.1053400e-03
  -1.1125300e-03
  -1.1762700e-03
  -1.1747800e-03
  -1.2818500e-03
  -1.2785900e-03
  -1.3331900e-03
  -1.3509600e-03
  -1.3994800e-03
  -1.4202600e-03
  -1.4278500e-03
  -1.4110000e-03
  -1.4328100e-03
  -1.4124600e-03
  -1.4335900e-03
  -1.4138000e-03
  -1.4339800e-03
  -1.4133700e-03
  -1.4342100e-03
  -1.4133300e-03
  -1.4340200e-03
  -1.4126700e-03
  -1.4333600e-03
  -1.4110700e-03
  -1.4312200e-03
  -1.4090900e-03
  -1.4296100e-03
  -1.4067600e-03
  -1.4272500e-03
  -1.4038500e-03
  -1.4243500e-03
  -1.3999500e-03
  -1.4199600e-03
  -1.3956500e-03
  -1.4160700e-03
  -1.3908900e-03
  -1.4114500e-03
  -1.3855200e-03
  -1.4062400e-03
  -1.3790100e-03
  -1.3994800e-03
  -1.3720900e-03
  -1.3933200e-03
  -1.3646400e-03
  -1.3864700e-03
  -1.3564700e-03
  -1.3791300e-03
  -1.3469700e-03
  -1.3703900e-03
  -1.3366900e-03
  -1.3626100e-03
  -1.3253100e-03
  -1.3549900e-03
  -1.3118700e-03
  -1.3492600e-03
  -1.2925500e-03
  -1.3485300e-03
  -1.0149100e-03
  -1.0536300e-03
  -1.3965900e-03
  -1.2739300e-03
  -1.2796600e-03
  -1.2907500e-03
  -1.2658800e-03
  -1.2713600e-03
  -1.2547000e-03
  -1.2558800e-03
  -1.2377200e-03
  -1.2413800e-03
  -1.2214500e-03
  -1.2260200e-03
  -1.2046300e-03
  -1.2098700e-03
  -1.1873400e-03
  -1.1929700e-03
  -1.1688600e-03
  -1.1741000e-03
  -1.1499800e-03
  -1.1558800e-03
  -1.1307900e-03
  -1.1368200e-03
  -1.1110300e-03
  -1.1170400e-03
  -1.0905800e-03
  -1.0960000e-03
  -1.0683300e-03
  -1.0745600e-03
  -1.0468000e-03
  -1.0527500e-03
  -1.0244600e-03
  -1.0303700e-03
  -1.0014600e-03
  -1.0072800e-03
  -9.7722100e-04
  -9.8237300e-04
  -9.5264000e-04
  -9.5832000e-04
  -9.2772000e-04
  -9.3345100e-04
  -9.0209000e-04
  -9.0802100e-04
  -8.7579800e-04
  -8.8219800e-04
  -8.4804000e-04
  -8.5501900e-04
  -8.1914400e-04
  -8.2985200e-04
  -7.3307300e-04
  -6.8356900e-04
  -6.1469200e-04
  -5.5367700e-04
  -4.9531000e-04
  -3.6917200e-04
  -3.1494400e-04
  -2.7399100e-04
  -1.8750400e-04
  -1.5990400e-04
  -1.0473200e-05
   1.7248200e-05
   7.6121900e-05
   1.9843400e-04
   2.4610900e-04
   2.8343600e-04
   3.0717400e-04
   2.1225000e-04
   2.0843100e-04
   6.7976800e-05
   5.9537800e-05
   7.9194500e-06
  -9.2430600e-05
  -1.3484800e-04
  -1.4836800e-04
  -2.2685000e-04
  -2.2475400e-04
  -3.6862200e-04
  -3.6294200e-04
  -4.2130300e-04
  -4.4762100e-04
  -4.9582700e-04
  -5.2566200e-04
  -5.1044200e-04
  -4.8240000e-04
  -4.9036000e-04
  -4.5805700e-04
  -4.6505200e-04
  -4.3432100e-04
  -4.4092500e-04
  -4.1015800e-04
  -4.1723300e-04
  -3.8634500e-04
  -3.9369900e-04
  -3.6231600e-04
  -3.6907100e-04
  -3.3906500e-04
  -3.4551200e-04
  -3.1691300e-04
  -2.6624900e-04
  -1.7305900e-04
  -2.1302400e-04
  -1.1148400e-04
  -6.6453800e-05
  -5.8303200e-05
  -6.7167300e-05
   2.4370000e-05
   7.0531700e-05
   7.3279600e-05
   1.2739600e-04
   2.1653300e-04
   1.7365200e-04
   2.7091500e-04
   3.1308300e-04
   3.1780200e-04
   2.5087600e-04
   2.1633800e-04
   2.2996800e-04
   1.9007500e-04
   1.1662400e-04
   1.7276500e-04
   9.2581900e-05
   6.1801000e-05
   7.4845000e-05
   9.8318800e-05
   2.8005400e-05
  -5.6859600e-06
   1.4252200e-05
  -2.7373300e-05
  -9.3263900e-05
  -4.1560400e-05
  -5.6034000e-05
  -2.8508700e-05
  -3.6020400e-05
  -8.5153600e-06
  -1.7714600e-05
   1.0712600e-05
   1.0284600e-06
   2.9396500e-05
   2.0210800e-05
   4.9082900e-05
   3.8836000e-05
   6.7146100e-05
   5.6964600e-05
   8.5147700e-05
   7.4785100e-05
   1.0294600e-04
   9.2452400e-05
   1.2062800e-04
   1.0987100e-04
   1.3792400e-04
   1.2708300e-04
   1.5508800e-04
   1.4462300e-04
   1.7319400e-04
   1.6177700e-04
   1.8968400e-04
   1.7842300e-04
   2.0604600e-04
   1.9490500e-04
   2.2192000e-04
   2.1167500e-04
   2.3705800e-04
   2.8416900e-04
   3.7407500e-04
   3.3118400e-04
   4.2939700e-04
   4.7001600e-04
   4.7519400e-04
   4.6280300e-04
   5.5112800e-04
   5.9387700e-04
   5.9336200e-04
   6.4403000e-04
   7.2996800e-04
   6.8376200e-04
   7.7775100e-04
   8.1647300e-04
   8.1800800e-04
   7.4705400e-04
   7.0944200e-04
   7.2001500e-04
   6.7662000e-04
   6.0088500e-04
   6.5335100e-04
   5.7009100e-04
   5.3615500e-04
   5.4539300e-04
   5.6560000e-04
   4.9307200e-04
   4.5583500e-04
   4.7220000e-04
   4.2668500e-04
   3.5803000e-04
   4.0644300e-04
   3.8961400e-04
   4.1457100e-04
   4.0375900e-04
   4.2828500e-04
   4.1592500e-04
   4.4146200e-04
   4.2840400e-04
   4.5427200e-04
   4.4081900e-04
   4.6698400e-04
   4.5277400e-04
   4.7980800e-04
   4.6406600e-04
   4.9327800e-04
   4.7402500e-04
   5.6346700e-04
   6.0480700e-04
   6.6622200e-04
   7.1762800e-04
   7.6894800e-04
   8.8618300e-04
   9.3316400e-04
   9.6527500e-04
   1.0447800e-03
   1.0633100e-03
   1.2061300e-03
   1.2238100e-03
   1.2761600e-03
   1.3883100e-03
   1.4318500e-03
   1.4560500e-03
   1.5350200e-03
   1.4889300e-03
   1.5095200e-03
   1.4888100e-03
   1.5021400e-03
   1.4804100e-03
   1.4953000e-03
   1.4730500e-03
   1.4877700e-03
   1.4660900e-03
   1.4800800e-03
   1.4592300e-03
   1.4722200e-03
   1.4532700e-03
   1.4648100e-03
   1.4479000e-03
   1.3996900e-03
   1.3213500e-03
   1.3590400e-03
   1.3342400e-03
   1.2909600e-03
   1.2088300e-03
   1.2545600e-03
   1.1639800e-03
   1.1244600e-03
   1.1301600e-03
   1.0835300e-03
   1.0001100e-03
   1.0518000e-03
   9.6058100e-04
   9.2510300e-04
   9.2845900e-04
   9.4612300e-04
   8.6629400e-04
   8.2774800e-04
   8.3685900e-04
   7.9081400e-04
   7.1292900e-04
   7.6313500e-04
   6.7860100e-04
   6.4160600e-04
   6.5025900e-04
   6.6682500e-04
   5.9457100e-04
   5.5257100e-04
   5.7077800e-04
   5.1811200e-04
   4.5493400e-04
   4.3569200e-04
   3.6381700e-04
   3.4897600e-04
   2.7320300e-04
   2.6768800e-04
   1.2461900e-04
   1.2414500e-04
   6.6277300e-05
   3.3328600e-05
  -1.2096100e-05
  -1.0740000e-04
  -1.5317700e-04
  -1.5905100e-04
  -2.9865400e-04
  -2.9311900e-04
  -3.4876200e-04
  -3.2004700e-04
  -2.4327800e-04
  -1.8741400e-04
  -6.5116700e-05
  -5.0774200e-06
   2.8315200e-05
   1.7974900e-04
   2.0466900e-04
   2.6892300e-04
   3.2901500e-04
   3.7809900e-04
   5.0302600e-04
   5.4716100e-04
   5.8830700e-04
   6.6392700e-04
   6.9411100e-04
   8.8351400e-04
   1.1517200e-03
   1.4075700e-03
   1.6346000e-03
   1.9010400e-03
   2.1179900e-03
   2.3833800e-03
   2.5900300e-03
   2.8590400e-03
   2.9953900e-03
   3.2639200e-03
   3.4803600e-03
   3.7093500e-03
   3.9344100e-03
   4.1484000e-03
   4.3846500e-03
   4.2407600e-03
   3.8773800e-03
   3.6500800e-03
   3.2868700e-03
   2.9809400e-03
   2.7101700e-03
   2.4691300e-03
   2.1135500e-03
   1.8857500e-03
   1.6764500e-03
   1.5376100e-03
   1.3802900e-03
   1.2156200e-03
   1.1385700e-03
   9.6346700e-04
   8.1654700e-04
   2.1978200e-04
  -9.5359400e-04
  -1.8093800e-03
  -2.7386200e-03
  -3.7199900e-03
  -4.6742000e-03
  -5.5591900e-03
  -6.4268300e-03
  -7.4035400e-03
  -7.4417400e-03
  -6.5839200e-03
  -6.0610600e-03
  -5.4089200e-03
  -4.8922400e-03
  -4.3125700e-03
  -3.7913900e-03
  -3.2229200e-03
  -2.6544100e-03
  -2.0319100e-03
  -1.5615000e-03
  -9.9825600e-04
  -5.1591300e-04
   8.9920600e-05
   6.2307900e-04
   1.1383600e-03
   1.4370000e-03
   1.6078800e-03
   1.7368900e-03
   1.8896600e-03
   2.0890000e-03
   2.2876500e-03
   2.4672300e-03
   2.6597700e-03
   3.0119600e-03
   3.5005300e-03
   3.8867300e-03
   4.3990700e-03
   4.8492200e-03
   5.3223300e-03
   5.7772300e-03
   6.2279900e-03
   6.6921800e-03
   6.2765800e-03
   4.9320500e-03
   4.0201900e-03
   3.0048400e-03
   2.0907200e-03
   1.0086300e-03
   8.4846300e-05
  -9.8463700e-04
  -1.8058900e-03
  -2.8347700e-03
  -2.0647400e-03
   4.0991100e-04
   2.2814400e-03
   4.2024900e-03
   5.6186300e-03
   6.4357700e-03
   7.4384600e-03
   8.3952300e-03
   9.4318700e-03
   1.0298200e-02
   1.1395600e-02
   9.9372500e-03
   6.2873000e-03
   3.5000900e-03
   5.0958800e-04
  -2.3787700e-03
  -4.5584300e-03
  -5.8810200e-03
  -7.5883700e-03
  -9.1342200e-03
  -1.0779300e-02
  -1.0442100e-02
  -8.4419900e-03
  -7.1067400e-03
  -5.6454600e-03
  -4.1510100e-03
  -2.7565900e-03
  -1.3368800e-03
  -1.5502900e-03
  -3.3298700e-03
  -4.4236400e-03
  -5.8464300e-03
  -5.2080400e-03
  -2.8187100e-03
  -1.0977500e-03
   7.8951100e-04
   2.4049200e-03
   3.8823200e-03
   5.4343500e-03
   6.8508500e-03
   8.3715800e-03
   9.8270000e-03
   1.1262400e-02
   1.1153900e-02
   9.4067700e-03
   8.3575000e-03
   7.1020600e-03
   5.8572900e-03
   4.6358900e-03
   3.5255300e-03
   2.2656000e-03
   1.2073100e-03
  -1.1245200e-04
  -1.1296400e-03
  -2.3681100e-03
  -3.3629700e-03
  -4.6217100e-03
  -5.5732200e-03
  -6.9267300e-03
  -3.8535200e-03
   2.7930100e-03
   8.0264000e-03
   1.3469100e-02
   1.9061000e-02
   2.2673300e-02
   2.5101400e-02
   2.7773400e-02
   3.0637600e-02
   2.7704900e-02
   1.9381700e-02
   1.3269300e-02
   6.7944900e-03
   1.6542300e-04
  -3.1129200e-03
  -2.9422900e-03
  -4.2678700e-03
  -5.1121900e-03
  -6.1207800e-03
  -6.9423500e-03
  -6.8762500e-03
  -5.5821400e-03
  -4.9137000e-03
  -3.8538600e-03
  -3.1956400e-03
  -2.1390400e-03
  -1.4510300e-03
   4.9199500e-04
   3.0742500e-03
   5.4934300e-03
   7.6974500e-03
   1.0339400e-02
   8.7899000e-03
   3.7672000e-03
   1.5484200e-04
  -3.7287500e-03
  -7.2074600e-03
  -9.9688600e-03
  -1.3135500e-02
  -1.3216200e-02
  -1.0379200e-02
  -8.8814100e-03
  -6.9730800e-03
  -5.1458800e-03
  -3.2799300e-03
  -1.6624600e-03
   3.6920900e-04
  -5.9821300e-04
  -3.9481600e-03
  -6.3080000e-03
  -8.8280100e-03
  -1.1541000e-02
  -1.2322800e-02
  -1.1696000e-02
  -1.1506500e-02
  -1.1312800e-02
  -1.0708500e-02
  -1.0031900e-02
  -9.0651400e-03
  -1.2729700e-02
  -2.0384500e-02
  -2.6521700e-02
  -3.2779200e-02
  -3.9352500e-02
  -3.9922400e-02
  -3.4853800e-02
  -3.2196900e-02
  -2.8976700e-02
  -2.0938000e-02
  -7.6221700e-03
   3.0182100e-03
   1.4812200e-02
   2.5579500e-02
   3.7309100e-02
   3.9516100e-02
   3.3687900e-02
   3.0949400e-02
   2.7654700e-02
   2.4123700e-02
   2.1048700e-02
   1.7728400e-02
   1.4574700e-02
   1.1239100e-02
   1.0451600e-02
   1.1965200e-02
   1.2530300e-02
   1.3368300e-02
   1.4109800e-02
   1.4910600e-02
   1.3076600e-02
   8.8218400e-03
   5.6032700e-03
   2.1429000e-03
  -1.2962400e-03
  -4.6479000e-03
  -8.1634300e-03
  -6.1585900e-03
   1.4856800e-03
   6.3098900e-03
   1.2436700e-02
   1.2793600e-02
   8.2830100e-03
   5.7057200e-03
   2.8433200e-03
   1.1453500e-03
   1.5392800e-03
   7.8561300e-04
   4.5449100e-03
   1.1878400e-02
   1.7919600e-02
   2.3821100e-02
   3.0353100e-02
   2.7644500e-02
   1.6210200e-02
   8.6211700e-03
  -1.9850600e-03
  -1.3808500e-02
  -2.5360400e-02
  -3.0295900e-02
  -2.9411400e-02
  -3.0649200e-02
  -3.1593600e-02
  -2.7111200e-02
  -1.7246700e-02
  -9.9240700e-03
  -1.4962800e-03
   1.4578500e-03
  -1.3818900e-04
  -7.9770700e-05
  -1.9782400e-04
  -7.2755300e-04
  -7.9270500e-04
  -1.3550100e-03
   5.5523400e-04
   4.3709400e-03
   7.5263000e-03
   7.6013500e-03
   4.7661100e-03
   3.1167400e-03
   1.1434900e-03
  -6.7625800e-04
  -2.5482900e-03
  -4.3394300e-03
  -6.3172800e-03
  -5.1363800e-03
  -8.9487800e-04
   2.0239700e-03
   5.3357000e-03
   8.5203700e-03
   1.1793900e-02
   1.2454700e-02
   1.0858000e-02
   1.0186900e-02
   8.0327700e-03
   4.5434400e-03
   1.8699500e-03
  -1.2331700e-03
  -2.2511100e-03
  -1.4037900e-03
  -1.3810600e-03
  -1.1541300e-03
  -9.2169800e-04
  -7.1415100e-04
  -5.2870500e-04
   7.7053300e-04
   3.2452400e-03
   5.0697800e-03
   7.1658300e-03
   7.4298100e-03
   5.9862600e-03
   5.2627500e-03
   4.2749300e-03
   3.3406100e-03
   2.6275300e-03
   2.2282100e-03
   1.6622500e-03
   1.3280800e-03
  -9.7136700e-04
  -4.7512900e-03
  -7.8802400e-03
  -1.1016600e-02
  -1.4356700e-02
  -1.4470900e-02
  -1.1639600e-02
  -9.9497500e-03
  -8.0106400e-03
  -3.4624400e-03
   4.0126200e-03
   1.0016000e-02
   1.6642300e-02
   2.2710200e-02
   2.9360000e-02
   3.0817700e-02
   2.7868300e-02
   2.6695100e-02
   2.5177700e-02
   2.3543300e-02
   2.2112500e-02
   2.0557500e-02
   1.9113400e-02
   1.7583500e-02
   1.6196700e-02
   1.4627100e-02
   1.3335700e-02
   5.8680300e-03
  -8.3728100e-03
  -1.0871700e-02
  -5.1748500e-03
  -3.1582900e-03
  -5.5357300e-05
   2.7768700e-03
   5.7951700e-03
   8.4603000e-03
   1.1537500e-02
   9.4338700e-03
   2.6988600e-03
  -2.1953400e-03
  -7.5294100e-03
  -1.2674700e-02
  -1.9531700e-02
  -2.8189700e-02
  -3.6058900e-02
  -4.3954200e-02
  -5.1942600e-02
  -5.4695400e-02
  -5.1909200e-02
  -5.1862600e-02
  -4.4849400e-02
  -3.2255600e-02
  -2.2131600e-02
  -5.5941000e-03
   1.7792300e-02
   3.7276000e-02
   5.8751200e-02
   6.7626500e-02
   6.6276500e-02
   6.1106300e-02
   4.7481900e-02
   3.6946200e-02
   2.5867300e-02
   1.4885100e-02
   4.0195200e-03
  -7.1913500e-03
  -1.8994200e-02
  -3.0508700e-02
  -3.6866100e-02
  -3.7317500e-02
  -4.0727100e-02
  -3.5942400e-02
  -2.4482400e-02
  -1.6040000e-02
  -6.7010500e-03
  -2.0501700e-04
   3.6774700e-03
   2.8081600e-03
  -4.6834300e-03
  -9.1427100e-03
  -1.4857100e-02
  -1.4706000e-02
  -9.9128300e-03
  -6.6850800e-03
  -3.5724300e-03
   2.3360800e-04
   3.0472600e-03
   6.9736200e-03
   1.7894100e-03
  -1.0718000e-02
  -2.0583500e-02
  -2.2802000e-02
  -1.6871200e-02
  -1.4372000e-02
  -7.3474800e-03
   3.1238500e-03
   1.1956200e-02
   2.1159500e-02
   2.5466400e-02
   2.4506000e-02
   2.6038300e-02
   2.1994500e-02
   1.3569400e-02
   7.1360400e-03
   2.0113400e-04
  -6.6763000e-03
  -1.2479600e-02
  -1.7084200e-02
  -2.2479000e-02
  -2.1100700e-02
  -1.3427900e-02
  -8.3495500e-03
  -2.6586000e-03
   2.8990400e-03
   7.1476900e-03
   9.6705200e-03
   1.3174300e-02
   1.6023300e-02
   1.9341100e-02
   1.7760700e-02
   1.1874900e-02
   7.6318200e-03
   3.1376200e-03
  -1.3664800e-03
  -5.7996000e-03
  -1.0091300e-02
  -1.4578400e-02
  -1.5168600e-02
  -1.2014300e-02
  -1.0426600e-02
  -8.2997500e-03
  -6.4953100e-03
  -4.4577800e-03
  -4.6408600e-03
  -6.7688300e-03
  -8.1250300e-03
  -9.6730600e-03
  -7.9814400e-03
  -2.6312000e-03
   7.3807900e-04
   5.2008500e-03
   3.1749700e-03
  -4.5371900e-03
  -9.9759000e-03
  -1.5675400e-02
  -2.1746000e-02
  -2.3244600e-02
  -2.0802800e-02
  -1.9970300e-02
  -1.8642400e-02
  -1.7444700e-02
  -1.6191300e-02
  -1.5103500e-02
  -1.3859200e-02
  -1.1130900e-02
  -6.6155300e-03
  -3.0817700e-03
   1.0264500e-03
   4.6065800e-03
   8.6826300e-03
   6.3931800e-03
  -1.5582400e-03
  -7.2315800e-03
  -1.3441500e-02
  -1.7220900e-02
  -1.8164700e-02
  -2.0609000e-02
  -1.6126400e-02
  -5.5096900e-03
   2.4257000e-03
   1.1083500e-02
   1.9612700e-02
   2.7940400e-02
   3.6272700e-02
   4.0115200e-02
   3.7053700e-02
   3.1417100e-02
   2.3652500e-02
   1.7103600e-02
   9.9831500e-03
   3.3757200e-03
  -3.7455300e-03
  -9.9869100e-03
  -1.7134200e-02
  -1.6265300e-02
  -8.5663600e-03
  -3.3629400e-03
   1.9934400e-03
   7.8890700e-03
   6.4773400e-03
  -1.8429500e-03
  -7.0524200e-03
  -1.3378300e-02
  -1.5050600e-02
  -1.2536800e-02
  -1.1675800e-02
  -1.0471800e-02
  -8.2565600e-03
  -5.0120200e-03
  -2.4453600e-03
   6.6637000e-04
  -4.4190700e-03
  -1.7695900e-02
  -2.7193500e-02
  -3.8993200e-02
  -5.0783800e-02
  -6.3159100e-02
  -6.3284800e-02
  -5.2771200e-02
  -3.5528000e-02
  -5.4724500e-03
   1.8725800e-02
   4.5411900e-02
   5.8373500e-02
   6.0801800e-02
   5.6023300e-02
   3.9625000e-02
   2.7427700e-02
   1.4623800e-02
   1.6582600e-03
  -6.1243700e-03
  -8.3467700e-03
  -1.3477000e-02
  -1.0061000e-02
   2.2353700e-04
   7.7370000e-03
   1.5620000e-02
   2.3877500e-02
   2.4986100e-02
   1.9130600e-02
   1.6537100e-02
   1.2511400e-02
   9.5258800e-03
  -6.2378300e-04
  -1.6306300e-02
  -3.0099300e-02
  -4.3311500e-02
  -5.7911200e-02
  -6.0083100e-02
  -5.2712700e-02
  -3.9762600e-02
  -1.7403400e-02
   1.9017100e-03
   1.0611400e-02
   8.4793400e-03
   2.1547700e-03
  -1.5295100e-02
  -2.7502100e-02
  -4.2137000e-02
  -5.4635700e-02
  -6.9335300e-02
  -7.3768100e-02
  -7.2968800e-02
  -6.2323400e-02
  -4.2049600e-02
  -2.4435700e-02
  -7.9463600e-03
   1.0765200e-02
   1.2624200e-02
   1.5439400e-03
  -1.0881000e-02
  -2.9627300e-02
  -4.7099500e-02
  -5.6533500e-02
  -6.0061900e-02
  -5.5635400e-02
  -4.1393800e-02
  -1.9258000e-02
   1.6557100e-02
   4.5848600e-02
   7.7842300e-02
   9.4788000e-02
   9.9930000e-02
   9.9038400e-02
   8.6843800e-02
   7.9008100e-02
   6.7812500e-02
   5.4627200e-02
   4.2099200e-02
   3.0273600e-02
   1.7417400e-02
   1.4823000e-02
   2.0829200e-02
   2.3465800e-02
   2.6674400e-02
   3.2829300e-02
   4.0961300e-02
   4.8519700e-02
   5.5751100e-02
   6.6944500e-02
   8.1024100e-02
   9.4399600e-02
   9.3976600e-02
   7.9713700e-02
   7.1532700e-02
   5.8932600e-02
   4.4520300e-02
   3.0763600e-02
   1.7635100e-02
   1.8620700e-03
  -1.4837500e-02
  -3.1534800e-02
  -4.0368700e-02
  -4.1971800e-02
  -4.6623500e-02
  -4.5512700e-02
  -3.9238600e-02
  -3.5483300e-02
  -3.0691700e-02
  -3.1543300e-02
  -3.7532100e-02
  -4.1418800e-02
  -4.5844300e-02
  -5.0088500e-02
  -5.4390000e-02
  -5.8558200e-02
  -6.2752900e-02
  -6.6810400e-02
  -7.1030000e-02
  -7.4901400e-02
  -7.9054300e-02
  -8.2929300e-02
  -8.5636500e-02
  -8.6621800e-02
  -8.8662500e-02
  -8.9862100e-02
  -9.0464800e-02
  -8.8127700e-02
  -8.8334700e-02
  -7.4982100e-02
  -5.1868500e-02
  -1.5442300e-02
   3.8912800e-02
   8.5619400e-02
   1.3400500e-01
   1.6666900e-01
   1.6123700e-01
   1.2470900e-01
   7.9510300e-02
   5.0401400e-02
   3.0634900e-02
   1.4594400e-02
   7.1165700e-03
   6.4623500e-03
   1.7661800e-02
   2.3279600e-02
   3.8901800e-02
   6.0755800e-02
   8.0592400e-02
   9.2695300e-02
   9.8241600e-02
   1.0588600e-01
   1.1330900e-01
   1.2028200e-01
   1.2743600e-01
   1.2988900e-01
   1.1531300e-01
   9.0319500e-02
   7.0572900e-02
   4.8837900e-02
   3.2490100e-02
   1.9913300e-02
   6.5166800e-03
  -7.1860400e-03
  -1.9745000e-02
  -3.3475500e-02
  -4.1033600e-02
  -4.5011200e-02
  -4.0280300e-02
  -2.5856600e-02
  -5.8028800e-03
   4.4762200e-02
   1.1124000e-01
   1.4156300e-01
   1.1197200e-01
   6.1278400e-02
   3.6608700e-02
   2.3622400e-02
   5.4305800e-03
  -1.1082900e-02
  -2.7135900e-02
  -4.4013000e-02
  -4.6798200e-02
  -3.5604600e-02
  -3.0826400e-02
  -2.3407200e-02
  -2.6391300e-02
  -3.7901400e-02
  -4.6480400e-02
  -4.7572600e-02
  -4.1401600e-02
  -3.8125500e-02
  -3.4120800e-02
  -3.0269100e-02
  -2.5622800e-02
  -2.0410300e-02
  -1.5293100e-02
  -1.2686900e-02
  -1.2357000e-02
  -1.0990100e-02
  -1.1238400e-02
  -1.2830000e-02
  -1.3841200e-02
  -1.4935000e-02
  -1.5723700e-02
  -1.6284700e-02
  -1.6866700e-02
  -1.7517000e-02
  -1.3234600e-02
  -3.7545700e-03
   3.1117500e-03
   1.1100300e-02
   1.3073600e-02
   9.7551100e-03
   8.4883700e-03
   4.7763100e-03
  -1.4835200e-03
  -6.1212800e-03
  -1.1780000e-02
  -1.0658200e-02
  -3.9197000e-03
   6.7072100e-04
   5.4990600e-03
   1.0681500e-02
   1.5251900e-02
   2.0407800e-02
   2.4760100e-02
   3.3062400e-02
   4.3538600e-02
   5.3875700e-02
   5.1192100e-02
   3.6693400e-02
   2.6772300e-02
   1.6179500e-02
   4.9578500e-03
   8.2276900e-03
   2.5887300e-02
   3.6943500e-02
   5.0622500e-02
   6.2999700e-02
   7.6666600e-02
   7.9063300e-02
   7.3103200e-02
   6.0904500e-02
   3.9073900e-02
   2.0936900e-02
   2.1535200e-03
  -1.6366800e-02
  -3.6934400e-02
  -5.9458000e-02
  -8.1067900e-02
  -1.0406100e-01
  -1.2906100e-01
  -1.4523400e-01
  -1.5393700e-01
  -1.6578000e-01
  -1.7890000e-01
  -1.9621900e-01
  -1.9517800e-01
  -1.7904700e-01
  -1.6099200e-01
  -1.3207500e-01
  -1.0810100e-01
  -7.9595800e-02
  -5.0774900e-02
  -2.0805500e-02
  -6.8113200e-03
  -3.8507300e-03
  -1.5926900e-02
  -4.6577800e-02
  -7.9582600e-02
  -1.2413700e-01
  -1.6361200e-01
  -2.0486100e-01
  -2.3407400e-01
  -2.5374000e-01
  -2.6265100e-01
  -2.3968800e-01
  -1.8946900e-01
  -1.0881500e-01
  -1.8034400e-02
   9.5116200e-02
   2.5694400e-01
   3.6443100e-01
   3.2940300e-01
   2.4261900e-01
   2.2502900e-01
   2.6670900e-01
   3.0227000e-01
   2.7937600e-01
   1.7128600e-01
   4.2690600e-02
   8.2218800e-03
   1.9684700e-02
   1.9569800e-03
  -1.7396800e-02
  -2.3323900e-02
   1.2402600e-03
   5.6939700e-02
   1.2032800e-01
   1.7248700e-01
   2.1962200e-01
   2.7561400e-01
   3.1933600e-01
   3.1337400e-01
   2.9452100e-01
   2.7319200e-01
   2.4264200e-01
   2.1440800e-01
   1.8770700e-01
   1.5871400e-01
   1.4805600e-01
   1.5123800e-01
   1.5021000e-01
   1.2770700e-01
   8.4276800e-02
   4.9518600e-02
   1.4965900e-02
  -1.6859400e-02
  -4.9201900e-02
  -8.0971500e-02
  -1.1253700e-01
  -1.4404800e-01
  -1.6765700e-01
  -1.8379600e-01
  -2.0259000e-01
  -2.2478800e-01
  -2.5090700e-01
  -2.7544600e-01
  -2.9451700e-01
  -3.0861300e-01
  -3.1382400e-01
  -3.0801900e-01
  -2.9594400e-01
  -2.7075900e-01
  -2.5168800e-01
  -2.2986600e-01
  -2.1064500e-01
  -1.7146600e-01
  -1.1536200e-01
  -7.4176600e-02
  -5.4691800e-02
  -6.8385300e-02
  -1.2020200e-01
  -1.8138000e-01
  -2.3738400e-01
  -2.7901900e-01
  -2.8482500e-01
  -2.8020800e-01
  -2.6381800e-01
  -2.2812200e-01
  -2.1361800e-01
  -2.1210900e-01
  -1.7866900e-01
  -1.1950900e-01
  -8.9577400e-02
  -9.2184200e-02
  -1.2442300e-01
  -1.7642600e-01
  -2.4147500e-01
  -2.6781100e-01
  -2.4669400e-01
  -1.3340700e-01
   1.1658300e-01
   3.2841300e-01
   3.0138800e-01
   9.6207200e-02
  -3.4499100e-02
   1.4523700e-02
   1.1460400e-01
   1.6231400e-01
   1.6956100e-01
   1.6371200e-01
   1.6363300e-01
   1.6142000e-01
   1.4752800e-01
   1.1836500e-01
   1.1278400e-01
   1.1929300e-01
   1.3345900e-01
   1.6001800e-01
   1.9122900e-01
   2.3240900e-01
   2.5413000e-01
   2.4540400e-01
   2.2956400e-01
   2.1760100e-01
   2.0427500e-01
   1.9143300e-01
   1.7863000e-01
   1.7318400e-01
   1.7622600e-01
   1.6656200e-01
   1.4962900e-01
   1.3570100e-01
   1.2169200e-01
   1.0682500e-01
   1.0191200e-01
   1.0507600e-01
   1.0528900e-01
   1.0588600e-01
   1.0708300e-01
   1.0730000e-01
   1.0869600e-01
   9.7441900e-02
   7.4592100e-02
   5.6750100e-02
   3.0161900e-02
  -4.9289400e-03
  -3.4998800e-02
  -6.7659100e-02
  -8.6991200e-02
  -9.6890400e-02
  -9.8129400e-02
  -8.8043000e-02
  -8.1002800e-02
  -8.6715400e-02
  -1.0358000e-01
  -1.1663400e-01
  -1.2925000e-01
  -1.4398400e-01
  -1.3175600e-01
  -9.5980700e-02
  -6.1040500e-02
  -1.4875200e-02
   3.7120600e-02
   1.2198800e-01
   2.2667800e-01
   2.4426400e-01
   1.2031400e-01
  -1.1521500e-02
  -5.1240900e-02
  -3.4460500e-02
  -1.8499500e-02
  -2.0526000e-02
  -4.0938400e-02
  -5.2359900e-02
  -6.8102100e-02
  -6.3475400e-02
  -4.1821300e-02
  -2.6968600e-02
  -1.0671800e-02
  -1.9721100e-03
  -1.5687000e-03
  -5.9050100e-03
  -2.0449700e-02
  -3.0443500e-02
  -4.2157900e-02
  -5.2575800e-02
  -6.4256400e-02
  -7.0279400e-02
  -7.3361600e-02
  -6.8797200e-02
  -5.5462300e-02
  -4.6140300e-02
  -3.4865400e-02
  -3.7753600e-02
  -5.2306800e-02
  -6.9508100e-02
  -7.0207500e-02
  -4.3246500e-02
  -4.0585000e-02
  -4.8432500e-02
  -3.1604400e-02
   5.4412500e-03
   2.5068100e-03
  -4.9033600e-02
  -7.9806900e-02
  -7.5854300e-02
  -8.8347800e-02
  -6.9909600e-02
  -2.8249700e-02
  -1.4960400e-02
  -3.2934300e-02
  -5.4022400e-02
  -6.3519400e-02
  -6.1029200e-02
  -6.5308700e-02
  -6.5108000e-02
  -6.9764500e-02
  -5.7772800e-02
  -5.1010200e-02
  -6.5441100e-02
  -6.5393800e-02
  -5.8579200e-02
  -5.6203200e-02
  -5.1611600e-02
  -4.8258900e-02
  -4.4021300e-02
  -4.0627400e-02
  -4.5772800e-02
  -6.2909200e-02
  -6.3281400e-02
  -5.6238800e-02
  -5.1432500e-02
  -5.2486700e-02
  -5.7283300e-02
  -5.8402500e-02
  -5.4802300e-02
  -4.5713000e-02
  -2.3032300e-02
  -3.2265900e-02
  -6.1942000e-02
  -8.4517100e-02
  -8.5378100e-02
  -5.6480200e-02
  -2.4867900e-02
  -2.9847600e-02
  -7.0934000e-02
  -4.6063300e-02
   9.7319900e-03
  -8.6964400e-03
  -4.5342300e-02
  -7.2692100e-02
  -7.5826700e-02
  -2.9084200e-02
   3.2111600e-02
   4.9129100e-02
   8.1374200e-03
  -4.4267900e-02
  -5.7253800e-02
  -3.2004700e-03
   5.1986400e-02
   5.9962200e-02
   6.3916700e-02
   7.0740700e-02
   7.6739700e-02
   7.8229400e-02
   7.7215300e-02
   7.8682300e-02
   8.4050900e-02
   8.6251400e-02
   1.0134500e-01
   1.0958200e-01
   8.0733500e-02
   5.8869900e-02
   7.5655900e-02
   1.0126100e-01
   1.2181800e-01
   1.4418900e-01
   1.4816200e-01
   1.3145800e-01
   1.3977500e-01
   1.6931200e-01
   2.0558500e-01
   2.0718300e-01
   1.8009500e-01
   1.8021200e-01
   1.9355000e-01
   2.0703400e-01
   2.3301500e-01
   2.3624900e-01
   2.2481900e-01
   2.2861900e-01
   2.4452000e-01
   2.2877000e-01
   2.1417500e-01
   2.4829000e-01
   2.7545400e-01
   2.6898600e-01
   2.5758800e-01
   2.4806900e-01
   2.5714700e-01
   2.8493900e-01
   2.9329900e-01
   2.7389500e-01
   2.4355700e-01
   2.2529500e-01
   1.9724200e-01
   1.1587400e-01
   2.6745000e-02
  -2.9714500e-03
  -1.3012700e-02
  -3.3251300e-02
  -4.8981500e-02
  -6.6268700e-02
  -7.3001600e-02
  -7.0453200e-02
  -7.1092100e-02
  -7.1784800e-02
  -7.1153900e-02
  -8.0592000e-02
  -9.7750900e-02
  -1.1226800e-01
  -1.1561300e-01
  -1.0735900e-01
  -1.0411700e-01
  -9.3558900e-02
  -7.7557500e-02
  -6.4004400e-02
  -5.0107700e-02
  -4.3526700e-02
  -6.1134000e-02
  -9.0655300e-02
  -1.1422500e-01
  -1.3979800e-01
  -1.6410200e-01
  -1.8914400e-01
  -2.0582800e-01
  -2.1560400e-01
  -2.2769900e-01
  -2.3950300e-01
  -2.5050000e-01
  -2.6217000e-01
  -2.7296600e-01
  -2.8451200e-01
  -2.9498400e-01
  -3.0649500e-01
  -3.1277500e-01
  -3.1700100e-01
  -3.0802500e-01
  -2.8636700e-01
  -2.5853500e-01
  -2.1704500e-01
  -1.9576200e-01
  -1.8779700e-01
  -1.7400100e-01
  -1.5520600e-01
  -1.2698100e-01
  -1.3546200e-01
  -1.7688000e-01
  -1.9045700e-01
  -1.8330700e-01
  -1.6637000e-01
  -1.7061600e-01
  -1.6934100e-01
  -1.6551100e-01
  -1.8854800e-01
  -2.0119300e-01
  -2.1708900e-01
  -2.2310300e-01
  -2.2265400e-01
  -2.2285800e-01
  -2.4700200e-01
  -2.6507200e-01
  -1.8958700e-01
  -6.3848100e-02
   5.2561700e-02
   1.7032800e-01
   2.5921500e-01
   2.7445400e-01
   2.3560800e-01
   1.8668300e-01
   1.6862800e-01
   1.7573100e-01
   1.5673400e-01
   9.9120700e-02
  -7.8516600e-02
  -2.5707100e-01
  -1.1376200e-01
   1.7742100e-01
   2.9877500e-01
   2.6626000e-01
   2.0889100e-01
   1.2717200e-01
   6.7371200e-02
   1.9169600e-01
   3.1659900e-01
   2.5252200e-01
   1.8514100e-01
   2.4311400e-01
   2.9621400e-01
   2.6510700e-01
   1.8424000e-01
   2.3668800e-01
   3.8176200e-01
   3.3153200e-01
   2.1955900e-01
   2.6626000e-01
   3.0331200e-01
   2.9326800e-01
   2.5015400e-01
   1.7610500e-01
   1.6744600e-01
   2.7516900e-01
   3.3783700e-01
   2.4279000e-01
   1.3023500e-01
   1.2306100e-01
   1.6560000e-01
   2.1013200e-01
   2.9814700e-01
   2.6874200e-01
   1.4647000e-01
   1.3103100e-01
   2.6112400e-01
   3.2941600e-01
   2.8517000e-01
   3.1627500e-01
   2.2650200e-01
   6.9160200e-02
   9.3800000e-02
   3.2982800e-01
   5.1046900e-01
   3.9747000e-01
   9.2399000e-02
   4.7492000e-02
   2.1915000e-01
   2.7004700e-01
   2.3773200e-01
   1.2127100e-01
  -5.6494000e-03
  -1.4912500e-02
   7.6729200e-02
   1.7909500e-01
   1.6621100e-01
   5.6626800e-02
   1.4229200e-02
   8.9605800e-02
   1.1970700e-01
   9.4863500e-02
   9.1824100e-02
   8.4780900e-02
   8.6812500e-02
   1.0697600e-01
   8.0043900e-02
   2.0029200e-02
  -6.3442000e-03
   1.5664600e-02
   2.4168800e-02
   2.3213100e-03
  -1.5520200e-02
  -2.9762900e-02
  -3.3123000e-02
  -3.8185500e-02
  -5.1091900e-02
  -3.6587100e-02
  -5.3786400e-03
  -2.7674800e-02
  -6.7755400e-02
  -6.8958700e-02
  -7.3910600e-02
  -1.2084600e-01
  -1.3376700e-01
  -1.3735200e-01
  -1.3660800e-01
  -1.4574400e-01
  -1.4768600e-01
  -1.1083100e-01
  -1.5256700e-01
  -2.3642100e-01
  -2.1758200e-01
  -1.5832700e-01
  -1.4555100e-01
  -1.5160300e-01
  -1.5705700e-01
  -1.9677000e-01
  -2.2619400e-01
  -2.0925100e-01
  -1.7519700e-01
  -1.2251300e-01
  -1.2015900e-01
  -1.2450500e-01
  -4.7692900e-02
   4.9271600e-02
   9.7486200e-02
   1.0643700e-01
   1.1883200e-01
   1.3221800e-01
   1.2288400e-01
   1.0490100e-01
   1.0884700e-01
   8.8815900e-02
   7.4736800e-02
   1.2426400e-01
   1.6036800e-01
   1.4677000e-01
   1.8102700e-01
   2.3704500e-01
   2.3220100e-01
   1.7034300e-01
   1.9431100e-01
   2.2567900e-01
   2.2081500e-01
   2.4274500e-01
   2.0581100e-01
   1.4620200e-01
   1.2867800e-01
   1.3623400e-01
   9.9961300e-02
   5.9633000e-02
   9.1843900e-02
   1.3235200e-01
   1.1263000e-01
   7.2876300e-02
   6.7033300e-02
   8.3266800e-02
   7.3907500e-02
   5.4218800e-02
   3.8904300e-02
   3.2538800e-02
   4.4339900e-02
   6.3604900e-02
   5.4029400e-02
   6.5705800e-03
  -2.6198900e-02
  -1.3985500e-02
   2.3201900e-02
   7.3199400e-02
   6.5609600e-02
   7.9738000e-03
  -9.5489100e-03
  -1.3682200e-02
  -4.2042400e-02
  -1.0672500e-01
  -1.8443100e-01
  -2.2792400e-01
  -2.1109400e-01
  -2.2052100e-01
  -2.8286100e-01
  -2.8363200e-01
  -2.5060700e-01
  -2.6600800e-01
  -3.2991900e-01
  -3.4808100e-01
  -2.9030300e-01
  -2.8835700e-01
  -4.0867800e-01
  -4.6674900e-01
  -4.2424000e-01
  -4.0128100e-01
  -3.5660300e-01
  -2.9210700e-01
  -2.3712200e-01
  -1.7346000e-01
  -1.0177200e-01
  -6.8013700e-02
  -7.1332600e-02
  -1.7494100e-02
   2.6839300e-02
  -3.0716200e-02
  -6.2630000e-02
  -3.5368800e-02
  -4.3937500e-03
   4.0885000e-02
   2.9574600e-02
  -3.4488000e-02
  -3.8479000e-02
   9.1979700e-03
   4.1735400e-02
   1.2825700e-02
  -3.9077300e-03
   1.6061300e-03
  -5.6722700e-03
   1.8501100e-02
   5.6625200e-03
  -4.8907300e-03
   1.5797300e-02
   1.4004600e-02
   1.3396700e-03
  -4.5927900e-03
  -1.3723600e-03
   6.6790200e-03
  -2.7970500e-02
  -4.8998400e-02
  -3.4236500e-02
  -1.1523700e-01
  -2.2440200e-01
  -5.3887200e-02
   1.1735700e-01
  -1.5539700e-02
  -7.0722400e-02
   6.4343300e-02
   3.9710500e-02
   1.1818700e-02
   4.2760000e-02
  -1.6692600e-02
   4.6205600e-02
   1.2141800e-01
   1.1631700e-01
   1.6647900e-01
   1.7980400e-01
   5.4147900e-02
  -1.0739600e-01
  -4.7419800e-03
   1.3754000e-01
   9.1265900e-02
   1.2046000e-01
   7.1098500e-02
  -2.5585900e-02
  -1.0736200e-01
  -1.1958900e-01
  -9.6523900e-02
  -1.9874600e-01
  -2.9745600e-01
  -1.0970200e-01
   1.4030200e-01
   4.0981700e-01
   5.2384700e-01
   1.3105500e-01
  -5.7712100e-02
   1.3357600e-02
   4.4589600e-02
   1.9940800e-01
   1.5538400e-01
  -2.2871700e-02
   7.5836600e-02
   1.4287700e-01
   1.4365900e-02
  -5.7761200e-02
  -8.6078800e-02
  -2.7557000e-02
   4.9345200e-03
  -7.6146000e-02
  -4.3486900e-02
  -2.9036600e-02
  -9.3483800e-02
  -9.8803400e-02
  -1.1116800e-01
  -2.0809700e-02
   4.0541100e-02
  -1.2851800e-01
  -2.3617200e-01
  -1.8567300e-01
  -1.7017100e-01
  -1.8264300e-01
  -1.7220500e-01
  -2.0734800e-01
  -3.1865600e-01
  -3.8752600e-01
  -4.1430400e-01
  -4.5967100e-01
  -4.5747700e-01
  -3.9661600e-01
  -3.5325900e-01
  -3.2110200e-01
  -2.9216700e-01
  -2.8699000e-01
  -2.9472000e-01
  -2.7110700e-01
  -2.2437700e-01
  -2.0982200e-01
  -2.1674800e-01
  -1.8928000e-01
  -1.4008300e-01
  -1.1453600e-01
  -1.1146800e-01
  -1.4814700e-01
  -2.1710600e-01
  -2.1488100e-01
  -1.2981400e-01
  -5.6737600e-02
  -3.6661200e-02
  -7.7971800e-02
  -1.2806300e-01
  -1.1003500e-01
  -6.4954700e-02
  -7.4180500e-02
  -1.2460200e-01
  -1.2461300e-01
  -1.1625600e-01
  -1.4797800e-01
  -1.9061500e-01
  -1.9726300e-01
  -1.8172300e-01
  -1.6690000e-01
  -1.6030000e-01
  -1.7254900e-01
  -1.7814500e-01
  -1.7498600e-01
  -1.6027200e-01
  -1.6814600e-01
  -1.9305900e-01
  -2.0981800e-01
  -2.6091200e-01
  -3.7709300e-01
  -4.8343100e-01
  -4.8260900e-01
  -2.4162900e-01
   1.7483200e-01
   2.7041300e-01
   1.5694000e-01
   1.2269600e-01
   1.1329400e-01
   1.7190300e-01
   1.8056500e-01
   1.7321900e-01
   1.7176000e-01
   1.6698900e-01
   1.5221800e-01
   1.3710000e-01
   1.0602300e-01
   1.0240600e-01
   1.0994200e-01
   1.1570400e-01
   1.0664400e-01
   8.9549200e-02
   8.3478000e-02
   9.0939100e-02
   8.9714600e-02
   9.4451000e-02
   9.4082100e-02
   9.9039600e-02
   9.9064300e-02
   9.6465300e-02
   7.7403300e-02
   7.6097100e-02
   6.8629600e-02
   8.4461400e-02
   7.8337000e-02
   9.9528600e-02
   7.2665400e-02
  -6.6096100e-02
  -4.6898400e-02
   1.1022900e-01
   8.2374600e-02
  -7.6024500e-02
  -6.3227000e-03
   1.6900600e-01
   1.0300800e-01
  -2.1923300e-02
   2.1681400e-02
   7.0811400e-02
  -3.3617300e-02
  -5.4901900e-02
   7.5319500e-02
   9.5113400e-02
   2.7148500e-02
   3.3110500e-02
   9.8829700e-02
   1.1969900e-01
   9.5875600e-02
   1.1210000e-01
   2.0073200e-01
   1.9189400e-01
   1.2065400e-01
   1.0593500e-01
   8.4510800e-02
   6.4269600e-02
   9.1290900e-02
   9.9617400e-02
   1.0642900e-01
   1.0170700e-01
   1.4155500e-01
   2.1802700e-01
   2.5745200e-01
   2.3352700e-01
   1.7115300e-01
   2.0636200e-01
   3.6389600e-01
   4.9757500e-01
   4.9549300e-01
   4.9434600e-01
   5.7494200e-01
   5.8715500e-01
   5.5882000e-01
   5.3110800e-01
   4.8769700e-01
   3.9893500e-01
   3.1111000e-01
   2.7138500e-01
   2.5721400e-01
   2.0913600e-01
   1.4534800e-01
   1.0847300e-01
   1.1787900e-01
   1.2560400e-01
   9.0331200e-02
   6.6119100e-02
   8.0615800e-02
   1.0578600e-01
   9.3752600e-02
   5.3362900e-02
   2.5099000e-02
   9.8616000e-03
   1.2979600e-02
   3.6324600e-03
  -6.8338500e-03
  -1.1044900e-02
  -6.2279900e-03
  -3.1478400e-02
  -9.2574100e-02
  -1.4110000e-01
  -1.3384400e-01
  -1.0259800e-01
  -1.0031300e-01
  -1.1500200e-01
  -1.2006600e-01
  -1.4397900e-01
  -1.8022900e-01
  -1.9869000e-01
  -1.7860300e-01
  -1.6877500e-01
  -2.1032600e-01
  -2.5674200e-01
  -2.7309500e-01
  -2.6183200e-01
  -3.0481600e-01
  -3.6709800e-01
  -3.3292300e-01
  -2.8603900e-01
  -3.4125000e-01
  -3.2405100e-01
  -2.2530200e-01
  -2.2658800e-01
  -2.2267000e-01
  -1.9841700e-01
  -2.1840100e-01
  -1.7831900e-01
  -9.4942700e-02
  -9.8442100e-02
  -1.9225300e-01
  -2.0336600e-01
  -1.4933000e-01
  -1.4565800e-01
  -2.1845800e-01
  -3.1299800e-01
  -2.8454300e-01
  -1.7487500e-01
  -1.6146400e-01
  -3.0423800e-01
  -4.4938400e-01
  -4.5462200e-01
  -3.2199500e-01
  -1.8532700e-01
  -1.5993600e-01
  -1.6316400e-01
  -1.1505700e-01
  -5.9398000e-02
  -5.5210700e-02
  -1.0704700e-01
  -1.4123800e-01
  -1.3651600e-01
  -1.1008500e-01
  -1.0152200e-01
  -9.6001300e-02
  -1.0821000e-01
  -1.7901900e-01
  -2.4569500e-01
  -1.8728700e-01
  -7.8139000e-02
  -2.5275900e-02
  -1.8442300e-02
  -1.7146700e-02
  -2.1336300e-02
  -3.5313000e-02
  -3.2583100e-02
  -1.7626900e-02
  -8.3231800e-03
   2.6523300e-03
   1.3289100e-02
   2.3673100e-02
   2.7402900e-02
   2.2062800e-02
   3.8351700e-02
   5.6675300e-02
   5.4537900e-02
   6.9250500e-02
   9.3665800e-02
   8.4601400e-02
   4.8218500e-02
   2.4440300e-02
  -3.3774200e-03
  -6.4144400e-03
   4.8638600e-02
   9.9995900e-02
   7.1297000e-02
   1.6337500e-02
   9.7865600e-03
   3.6228600e-02
   3.5144700e-02
   2.8558100e-02
   3.0120700e-02
   3.8812800e-02
   3.3011500e-02
   2.0774200e-02
   6.7171100e-03
  -9.4257900e-03
  -2.6341000e-02
  -2.8225400e-02
  -1.7745900e-02
  -1.2042300e-02
  -5.3124400e-03
   1.3182100e-03
   1.5816100e-02
   3.8801700e-02
   5.8046400e-02
   7.8025500e-02
   9.8145400e-02
   1.0534000e-01
   9.9680600e-02
   8.9588300e-02
   6.5229900e-02
   6.1033200e-02
   6.7930600e-02
   7.0640100e-02
   7.3607200e-02
   7.7789800e-02
   8.0315000e-02
   8.4377300e-02
   8.6858400e-02
   9.1015000e-02
   8.6573100e-02
   7.6184700e-02
   6.7855700e-02
   5.9719300e-02
   5.0756900e-02
   4.2789600e-02
   3.4158400e-02
   2.6031000e-02
   1.7007300e-02
   8.9386300e-03
   1.6483500e-04
  -7.5713500e-03
  -1.6123600e-02
  -2.3716900e-02
  -3.2925300e-02
  -4.1979500e-02
  -5.1449000e-02
  -6.0162600e-02
  -6.9559900e-02
  -7.7973600e-02
  -8.7333600e-02
  -9.5511700e-02
  -1.0471900e-01
  -1.1267500e-01
  -1.2470300e-01
  -1.3817200e-01
  -1.5201900e-01
  -1.5148600e-01
  -1.3844100e-01
  -1.3034800e-01
  -1.2125400e-01
  -1.1356400e-01
  -1.0839100e-01
  -8.7943500e-02
  -5.1599000e-02
  -4.1292900e-02
  -4.7607700e-02
  -4.6636500e-02
  -4.7572500e-02
  -3.9482300e-02
  -1.8801300e-02
  -3.6540700e-02
  -8.5633600e-02
  -1.0790500e-01
  -9.8317800e-02
  -7.1680700e-02
  -6.8296800e-02
  -9.1130100e-02
  -1.0527000e-01
  -7.4374700e-02
  -2.9330700e-02
  -5.3276900e-03
   4.3193900e-03
   2.8827900e-02
   5.6223900e-02
   8.3327800e-02
   9.1405400e-02
   8.3160200e-02
   8.0820800e-02
   7.7635700e-02
   7.3709800e-02
   7.3516000e-02
   7.5696400e-02
   7.3627300e-02
   6.7527900e-02
   6.9294100e-02
   7.5889200e-02
   8.0583100e-02
   8.5488400e-02
   9.0598300e-02
   9.5473300e-02
   1.0055900e-01
   1.0544600e-01
   1.0506800e-01
   9.8138700e-02
   1.0613700e-01
   1.2569400e-01
   1.3224900e-01
   1.3192300e-01
   1.4098600e-01
   1.5600200e-01
   1.5632900e-01
   1.4616900e-01
   1.4060800e-01
   1.3824100e-01
   1.4099000e-01
   1.4154400e-01
   1.4300000e-01
   1.4396000e-01
   1.4533400e-01
   1.4553000e-01
   1.4550300e-01
   1.5439900e-01
   1.7405300e-01
   1.7581900e-01
   1.6670600e-01
   1.5739000e-01
   1.4135200e-01
   1.3929800e-01
   1.4857500e-01
   1.5922200e-01
   1.7930400e-01
   1.8297100e-01
   1.7548400e-01
   1.7270700e-01
   1.6874200e-01
   1.6486800e-01
   1.6080000e-01
   1.5760000e-01
   1.2631700e-01
   6.5207900e-02
   4.1405000e-02
   5.0686100e-02
   6.5446200e-02
   6.3651400e-02
   5.2419800e-02
   4.4230500e-02
   4.6229300e-02
   5.8250800e-02
   5.6328500e-02
   4.3638100e-02
   5.0934900e-02
   7.2082700e-02
   6.8969800e-02
   4.7932200e-02
   4.8648500e-02
   5.9393800e-02
   6.5793900e-02
   6.9072900e-02
   6.8844600e-02
   6.9378100e-02
   7.4296300e-02
   8.3214000e-02
   9.0438300e-02
   9.8201200e-02
   1.0146000e-01
   1.0035600e-01
   1.0107900e-01
   1.0268900e-01
   1.0616100e-01
   1.0869400e-01
   1.1094000e-01
   1.1182900e-01
   1.1373400e-01
   1.1370100e-01
   1.1375100e-01
   1.0361600e-01
   8.4080700e-02
   6.8537200e-02
   5.1987500e-02
   3.7968100e-02
   2.6550900e-02
   1.4314600e-02
   2.2656900e-03
  -7.4117700e-03
  -1.4964700e-02
  -2.3274500e-02
  -3.1289300e-02
  -3.9213600e-02
  -4.7160600e-02
  -5.4820500e-02
  -6.2670100e-02
  -7.0101700e-02
  -8.2977800e-02
  -1.0072200e-01
  -1.1657400e-01
  -1.2659300e-01
  -1.3062400e-01
  -1.3698500e-01
  -1.4563000e-01
  -1.5792300e-01
  -1.6840700e-01
  -1.7955000e-01
  -1.9015400e-01
  -2.0097800e-01
  -2.1144800e-01
  -2.1789300e-01
  -2.1940600e-01
  -2.2325100e-01
  -2.2754400e-01
  -2.3446700e-01
  -2.3958200e-01
  -2.5143600e-01
  -2.6769500e-01
  -2.8263700e-01
  -2.8902500e-01
  -2.8739200e-01
  -2.8906700e-01
  -2.8428400e-01
  -2.7401800e-01
  -2.6632000e-01
  -2.5778200e-01
  -2.4959800e-01
  -2.4135100e-01
  -2.3336200e-01
  -2.2466800e-01
  -2.1598500e-01
  -2.0696600e-01
  -2.3015200e-01
  -3.0272500e-01
  -3.3355200e-01
  -3.2759600e-01
  -3.2169800e-01
  -2.9714700e-01
  -2.2781600e-01
  -3.9347200e-02
   1.3674700e-01
   1.5803900e-01
   1.0276300e-01
   8.9162300e-02
   1.1939200e-01
   1.6098700e-01
   1.7468000e-01
   1.5994200e-01
   1.4033200e-01
   1.3772800e-01
   1.4552300e-01
   1.4965600e-01
   1.4800000e-01
   1.4099100e-01
   1.3575200e-01
   1.3044200e-01
   1.2520100e-01
   1.2084400e-01
   1.1594800e-01
   1.0936600e-01
   1.0018500e-01
   9.2607500e-02
   8.4037700e-02
   7.6611700e-02
   6.7960200e-02
   7.6924000e-02
   1.0348200e-01
   9.6224300e-02
   6.2130000e-02
   6.1340500e-02
   7.7222100e-02
   8.5259300e-02
   9.5491600e-02
   1.0282200e-01
   1.0573500e-01
   1.1812200e-01
   1.3786200e-01
   1.4150600e-01
   1.4389200e-01
   1.8205300e-01
   1.9243000e-01
   1.6326800e-01
   1.7310900e-01
   2.0125600e-01
   2.1994800e-01
   2.4154600e-01
   2.6267200e-01
   2.8288600e-01
   2.9426600e-01
   2.3666700e-01
   7.9378800e-02
  -3.9175000e-02
  -3.9338200e-02
  -8.5539400e-03
  -2.7509100e-02
  -7.3519100e-02
  -9.3909900e-02
  -1.0606600e-01
  -1.2193800e-01
  -1.4645700e-01
  -1.8081200e-01
  -2.1120300e-01
  -2.3388900e-01
  -2.4732300e-01
  -2.6481500e-01
  -2.8013300e-01
  -2.9668900e-01
  -3.1156900e-01
  -3.2821900e-01
  -3.3365600e-01
  -3.3091900e-01
  -3.3095200e-01
  -3.3088900e-01
  -3.2998600e-01
  -3.2030900e-01
  -2.9862400e-01
  -2.8372000e-01
  -2.5278200e-01
  -2.1172100e-01
  -1.7396000e-01
  -1.3783000e-01
  -9.8781600e-02
  -8.7165300e-02
  -9.8153800e-02
  -8.9369500e-02
  -5.3713100e-02
  -9.7878200e-03
   2.2447200e-02
   2.0146600e-02
   3.5519800e-05
  -1.3760100e-02
  -1.6764900e-02
  -1.0839900e-02
   1.3693100e-02
   7.7504500e-02
   1.5307000e-01
   1.8081200e-01
   1.6048400e-01
   1.4489900e-01
   1.5379200e-01
   2.0486800e-01
   2.6447900e-01
   2.9729500e-01
   3.0904800e-01
   3.1894900e-01
   2.9642300e-01
   2.6617700e-01
   2.3916700e-01
   2.2206400e-01
   2.1382700e-01
   2.0260300e-01
   1.9214200e-01
   1.4838600e-01
   4.6634200e-02
  -1.7901900e-02
  -2.1460800e-03
   3.1711600e-02
   4.7286500e-02
   6.0306100e-02
   7.4224500e-02
   7.5439600e-02
   4.3836800e-02
   1.8968700e-02
   3.5860300e-02
   5.2915900e-02
   5.0747300e-02
   7.6527700e-02
   1.0377600e-01
   8.3764000e-02
   4.4833400e-02
   3.7689700e-02
   4.7337300e-02
   5.3316100e-02
   6.4941300e-02
   5.7625800e-02
   2.9242500e-02
   3.1868200e-02
   2.8694300e-02
  -5.0457400e-03
  -7.8992600e-03
   7.8443100e-03
   3.4742200e-04
  -1.6437800e-02
  -4.7411600e-02
  -1.1736200e-01
  -2.2133700e-01
  -3.1696800e-01
  -3.2225500e-01
  -2.5915900e-01
  -2.2473200e-01
  -2.4573100e-01
  -2.7312200e-01
  -2.8918900e-01
  -2.9855100e-01
  -3.2250100e-01
  -3.5644300e-01
  -3.7292800e-01
  -3.5691800e-01
  -3.0506500e-01
  -2.2252000e-01
  -1.5322100e-01
  -1.4839100e-01
  -1.7420600e-01
  -1.6718700e-01
  -1.4723800e-01
  -1.2766500e-01
  -9.8815400e-02
  -8.5705300e-02
  -8.4490700e-02
  -7.7911800e-02
  -7.0912600e-02
  -6.0893300e-02
  -5.2574800e-02
  -3.8201400e-02
  -2.0001700e-02
   5.2728200e-03
   3.9334600e-02
   6.6068300e-02
   8.6481400e-02
   1.0516500e-01
   1.2465400e-01
   1.4329000e-01
   1.6231600e-01
   1.7285400e-01
   1.7499400e-01
   1.9001400e-01
   2.1457300e-01
   2.2422500e-01
   2.2499000e-01
   2.2959600e-01
   2.3313400e-01
   2.3640000e-01
   2.4026900e-01
   2.3706800e-01
   2.2745300e-01
   2.2045500e-01
   2.1292000e-01
   2.0085500e-01
   1.8402400e-01
   1.6949900e-01
   1.5440900e-01
   1.3504100e-01
   1.1054100e-01
   8.8861000e-02
   6.6125500e-02
   4.4507800e-02
   2.2042700e-02
   1.0004900e-03
  -2.1278500e-02
  -3.2276700e-02
  -3.4184800e-02
  -3.9236800e-02
  -4.3928200e-02
  -4.7800500e-02
  -5.2702100e-02
  -4.8720000e-02
  -3.6871200e-02
  -2.8365000e-02
  -1.8938000e-02
  -9.8502600e-03
  -6.7922100e-04
   1.9196600e-03
  -2.4790300e-03
  -3.4704700e-03
  -1.4313000e-02
  -3.3356900e-02
  -4.8791500e-02
  -6.4991500e-02
  -8.0967100e-02
  -9.6728900e-02
  -1.1229100e-01
  -1.2802900e-01
  -1.3489100e-01
  -1.3231700e-01
  -1.3430000e-01
  -1.2367600e-01
  -1.0268400e-01
  -8.5995400e-02
  -6.8687700e-02
  -5.0860700e-02
  -4.4785100e-02
  -5.0155000e-02
  -5.0160600e-02
  -5.8118300e-02
  -7.0878300e-02
  -8.2142400e-02
  -8.1086100e-02
  -6.7912200e-02
  -6.0049700e-02
  -4.0970600e-02
  -1.1999200e-02
   1.2090700e-02
   3.7829900e-02
   5.6127000e-02
   6.8240100e-02
   7.6366200e-02
   7.7755800e-02
   8.1355500e-02
   8.4802600e-02
   8.7555100e-02
   1.1024400e-01
   1.5427200e-01
   1.7555000e-01
   1.8797300e-01
   1.9395200e-01
   1.8936800e-01
   1.7817200e-01
   1.5547500e-01
   1.4789800e-01
   1.4943500e-01
   1.5402000e-01
   1.6768400e-01
   1.7160700e-01
   1.7022800e-01
   1.7118500e-01
   1.7025800e-01
   1.6744600e-01
   1.6583600e-01
   1.6294200e-01
   1.6044500e-01
   1.4813900e-01
   1.2642000e-01
   1.1673700e-01
   1.2928100e-01
   1.7186000e-01
   2.0229200e-01
   1.7419900e-01
   1.3175600e-01
   9.6441100e-02
   7.5286800e-02
   7.0865700e-02
   5.9874300e-02
   5.5223600e-02
   5.4169300e-02
   5.2175900e-02
   4.3526900e-02
   2.9264700e-02
   1.6949700e-02
   1.1328300e-02
   1.2454800e-02
   1.0833300e-02
   1.0129300e-02
   9.1482900e-03
   8.4883400e-03
   7.2342500e-03
   1.1553500e-02
   2.0368500e-02
   2.7347200e-02
   3.4697500e-02
   4.2020200e-02
   4.9091500e-02
   5.6317400e-02
   6.3285300e-02
   7.0296200e-02
   7.7192500e-02
   8.6102700e-02
   9.7085600e-02
   1.0692900e-01
   1.1723600e-01
   1.2206300e-01
   1.2158200e-01
   1.2334300e-01
   1.2432100e-01
   1.2557600e-01
   1.2649700e-01
   1.2790300e-01
   1.2426500e-01
   1.1630800e-01
   1.1003500e-01
   1.0345900e-01
   9.6910500e-02
   9.0517100e-02
   8.2566600e-02
   7.3201300e-02
   6.4591400e-02
   5.5785000e-02
   4.7144800e-02
   3.8407400e-02
   3.0096200e-02
   2.1449900e-02
   1.7167400e-02
   1.6889200e-02
   1.5040000e-02
   1.3531100e-02
   1.2121500e-02
   1.0669000e-02
   9.2095800e-03
   7.8206500e-03
   6.3266600e-03
   4.9360500e-03
   3.5971100e-03
   2.0830900e-03
   2.2829600e-03
   4.0327300e-03
   5.1628700e-03
   6.3230300e-03
   7.5875000e-03
   6.6625400e-03
   3.5646300e-03
   1.4561400e-03
  -9.8973300e-04
  -3.2114200e-03
  -5.5793800e-03
  -7.8349500e-03
  -1.0127900e-02
  -1.2378400e-02
  -1.4581900e-02
  -1.8183000e-02
  -2.3203000e-02
  -2.7628000e-02
  -3.2188100e-02
  -3.6623400e-02
  -4.0972100e-02
  -4.5465700e-02
  -4.7154700e-02
  -4.6023500e-02
  -4.6190100e-02
  -4.5915800e-02
  -4.5716200e-02
  -4.5432500e-02
  -4.5280500e-02
  -4.5030300e-02
  -4.4942400e-02
  -4.4617400e-02
  -4.4463900e-02
  -4.4235800e-02
  -4.4123200e-02
  -4.3828900e-02
  -4.3637500e-02
  -4.3405300e-02
  -4.1828100e-02
  -3.8724400e-02
  -3.6304100e-02
  -3.3596600e-02
  -3.1104900e-02
  -2.8449200e-02
  -2.6025400e-02
  -2.3392300e-02
  -2.1085400e-02
  -1.8489600e-02
  -1.6146900e-02
  -1.3621000e-02
  -1.1324300e-02
  -8.8206500e-03
  -6.5972200e-03
  -2.7133900e-03
   2.4784300e-03
   7.0640200e-03
   1.1750900e-02
   1.6474800e-02
   2.1029900e-02
   2.5654100e-02
   3.0084800e-02
   3.4602400e-02
   3.9061800e-02
   4.3411800e-02
   4.7866500e-02
   4.9042200e-02
   4.6934400e-02
   4.6210800e-02
   4.5026000e-02
   4.4113200e-02
   4.2895400e-02
   4.2116800e-02
   3.8068200e-02
   3.1555100e-02
   2.6049900e-02
   2.0353400e-02
   1.4682900e-02
   8.8104400e-03
   2.3898900e-03
  -3.5576300e-03
  -9.7019800e-03
  -1.5619800e-02
  -2.1767900e-02
  -2.5245800e-02
  -2.6620100e-02
  -2.8857300e-02
  -3.0833000e-02
  -3.2715800e-02
  -3.4785000e-02
  -3.6636700e-02
  -3.9018700e-02
  -4.1837700e-02
  -4.4428600e-02
  -4.7123400e-02
  -4.9708600e-02
  -5.2263500e-02
  -5.4825300e-02
  -5.7324000e-02
  -5.9895100e-02
  -6.2347700e-02
  -6.4777300e-02
  -6.7223000e-02
  -6.9579100e-02
  -7.2056900e-02
  -7.4339200e-02
  -7.6716900e-02
  -7.8384300e-02
  -7.9540700e-02
  -8.0781100e-02
  -8.2151000e-02
  -8.0439900e-02
  -7.5674400e-02
  -7.2185700e-02
  -6.8448700e-02
  -6.4765900e-02
  -6.1058700e-02
  -5.7397300e-02
  -5.3840300e-02
  -5.0251100e-02
  -4.6741800e-02
  -4.1015700e-02
  -3.3239700e-02
  -2.6332200e-02
  -1.9271600e-02
  -1.2312000e-02
  -7.3490000e-03
  -4.5251800e-03
  -8.2075900e-04
   2.5942900e-03
   6.0238100e-03
   9.3262700e-03
   1.2737100e-02
   1.5962900e-02
   1.9307700e-02
   2.2486200e-02
   2.5750700e-02
   2.8892300e-02
   3.2061200e-02
   3.5187700e-02
   3.6464100e-02
   3.5634800e-02
   3.5746900e-02
   3.5491700e-02
   3.5402800e-02
   3.5175600e-02
   3.5103800e-02
   3.4865700e-02
   3.4787700e-02
   3.4566100e-02
   3.4461500e-02
   3.4271100e-02
   3.3074000e-02
   3.0606500e-02
   2.8843800e-02
   2.6802500e-02
   2.4869100e-02
   2.2828100e-02
   2.0957700e-02
   1.8941500e-02
   1.7096200e-02
   1.5189000e-02
   1.3416700e-02
   1.2257600e-02
   1.2202600e-02
   1.1617600e-02
   1.1293700e-02
   1.0813800e-02
   1.0473100e-02
   1.0447900e-02
   1.1080300e-02
   1.1321900e-02
   1.1805700e-02
   1.2087800e-02
   1.2557100e-02
   1.2825000e-02
   1.3239700e-02
   1.3478800e-02
   1.4776700e-02
   1.6534700e-02
   1.8168500e-02
   1.9765000e-02
   2.1495400e-02
   2.3024700e-02
   2.4668500e-02
   2.6102300e-02
   2.7809100e-02
   2.9248100e-02
   3.0869400e-02
   3.2175400e-02
   3.3914500e-02
   3.2998400e-02
   3.0068800e-02
   2.7914600e-02
   2.5665700e-02
   2.3329400e-02
   2.1138400e-02
   1.8879000e-02
   1.6246800e-02
   1.3127300e-02
   1.0286700e-02
   7.2394300e-03
   4.5356600e-03
   2.7429700e-04
  -5.1532700e-03
  -1.0114400e-02
  -1.5053200e-02
  -2.0007400e-02
  -2.4769900e-02
  -2.9711900e-02
  -3.4439200e-02
  -3.9275800e-02
  -4.3849900e-02
  -4.8552700e-02
  -5.3099500e-02
  -5.7802800e-02
  -6.2180700e-02
  -6.6881200e-02
  -6.8191200e-02
  -6.6567300e-02
  -6.6093900e-02
  -6.5369300e-02
  -6.4596300e-02
  -6.3917100e-02
  -6.3188200e-02
  -6.2488900e-02
  -6.1832200e-02
  -6.1207900e-02
  -6.0464200e-02
  -5.9807300e-02
  -5.9083000e-02
  -5.8715600e-02
  -5.8599200e-02
  -5.8403500e-02
  -5.8203800e-02
  -5.8028500e-02
  -5.8165800e-02
  -5.8708400e-02
  -5.9040800e-02
  -5.9526400e-02
  -5.9946100e-02
  -6.0326200e-02
  -6.0683700e-02
  -6.1122000e-02
  -6.1544000e-02
  -6.0858500e-02
  -5.8996900e-02
  -5.7677700e-02
  -5.6217200e-02
  -5.4877400e-02
  -5.3356600e-02
  -5.2013100e-02
  -5.0556500e-02
  -4.9333200e-02
  -4.6153100e-02
  -4.1417700e-02
  -3.7340900e-02
  -3.3162900e-02
  -2.8995000e-02
  -2.4901900e-02
  -2.0894600e-02
  -1.6852000e-02
  -1.2895300e-02
  -9.0791300e-03
  -5.2117600e-03
  -1.4580700e-03
   2.4034000e-03
   6.0826900e-03
   9.7955000e-03
   1.3435200e-02
   1.7073500e-02
   2.0647900e-02
   2.4216200e-02
   2.7728800e-02
   3.1224300e-02
   3.4678700e-02
   3.8095400e-02
   4.1501400e-02
   4.4277300e-02
   4.6422800e-02
   4.8803500e-02
   5.1076900e-02
   5.3350200e-02
   5.5585900e-02
   5.7819700e-02
   6.0005600e-02
   6.2584600e-02
   6.5635300e-02
   6.8444700e-02
   7.1253300e-02
   7.3965400e-02
   7.6833900e-02
   7.9474500e-02
   8.2347800e-02
   8.1897900e-02
   7.8417000e-02
   7.6297600e-02
   7.3797800e-02
   7.1383000e-02
   6.8970000e-02
   6.6620000e-02
   6.4224500e-02
   6.1905900e-02
   5.9576200e-02
   5.7242800e-02
   5.4960500e-02
   4.9743000e-02
   4.1575900e-02
   3.4779200e-02
   2.7465500e-02
   2.0652500e-02
   1.1365800e-02
   1.9624500e-04
  -1.0173100e-02
  -2.0509500e-02
  -3.0917000e-02
  -4.0527000e-02
  -4.9580900e-02
  -5.8718900e-02
  -6.7861200e-02
  -7.6633700e-02
  -8.5634500e-02
  -9.1130500e-02
  -9.3337300e-02
  -9.6903800e-02
  -9.9936700e-02
  -1.0317800e-01
  -1.0354800e-01
  -1.0119100e-01
  -9.9845000e-02
  -9.8272600e-02
  -9.6689300e-02
  -9.5163500e-02
  -9.3631700e-02
  -9.2107900e-02
  -9.0591700e-02
  -8.9111000e-02
  -8.7573400e-02
  -8.6166700e-02
  -8.2640500e-02
  -7.7001500e-02
  -7.2231000e-02
  -6.7299300e-02
  -6.2486600e-02
  -5.7569300e-02
  -5.2817700e-02
  -4.8037200e-02
  -4.3774600e-02
  -3.9708700e-02
  -3.5728700e-02
  -3.1717700e-02
  -2.7805300e-02
  -2.3875200e-02
  -1.9961100e-02
  -1.6104500e-02
  -1.2346400e-02
  -8.4626800e-03
  -4.7825100e-03
  -1.0492600e-03
   2.5942200e-03
   6.2559600e-03
   9.8802400e-03
   1.3500000e-02
   1.5774300e-02
   1.6837400e-02
   1.8301300e-02
   1.9682900e-02
   2.1104300e-02
   2.2347200e-02
   2.3806100e-02
   2.3603800e-02
   2.1889700e-02
   2.0822200e-02
   1.9512000e-02
   1.8307300e-02
   1.7129600e-02
   1.5805600e-02
   1.4420000e-02
   1.2972700e-02
   1.1622900e-02
   1.0216000e-02
   1.0846500e-02
   1.3332300e-02
   1.4957800e-02
   1.6797400e-02
   1.8670900e-02
   2.0496000e-02
   2.2298200e-02
   2.4101900e-02
   2.5878900e-02
   2.7624700e-02
   2.9399400e-02
   3.1063300e-02
   3.2865700e-02
   3.2367400e-02
   2.9764100e-02
   2.8133300e-02
   2.6187300e-02
   2.4264400e-02
   2.2502900e-02
   1.9645800e-02
   1.5726200e-02
   1.2252100e-02
   8.6667700e-03
   5.1992200e-03
   2.8379500e-03
   1.6386500e-03
  -1.0441100e-04
  -1.5109700e-03
  -3.1200300e-03
  -4.5999700e-03
  -6.1017800e-03
  -7.2142300e-03
  -8.1066000e-03
  -9.0344600e-03
  -9.9222100e-03
  -1.0761100e-02
  -1.1699000e-02
  -1.3213300e-02
  -1.5362700e-02
  -1.7169800e-02
  -1.9119300e-02
  -2.0945300e-02
  -2.3023500e-02
  -2.5166500e-02
  -2.7369200e-02
  -2.9484500e-02
  -3.1626500e-02
  -3.3670800e-02
  -3.5664700e-02
  -3.7813300e-02
  -3.7473100e-02
  -3.4687300e-02
  -3.3059400e-02
  -3.0938100e-02
  -2.9170000e-02
  -2.4477800e-02
  -1.7249300e-02
  -1.1071000e-02
  -4.8016400e-03
   1.0143400e-03
   6.1530200e-03
   1.1484100e-02
   1.6783900e-02
   2.2002500e-02
   2.7147500e-02
   3.2192500e-02
   3.7361100e-02
   4.0981700e-02
   4.3163300e-02
   4.5844700e-02
   4.8332900e-02
   5.0893100e-02
   5.3422200e-02
   5.5889700e-02
   5.8409600e-02
   5.8995700e-02
   5.7631900e-02
   5.7063200e-02
   5.6192800e-02
   5.5530400e-02
   5.4741700e-02
   5.4091000e-02
   5.3290200e-02
   5.2611900e-02
   5.0846800e-02
   4.8279100e-02
   4.5998200e-02
   4.3739600e-02
   4.1403700e-02
   3.9194100e-02
   3.6904600e-02
   3.4728300e-02
   3.2416700e-02
   3.0276400e-02
   2.8091300e-02
   2.5945700e-02
   2.3822000e-02
   2.1682500e-02
   1.9636400e-02
   1.6093800e-02
   1.1149300e-02
   6.8817000e-03
   2.4239300e-03
  -1.9079800e-03
  -6.2691200e-03
  -1.0504500e-02
  -1.4801100e-02
  -1.8953100e-02
  -2.3174700e-02
  -2.7245400e-02
  -3.1396400e-02
  -3.5379300e-02
  -3.9474700e-02
  -4.3341900e-02
  -4.7416900e-02
  -4.8920300e-02
  -4.8120000e-02
  -4.8190300e-02
  -4.8003400e-02
  -4.7873400e-02
  -4.7691100e-02
  -4.7665500e-02
  -4.7442900e-02
  -4.7355500e-02
  -4.7200100e-02
  -4.7142900e-02
  -4.6831200e-02
  -4.6958800e-02
  -4.3194400e-02
  -3.6042300e-02
  -3.0409600e-02
  -2.4446600e-02
  -1.8533400e-02
  -1.2735300e-02
  -6.9580600e-03
  -1.2448600e-03
   4.4373600e-03
   1.0019000e-02
   1.5641900e-02
   2.1108500e-02
   2.6781900e-02
   2.8898500e-02
   2.7833200e-02
   2.8065000e-02
   2.8002000e-02
   2.7958200e-02
   2.7860400e-02
   2.7786100e-02
   2.7754400e-02
   2.7725900e-02
   2.7633100e-02
   2.7512600e-02
   2.7553400e-02
   2.7422000e-02
   2.9396000e-02
   3.3394200e-02
   3.6550700e-02
   3.9801200e-02
   4.3062100e-02
   4.6283100e-02
   4.9544200e-02
   5.2649000e-02
   5.5921300e-02
   5.8791700e-02
   6.2090300e-02
   5.9969200e-02
   5.2865900e-02
   4.7758400e-02
   4.2327500e-02
   3.4204000e-02
   2.3556600e-02
   1.4088500e-02
   4.4358200e-03
  -5.1031600e-03
  -1.4540700e-02
  -2.4057700e-02
  -2.8835700e-02
  -2.8841700e-02
  -3.0887200e-02
  -3.2217600e-02
  -3.3747100e-02
  -3.5191300e-02
  -3.6220600e-02
  -3.6322000e-02
  -3.6993600e-02
  -3.7377100e-02
  -3.7827700e-02
  -3.8227600e-02
  -3.6228300e-02
  -3.1451700e-02
  -2.8039700e-02
  -2.4065900e-02
  -2.0470400e-02
  -1.6586100e-02
  -1.3102000e-02
  -9.1791700e-03
  -5.7457600e-03
  -1.9210100e-03
  -8.3863400e-04
  -1.7305300e-03
  -2.0010700e-03
  -2.1968100e-03
  -2.7255800e-03
  -1.1799300e-03
   1.9369200e-03
   4.4273600e-03
   7.0154600e-03
   9.5371500e-03
   1.2044500e-02
   1.2358400e-02
   1.0145200e-02
   9.0534900e-03
   7.5601800e-03
   6.2594800e-03
   4.8136200e-03
   3.5674400e-03
   2.1227600e-03
   9.0659800e-04
  -5.1259400e-04
  -1.7076200e-03
  -3.1019500e-03
  -4.2729400e-03
  -5.6485400e-03
  -6.7852400e-03
  -8.1544200e-03
  -8.4711300e-03
  -8.1313200e-03
  -7.9780600e-03
  -7.8116200e-03
  -7.5845300e-03
  -7.5101500e-03
  -7.2177700e-03
  -7.1113700e-03
  -6.9579800e-03
  -3.9880000e-03
   2.1454700e-03
   6.6471700e-03
   1.2051100e-02
   1.1454900e-02
   5.6917300e-03
   2.0012100e-03
  -2.0669400e-03
  -1.9327700e-03
   3.4483700e-03
   2.9438700e-03
   3.5272900e-03
   6.4093900e-03
   5.1686200e-03
   5.3707300e-03
   5.1412100e-03
   8.7675700e-03
   1.6102000e-02
   2.1838100e-02
   2.6242500e-02
   2.8413700e-02
   3.1857000e-02
   2.8792300e-02
   1.9984100e-02
   1.3669000e-02
   4.2610300e-03
  -7.7011100e-03
  -1.8364400e-02
  -2.9387800e-02
  -4.0061500e-02
  -4.9323400e-02
  -5.6405100e-02
  -6.4812900e-02
  -6.4291000e-02
  -5.5840500e-02
  -5.0642600e-02
  -4.4588500e-02
  -3.8790400e-02
  -3.2886200e-02
  -2.9093600e-02
  -2.7208100e-02
  -2.4605500e-02
  -2.2269400e-02
  -1.9887700e-02
  -1.7498500e-02
  -1.5159700e-02
  -1.2824400e-02
  -1.0525300e-02
  -8.2227500e-03
  -6.1480300e-03
  -4.1193600e-03
  -2.0698900e-03
  -1.2953100e-04
   1.8113800e-03
   3.7556800e-03
   5.6323100e-03
   7.5713700e-03
   8.5400500e-03
   8.6696700e-03
   9.0685900e-03
   9.5079200e-03
   7.1274800e-03
   1.8641800e-03
  -2.0972400e-03
  -6.4183400e-03
  -1.0552100e-02
  -1.4892900e-02
  -1.7269900e-02
  -1.8226000e-02
  -1.9579800e-02
  -2.1083200e-02
  -2.2191900e-02
  -2.3676700e-02
  -2.1450600e-02
  -1.5725300e-02
  -1.1481600e-02
  -6.7526100e-03
  -4.8867300e-03
  -5.7549700e-03
  -5.4268800e-03
  -7.2541000e-03
  -1.0958100e-02
  -1.3715500e-02
  -1.9242600e-02
  -2.7396300e-02
  -3.4260400e-02
  -4.1548400e-02
  -4.6392100e-02
  -4.8880800e-02
  -5.2330300e-02
  -5.5512400e-02
  -5.8581600e-02
  -6.1663400e-02
  -6.4798500e-02
  -6.7666800e-02
  -7.0374700e-02
  -7.3081400e-02
  -7.5794200e-02
  -7.8465500e-02
  -8.1169600e-02
  -8.3622400e-02
  -8.6416100e-02
  -8.4554500e-02
  -7.8547300e-02
  -7.4328500e-02
  -6.9573800e-02
  -6.4917300e-02
  -6.0363700e-02
  -5.3773400e-02
  -4.4982800e-02
  -3.7394900e-02
  -2.9243300e-02
  -2.1638500e-02
  -1.3671800e-02
  -8.8365200e-03
  -6.5087400e-03
  -3.3275300e-03
  -3.1096900e-04
   1.7941900e-03
   3.3355200e-03
   4.8751200e-03
   7.9552700e-03
   1.2484300e-02
   1.6412600e-02
   2.0363100e-02
   2.4304300e-02
   2.8194700e-02
   3.2084600e-02
   3.6001300e-02
   3.9698100e-02
   4.4528500e-02
   5.0327400e-02
   5.5733900e-02
   6.1171200e-02
   6.6514700e-02
   7.1755100e-02
   7.7054800e-02
   8.2112000e-02
   8.7422300e-02
   8.7248300e-02
   8.1674700e-02
   7.8592700e-02
   7.1841600e-02
   6.2657000e-02
   5.4590300e-02
   4.6375500e-02
   3.8149300e-02
   3.0107200e-02
   2.2091400e-02
   1.4052000e-02
   5.2797000e-03
  -4.7904400e-03
  -7.4053300e-03
  -3.2485000e-03
  -2.1542200e-03
   1.1177100e-04
  -7.3631100e-04
  -3.9200800e-03
  -6.3041400e-03
  -8.6682100e-03
  -1.1387100e-02
  -1.3540600e-02
  -1.7905500e-02
  -2.3781900e-02
  -2.9155900e-02
  -3.4460000e-02
  -3.9842500e-02
  -4.4959600e-02
  -5.0259300e-02
  -5.5270200e-02
  -6.0547400e-02
  -6.5494100e-02
  -7.0630400e-02
  -7.5366700e-02
  -8.0853900e-02
  -8.6074500e-02
  -9.1842100e-02
  -9.0247400e-02
  -8.2183900e-02
  -7.6671200e-02
  -7.0836600e-02
  -6.4688400e-02
  -6.8872700e-02
  -8.4446100e-02
  -8.4081000e-02
  -7.4758100e-02
  -6.9109500e-02
  -7.2698400e-02
  -8.7035500e-02
  -8.9006600e-02
  -8.4321900e-02
  -8.2655600e-02
  -8.0218500e-02
  -7.7663000e-02
  -7.5512900e-02
  -7.3117500e-02
  -7.0842900e-02
  -6.8454700e-02
  -6.6258500e-02
  -6.3857100e-02
  -6.2806700e-02
  -6.2639900e-02
  -6.2212600e-02
  -6.1756700e-02
  -6.1564400e-02
  -5.8323200e-02
  -5.2367000e-02
  -4.7571200e-02
  -4.2573200e-02
  -3.7651200e-02
  -3.2618700e-02
  -2.7666400e-02
  -2.2710500e-02
  -1.9354400e-02
  -1.7396600e-02
  -1.4940200e-02
  -1.2695900e-02
  -1.0315700e-02
  -8.0692100e-03
  -5.7473300e-03
  -3.6728500e-03
   1.6588300e-03
   1.0069800e-02
   1.7043900e-02
   2.4425500e-02
   2.8601800e-02
   2.9661500e-02
   3.1934900e-02
   3.3944300e-02
   3.5864800e-02
   3.7781500e-02
   3.9800200e-02
   4.1640200e-02
   4.3543300e-02
   4.5442900e-02
   4.7296200e-02
   4.9075400e-02
   5.0982800e-02
   5.2724000e-02
   5.4495500e-02
   5.6311000e-02
   5.7521900e-02
   5.8135900e-02
   5.9108400e-02
   5.9913200e-02
   6.0723400e-02
   6.1910800e-02
   6.3710000e-02
   6.5044700e-02
   6.6705200e-02
   6.8094500e-02
   6.9685800e-02
   6.8412600e-02
   6.4540400e-02
   6.1704400e-02
   5.8672800e-02
   5.5621400e-02
   5.2664100e-02
   4.9709000e-02
   4.6748300e-02
   4.3888600e-02
   3.8716000e-02
   3.1005800e-02
   2.4579800e-02
   1.7621100e-02
   1.3779100e-02
   1.2536400e-02
   1.0330400e-02
   8.3088700e-03
   6.9303500e-03
   6.0510000e-03
   5.0837000e-03
   4.1337300e-03
   3.1490800e-03
   2.1543700e-03
   1.2696100e-03
   3.4593300e-04
  -6.0278700e-04
  -1.5679600e-03
  -2.4103300e-03
  -3.3103500e-03
  -4.2110500e-03
  -5.1607700e-03
  -5.9420100e-03
  -6.8446600e-03
  -6.8328500e-03
  -5.9754400e-03
  -5.4816900e-03
  -4.9777600e-03
  -4.2889800e-03
  -3.7919500e-03
  -1.6017900e-03
   2.1407400e-03
   5.1415100e-03
   8.2987300e-03
   1.1489100e-02
   1.4564400e-02
   1.7586800e-02
   2.0725000e-02
   2.3715400e-02
   2.6743900e-02
   2.8198300e-02
   2.8194200e-02
   2.8768200e-02
   2.9186900e-02
   2.9542100e-02
   2.9965600e-02
   3.0420100e-02
   3.0776600e-02
   3.1250600e-02
   3.1516000e-02
   3.2007300e-02
   3.2302400e-02
   3.2757400e-02
   3.0356900e-02
   2.5308800e-02
   2.1392500e-02
   1.7207800e-02
   1.3092000e-02
   9.5699200e-03
   6.7818200e-03
   3.5459200e-03
   6.3527800e-04
  -2.4639700e-03
  -2.8106700e-03
  -7.3136600e-04
   4.5067200e-04
   1.8269600e-03
   3.1579500e-03
   4.4169100e-03
   5.7912100e-03
   6.5856000e-03
   6.7690200e-03
   7.1860100e-03
   7.5556800e-03
   7.8791300e-03
   8.2809900e-03
   7.5116700e-03
   5.6271400e-03
   4.2276900e-03
   2.7017500e-03
   1.2078500e-03
  -2.6565200e-04
  -1.7883000e-03
  -3.2949700e-03
  -4.7210200e-03
  -6.1124300e-03
  -7.5847000e-03
  -7.0524800e-03
  -4.5373900e-03
  -2.9096700e-03
  -9.2678600e-04
   9.1329900e-04
   2.7734200e-03
   4.4768700e-03
   7.5484200e-03
   1.1669400e-02
   1.5326500e-02
   1.9112900e-02
   2.2869100e-02
   2.6496700e-02
   3.0104300e-02
   3.3772600e-02
   3.7290700e-02
   4.0815000e-02
   4.4344700e-02
   4.7875200e-02
   5.1221000e-02
   5.4674200e-02
   5.6375000e-02
   5.6337500e-02
   5.6942600e-02
   5.7333900e-02
   5.7836000e-02
   5.8291800e-02
   5.8716300e-02
   5.9090900e-02
   5.9587100e-02
   6.0007900e-02
   6.0401000e-02
   6.0763200e-02
   6.1216400e-02
   6.1636400e-02
   6.1969600e-02
   6.2353500e-02
   6.1610200e-02
   5.9695400e-02
   5.8322900e-02
   5.6697000e-02
   5.5171900e-02
   5.3668100e-02
   5.2233000e-02
   5.0659100e-02
   4.9193300e-02
   4.7729400e-02
   4.6334400e-02
   4.4816200e-02
   4.3380500e-02
   4.1980400e-02
   4.0600500e-02
   3.9165500e-02
   3.6556100e-02
   3.2587900e-02
   2.9247100e-02
   2.5784200e-02
   2.2433300e-02
   1.8961400e-02
   1.5631600e-02
   1.2290200e-02
   9.0796500e-03
   5.7090600e-03
   2.8965900e-03
   5.1754400e-04
  -2.0218600e-03
  -4.5570300e-03
  -6.9770300e-03
  -9.4823700e-03
  -1.1803500e-02
  -1.4249800e-02
  -1.6628300e-02
  -1.8200600e-02
  -1.8858900e-02
  -1.9936200e-02
  -2.0807300e-02
  -2.1793900e-02
  -2.2637500e-02
  -2.3587400e-02
  -2.2917800e-02
  -2.0819200e-02
  -1.9191400e-02
  -1.7515200e-02
  -1.5788300e-02
  -1.4153900e-02
  -1.2473200e-02
  -1.0856600e-02
  -9.2057800e-03
  -7.6241400e-03
  -5.9944200e-03
  -4.4522600e-03
  -2.8357700e-03
  -1.3479600e-03
   2.7392100e-04
   4.1573700e-04
  -6.9454100e-04
  -1.2073800e-03
  -1.9397700e-03
  -2.6527200e-03
  -3.3228800e-03
  -4.0200500e-03
  -4.6277800e-03
  -5.3072400e-03
  -5.9905700e-03
  -6.6214200e-03
  -7.3097700e-03
  -7.9124900e-03
  -8.6137400e-03
  -9.1061800e-03
  -9.8431700e-03
  -8.7988000e-03
  -6.0815400e-03
  -4.0507000e-03
  -1.8888300e-03
   6.8057000e-04
   3.6717800e-03
   6.4845200e-03
   9.2150300e-03
   1.2046500e-02
   1.4760300e-02
   1.7505300e-02
   1.7767400e-02
   1.5625500e-02
   1.4558100e-02
   1.3050000e-02
   1.1775600e-02
   1.0233700e-02
   8.5591900e-03
   6.9222400e-03
   5.4310500e-03
   3.6983200e-03
   2.6438600e-03
   1.8687900e-03
   1.0343300e-03
   1.6421900e-04
  -6.1605000e-04
  -1.4753300e-03
  -2.2474400e-03
  -3.0869200e-03
  -3.8463300e-03
  -4.6728900e-03
  -5.4138100e-03
  -6.2349000e-03
  -6.9489100e-03
  -8.4367300e-03
  -1.0584200e-02
  -1.2384300e-02
  -1.4237000e-02
  -1.6092900e-02
  -1.7956900e-02
  -1.9831500e-02
  -2.1583100e-02
  -2.3367100e-02
  -2.5166000e-02
  -2.6974600e-02
  -2.8649900e-02
  -3.0377900e-02
  -3.2038400e-02
  -3.3788500e-02
  -3.5475600e-02
  -3.7277200e-02
  -3.9296800e-02
  -4.1307300e-02
  -4.3206400e-02
  -4.5114600e-02
  -4.7013500e-02
  -4.8862400e-02
  -5.0796500e-02
  -5.2597100e-02
  -5.4416700e-02
  -5.6203400e-02
  -5.7990500e-02
  -5.9725000e-02
  -6.1497300e-02
  -6.3213100e-02
  -6.5010500e-02
  -6.4137000e-02
  -6.0836300e-02
  -5.8571900e-02
  -5.5974200e-02
  -5.3423900e-02
  -5.1014400e-02
  -4.8545500e-02
  -4.7788500e-02
  -4.8911600e-02
  -4.9257800e-02
  -4.9905400e-02
  -5.0332500e-02
  -5.0894100e-02
  -5.1362800e-02
  -5.1995800e-02
  -5.2397800e-02
  -5.3996900e-02
  -5.6479800e-02
  -5.8741000e-02
  -6.0918500e-02
  -6.3224200e-02
  -6.5337100e-02
  -6.7602400e-02
  -6.9652800e-02
  -7.1912200e-02
  -7.3844500e-02
  -7.6159000e-02
  -7.4260300e-02
  -6.8621700e-02
  -6.4566000e-02
  -6.0218400e-02
  -5.4510100e-02
  -4.7524600e-02
  -4.1195300e-02
  -3.4716800e-02
  -2.8477800e-02
  -2.1995200e-02
  -1.8107500e-02
  -1.6619700e-02
  -1.4136900e-02
  -1.1928800e-02
  -9.7963600e-03
  -7.6162600e-03
  -4.3807200e-03
  -1.8724100e-04
   3.5423500e-03
   7.4584200e-03
   1.1247100e-02
   1.5034700e-02
   1.7254800e-02
   1.8013200e-02
   1.9335100e-02
   2.0558100e-02
   2.1771500e-02
   2.2904500e-02
   2.4058300e-02
   2.5182400e-02
   2.6305100e-02
   2.7415800e-02
   2.8505500e-02
   2.9664100e-02
   3.0778300e-02
   3.1851200e-02
   3.2855600e-02
   3.3978600e-02
   3.3119000e-02
   3.0329200e-02
   2.8280500e-02
   2.6102600e-02
   2.3980200e-02
   2.1827500e-02
   1.9778900e-02
   1.7356900e-02
   1.4809600e-02
   1.2324100e-02
   9.8750600e-03
   7.4177500e-03
   5.0084700e-03
   2.6077700e-03
   2.2601400e-04
  -2.1114000e-03
  -4.4757800e-03
  -6.7282300e-03
  -9.1071000e-03
  -9.1371500e-03
  -6.9167200e-03
  -5.7210100e-03
  -4.2428900e-03
  -2.7566500e-03
  -1.3413100e-03
   8.4934800e-06
   1.5097900e-03
   2.8265900e-03
   4.2053600e-03
   5.6060500e-03
   6.9370400e-03
   8.2447800e-03
   9.6144600e-03
   1.0932200e-02
   1.0583300e-02
   8.6162300e-03
   7.3217200e-03
   5.7700700e-03
   4.4323400e-03
   2.9189900e-03
   1.5391200e-03
   1.3036800e-04
  -1.2236500e-03
  -2.6981900e-03
  -3.9270800e-03
  -5.3887600e-03
  -6.6715500e-03
  -8.0305500e-03
  -9.2630500e-03
  -1.0730100e-02
  -1.0121400e-02
  -7.8655600e-03
  -6.1444600e-03
  -4.4712400e-03
  -2.6570300e-03
  -2.0893900e-03
  -2.6765800e-03
  -2.7976400e-03
  -3.0382100e-03
  -3.2723200e-03
  -3.4958100e-03
  -3.7092000e-03
  -3.9976500e-03
  -4.2639100e-03
  -4.4609500e-03
  -4.6724900e-03
  -4.8892100e-03
  -5.0868800e-03
  -5.3025500e-03
  -5.4917400e-03
  -5.7100100e-03
  -5.7181200e-03
  -5.5781100e-03
  -5.4751600e-03
  -5.3987700e-03
  -5.2657500e-03
  -5.2117900e-03
  -5.0528200e-03
  -5.0457200e-03
  -4.8243000e-03
  -7.0074700e-03
  -1.1326900e-02
  -1.4779000e-02
  -1.8334100e-02
  -2.2005000e-02
  -2.2892800e-02
  -2.1011200e-02
  -2.0275700e-02
  -1.9119800e-02
  -1.8176700e-02
  -1.6037100e-02
  -1.2981300e-02
  -1.0192000e-02
  -7.4351500e-03
  -4.6250200e-03
  -1.9050400e-03
   7.6494000e-04
   3.4598200e-03
   6.1471000e-03
   8.7231500e-03
   1.0452400e-02
   1.1203200e-02
   1.2393500e-02
   1.3318300e-02
   1.4345400e-02
   1.5061300e-02
   1.5530400e-02
   1.6034300e-02
   1.6585600e-02
   1.7106500e-02
   1.7716500e-02
   1.8135800e-02
   1.8691000e-02
   1.8556200e-02
   1.7836300e-02
   1.7302700e-02
   1.6848000e-02
   1.6316600e-02
   1.5796300e-02
   1.5223100e-02
   1.4793900e-02
   1.4221400e-02
   1.3717200e-02
   1.3242800e-02
   1.2802600e-02
   1.2251000e-02
   1.1766600e-02
   1.1300800e-02
   1.0886800e-02
   9.8915700e-03
   8.4660100e-03
   7.2535700e-03
   5.9098900e-03
   4.6815000e-03
   3.4453600e-03
   2.2187500e-03
   1.0021800e-03
  -1.9482400e-04
  -1.3957200e-03
  -2.5636800e-03
  -3.7518800e-03
  -4.8836200e-03
  -6.0746300e-03
  -7.1406300e-03
  -8.3703600e-03
  -6.9534400e-03
  -2.9996100e-03
  -2.2206700e-04
   2.8827500e-03
   5.8848000e-03
   8.8950000e-03
   1.1871400e-02
   1.4913900e-02
   1.7740200e-02
   2.0677300e-02
   2.3472900e-02
   2.6630700e-02
   2.9922900e-02
   3.3064300e-02
   3.6182600e-02
   3.9303300e-02
   4.2363900e-02
   4.5460700e-02
   4.8555000e-02
   5.0528200e-02
   5.1419700e-02
   5.2736200e-02
   5.3975800e-02
   5.5213200e-02
   5.6364500e-02
   5.7520400e-02
   5.8736100e-02
   5.9846300e-02
   6.0969900e-02
   6.2119000e-02
   6.3310000e-02
   6.4286500e-02
   6.5480800e-02
   6.3140200e-02
   5.7279400e-02
   5.2972500e-02
   4.8193600e-02
   4.3640300e-02
   3.8012300e-02
   3.1536500e-02
   2.5407200e-02
   1.9333800e-02
   1.3226700e-02
   7.2549600e-03
   1.2916400e-03
  -4.6122300e-03
  -1.0471900e-02
  -1.6398000e-02
  -1.9483700e-02
  -1.9856000e-02
  -2.1336900e-02
  -2.2378700e-02
  -2.3667300e-02
  -2.4751600e-02
  -2.6049900e-02
  -2.5950900e-02
  -2.4830300e-02
  -2.4061200e-02
  -2.3229300e-02
  -2.2301700e-02
  -2.1573800e-02
  -2.0735400e-02
  -1.9973400e-02
  -1.9121000e-02
  -1.8272800e-02
  -1.7567900e-02
  -1.4834900e-02
  -1.0098900e-02
  -6.3388600e-03
  -2.2265900e-03
   1.6459200e-03
   5.6773000e-03
   9.4341400e-03
   1.3498500e-02
   1.7141800e-02
   2.1094300e-02
   2.3259400e-02
   2.4144100e-02
   2.4858000e-02
   2.4825500e-02
   2.4920500e-02
   2.5184800e-02
   2.5220700e-02
   2.5386600e-02
   2.5522500e-02
   2.5675100e-02
   2.5713200e-02
   2.5965900e-02
   2.5981500e-02
   2.6152600e-02
   2.6246700e-02
   2.6425400e-02
   2.6394500e-02
   2.6707000e-02
   2.5224900e-02
   2.2452800e-02
   2.0239300e-02
   1.7995000e-02
   1.5636200e-02
   1.3474400e-02
   1.0816800e-02
   8.0299100e-03
   5.2695000e-03
   2.6249800e-03
  -1.3766700e-04
  -2.6960000e-03
  -5.4507700e-03
  -6.3571700e-03
  -5.7056400e-03
  -5.6488000e-03
  -5.4266600e-03
  -5.1900800e-03
  -5.1033500e-03
  -3.9876200e-03
  -2.1112800e-03
  -4.3612000e-04
   1.1303000e-03
   2.8079900e-03
   3.5575800e-03
   3.5128600e-03
   3.7817400e-03
   3.9704500e-03
   4.1540000e-03
   4.2930500e-03
   4.4712400e-03
   4.7002800e-03
   4.3222000e-03
   3.5981800e-03
   3.0392500e-03
   2.3726900e-03
   1.7238500e-03
   1.1006000e-03
   4.5929200e-04
  -1.5560300e-04
  -7.2717700e-04
  -1.2651200e-03
  -1.9180400e-03
  -2.4909500e-03
  -3.1166400e-03
  -3.6748300e-03
  -4.3027100e-03
  -4.3327300e-03
  -3.8153400e-03
  -3.4768700e-03
  -3.2065700e-03
  -2.8699600e-03
  -2.5913700e-03
  -2.2710600e-03
  -1.9945000e-03
  -1.6776500e-03
  -1.4105100e-03
  -1.0941300e-03
  -8.3713300e-04
  -5.2086200e-04
  -2.7605100e-04
   4.4974100e-05
   2.7177400e-04
   9.9224400e-04
   2.0479000e-03
   2.9990700e-03
   3.8539200e-03
   4.7725300e-03
   5.6829600e-03
   6.6436800e-03
   7.4399400e-03
   8.3511800e-03
   8.3553000e-03
   7.5044300e-03
   6.9748500e-03
   6.4580900e-03
   5.9083100e-03
   5.3288800e-03
   4.7431300e-03
   4.1969400e-03
   3.6025400e-03
   3.0860600e-03
   1.7555700e-03
  -3.6533000e-04
  -2.2345600e-03
  -4.0716400e-03
  -5.9048500e-03
  -7.7342500e-03
  -9.5087200e-03
  -1.1378500e-02
  -1.3114800e-02
  -1.4868900e-02
  -1.6603400e-02
  -1.8315400e-02
  -2.0075500e-02
  -2.1765600e-02
  -2.3386300e-02
  -2.5164100e-02
  -2.5714500e-02
  -2.5213300e-02
  -2.5238400e-02
  -2.5096200e-02
  -2.4991100e-02
  -2.4869800e-02
  -2.4775500e-02
  -2.4643700e-02
  -2.4552200e-02
  -2.4423100e-02
  -2.4327500e-02
  -2.4203300e-02
  -2.4046400e-02
  -2.3862100e-02
  -2.3789000e-02
  -2.3660700e-02
  -2.3449300e-02
  -2.3088200e-02
  -2.2810600e-02
  -2.2488800e-02
  -2.2201000e-02
  -2.1886400e-02
  -2.1599700e-02
  -2.1292300e-02
  -2.0948300e-02
  -2.0587200e-02
  -2.0270500e-02
  -1.9906800e-02
  -1.9596400e-02
  -1.9236700e-02
  -1.8932100e-02
  -1.8574000e-02
  -1.8277100e-02
  -1.7920100e-02
  -1.7630600e-02
  -1.7274600e-02
  -1.6994500e-02
  -1.6636500e-02
  -1.6368200e-02
  -1.6002500e-02
  -1.5754900e-02
  -1.4872700e-02
  -1.3556100e-02
  -1.2377100e-02
  -1.1300600e-02
  -1.0085200e-02
  -8.9507500e-03
  -7.7968200e-03
  -6.6636600e-03
  -5.5968800e-03
  -4.4820900e-03
  -3.3473000e-03
  -2.3453600e-03
  -1.2250800e-03
  -1.5166300e-04
   9.0500400e-04
   1.9846600e-03
   2.4986200e-03
   2.5442100e-03
   2.7434600e-03
   2.8552500e-03
   3.0883700e-03
   3.2563400e-03
   3.4655700e-03
   3.6361500e-03
   3.7836300e-03
   3.8873900e-03
   4.1177400e-03
   4.2717100e-03
   4.4721400e-03
   4.6325200e-03
   4.7713800e-03
   4.8634200e-03
   5.3099100e-03
   5.9926300e-03
   6.5996600e-03
   7.1320900e-03
   7.6865500e-03
   8.2485000e-03
   8.7471900e-03
   9.3510500e-03
   7.7792500e-03
   4.0502000e-03
   1.3007000e-03
  -1.7681500e-03
  -4.6615300e-03
  -7.7249900e-03
  -1.0136800e-02
  -1.2184900e-02
  -1.4279900e-02
  -1.6425900e-02
  -1.8431000e-02
  -2.0550000e-02
  -2.2560200e-02
  -2.4672700e-02
  -2.4900400e-02
  -2.3585900e-02
  -2.2881200e-02
  -2.2049600e-02
  -2.1197000e-02
  -2.0393400e-02
  -1.9581900e-02
  -1.8760700e-02
  -1.7987800e-02
  -1.6266500e-02
  -1.3524900e-02
  -1.1179500e-02
  -8.7166100e-03
  -6.3405100e-03
  -3.9221800e-03
  -1.6068300e-03
   7.8510700e-04
   3.0445400e-03
   5.4087200e-03
   7.1649200e-03
   8.5877200e-03
   1.0101300e-02
   1.1549700e-02
   1.2932400e-02
   1.4444600e-02
   1.5859300e-02
   1.7257500e-02
   1.8590400e-02
   2.0048200e-02
   2.1404500e-02
   2.2758700e-02
   2.4025600e-02
   2.5450300e-02
   2.6723600e-02
   2.8065900e-02
   2.8060100e-02
   2.6826500e-02
   2.6035900e-02
   2.5267700e-02
   2.4354900e-02
   2.3533700e-02
   2.2734400e-02
   2.1923600e-02
   2.1024500e-02
   2.0361400e-02
   1.8032100e-02
   1.4297800e-02
   1.1204700e-02
   7.9387400e-03
   4.8257200e-03
   1.6245600e-03
  -1.4858700e-03
  -5.0698100e-03
  -9.1447000e-03
  -1.2938000e-02
  -1.6707700e-02
  -2.0586900e-02
  -2.4300500e-02
  -2.8067100e-02
  -2.9600900e-02
  -2.9004600e-02
  -2.9230500e-02
  -2.9183800e-02
  -2.9280500e-02
  -2.9305900e-02
  -2.9348900e-02
  -2.9282900e-02
  -2.9431300e-02
  -2.8618300e-02
  -2.7050100e-02
  -2.5852600e-02
  -2.4540300e-02
  -2.3196200e-02
  -2.1950000e-02
  -2.0623900e-02
  -1.9456100e-02
  -1.8151400e-02
  -1.6920600e-02
  -1.5727400e-02
  -1.4515100e-02
  -1.3247700e-02
  -1.2104700e-02
  -1.0824400e-02
  -9.7919500e-03
  -7.5571700e-03
  -4.3660700e-03
  -1.6188900e-03
   1.0257200e-03
   3.6921500e-03
   6.2379000e-03
   1.1694300e-02
   1.5867300e-02
   1.9615700e-02
   2.3441700e-02
   2.7209800e-02
   3.0947500e-02
   3.4616100e-02
   3.8300600e-02
   4.1853400e-02
   4.5498000e-02
   4.7141100e-02
   4.6865800e-02
   4.7392200e-02
   4.7636500e-02
   4.7960800e-02
   4.8196400e-02
   4.8538000e-02
   4.8761800e-02
   4.9191700e-02
   4.7711100e-02
   4.4723900e-02
   4.2347800e-02
   3.9868400e-02
   3.7370400e-02
   3.4949000e-02
   3.2516700e-02
   3.0007100e-02
   2.7441500e-02
   2.4976600e-02
   2.2403500e-02
   1.9929100e-02
   1.7425800e-02
   1.5056700e-02
   1.2664200e-02
   1.0263200e-02
   7.8721400e-03
   5.5458300e-03
   3.2595100e-03
   1.0504600e-03
  -1.2671000e-03
  -3.4718200e-03
  -5.6016400e-03
  -7.5158500e-03
  -9.5337800e-03
  -1.1417900e-02
  -1.3437400e-02
  -1.5318900e-02
  -1.7219000e-02
  -1.8963400e-02
  -2.0874200e-02
  -2.0937400e-02
  -1.9417400e-02
  -1.8524000e-02
  -1.7508800e-02
  -1.6410800e-02
  -1.5377200e-02
  -1.4401700e-02
  -1.3425500e-02
  -1.2450500e-02
  -1.1506100e-02
  -1.0543400e-02
  -9.5766900e-03
  -8.1337900e-03
  -6.3541800e-03
  -4.7414300e-03
  -3.0602600e-03
  -1.3920300e-03
   1.5601900e-04
   1.7227200e-03
   3.3084000e-03
   4.8791800e-03
   6.5509200e-03
   8.4834300e-03
   1.0246100e-02
   1.2055200e-02
   1.3777300e-02
   1.5532300e-02
   1.7182500e-02
   1.8895500e-02
   2.0463600e-02
   2.2147300e-02
   2.2478700e-02
   2.1650000e-02
   2.1276700e-02
   2.0805900e-02
   2.0316200e-02
   1.9864500e-02
   1.9395400e-02
   1.8886600e-02
   1.8366700e-02
   1.7948100e-02
   1.7475400e-02
   1.7050500e-02
   1.6578100e-02
   1.6173700e-02
   1.5184400e-02
   1.3701400e-02
   1.2434400e-02
   1.1144800e-02
   9.8616400e-03
   8.6149800e-03
   7.4287700e-03
   6.2715200e-03
   5.0445200e-03
   3.8804400e-03
   2.7116100e-03
   1.5811100e-03
   4.4942400e-04
  -6.4117300e-04
  -1.7326600e-03
  -2.7867400e-03
  -3.6904600e-03
  -4.3899700e-03
  -5.1737100e-03
  -5.9358000e-03
  -6.7349300e-03
  -7.3848800e-03
  -8.1697900e-03
  -8.8522900e-03
  -9.5427200e-03
  -1.0170600e-02
  -1.0948400e-02
  -9.8450900e-03
  -7.2330000e-03
  -5.3053100e-03
  -3.1763100e-03
  -1.1176000e-03
   8.4304300e-04
   2.7524600e-03
   4.7275100e-03
   6.5413800e-03
   8.3699500e-03
   1.0177100e-02
   1.1979800e-02
   1.3618300e-02
   1.5324200e-02
   1.5824300e-02
   1.5183300e-02
   1.5036300e-02
   1.4665000e-02
   1.4411500e-02
   1.4121300e-02
   1.3856000e-02
   1.3563800e-02
   1.3254400e-02
   1.2959600e-02
   1.2728000e-02
   1.2349100e-02
   1.2139100e-02
   1.1197200e-02
   9.6389600e-03
   8.4207300e-03
   7.0996400e-03
   5.7989100e-03
   4.5602100e-03
   3.3089700e-03
   2.1177600e-03
   9.1223200e-04
  -1.7758700e-04
  -1.3386600e-03
  -2.4430200e-03
  -3.5304800e-03
  -4.5946300e-03
  -5.6273400e-03
  -6.6514600e-03
  -7.3326500e-03
  -7.6877800e-03
  -8.1592700e-03
  -8.5870700e-03
  -8.9967500e-03
  -9.4144000e-03
  -9.6292700e-03
  -9.7231800e-03
  -9.8224300e-03
  -9.8998900e-03
  -1.0031400e-02
  -1.0154200e-02
  -1.0238300e-02
  -1.1330400e-02
  -1.3482700e-02
  -1.5150400e-02
  -1.6907000e-02
  -1.8501100e-02
  -2.0243000e-02
  -2.0686600e-02
  -2.0095000e-02
  -1.9886800e-02
  -1.9618500e-02
  -1.9298100e-02
  -1.9044700e-02
  -1.8735700e-02
  -1.8475800e-02
  -1.8165800e-02
  -1.7913200e-02
  -1.7593600e-02
  -1.7356400e-02
  -1.7015300e-02
  -1.6807400e-02
  -1.5487500e-02
  -1.3267800e-02
  -1.1442200e-02
  -9.6174900e-03
  -7.7689400e-03
  -6.0740000e-03
  -4.2596800e-03
  -3.7358200e-03
  -4.3603500e-03
  -4.4985000e-03
  -4.7657300e-03
  -5.0037100e-03
  -5.2385400e-03
  -5.4441300e-03
  -5.6734400e-03
  -5.8572600e-03
  -6.0696100e-03
  -6.2359600e-03
  -6.4325900e-03
  -6.5789700e-03
  -6.7652400e-03
  -6.8837700e-03
  -7.0686600e-03
  -6.6004800e-03
  -5.5942900e-03
  -4.8212000e-03
  -4.0331900e-03
  -3.2076700e-03
  -2.4712300e-03
  -1.7443900e-03
  -1.0243300e-03
  -3.5006600e-04
   3.6527500e-04
   9.9662900e-04
   1.6232400e-03
   2.2320500e-03
   2.8132800e-03
   3.4141500e-03
   3.9578700e-03
   4.2900300e-03
   4.4325300e-03
   4.6308000e-03
   4.8117200e-03
   4.9719700e-03
   5.1405100e-03
   5.2819400e-03
   5.4375900e-03
   5.4990400e-03
   5.5806200e-03
   5.6544000e-03
   5.6864900e-03
   5.7188500e-03
   5.7820600e-03
   5.8307300e-03
   5.8375900e-03
   5.8785400e-03
   5.9153100e-03
   5.8985600e-03
   5.8996800e-03
   5.9093700e-03
   5.9290500e-03
   5.8801000e-03
   5.8730300e-03
   5.5361200e-03
   4.8987100e-03
   4.3589500e-03
   3.8511500e-03
   3.3468200e-03
   2.8328000e-03
   2.3379200e-03
   1.8897800e-03
   1.4469600e-03
   9.9492500e-04
   5.5365400e-04
   1.7346400e-04
  -5.2265100e-04
  -1.5422700e-03
  -2.3730100e-03
  -3.2177400e-03
  -4.0089100e-03
  -4.7784200e-03
  -5.4920400e-03
  -6.1961700e-03
  -6.8359000e-03
  -7.4747200e-03
  -8.0192500e-03
  -8.5758800e-03
  -9.0738600e-03
  -9.6022500e-03
  -9.3072900e-03
  -8.2823600e-03
  -7.5569900e-03
  -6.8155300e-03
  -6.0980800e-03
  -5.3903100e-03
  -4.7330700e-03
  -4.1093900e-03
  -3.1393600e-03
  -1.8434900e-03
  -7.6572000e-04
   2.9262000e-04
   1.2944800e-03
   2.2751300e-03
   2.8602300e-03
   3.1747000e-03
   3.5631500e-03
   3.8981600e-03
   4.2132800e-03
   4.4824700e-03
   4.7555600e-03
   4.9967800e-03
   5.2029600e-03
   5.2466500e-03
   5.1354300e-03
   5.0763100e-03
   4.9934300e-03
   4.9050800e-03
   4.8252600e-03
   4.7398500e-03
   4.6242500e-03
   4.5126300e-03
   4.3931900e-03
   4.2659700e-03
   4.1399300e-03
   3.9955700e-03
   3.8688500e-03
   3.3450200e-03
   2.4550700e-03
   1.7857700e-03
   1.0914500e-03
   4.4594900e-04
  -1.7567900e-04
  -7.6239100e-04
  -1.3683600e-03
  -1.9507500e-03
  -2.5206100e-03
  -3.0335800e-03
  -3.5365500e-03
  -3.8553800e-03
  -4.0291300e-03
  -4.2457200e-03
  -4.4371200e-03
  -4.6043900e-03
  -4.7680500e-03
  -4.8977900e-03
  -5.0220600e-03
  -5.1381000e-03
  -5.2435000e-03
  -5.3286400e-03
  -5.4024600e-03
  -5.4525800e-03
  -5.5173500e-03
  -5.5476000e-03
  -5.5918300e-03
  -5.4061300e-03
  -5.0446800e-03
  -4.7827600e-03
  -4.5159200e-03
  -4.2528300e-03
  -4.0109800e-03
  -3.7867700e-03
  -3.6063300e-03
  -3.4610000e-03
  -3.3103400e-03
  -3.1803600e-03
  -3.0479200e-03
  -2.9232300e-03
  -2.8143600e-03
  -2.7080100e-03
  -2.6055000e-03
  -2.5055600e-03
  -2.4759900e-03
  -2.4971800e-03
  -2.4935400e-03
  -2.4937800e-03
  -2.4908100e-03
  -2.4853900e-03
  -2.4772700e-03
  -2.4678800e-03
  -2.4554100e-03
  -2.4417400e-03
  -2.4291700e-03
  -2.4153600e-03
  -2.3932800e-03
  -2.3726900e-03
  -2.3489900e-03
  -2.3246700e-03
  -2.3159200e-03
  -2.3252800e-03
  -2.3183800e-03
  -2.3141300e-03
  -2.3024600e-03
  -2.2946600e-03
  -2.2679200e-03
  -2.2549700e-03
  -2.0641400e-03
  -1.7340700e-03
  -1.5004100e-03
  -1.2703300e-03
  -1.1142000e-03
  -1.0216200e-03
  -9.2391000e-04
  -8.4431100e-04
  -7.7262400e-04
  -7.7740400e-04
  -8.4597700e-04
  -8.8298200e-04
  -9.2565600e-04
  -9.6287000e-04
  -9.9945100e-04
  -1.0304100e-03
  -1.0582400e-03
  -1.1196200e-03
  -1.2092800e-03
  -1.2707700e-03
  -1.3278500e-03
  -1.3725500e-03
  -1.4124000e-03
  -1.4403800e-03
  -1.4636600e-03
  -1.4762600e-03
  -1.4851800e-03
  -1.4840800e-03
  -1.4806800e-03
  -1.4509900e-03
  -1.4038500e-03
  -1.3628100e-03
  -1.3208000e-03
  -1.2768200e-03
  -1.2344000e-03
  -1.1900300e-03
  -1.1470500e-03
  -1.1018500e-03
  -1.0617400e-03
  -1.0235100e-03
  -9.8365600e-04
  -9.4257100e-04
  -9.0157500e-04
  -8.5923700e-04
  -8.1713000e-04
  -7.7407600e-04
  -7.3131300e-04
  -6.8767400e-04
  -6.4436800e-04
  -6.0127000e-04
  -5.5814300e-04
  -5.1546400e-04
  -4.6480900e-04
  -4.0824200e-04
  -3.5896200e-04
  -3.1091200e-04
  -2.6637000e-04
  -2.2391200e-04
  -1.8391800e-04
  -1.4735000e-04
  -1.1442900e-04
  -8.1223600e-05
  -4.9708100e-05
  -1.8509800e-05
   1.1438700e-05
   4.0926500e-05
   6.9415400e-05
   9.7587600e-05
   1.2494700e-04
   1.5066800e-04
   1.7474300e-04
   1.9998100e-04
   2.2491900e-04
   2.5032000e-04
   2.7545400e-04
   3.0085100e-04
   3.2597100e-04
   3.5119400e-04
   3.7605500e-04
   4.0096200e-04
   4.2544000e-04
   4.4985200e-04
   4.7384700e-04
   4.9768700e-04
   5.2107500e-04
   5.4426900e-04
   5.6702200e-04
   5.8949700e-04
   6.1151800e-04
   6.3324200e-04
   6.5452000e-04
   6.7548200e-04
   6.9601400e-04
   7.1621700e-04
   7.3601200e-04
   7.5547000e-04
   7.7454100e-04
   7.9327400e-04
   8.1162600e-04
   8.2964400e-04
   8.4730700e-04
   8.6464100e-04
   8.8163900e-04
   8.9831300e-04
   9.1466100e-04
   9.3068900e-04
   9.4639800e-04
