  -4.5997600e-05
  -6.4355200e-05
  -4.3952800e-05
  -6.7410400e-05
  -3.8848000e-05
  -7.3525600e-05
  -2.8643200e-05
  -8.8820800e-05
  -4.1583800e-06
  -1.3777600e-04
   1.9474700e-04
   2.9776900e-04
  -1.3878900e-04
  -7.2061400e-06
  -8.3703700e-05
  -3.0661200e-05
  -6.9418700e-05
  -3.8816200e-05
  -6.3293700e-05
  -4.1871200e-05
  -6.0228700e-05
  -4.3906200e-05
  -5.8183700e-05
  -4.3901100e-05
  -5.7158600e-05
  -4.2876100e-05
  -5.5113500e-05
  -4.3891000e-05
  -5.2048400e-05
  -4.8985800e-05
  -3.6743200e-05
  -4.9166100e-04
  -1.2445800e-04
  -6.1354600e-06
  -7.5492900e-05
  -2.1430300e-05
  -6.5287600e-05
  -2.6525000e-05
  -5.9162400e-05
  -2.9579700e-05
  -5.5077100e-05
  -3.2634400e-05
  -4.9971800e-05
  -3.3649100e-05
  -4.5886500e-05
  -3.4663800e-05
  -4.2821100e-05
  -3.5678400e-05
  -3.9755700e-05
  -3.5673000e-05
  -3.7710300e-05
  -3.5667600e-05
  -3.5664900e-05
  -3.4642200e-05
  -3.3619400e-05
  -3.2596700e-05
  -3.1574000e-05
  -3.0551200e-05
  -3.0548400e-05
  -2.9525700e-05
  -2.9522900e-05
  -2.8500100e-05
  -2.7477400e-05
  -2.6454600e-05
  -2.5431800e-05
  -2.4409000e-05
  -2.3386200e-05
  -2.2363400e-05
  -2.1340600e-05
  -2.0317800e-05
  -2.0314900e-05
  -1.9292100e-05
  -1.8269300e-05
  -1.7246400e-05
  -1.6223600e-05
  -1.5200700e-05
  -1.4177800e-05
  -1.3155000e-05
  -1.2132100e-05
  -1.1109200e-05
  -1.1106300e-05
  -1.0083500e-05
  -9.0605600e-06
  -7.0176600e-06
  -5.9947500e-06
  -4.9718400e-06
  -3.9489200e-06
  -2.9260000e-06
  -1.9030700e-06
  -8.8013600e-07
  -8.7719700e-07
   1.4574800e-07
   2.1887000e-06
   3.2116500e-06
   4.2346100e-06
   5.2575800e-06
   7.3005500e-06
   8.3235300e-06
   9.3465100e-06
   1.1389500e-05
   1.1392500e-05
   1.2415500e-05
   1.3438500e-05
   1.5481500e-05
   1.6504500e-05
   1.7527500e-05
   1.9570600e-05
   2.0593600e-05
   2.1616600e-05
   2.3659700e-05
   2.3662700e-05
   2.4685700e-05
   2.6728800e-05
   2.7751900e-05
   2.9794900e-05
   3.0818000e-05
   3.2861100e-05
   3.3884200e-05
   3.4907200e-05
   3.6950300e-05
   3.6953400e-05
   3.8996500e-05
   4.0019600e-05
   4.2062700e-05
   4.3085800e-05
   4.5129000e-05
   4.6152100e-05
   4.8195200e-05
   4.9218300e-05
   5.1261500e-05
   5.1264600e-05
   5.3307800e-05
   5.4330900e-05
   5.6374100e-05
   5.8417200e-05
   5.9440400e-05
   6.1483600e-05
   6.3526700e-05
   6.4549900e-05
   6.6593100e-05
   6.6596300e-05
   6.8639500e-05
   6.9662700e-05
   7.1705900e-05
   7.3749100e-05
   7.4772300e-05
   7.6815500e-05
   7.8858700e-05
   8.0901900e-05
   8.1925200e-05
   8.3968400e-05
   8.2951700e-05
   8.8054900e-05
   8.4998100e-05
   9.3161400e-05
   8.7044600e-05
   9.8267900e-05
   8.9091200e-05
   1.0439400e-04
   9.1137700e-05
   1.0746100e-04
   9.2164200e-05
   1.1256700e-04
   9.5230800e-05
   1.1665400e-04
   9.9317400e-05
   1.1768100e-04
   1.0748400e-04
   1.1564700e-04
   1.2585100e-04
  -3.2702600e-04
   4.0177200e-05
   1.6054100e-04
   9.3223900e-05
   1.4830700e-04
   1.0547100e-04
   1.4627400e-04
   1.1465700e-04
   1.4628100e-04
   1.2180400e-04
   1.4424700e-04
   1.2793100e-04
   1.4527400e-04
   1.3405700e-04
   1.4732100e-04
   1.4018400e-04
   1.4936800e-04
   1.4631100e-04
   1.5141400e-04
   1.5141800e-04
   1.5244100e-04
   1.5448400e-04
   1.5652800e-04
   1.5857100e-04
   1.6061500e-04
   1.6265800e-04
   1.6470100e-04
   1.6674500e-04
   1.6878800e-04
   1.7083200e-04
   1.7083500e-04
   1.7287800e-04
   1.7492200e-04
   1.7696500e-04
   1.7900900e-04
   1.8105200e-04
   1.8309600e-04
   1.8513900e-04
   1.8718300e-04
   1.8820600e-04
   1.8922900e-04
   1.9025300e-04
   1.9331700e-04
   1.9434000e-04
   1.9842300e-04
   1.9842700e-04
   2.0251000e-04
   2.0149400e-04
   2.0659700e-04
   2.0558100e-04
   2.0966400e-04
   2.0762800e-04
   2.1273100e-04
   2.1171500e-04
   2.1681800e-04
   2.1580200e-04
   2.2090500e-04
   2.1988900e-04
   2.2397200e-04
   2.2907600e-04
  -1.9932100e-04
  -3.0641700e-04
   2.0562600e-04
   2.2297000e-04
   2.5153400e-04
   2.0971700e-04
   2.6888100e-04
   2.0054400e-04
   2.8010800e-04
   6.2079100e-04
   4.0557500e-04
   9.0398300e-05
   4.3720200e-04
  -4.3214600e-05
   1.0328900e-03
   1.2685100e-03
   3.7376100e-05
   3.5052000e-04
   2.1384300e-04
   2.6586700e-04
   2.9341000e-04
   7.8194000e-05
  -7.0414200e-04
  -7.5105900e-04
  -5.3481500e-04
   2.7302800e-04
   2.6283200e-04
   2.8629500e-04
   1.3839900e-04
  -7.7347700e-04
  -6.0925400e-04
  -8.4079000e-04
   3.3353500e-05
   1.0985700e-04
  -6.4391900e-04
  -1.3416000e-03
  -1.6139300e-03
  -4.7560800e-04
   2.8021500e-04
   2.7307900e-04
   3.3122200e-04
   1.1600600e-04
  -7.1529000e-04
  -1.2164700e-04
   1.0085200e-03
   1.3237000e-03
   7.1068400e-04
   1.0967800e-05
  -6.1530800e-04
  -6.2550500e-04
   5.9441900e-04
   1.0422000e-03
   3.5472600e-04
   2.5273000e-04
   3.7309300e-04
   2.1601700e-04
   5.4752100e-04
   1.1289200e-03
   1.4870800e-04
  -6.9074800e-04
  -6.3056500e-04
  -7.1114100e-04
  -4.9285700e-04
   3.5272600e-04
   2.5481000e-04
   4.3433400e-04
  -4.1328300e-04
   6.2041000e-05
   1.4604600e-03
   6.5874800e-04
  -3.2860800e-04
  -8.3248400e-04
  -1.8290200e-03
  -2.4573400e-03
  -1.0793100e-03
   1.2327100e-04
  -2.8472600e-04
  -6.8252200e-04
  -8.1817800e-04
  -1.0731700e-03
   3.9649000e-05
   9.7091300e-04
   1.4095200e-03
   1.1504400e-03
  -2.6939600e-04
  -7.3859300e-04
  -5.7538900e-04
  -7.1206500e-04
  -2.3561400e-05
   4.7828200e-04
  -3.4587400e-04
  -5.5803000e-04
   5.4969400e-04
   1.3167400e-03
   1.3085800e-03
   1.3626500e-03
   7.4146800e-04
  -3.3768800e-04
  -7.2018400e-04
  -4.2642000e-04
   3.2940300e-04
   3.8550700e-04
   1.7335100e-04
  -6.3142600e-04
  -1.0547200e-03
  -7.3239800e-04
  -4.5087400e-04
   5.1098900e-04
   9.4449300e-04
   6.3951700e-04
   2.6416100e-04
   5.7322400e-04
   7.6498800e-04
  -3.3660800e-04
  -1.2250200e-03
  -1.8645600e-03
  -2.5408200e-03
  -2.1124100e-03
  -1.1116900e-04
   1.5391900e-03
   5.1511800e-04
  -8.7309800e-04
  -1.0209900e-03
  -3.3351100e-04
   2.6625300e-04
   9.9453700e-04
   1.4372200e-03
   7.3138400e-04
  -3.1717200e-04
  -6.9354800e-04
  -5.5278400e-04
  -7.1190000e-04
   3.7803200e-05
   5.0394700e-04
   2.0074300e-03
   2.2920100e-03
   3.0029600e-03
   2.6021000e-03
   1.1945100e-03
   1.3026300e-03
   2.2551300e-04
   5.0499700e-04
   9.3940900e-05
  -5.3947500e-04
  -7.1287100e-04
  -3.7218800e-04
  -2.3448400e-04
  -1.2799800e-03
  -2.2326600e-03
  -2.7018500e-03
  -1.9113500e-03
  -1.5247600e-03
  -1.7501800e-03
  -2.7365200e-03
  -4.1094300e-03
  -5.1692100e-03
  -3.7697700e-03
  -1.9327400e-03
  -9.1783900e-04
  -5.8123500e-04
  -5.1493100e-04
   9.8039300e-04
   1.5475200e-03
   2.8521000e-03
   4.0363200e-03
   3.7609300e-03
   2.4155500e-03
   1.2741800e-03
   1.3578200e-03
   1.8657800e-03
   2.5359300e-03
   1.8545700e-03
   4.4289400e-04
   1.4709800e-04
  -6.0667800e-04
  -6.2605400e-04
  -1.1462500e-03
  -2.3722900e-03
  -2.5375200e-03
  -2.7027600e-03
  -1.7653700e-03
  -4.4549200e-04
   9.5701200e-04
   1.4364200e-03
   6.3776000e-04
  -2.0224000e-03
  -1.9866900e-03
   6.1941100e-04
   2.7261500e-04
  -8.2898100e-04
  -1.6154000e-03
  -1.5837700e-03
  -1.6847500e-03
  -8.5242600e-04
   5.0723700e-04
   6.9661300e-05
  -4.6379500e-04
   5.1234900e-04
   8.8669300e-04
   1.2549200e-03
   6.9392000e-04
  -1.6112800e-03
  -2.4731700e-03
  -9.1868800e-04
   1.2253500e-03
   2.2688200e-03
   3.4204300e-04
  -1.7815900e-03
  -8.4828900e-04
   1.1509100e-03
   2.5085400e-03
   3.2806800e-03
   2.6829700e-03
   1.6140100e-03
   1.0825900e-03
   3.3187700e-04
   4.0532100e-04
   1.9975400e-03
   2.1423900e-03
   1.2876300e-03
   1.2713200e-03
   1.3763800e-03
   5.9302300e-04
   9.8470700e-04
   2.5769300e-03
   3.2889000e-03
   4.3884600e-03
   3.3847800e-03
   1.6518100e-03
   5.9611000e-04
  -2.5966600e-04
  -1.5479200e-03
  -2.7749800e-03
  -4.3804600e-03
  -5.7227700e-03
  -5.2474500e-03
  -2.7902600e-03
   3.0442000e-04
   1.0246400e-04
  -9.8689300e-04
   2.3405100e-04
   1.2581400e-03
   1.3091400e-03
   1.0796400e-03
   1.7898600e-04
  -1.4489300e-03
  -3.4012100e-03
  -3.0023800e-03
  -7.3491800e-04
   1.6472500e-04
  -1.4489100e-03
  -2.8962900e-03
  -1.6702400e-03
   1.0144000e-03
   2.9993200e-03
   2.4719900e-03
   5.2583200e-04
  -2.0652500e-04
  -3.6768100e-04
  -9.1133700e-04
   1.3314700e-04
   1.2684100e-03
   1.1470300e-03
  -7.0120200e-04
  -2.8646200e-03
  -1.9813000e-03
  -1.8252300e-03
  -2.7942300e-03
  -2.0435000e-03
  -1.7619800e-03
  -3.5010800e-03
  -5.3299300e-03
  -6.1755100e-03
  -5.4584500e-03
  -2.7554400e-03
   8.1182700e-05
   1.2929500e-03
   1.0450900e-03
   2.6291500e-03
   6.7418000e-03
   8.0331200e-03
   8.6502200e-03
   8.9868300e-03
   7.2477300e-03
   5.2556800e-03
   3.3819400e-03
   1.9750400e-04
  -3.4265500e-03
  -4.7535700e-03
  -5.1156600e-03
  -4.8484200e-03
  -3.9732600e-03
  -1.3763300e-03
   1.1400100e-03
   2.1161500e-03
   2.0957600e-03
  -2.5635900e-04
  -2.1270400e-03
  -2.7023100e-03
  -2.7074100e-03
  -1.5537800e-03
  -7.8674100e-04
   9.9418300e-04
   2.1998300e-03
   1.4072900e-03
  -7.8264600e-04
  -1.6822800e-03
  -7.8671900e-04
  -9.8153500e-04
  -2.5247900e-03
  -4.5658100e-03
  -4.1465800e-03
  -3.7049200e-03
  -3.8273200e-03
  -3.6559500e-03
  -2.6084100e-03
  -1.7781200e-03
  -3.9021700e-05
   1.7592400e-03
   4.7254100e-03
   7.0061300e-03
   5.1599300e-03
   3.2290800e-03
   1.9122600e-03
   2.3294400e-03
   2.4436900e-03
   1.1890900e-03
  -2.5196300e-03
  -5.0186200e-03
  -4.3984600e-03
  -2.6267100e-03
  -6.9570400e-05
   1.6144500e-03
   3.9147700e-04
  -1.5863000e-03
  -1.2158100e-06
   2.9190500e-03
   3.8972300e-03
   3.3617300e-03
   2.5936800e-03
  -1.3353600e-03
  -4.6605500e-03
  -6.7209500e-03
  -6.9871700e-03
  -3.4487800e-03
  -2.1584800e-03
   1.1064100e-05
   1.0688100e-03
   3.0129300e-03
   5.0733400e-03
   7.1561800e-03
   7.7630800e-03
   2.1112700e-03
  -2.5501300e-03
  -2.1421300e-03
  -2.9490300e-04
   1.9572000e-04
  -8.3549600e-04
  -1.8432500e-03
  -4.5400900e-04
  -9.1810500e-04
  -9.5686200e-04
  -1.0660000e-03
  -2.5776300e-03
  -3.0162300e-03
  -2.7081900e-03
  -2.4960200e-03
  -3.6608600e-03
  -3.9168800e-03
  -4.0280500e-03
  -5.4387100e-03
  -4.1728900e-03
  -2.7673200e-03
  -3.6149400e-03
  -4.4187000e-03
  -3.9423500e-03
  -4.4992700e-03
  -4.9694800e-03
  -2.4184600e-03
   2.1613400e-03
   6.4749300e-03
   5.3978100e-03
   1.8655500e-03
   1.5554800e-03
   2.6948200e-03
   4.7287000e-03
   6.4718900e-03
   6.9676100e-03
   5.9261900e-03
   2.8529400e-03
   7.2930100e-04
  -5.5079500e-04
  -1.9033100e-03
  -3.0263300e-03
  -3.4618600e-03
  -4.8082600e-03
  -4.1360800e-03
  -2.8784100e-03
   5.7149500e-05
   6.9584700e-03
   1.0573400e-02
   9.4880800e-03
   6.1027000e-03
   4.8572900e-03
   4.0994300e-03
   2.0553500e-03
   1.9895700e-04
   4.9020900e-05
   1.0221000e-03
   3.1794100e-03
   5.7661300e-03
   4.3238600e-03
   2.8873800e-04
  -1.0382800e-03
   6.1208500e-04
   1.0170300e-03
   2.5847700e-03
   2.0084800e-03
  -3.8963000e-03
  -8.6668400e-03
  -9.2849600e-03
  -9.3257500e-03
  -1.0695600e-02
  -1.0666000e-02
  -9.8857200e-03
  -9.8887800e-03
  -9.3338900e-03
  -8.5984700e-03
  -7.8824300e-03
  -3.5249800e-03
   2.7041600e-03
   5.2959800e-03
   4.8176100e-03
   4.8267900e-03
   4.0719900e-03
   2.0860600e-03
   1.3312600e-03
  -5.3896000e-05
  -1.0861300e-03
  -1.1636500e-03
  -3.2826600e-04
   1.0436400e-03
  -3.8579100e-05
  -3.5892000e-03
  -7.9955900e-03
  -8.9452100e-03
  -5.2681100e-03
  -2.8354000e-03
  -1.4247400e-03
   1.3170200e-03
   3.6385500e-03
   2.9561700e-03
  -1.1912500e-04
  -4.1186200e-04
   1.6373200e-03
   1.1528200e-03
  -1.4644900e-03
  -2.2233700e-03
  -1.9020600e-03
  -5.4138200e-04
   5.2350100e-04
   1.6087800e-03
   3.5233300e-03
   3.7303900e-03
   1.4598700e-03
  -1.0187200e-03
  -2.6187900e-04
   3.3234200e-03
   4.2291900e-03
  -1.3879500e-03
  -7.7598900e-03
  -8.2556000e-03
  -6.1391000e-03
  -4.7009000e-03
  -2.8750900e-03
  -2.1355900e-03
  -1.9377100e-03
  -1.0860000e-03
  -1.1706600e-03
  -1.0482600e-03
  -1.3348700e-03
  -2.0651900e-03
  -2.0957900e-03
   4.4911700e-04
   2.9001800e-03
  -2.1508600e-03
  -8.1831300e-03
  -8.4432300e-03
  -4.7059500e-03
   1.7843200e-03
   6.3325000e-03
   5.4318400e-03
   2.8420700e-03
   3.6947900e-03
   7.1209700e-03
   9.4904300e-03
   9.5169600e-03
   1.0476800e-02
   1.1575300e-02
   9.2813500e-03
   6.6589300e-03
   6.4080100e-03
   9.6954800e-03
   1.5575800e-02
   2.0034200e-02
   2.4159100e-02
   2.8152400e-02
   2.9213200e-02
   2.6689700e-02
   2.3365500e-02
   2.2241500e-02
   2.0643200e-02
   1.8610300e-02
   1.6116400e-02
   1.0406500e-02
   3.3745800e-03
   1.8323400e-03
   3.4857700e-03
   3.2011900e-03
   1.4323100e-04
  -2.8290500e-03
  -3.1064800e-03
  -3.1381000e-03
  -5.2831600e-03
  -6.7621500e-03
  -6.6152700e-03
  -6.2715300e-03
  -6.1277000e-03
  -1.0234200e-02
  -1.8573700e-02
  -2.4768200e-02
  -2.6244100e-02
  -2.6737800e-02
  -2.4887500e-02
  -1.7329300e-02
  -6.3643200e-03
   6.9816400e-04
  -7.1555300e-04
  -3.8387900e-03
  -8.8282700e-04
   4.8067400e-03
   8.3685800e-03
   8.8092200e-03
   1.0982800e-02
   1.3458400e-02
   1.2886200e-02
   1.0202500e-02
   1.1589800e-02
   2.1576600e-02
   3.2420200e-02
   3.5005900e-02
   2.5967700e-02
   9.3804500e-03
  -2.9350200e-03
  -7.6882200e-03
  -1.0738000e-02
  -1.2543400e-02
  -1.2125200e-02
  -8.2135100e-03
  -7.8136700e-03
  -1.3246200e-02
  -1.8295200e-02
  -1.7683200e-02
  -1.0643100e-02
  -1.6916100e-03
  -1.1275500e-03
  -1.3296100e-02
  -3.0043500e-02
  -4.1349200e-02
  -4.0087500e-02
  -3.0762600e-02
  -2.2522000e-02
  -1.7243500e-02
  -8.8468900e-03
   2.5801800e-03
   1.0274000e-02
   1.5908500e-02
   2.1942800e-02
   2.3622800e-02
   1.2712900e-02
  -4.3425500e-03
  -1.6427500e-02
  -2.7196700e-02
  -3.3878700e-02
  -2.6514300e-02
  -8.5449300e-03
   3.0300300e-03
   5.6810100e-03
   7.4395000e-03
   9.3061000e-03
   1.2316100e-02
   2.1447200e-02
   2.7877300e-02
   2.3189300e-02
   9.1214900e-03
  -8.3715000e-03
  -1.5001500e-02
  -4.2762000e-03
   1.7464100e-02
   3.2465200e-02
   3.1956200e-02
   1.8311700e-02
  -5.4767200e-03
  -2.9171300e-02
  -4.1444000e-02
  -3.9816000e-02
  -2.8876500e-02
  -1.2340300e-02
   3.0137700e-03
   1.1160500e-02
   1.4496900e-02
   1.1305400e-02
   1.9111600e-03
  -5.1737500e-03
  -8.2541500e-03
  -1.1438600e-02
  -1.7760500e-02
  -2.7641300e-02
  -3.4831300e-02
  -3.1740700e-02
  -1.7429000e-02
   4.1215300e-03
   2.4803000e-02
   3.7035900e-02
   3.5744600e-02
   1.7789500e-02
  -2.0341600e-03
  -8.2173900e-03
   6.9638700e-04
   1.4788700e-02
   2.0925000e-02
   8.1067000e-03
  -2.1561000e-02
  -4.9802800e-02
  -6.1812300e-02
  -5.5800400e-02
  -3.5738000e-02
  -7.8899500e-03
   1.2801800e-02
   2.5397800e-02
   3.1404500e-02
   2.7387800e-02
   1.9223700e-02
   9.7917700e-03
  -1.6995500e-03
  -1.1006000e-02
  -1.5578700e-02
  -1.3874300e-02
  -7.2208000e-03
  -2.1830200e-03
   4.0410200e-03
   9.4949700e-03
   6.5859300e-03
  -1.1028300e-03
  -6.3282900e-03
  -6.1130600e-03
  -3.3029600e-03
   1.5298000e-03
   9.1634800e-03
   1.6295300e-02
   2.1405500e-02
   2.6283200e-02
   2.8066100e-02
   2.3302700e-02
   1.1853200e-02
   3.2189400e-03
   7.2877200e-03
   1.7818200e-02
   2.4160600e-02
   2.1981900e-02
   1.7044000e-02
   1.3911600e-02
   1.2820200e-02
   1.2844700e-02
   1.3444500e-02
   1.3826000e-02
   9.4817700e-03
   1.9888500e-03
  -3.5854500e-03
  -3.3712400e-03
   1.0310800e-03
   5.5955800e-03
   9.6368200e-03
   1.2817200e-02
   1.3798400e-02
   1.2135800e-02
   9.6041900e-03
   6.3228500e-03
   3.8901600e-03
   8.1262200e-03
   1.7939600e-02
   2.3601700e-02
   2.0451900e-02
   1.3892300e-02
   9.4297900e-03
   8.5923700e-03
   8.7851600e-03
   9.9316400e-03
   1.0149900e-02
   3.3638600e-03
  -7.2788100e-03
  -1.0480600e-02
  -6.0884700e-03
  -6.5984700e-03
  -1.1073200e-02
  -1.0080700e-02
  -4.1157800e-03
   8.5264200e-04
   4.0421800e-03
   3.3598100e-03
   4.8153500e-03
   1.4669600e-02
   2.5659000e-02
   2.5298000e-02
   8.3833200e-03
  -1.1982000e-02
  -1.7782700e-02
  -9.3432500e-03
  -2.0002700e-03
  -6.4066700e-03
  -2.1481200e-02
  -3.9290400e-02
  -5.7842200e-02
  -7.1120600e-02
  -6.9170300e-02
  -5.1697700e-02
  -2.9806500e-02
  -1.7035100e-02
  -1.9081200e-02
  -2.5747900e-02
  -2.9398500e-02
  -3.2682900e-02
  -3.3212200e-02
  -2.6615900e-02
  -1.4547300e-02
  -2.6346800e-03
   1.6386300e-02
   4.4496500e-02
   6.7172100e-02
   7.1944700e-02
   5.6452900e-02
   3.1579200e-02
   7.5010800e-03
  -6.6473400e-03
  -1.0273400e-02
  -1.0399900e-02
  -1.1171000e-02
  -1.0057200e-02
  -3.3690500e-03
   1.2882700e-03
  -2.9680500e-04
  -5.8966000e-03
  -9.9715000e-03
  -1.2450100e-02
  -1.4274900e-02
  -7.4663700e-03
   5.8844100e-03
   1.9431000e-02
   3.1548600e-02
   4.0014600e-02
   4.3552000e-02
   4.2855300e-02
   3.7120900e-02
   2.5415400e-02
   1.0487700e-02
  -3.2227500e-04
  -7.6189200e-04
  -1.2055900e-03
  -1.4620600e-02
  -3.4805400e-02
  -4.5164500e-02
  -4.1618000e-02
  -2.9278000e-02
  -1.7172700e-02
  -1.1971700e-02
  -9.8664000e-03
   2.7606800e-05
   1.9814600e-02
   3.9126300e-02
   4.0461400e-02
   2.1326200e-02
  -2.0827600e-03
  -1.9837900e-02
  -3.2112600e-02
  -3.8335600e-02
  -3.8643600e-02
  -3.4329000e-02
  -1.9959300e-02
   1.4464500e-03
   2.2922500e-02
   3.4802500e-02
   3.4674000e-02
   2.5582700e-02
   4.1545600e-03
  -2.5882400e-02
  -5.2189200e-02
  -6.6194800e-02
  -6.6692600e-02
  -5.4925900e-02
  -3.2326700e-02
  -1.8042700e-03
   1.9386200e-02
   2.2803200e-02
   1.7544100e-02
   1.3118300e-02
   1.4642200e-02
   2.0497000e-02
   2.4635200e-02
   2.1707800e-02
   1.2277900e-02
   1.3679500e-03
  -4.0380500e-03
  -1.9072700e-03
   2.3971300e-03
   3.0988900e-03
  -8.1484300e-04
  -9.5317600e-03
  -1.8378200e-02
  -2.3916800e-02
  -2.2630600e-02
  -6.2034900e-03
   1.4295400e-02
   2.2841000e-02
   2.5869400e-02
   3.2388200e-02
   3.7376000e-02
   3.4905600e-02
   2.7705400e-02
   2.4629100e-02
   2.7500400e-02
   2.9821900e-02
   2.4595400e-02
   1.5878500e-02
   1.2361600e-02
   1.4141400e-02
   1.8515200e-02
   1.9897300e-02
   1.3640600e-02
   7.8251500e-04
  -1.4828600e-02
  -2.6356600e-02
  -2.5795600e-02
  -1.2791600e-02
   1.1272800e-03
   6.3578400e-03
   4.0077700e-03
  -5.2018100e-03
  -2.0304900e-02
  -3.7966300e-02
  -4.7269700e-02
  -3.6731000e-02
  -1.5328400e-02
   4.3267600e-04
   6.6516200e-03
   6.1161200e-03
   4.5575600e-03
  -3.2729800e-03
  -1.6113800e-02
  -2.0138700e-02
  -1.1539000e-02
   1.3547700e-03
   1.2322800e-02
   1.9389400e-02
   2.0033000e-02
   1.5830600e-02
   9.5331400e-03
   5.3409400e-03
   4.9156000e-03
   1.0537800e-02
   2.1041800e-02
   2.6715000e-02
   2.0824500e-02
   2.5022800e-03
  -1.9429700e-02
  -3.0326400e-02
  -2.7754000e-02
  -1.8883000e-02
  -3.9145300e-03
   1.3782500e-02
   2.4334400e-02
   2.0103400e-02
   5.9172600e-03
  -5.6138400e-03
  -1.2376400e-02
  -1.5334400e-02
  -1.2705900e-02
  -1.0244600e-02
  -1.6116800e-02
  -2.5451800e-02
  -2.7183800e-02
  -1.8362800e-02
  -4.6487000e-04
   1.6862900e-02
   2.4690400e-02
   2.7625900e-02
   3.1967000e-02
   3.7941200e-02
   3.8609300e-02
   2.8205300e-02
   1.3326600e-02
   3.8069000e-03
  -7.2060400e-03
  -2.2221500e-02
  -3.3741300e-02
  -3.8937200e-02
  -3.7033900e-02
  -3.1708500e-02
  -2.4726600e-02
  -1.8470900e-02
  -1.4784600e-02
  -1.0737300e-02
  -1.0010000e-02
  -1.2949600e-02
  -1.7634500e-02
  -2.5467100e-02
  -3.1607500e-02
  -3.2915100e-02
  -3.1087300e-02
  -2.9753100e-02
  -2.6415700e-02
  -2.0907700e-02
  -1.6577800e-02
  -1.6002500e-02
  -1.6693000e-02
  -9.2327500e-03
   6.6736900e-04
   8.2837100e-03
   1.3845800e-02
   1.7386200e-02
   1.8566300e-02
   1.1444700e-02
   1.3150700e-03
  -6.8388000e-03
  -1.3739100e-02
  -1.7762000e-02
  -1.6969400e-02
  -9.2092800e-03
   3.1204800e-03
   1.1037700e-02
   1.1369200e-02
   1.4242600e-02
   1.9785200e-02
   1.8639800e-02
   8.3959300e-03
   4.2435100e-03
   9.3832900e-03
   1.1134600e-02
   6.0295300e-03
  -3.6441500e-03
  -1.0855600e-02
  -1.4977400e-02
  -1.8241400e-02
  -1.5987200e-02
  -5.6260000e-03
   3.8569400e-03
   4.1843600e-03
  -3.4177000e-03
  -1.6742000e-02
  -3.2264300e-02
  -4.0106100e-02
  -2.8416900e-02
   1.9668800e-03
   2.8703100e-02
   4.1314400e-02
   4.7967900e-02
   5.6980600e-02
   6.6089200e-02
   6.6168800e-02
   5.0397500e-02
   2.0836900e-02
  -6.1686300e-03
  -1.8055700e-02
  -1.5914700e-02
  -8.9216100e-03
  -4.7232900e-03
  -4.8630300e-03
  -4.9221800e-03
  -5.2353200e-03
  -1.0699500e-02
  -2.0305800e-02
  -2.7179600e-02
  -2.3952300e-02
  -1.5328200e-02
  -2.3650400e-03
   1.5998000e-02
   3.2474100e-02
   4.1268500e-02
   3.8216700e-02
   2.3768400e-02
   7.0250800e-03
  -7.3293700e-03
  -1.7487600e-02
  -1.9357200e-02
  -1.6793900e-02
  -1.0154800e-02
   1.6762100e-03
   1.6364200e-02
   2.8824500e-02
   3.2582200e-02
   2.4957700e-02
   6.3498500e-03
  -1.1989800e-02
  -2.0611800e-02
  -1.6768500e-02
  -5.2698600e-04
   1.9811800e-02
   3.4448800e-02
   3.8517600e-02
   3.3386000e-02
   2.2931000e-02
   1.0650200e-02
  -3.0474000e-03
  -1.6244200e-02
  -2.0330300e-02
  -1.0971800e-02
   7.1138400e-03
   2.3649100e-02
   3.3091200e-02
   3.5546300e-02
   3.2916800e-02
   3.0016900e-02
   2.9394700e-02
   3.0806400e-02
   2.8439000e-02
   2.0845100e-02
   1.0287100e-02
   3.0024500e-04
  -5.4301100e-03
  -5.7259100e-03
  -1.0522700e-03
   6.2586600e-05
   5.7487000e-05
   7.0455100e-03
   2.1369400e-02
   3.7688400e-02
   4.9939600e-02
   5.6825600e-02
   5.7075500e-02
   5.1031000e-02
   4.2347700e-02
   3.0996100e-02
   1.4741400e-02
   2.0872900e-03
  -6.9322900e-04
   5.9357500e-03
   1.8460300e-02
   2.9624200e-02
   3.6882500e-02
   3.6948800e-02
   2.7802500e-02
   1.3617400e-02
   5.4740400e-06
  -1.2282500e-02
  -2.7449900e-02
  -4.8879000e-02
  -6.9547300e-02
  -8.2704300e-02
  -9.0277800e-02
  -9.1117200e-02
  -8.8991600e-02
  -8.9506700e-02
  -9.1697600e-02
  -9.2000600e-02
  -8.4565800e-02
  -6.5630500e-02
  -4.4379800e-02
  -3.7005200e-02
  -4.5705800e-02
  -5.8184500e-02
  -6.6357800e-02
  -6.9035300e-02
  -6.9145400e-02
  -6.5481600e-02
  -5.9018900e-02
  -5.1325000e-02
  -4.4994900e-02
  -4.1851200e-02
  -3.5925000e-02
  -2.1367600e-02
   5.8307000e-03
   3.6844800e-02
   6.0509800e-02
   7.1264700e-02
   7.7459200e-02
   8.7010500e-02
   9.7058500e-02
   1.0205600e-01
   1.0292800e-01
   1.0208600e-01
   9.3440500e-02
   7.8445500e-02
   5.5645500e-02
   1.9701700e-02
  -1.8495300e-02
  -4.4991800e-02
  -5.7771400e-02
  -5.9297300e-02
  -5.6771800e-02
  -5.7193100e-02
  -5.9283000e-02
  -5.5276500e-02
  -3.6383000e-02
  -1.2539500e-02
  -1.1012200e-03
  -1.1175400e-03
  -8.7471400e-03
  -1.9297000e-02
  -2.7530400e-02
  -3.3498500e-02
  -3.8438300e-02
  -4.1710500e-02
  -3.9038100e-02
  -2.9366400e-02
  -1.0168000e-02
   8.5194200e-03
   1.3088000e-02
   7.2719600e-03
  -8.7665200e-03
  -3.1091300e-02
  -5.1061800e-02
  -6.1757600e-02
  -5.3760800e-02
  -2.5871900e-02
   5.9194400e-03
   2.8873500e-02
   4.2353800e-02
   4.1446000e-02
   2.2494400e-02
   9.9487800e-04
   2.0332400e-03
   1.9261000e-02
   3.2760700e-02
   4.1632700e-02
   4.8598300e-02
   5.1812300e-02
   4.7046900e-02
   3.4942500e-02
   2.3473600e-02
   1.4614900e-02
   5.0973200e-03
  -5.0833000e-03
  -1.5013000e-02
  -2.1680700e-02
  -2.5900500e-02
  -2.8191400e-02
  -2.2974100e-02
  -1.5493400e-02
  -2.1047300e-02
  -3.6223900e-02
  -4.5205000e-02
  -4.1586000e-02
  -2.7801800e-02
  -1.5152700e-02
  -1.4512200e-02
  -2.2677300e-02
  -2.3017000e-02
  -9.2795900e-03
   9.2140300e-03
   1.8263500e-02
   2.1424400e-02
   2.7681100e-02
   3.4055100e-02
   3.6695900e-02
   3.8136100e-02
   4.0743200e-02
   4.4620300e-02
   5.1311500e-02
   5.9178700e-02
   6.1952100e-02
   5.7526300e-02
   4.7503800e-02
   3.5512700e-02
   2.2072100e-02
   6.9006600e-03
  -5.4974400e-03
  -1.4559100e-02
  -1.8138300e-02
  -1.8141400e-02
  -1.4050100e-02
  -6.7255200e-03
  -1.9264200e-03
  -7.3130400e-03
  -1.9810100e-02
  -2.9239000e-02
  -2.9677600e-02
  -1.9651000e-02
  -9.3090200e-04
   2.0905300e-02
   4.4561100e-02
   6.8566800e-02
   8.6360700e-02
   9.2969300e-02
   8.7150200e-02
   7.4586800e-02
   5.9469400e-02
   4.6511300e-02
   3.5671800e-02
   1.8769400e-02
  -3.4543900e-03
  -1.6662400e-02
  -1.1858200e-02
   4.8300500e-03
   2.4890400e-02
   4.6187000e-02
   6.5075300e-02
   7.5878100e-02
   7.4648000e-02
   6.6929700e-02
   5.9437800e-02
   5.6657300e-02
   5.8772700e-02
   6.0232400e-02
   5.5804500e-02
   4.2064100e-02
   2.6914100e-02
   1.7295500e-02
   1.2572900e-02
   1.0958200e-02
   1.4356800e-02
   2.0801200e-02
   2.2997300e-02
   1.5270800e-02
   1.7108800e-03
  -9.6529500e-03
  -1.8006700e-02
  -2.5747500e-02
  -3.1481000e-02
  -3.3738200e-02
  -3.5469100e-02
  -3.6493200e-02
  -3.7383700e-02
  -3.8558700e-02
  -3.7473400e-02
  -3.1607400e-02
  -2.2327500e-02
  -1.8497400e-02
  -2.4909100e-02
  -3.6772700e-02
  -4.4940900e-02
  -4.7316500e-02
  -4.7488800e-02
  -4.5113300e-02
  -3.8239500e-02
  -2.8654500e-02
  -2.4162500e-02
  -2.4253200e-02
  -2.5033500e-02
  -2.4495000e-02
  -2.3152700e-02
  -1.8818700e-02
  -1.1105400e-02
  -8.8747100e-03
  -1.5126300e-02
  -2.4615400e-02
  -2.9696000e-02
  -2.6708400e-02
  -1.8857500e-02
  -1.6395200e-02
  -2.1315600e-02
  -2.4955000e-02
  -2.1576800e-02
  -1.4926400e-02
  -1.3194400e-02
  -1.8337300e-02
  -2.7831400e-02
  -3.4111600e-02
  -3.9598100e-02
  -4.6703500e-02
  -4.9572700e-02
  -4.3671000e-02
  -2.8717800e-02
  -1.0975900e-02
   6.0652100e-03
   1.8616300e-02
   2.1990500e-02
   1.6944500e-02
   4.5923300e-03
  -9.9273700e-03
  -2.1209600e-02
  -2.7547900e-02
  -2.6483000e-02
  -1.9718400e-02
  -1.4816200e-02
  -2.1840000e-02
  -3.5216200e-02
  -4.4958300e-02
  -4.9198400e-02
  -4.9410600e-02
  -4.6174100e-02
  -3.4910200e-02
  -1.6000500e-02
   1.2762900e-03
   7.1841300e-03
   4.8299700e-03
  -1.5287100e-03
  -7.7935500e-03
  -1.3722800e-02
  -2.0567000e-02
  -2.5556900e-02
  -2.9967300e-02
  -3.5212200e-02
  -4.0745700e-02
  -4.3334400e-02
  -4.0905800e-02
  -3.5845600e-02
  -3.1154600e-02
  -2.7794800e-02
  -2.5067300e-02
  -2.0742500e-02
  -1.3877900e-02
  -3.6707300e-03
   8.5029700e-03
   2.3324600e-02
   3.9322300e-02
   5.3339100e-02
   6.1576600e-02
   6.3349400e-02
   6.1156400e-02
   5.2383400e-02
   3.4647600e-02
   1.2319800e-02
  -2.7537700e-03
  -5.5822300e-03
   3.4600700e-03
   1.7191300e-02
   2.5373700e-02
   2.6364200e-02
   1.8487700e-02
   6.4547800e-03
  -4.4306600e-03
  -1.0666900e-02
  -6.6971000e-03
   4.2689200e-03
   1.5400200e-02
   2.1868000e-02
   2.4901500e-02
   2.6524300e-02
   2.5361500e-02
   1.9982000e-02
   1.2763500e-02
   9.7718100e-03
   1.4183300e-02
   2.5191100e-02
   3.6742600e-02
   4.4720100e-02
   4.8407400e-02
   4.8318600e-02
   4.7554600e-02
   4.7535200e-02
   4.7393500e-02
   4.3403200e-02
   3.6599800e-02
   2.8023700e-02
   1.7551300e-02
   6.7321900e-03
  -7.2299500e-04
  -1.0698000e-03
   3.3029400e-03
   1.0077800e-02
   1.8434600e-02
   2.5452200e-02
   2.6301900e-02
   1.9153700e-02
   4.4728700e-03
  -1.4084000e-02
  -2.9329900e-02
  -3.9552400e-02
  -4.6847400e-02
  -5.0018600e-02
  -4.7257500e-02
  -3.9493200e-02
  -2.9688000e-02
  -1.9788900e-02
  -8.5831400e-03
  -2.0486500e-04
   3.4334700e-03
   3.1213500e-03
  -7.6586900e-04
  -3.1516500e-03
  -3.1669500e-03
  -1.5686100e-03
   2.3114600e-03
   5.1021800e-03
   3.7945400e-03
  -2.0692100e-04
  -1.5390400e-03
   4.0454600e-03
   8.9771500e-03
   1.0712200e-02
   1.0717300e-02
   1.0236800e-02
   8.4936700e-03
   3.1825300e-03
  -2.8130400e-03
  -7.3418400e-03
  -6.8002200e-03
  -1.3177200e-03
   8.1846000e-03
   2.0720400e-02
   3.5337000e-02
   4.9631300e-02
   5.6953800e-02
   5.3441000e-02
   4.0197300e-02
   2.2912400e-02
   5.2296400e-03
  -6.6360200e-03
  -9.8265800e-03
  -1.0891500e-02
  -1.3696500e-02
  -1.9454400e-02
  -2.4477900e-02
  -2.8583400e-02
  -3.5184800e-02
  -4.1924000e-02
  -4.7024000e-02
  -4.7668600e-02
  -4.2201400e-02
  -3.0010400e-02
  -1.5300900e-02
  -5.0887000e-03
  -4.0136300e-03
  -1.0890500e-02
  -1.9852200e-02
  -2.6017100e-02
  -2.6195600e-02
  -2.1211900e-02
  -1.3492500e-02
  -9.2656200e-03
  -7.4020800e-03
  -3.4434600e-03
   3.0080400e-03
   7.9672700e-03
   7.8010100e-03
   5.0714900e-03
   5.1530900e-03
   9.8338700e-03
   1.5126600e-02
   1.9775800e-02
   2.3713000e-02
   2.7102500e-02
   2.9144500e-02
   3.0501100e-02
   3.1639400e-02
   3.1432300e-02
   2.9467800e-02
   2.7203400e-02
   2.7043300e-02
   2.6302800e-02
   2.3644600e-02
   2.0634600e-02
   1.8327400e-02
   1.5931400e-02
   1.2657200e-02
   1.1313900e-02
   1.0684500e-02
   8.2793500e-03
   3.3313200e-03
  -4.1748600e-03
  -1.2603100e-02
  -2.1330200e-02
  -2.9468800e-02
  -3.2827700e-02
  -2.9512700e-02
  -2.3203000e-02
  -1.7330800e-02
  -1.3798600e-02
  -1.2974400e-02
  -1.6920800e-02
  -2.4184200e-02
  -2.9313800e-02
  -2.9077200e-02
  -2.4380100e-02
  -1.4304500e-02
  -8.2317100e-04
   1.1020000e-02
   1.8618000e-02
   2.0057200e-02
   1.8375300e-02
   1.6427100e-02
   1.6293400e-02
   1.7862200e-02
   1.9642100e-02
   1.9843000e-02
   1.8856700e-02
   1.9987900e-02
   2.1144500e-02
   2.0371400e-02
   1.7686700e-02
   1.4677700e-02
   9.7225700e-03
   4.4873300e-04
  -1.1145600e-02
  -2.1926000e-02
  -2.8331600e-02
  -3.3676400e-02
  -3.7518700e-02
  -3.9311900e-02
  -3.9691300e-02
  -3.9566900e-02
  -4.0225800e-02
  -4.0440000e-02
  -4.1349900e-02
  -4.0346200e-02
  -3.5170700e-02
  -2.3594700e-02
  -1.1456700e-02
  -3.8414200e-03
   9.7297400e-04
   3.8024500e-03
   6.3269500e-03
   7.1908900e-03
   5.5221600e-03
   1.5727200e-03
  -5.4989400e-03
  -1.4171000e-02
  -2.2262600e-02
  -2.8272500e-02
  -3.2452500e-02
  -3.3873300e-02
  -3.1237600e-02
  -2.5463400e-02
  -1.8518200e-02
  -1.2436000e-02
  -7.7409200e-03
  -1.9932300e-03
   4.8244500e-03
   9.8744700e-03
   1.3078300e-02
   1.3901400e-02
   1.0480300e-02
   3.0302600e-03
  -3.4732600e-03
  -7.2146200e-03
  -4.7982500e-03
   4.4711600e-05
   6.4360300e-03
   1.3547500e-02
   2.0005100e-02
   2.4982700e-02
   2.5581400e-02
   2.4134000e-02
   2.2575500e-02
   2.4293100e-02
   2.6634100e-02
   2.8302800e-02
   2.6864600e-02
   2.0804700e-02
   1.2613100e-02
   6.5645200e-03
   4.0043100e-03
   2.2233900e-03
  -1.1242500e-03
  -5.7152700e-03
  -6.3803100e-03
  -7.3767700e-04
   8.7238400e-03
   1.6555400e-02
   1.8963600e-02
   1.8730000e-02
   1.6616600e-02
   1.3404600e-02
   1.0553700e-02
   6.4288200e-03
   4.6101600e-03
   3.9145200e-03
   7.2223700e-03
   1.1065700e-02
   1.1059600e-02
   9.5846900e-03
   5.2823300e-03
  -1.5121700e-04
  -7.8889400e-03
  -1.2418800e-02
  -1.1637400e-02
  -5.5358100e-03
   1.8510300e-03
   8.9818500e-03
   1.5425200e-02
   2.0953600e-02
   2.5359000e-02
   2.9073800e-02
   3.3150700e-02
   3.6250500e-02
   3.7958000e-02
   3.8384300e-02
   3.5706800e-02
   3.2689700e-02
   3.1697200e-02
   2.9705200e-02
   2.9492000e-02
   2.9446100e-02
   2.9359400e-02
   2.5183500e-02
   1.7246900e-02
   6.8387800e-03
  -2.0209400e-03
  -8.2470300e-03
  -1.3712200e-02
  -1.7280200e-02
  -2.0310600e-02
  -2.2326100e-02
  -2.6030700e-02
  -3.1729500e-02
  -3.9819100e-02
  -4.8484000e-02
  -5.6092200e-02
  -5.9459200e-02
  -5.6974500e-02
  -4.9610100e-02
  -4.0029200e-02
  -3.0986900e-02
  -2.5892000e-02
  -2.3424700e-02
  -2.0824700e-02
  -1.7970700e-02
  -1.5312600e-02
  -1.4867900e-02
  -1.6920100e-02
  -1.9776100e-02
  -2.2188400e-02
  -2.5019000e-02
  -2.7161000e-02
  -2.7519000e-02
  -2.7351700e-02
  -2.8206500e-02
  -3.0241400e-02
  -3.1966200e-02
  -3.0614700e-02
  -2.6217500e-02
  -2.0052600e-02
  -1.5197400e-02
  -1.0571700e-02
  -6.3387000e-03
  -1.8272500e-03
   2.4353300e-03
   4.5263300e-03
   4.0591700e-03
  -5.1247700e-04
  -6.4335800e-03
  -1.2670900e-02
  -1.5780900e-02
  -1.5507500e-02
  -1.5507500e-02
  -1.5873700e-02
  -1.5710500e-02
  -1.4044800e-02
  -9.6863800e-03
  -3.5408900e-03
   1.3071700e-03
   3.4675300e-03
   4.2519100e-03
   5.6452200e-03
   8.9734800e-03
   1.2012100e-02
   1.4890500e-02
   1.7303800e-02
   1.9068400e-02
   2.0564700e-02
   1.9335600e-02
   1.8522700e-02
   1.9355000e-02
   2.1231800e-02
   2.4072500e-02
   2.7848500e-02
   3.2746600e-02
   3.7623200e-02
   4.0479200e-02
   4.0982100e-02
   3.9258300e-02
   3.5917700e-02
   3.4371400e-02
   3.3081100e-02
   3.1239000e-02
   2.8503400e-02
   2.4306100e-02
   1.9558000e-02
   1.6439800e-02
   1.7070200e-02
   2.1368500e-02
   2.5744200e-02
   2.7105900e-02
   2.6369500e-02
   2.3398200e-02
   1.7729100e-02
   1.0178000e-02
   1.7589300e-03
  -7.2405400e-03
  -1.5255700e-02
  -2.0699400e-02
  -2.1845900e-02
  -2.0168000e-02
  -1.6277700e-02
  -1.1636800e-02
  -1.0029200e-02
  -1.0197500e-02
  -1.2089600e-02
  -1.1660200e-02
  -7.8801100e-03
  -2.5465300e-03
   2.1046600e-03
   5.3829400e-03
   6.2672800e-03
   4.7770500e-03
   4.2792900e-03
   5.1595500e-03
   7.2699200e-03
   1.0807300e-02
   1.5247300e-02
   1.8692900e-02
   2.0160700e-02
   1.9850600e-02
   1.8399100e-02
   1.5714500e-02
   1.5130000e-02
   1.7012900e-02
   1.9924000e-02
   2.1040900e-02
   2.0323900e-02
   1.7949300e-02
   1.5522700e-02
   1.4170200e-02
   1.0682800e-02
   6.4477500e-03
   1.7771700e-03
  -2.0723100e-03
  -4.2387900e-03
  -4.4366800e-03
  -2.6333200e-03
   3.3181500e-04
   1.4446300e-03
   2.8053100e-03
   3.1684300e-03
   3.7926600e-03
   4.4179200e-03
   4.7790000e-03
   5.9805500e-03
   6.8679500e-03
   7.1821100e-03
   5.9989000e-03
   4.7300200e-03
   3.6376000e-03
   4.4739900e-03
   5.1798300e-03
   5.8499700e-03
   6.3579300e-03
   5.3481200e-03
   1.7118200e-03
  -2.5772800e-03
  -4.3306700e-03
  -2.6721500e-03
   8.0094700e-04
   5.0492400e-03
   7.1361600e-03
   5.3501400e-03
   1.6077500e-03
  -1.3125100e-03
   1.4200800e-04
   3.8711300e-03
   7.6094200e-03
   9.9666400e-03
   9.2179600e-03
   5.6734500e-03
   9.6615000e-04
  -3.1352700e-03
  -6.1320400e-03
  -1.0219200e-02
  -1.5741500e-02
  -2.1148500e-02
  -2.5508000e-02
  -2.6649300e-02
  -2.6818700e-02
  -2.9627800e-02
  -3.3644500e-02
  -3.7248200e-02
  -3.7968300e-02
  -3.5411200e-02
  -3.3796500e-02
  -3.4808400e-02
  -3.8538500e-02
  -4.1673000e-02
  -4.2940800e-02
  -4.1848400e-02
  -3.7833700e-02
  -2.9722700e-02
  -2.1149600e-02
  -1.5090800e-02
  -9.5664500e-03
  -5.0713100e-03
  -1.1116700e-03
   5.1420300e-04
   1.2424800e-03
   1.1251800e-03
  -4.1502600e-04
  -3.2506300e-03
  -6.5799100e-03
  -7.4459000e-03
  -5.9352800e-03
  -6.0627800e-03
  -7.5581100e-03
  -1.0922100e-02
  -1.3215000e-02
  -1.3986100e-02
  -1.5126500e-02
  -1.5451900e-02
  -1.5176500e-02
  -1.4991900e-02
  -1.5510000e-02
  -1.5304000e-02
  -1.5440700e-02
  -1.5291800e-02
  -1.2470500e-02
  -6.9053500e-03
  -2.7172300e-03
  -2.1929500e-03
  -2.9732600e-03
  -3.5669000e-03
  -3.1721600e-03
  -1.6462500e-03
   1.6004100e-03
   4.3350300e-03
   6.2301800e-03
   5.3988800e-03
   4.0055600e-03
   5.1071500e-03
   8.7465100e-03
   1.4418700e-02
   2.0160300e-02
   2.4358600e-02
   2.6426200e-02
   2.6681200e-02
   2.4938000e-02
   2.3000000e-02
   2.1617900e-02
   2.2719500e-02
   2.3874100e-02
   2.5625400e-02
   2.6622000e-02
   2.5630500e-02
   2.3993400e-02
   2.2631700e-02
   2.1122100e-02
   1.9121900e-02
   1.6407700e-02
   1.3060000e-02
   1.1940100e-02
   1.1027200e-02
   1.1186300e-02
   1.0481500e-02
   9.4665500e-03
   9.0534500e-03
   9.2462300e-03
   8.4414400e-03
   5.7047800e-03
   1.8532500e-03
  -4.8654900e-03
  -1.0109300e-02
  -1.1854500e-02
  -1.1337400e-02
  -1.0120500e-02
  -9.5819800e-03
  -1.1052800e-02
  -1.3351900e-02
  -1.6047800e-02
  -1.7993900e-02
  -2.0534800e-02
  -2.3170400e-02
  -2.5785700e-02
  -2.7738000e-02
  -2.7329000e-02
  -2.4946300e-02
  -2.2474800e-02
  -2.1284500e-02
  -1.9347500e-02
  -1.7240200e-02
  -1.3823200e-02
  -1.0854000e-02
  -7.8602800e-03
  -5.6785100e-03
  -4.8359900e-03
  -3.7537700e-03
  -2.8480200e-03
  -2.2962000e-03
  -3.3855600e-03
  -6.3609100e-03
  -9.2546500e-03
  -1.2148400e-02
  -1.3146000e-02
  -1.1461900e-02
  -9.5474000e-03
  -9.2883300e-03
  -9.0476100e-03
  -6.3119700e-03
  -1.6822000e-03
   3.1332200e-03
   6.4319000e-03
   9.0522700e-03
   9.3592900e-03
   9.4725100e-03
   1.0593500e-02
   1.3199600e-02
   1.6071900e-02
   1.7426400e-02
   1.8138400e-02
   1.8181200e-02
   1.5581300e-02
   1.0554700e-02
   5.1854200e-03
  -9.1418600e-04
  -5.9254500e-03
  -9.6351900e-03
  -1.2063800e-02
  -1.3003200e-02
  -1.1271300e-02
  -7.0219700e-03
  -1.9780700e-03
   2.3120500e-03
   5.6035800e-03
   1.0760700e-02
   1.6248300e-02
   2.0760800e-02
   2.4819400e-02
   2.8524000e-02
   3.0924000e-02
   3.2707000e-02
   3.4857200e-02
   3.6054600e-02
   3.7571400e-02
   3.7816200e-02
   3.6741100e-02
   3.5379400e-02
   3.4722500e-02
   3.3829000e-02
   3.0574200e-02
   2.5857700e-02
   1.9795800e-02
   1.4721300e-02
   9.1765800e-03
   3.4390700e-03
  -1.5477100e-03
  -7.5228700e-03
  -1.2725900e-02
  -1.7467900e-02
  -2.0605400e-02
  -2.2415900e-02
  -2.5001600e-02
  -2.8179900e-02
  -3.1506200e-02
  -3.4083700e-02
  -3.4295900e-02
  -3.3101400e-02
  -3.0540200e-02
  -2.7626100e-02
  -2.5887000e-02
  -2.5344400e-02
  -2.3862300e-02
  -2.1708100e-02
  -2.0431000e-02
  -1.9536500e-02
  -1.7804500e-02
  -1.4171300e-02
  -1.0049500e-02
  -5.7624300e-03
  -3.9580500e-03
  -3.8325900e-03
  -2.1485800e-03
   1.7060000e-03
   7.0252900e-03
   1.2124300e-02
   1.5623900e-02
   1.6691800e-02
   1.6565300e-02
   1.7312000e-02
   1.7680200e-02
   1.7680200e-02
   1.7454800e-02
   1.6774400e-02
   1.5385200e-02
   1.2717900e-02
   9.3977800e-03
   5.3320500e-03
   3.3461100e-03
   2.9197500e-03
   3.2104400e-03
   4.6894400e-03
   6.9885100e-03
   9.7353700e-03
   1.1117500e-02
   1.1893700e-02
   1.1392900e-02
   1.2008900e-02
   1.2867800e-02
   1.3371700e-02
   1.2248600e-02
   9.5660200e-03
   5.9011600e-03
   3.3991000e-03
   4.3079100e-03
   5.6400300e-03
   6.2826300e-03
   5.2554900e-03
   3.4184600e-03
   7.3483800e-04
  -1.0634300e-03
  -1.6540100e-03
  -1.2143900e-03
  -3.4331500e-04
  -4.5478700e-05
  -4.1402000e-05
   3.5843500e-04
  -3.8616900e-04
  -3.2248300e-03
  -7.2721900e-03
  -1.2690400e-02
  -1.6932600e-02
  -1.8378000e-02
  -1.8618700e-02
  -1.8440200e-02
  -1.7976100e-02
  -1.7265200e-02
  -1.5313900e-02
  -1.2552800e-02
  -1.1181900e-02
  -1.2339600e-02
  -1.5586200e-02
  -1.9472500e-02
  -2.3676900e-02
  -2.5712800e-02
  -2.6655300e-02
  -2.6995000e-02
  -2.5562900e-02
  -2.4043100e-02
  -2.1560400e-02
  -1.7502900e-02
  -1.3765600e-02
  -1.1378800e-02
  -1.0239500e-02
  -1.0376100e-02
  -1.0104800e-02
  -8.7910700e-03
  -7.4528300e-03
  -6.2114900e-03
  -4.6804700e-03
  -2.5354200e-03
  -1.3991400e-03
  -1.4940100e-03
  -1.3063300e-03
   2.5426900e-04
   2.4421700e-03
   5.9764600e-03
   9.3567400e-03
   1.0281900e-02
   1.0401200e-02
   1.0219700e-02
   1.1223300e-02
   1.4801500e-02
   1.9374100e-02
   2.4409900e-02
   2.7996200e-02
   2.8944800e-02
   2.9002900e-02
   2.8936600e-02
   2.8943800e-02
   2.7075100e-02
   2.3747900e-02
   2.0497100e-02
   1.6853700e-02
   1.3792700e-02
   1.2135200e-02
   1.0815300e-02
   7.3258500e-03
   2.2411500e-03
  -1.7052300e-03
  -2.8078600e-03
  -2.2835800e-03
  -2.3458000e-03
  -4.0787900e-03
  -7.7191700e-03
  -1.1584000e-02
  -1.3190500e-02
  -1.2090900e-02
  -8.5515000e-03
  -3.9635400e-03
   1.0507700e-03
   5.1807500e-03
   7.4390200e-03
   8.7986800e-03
   9.5055400e-03
   1.0086900e-02
   1.1490400e-02
   1.4398500e-02
   1.7812400e-02
   2.0162500e-02
   2.0156400e-02
   1.9356700e-02
   1.9364800e-02
   1.9353600e-02
   1.9899300e-02
   2.1230400e-02
   2.2472800e-02
   2.4006800e-02
   2.6101900e-02
   2.7878800e-02
   2.8179700e-02
   2.6415000e-02
   2.4552500e-02
   2.1798500e-02
   1.7787900e-02
   1.3947600e-02
   1.0068500e-02
   7.8867300e-03
   5.7263600e-03
   3.0121400e-03
   4.3561600e-04
  -2.0348300e-03
  -3.6454100e-03
  -4.7255900e-03
  -5.6099400e-03
  -6.6901200e-03
  -7.0073400e-03
  -6.9359400e-03
  -7.0032700e-03
  -6.3800500e-03
  -5.2029800e-03
  -3.0579200e-03
  -2.6822100e-04
   1.6626300e-03
   3.6332700e-03
   5.6181900e-03
   7.0033500e-03
   7.6245200e-03
   6.0180200e-03
   3.9219200e-03
   2.9173400e-04
  -3.4373900e-03
  -6.5983700e-03
  -9.7389600e-03
  -1.2027800e-02
  -1.3593500e-02
  -1.3655800e-02
  -1.1952400e-02
  -8.2915900e-03
  -4.2085300e-03
   6.0994300e-04
   4.2931600e-03
   6.6656800e-03
   6.0302100e-03
   4.1891100e-03
   3.1130100e-03
   1.0577000e-03
  -2.6115800e-04
  -9.4762100e-04
   8.5777600e-04
   3.8198500e-03
   7.3582300e-03
   1.0724200e-02
   1.1680000e-02
   1.1632000e-02
   9.9398400e-03
   7.9865300e-03
   6.0148700e-03
   3.5444300e-03
   2.6002600e-04
  -3.4109600e-03
  -5.8569200e-03
  -7.3451000e-03
  -6.8840700e-03
  -4.9664700e-03
  -2.1278100e-03
  -4.7337500e-04
  -1.2873400e-03
  -6.1966000e-03
  -1.2165600e-02
  -1.5784600e-02
  -1.7839900e-02
  -1.9153700e-02
  -2.0454200e-02
  -2.1766900e-02
  -2.3066400e-02
  -2.4275100e-02
  -2.4365900e-02
  -2.3363200e-02
  -2.2392200e-02
  -2.0972400e-02
  -2.0449100e-02
  -2.0721400e-02
  -2.0297100e-02
  -2.0270600e-02
  -2.0630700e-02
  -2.1100900e-02
  -2.2359600e-02
  -2.1849600e-02
  -1.9667800e-02
  -1.5690800e-02
  -1.2144300e-02
  -1.0130800e-02
  -9.7738200e-03
  -9.9339600e-03
  -1.1724100e-02
  -1.4471900e-02
  -1.4802400e-02
  -1.3989500e-02
  -1.2515600e-02
  -1.1202800e-02
  -8.3509400e-03
  -5.5785800e-03
  -2.2136000e-03
   2.5385700e-03
   5.8117500e-03
   8.6249100e-03
   9.2216100e-03
   7.9017200e-03
   5.8596800e-03
   3.3974000e-03
   1.8531200e-03
   3.1117900e-03
   5.9881900e-03
   8.2638100e-03
   8.9604600e-03
   7.8017400e-03
   6.7572600e-03
   6.8041700e-03
   8.5799900e-03
   9.7264700e-03
   9.5979500e-03
   7.3855600e-03
   4.1725600e-03
   1.1499900e-04
  -4.6851200e-03
  -7.9858500e-03
  -1.0562400e-02
  -1.1492600e-02
  -1.2050500e-02
  -1.1008100e-02
  -9.7994200e-03
  -8.0205400e-03
  -5.7357500e-03
  -4.5586700e-03
  -3.1541300e-03
  -2.0464100e-03
  -2.1749400e-03
  -1.8934200e-03
  -1.1845200e-03
  -9.3972400e-04
  -2.0226700e-04
   4.3625000e-04
   9.3400800e-04
   1.7920500e-04
  -8.2039700e-04
  -1.8057200e-03
  -2.2667600e-03
  -1.3885400e-03
   7.3407200e-04
   3.7338900e-03
   6.4460700e-03
   8.3769200e-03
   7.9291400e-03
   5.7667400e-03
   3.9735800e-03
   1.3011700e-03
  -1.6486700e-03
  -4.1068700e-03
  -5.0126300e-03
  -3.4510200e-03
  -7.5821900e-04
   1.6122600e-03
   3.3350400e-03
   3.7573100e-03
   3.4778300e-03
   2.5475900e-03
   1.1022500e-03
   5.1643200e-05
  -3.9919900e-04
   5.1777800e-04
   1.9009000e-03
   3.1962900e-03
   3.9092700e-03
   4.0530900e-03
   2.6046900e-03
   4.7288300e-04
  -8.9085900e-04
  -1.3763800e-03
  -1.6905400e-03
  -1.3916900e-03
  -1.2019700e-03
   1.0104100e-03
   3.5094100e-03
   5.2097400e-03
   5.4463800e-03
   4.3723200e-03
   3.4451400e-03
   4.5293900e-03
   6.5785700e-03
   6.4612700e-03
   5.9023100e-03
   5.3739400e-03
   5.5412200e-03
   5.5595800e-03
   6.6683200e-03
   7.5149100e-03
   8.6246700e-03
   9.3468300e-03
   8.9816700e-03
   8.6879100e-03
   8.1626000e-03
   7.8484400e-03
   6.8580200e-03
   3.7562000e-03
   4.6454200e-05
  -4.2100100e-03
  -6.3448700e-03
  -6.9395300e-03
  -7.2853100e-03
  -6.1990200e-03
  -7.0456200e-03
  -7.4464800e-03
  -9.1121400e-03
  -1.0910400e-02
  -1.1888600e-02
  -1.0787000e-02
  -8.7286300e-03
  -8.4665000e-03
  -8.2961600e-03
  -8.2737200e-03
  -7.1792600e-03
  -6.2959400e-03
  -5.3738700e-03
  -5.5350300e-03
  -5.2392300e-03
  -4.5150300e-03
  -4.3498000e-03
  -3.3073600e-03
  -3.0778600e-03
  -4.3763200e-03
  -6.1113400e-03
  -7.1446100e-03
  -7.4465300e-03
  -5.6309300e-03
  -4.4966900e-03
  -4.4436600e-03
  -2.8626600e-03
  -1.5455800e-04
   1.5253800e-03
   5.4005800e-04
  -2.2129200e-03
  -8.0024500e-03
  -1.3605300e-02
  -1.7704700e-02
  -2.0217000e-02
  -2.0309800e-02
  -2.0065000e-02
  -1.9208200e-02
  -1.7421100e-02
  -1.4404000e-02
  -1.1631600e-02
  -9.8772200e-03
  -8.8490700e-03
  -8.5226700e-03
  -8.0432700e-03
  -6.8437500e-03
  -6.6346600e-03
  -6.4643200e-03
  -5.1118000e-03
  -3.8082400e-03
  -2.6729800e-03
  -2.7484700e-03
  -3.2758100e-03
  -4.4518700e-03
  -5.2597100e-03
  -6.1522100e-03
  -7.5975500e-03
  -7.7250600e-03
  -7.4710800e-03
  -6.6234600e-03
  -4.9078200e-03
  -3.6930000e-03
  -3.8256100e-03
  -3.7419700e-03
  -4.3488700e-03
  -5.5290100e-03
  -5.6014300e-03
  -4.8017600e-03
  -3.8766200e-03
  -5.2077200e-03
  -6.5602400e-03
  -6.7662800e-03
  -6.7530200e-03
  -7.3578900e-03
  -7.8984900e-03
  -7.6506300e-03
  -7.9913100e-03
  -8.8368900e-03
  -9.9599200e-03
  -1.0788200e-02
  -1.1973400e-02
  -1.2571100e-02
  -1.3399400e-02
  -1.3556400e-02
  -1.2680300e-02
  -1.2738400e-02
  -1.2613000e-02
  -1.0900400e-02
  -7.2355100e-03
  -3.4502900e-03
  -5.5043500e-04
   1.8649200e-03
   3.4959000e-03
   4.0548600e-03
   3.0552600e-03
   1.2508800e-03
   8.3777600e-04
   1.0897100e-03
   2.5768700e-03
   4.8218900e-03
   8.2419500e-03
   1.2375000e-02
   1.5975600e-02
   1.8496000e-02
   1.9459900e-02
   1.9418100e-02
   1.7650400e-02
   1.6475400e-02
   1.6529400e-02
   1.6653900e-02
   1.7545400e-02
   1.7427000e-02
   1.7548400e-02
   1.7386200e-02
   1.7696300e-02
   1.8399100e-02
   1.8507200e-02
   1.8243000e-02
   1.7457600e-02
   1.7470900e-02
   1.6886400e-02
   1.6173400e-02
   1.5560400e-02
   1.4883100e-02
   1.3776400e-02
   1.4032500e-02
   1.4758700e-02
   1.5965400e-02
   1.7162800e-02
   1.7982900e-02
   1.8663300e-02
   1.9314000e-02
   1.9262000e-02
   1.8160400e-02
   1.7284200e-02
   1.6209100e-02
   1.4901500e-02
   1.3600000e-02
   1.1733400e-02
   9.6668400e-03
   8.3734800e-03
   7.0138100e-03
   5.9162900e-03
   4.9156700e-03
   2.6165900e-03
   1.5589700e-05
  -2.7282100e-03
  -4.3387900e-03
  -4.0746100e-03
  -4.3989800e-03
  -5.2649500e-03
  -6.8857400e-03
  -8.9828600e-03
  -1.0129300e-02
  -1.0061000e-02
  -9.5520200e-03
  -8.3688200e-03
  -7.6028000e-03
  -6.1544000e-03
  -3.4310000e-03
  -1.4909700e-03
   6.2043300e-04
   3.5519100e-03
   7.0678500e-03
   1.0547100e-02
   1.3642800e-02
   1.6534500e-02
   1.8283800e-02
   2.0205400e-02
   2.2955400e-02
   2.4428200e-02
   2.4876000e-02
   2.4063100e-02
   2.2332100e-02
   2.0556300e-02
   1.9516900e-02
   1.9164000e-02
   1.9268100e-02
   1.8634600e-02
   1.7567700e-02
   1.6532400e-02
   1.4400600e-02
   1.3309200e-02
   1.2865500e-02
   1.0778600e-02
   7.4146300e-03
   4.1689900e-03
   1.6118500e-03
   5.4310100e-05
  -1.0636100e-03
  -1.9714100e-03
  -2.4242900e-03
  -2.3039300e-03
  -9.4121300e-04
  -8.4329400e-04
  -7.1069400e-04
  -1.3308500e-03
  -3.3076200e-03
  -6.0830400e-03
  -7.8588600e-03
  -8.9257800e-03
  -8.5228800e-03
  -6.9102600e-03
  -5.8147800e-03
  -4.3653600e-03
  -2.6283000e-03
  -8.7798100e-04
   5.9897900e-04
   2.4207000e-03
   4.1016600e-03
   5.2716000e-03
   4.8819600e-03
   4.4331600e-03
   4.5076200e-03
   4.6504100e-03
   5.5990100e-03
   7.6288100e-03
   9.3424100e-03
   1.0462400e-02
   9.7147100e-03
   9.3628100e-03
   9.3556700e-03
   1.0027800e-02
   1.0425600e-02
   1.0491900e-02
   1.1839400e-02
   1.1400800e-02
   1.1344700e-02
   1.1256900e-02
   1.0152300e-02
   9.3679100e-03
   7.4727500e-03
   4.6973300e-03
   2.7134300e-03
   1.3517300e-03
   5.0104900e-04
  -6.0769100e-04
  -8.7595200e-04
  -1.7449900e-03
  -1.8531100e-03
  -1.9846900e-03
  -2.5222300e-03
  -4.0104100e-03
  -5.9892100e-03
  -6.8817100e-03
  -9.8111500e-03
  -1.3118000e-02
  -1.5843400e-02
  -1.7680500e-02
  -1.7938500e-02
  -1.6203500e-02
  -1.4266500e-02
  -1.2251000e-02
  -1.0385400e-02
  -8.1720100e-03
  -5.4547300e-03
  -3.3300700e-03
  -4.7407300e-04
   1.2313700e-03
   2.3125700e-03
   2.6144900e-03
   2.7052700e-03
   3.8629700e-03
   6.3028100e-03
   8.1622700e-03
   8.5947500e-03
   7.6961300e-03
   5.7734300e-03
   3.1183700e-03
   1.4425100e-03
   1.7750300e-03
   1.4914700e-03
   2.3411300e-03
   2.6348900e-03
   2.6583500e-03
   2.4594500e-03
   1.6118300e-03
   2.2197500e-03
   3.4284500e-03
   5.5031300e-03
   8.5366100e-03
   1.1143700e-02
   1.1511900e-02
   1.1426300e-02
   1.1061100e-02
   1.1313100e-02
   1.2123900e-02
   1.2630900e-02
   1.3472400e-02
   1.3353100e-02
   1.3560100e-02
   1.2637000e-02
   1.0754100e-02
   8.5182600e-03
   5.8795200e-03
   3.2101800e-03
   8.6621900e-04
  -1.0452600e-03
  -2.4100200e-03
  -3.3066000e-03
  -4.1756400e-03
  -4.1205600e-03
  -4.0522200e-03
  -2.3977800e-03
  -3.5981600e-04
   8.9478500e-04
   5.1636500e-04
  -1.0583400e-04
  -9.7283300e-04
  -2.4100100e-03
  -3.1076900e-03
  -3.0107900e-03
  -1.9479500e-03
  -1.0523900e-03
   4.5007100e-04
   1.4251900e-03
   2.4819100e-03
   2.7981100e-03
   2.8032100e-03
   2.0932900e-03
  -1.6090400e-04
  -3.0291400e-03
  -5.8973800e-03
  -7.1785000e-03
  -7.9934800e-03
  -7.8874000e-03
  -8.5963000e-03
  -8.9930800e-03
  -9.0104200e-03
  -1.0121200e-02
  -1.0933100e-02
  -1.2646700e-02
  -1.4034900e-02
  -1.4755100e-02
  -1.4779500e-02
  -1.5139600e-02
  -1.6018800e-02
  -1.6638000e-02
  -1.7461100e-02
  -1.8007800e-02
  -1.8489300e-02
  -1.9500100e-02
  -2.1186100e-02
  -2.2328500e-02
  -2.2493800e-02
  -2.3229200e-02
  -2.3404600e-02
  -2.2540700e-02
  -2.1984800e-02
  -2.0863800e-02
  -1.9970300e-02
  -1.8903400e-02
  -1.8517800e-02
  -1.9222600e-02
  -1.9678600e-02
  -1.9483700e-02
  -1.9674500e-02
  -1.8907400e-02
  -1.8006800e-02
  -1.6734800e-02
  -1.5464900e-02
  -1.4475500e-02
  -1.3178100e-02
  -1.1629700e-02
  -9.6794900e-03
  -9.7855700e-03
  -9.6886700e-03
  -1.0310900e-02
  -1.1411500e-02
  -1.1731700e-02
  -1.1619500e-02
  -1.2373300e-02
  -1.4498000e-02
  -1.5862700e-02
  -1.8201600e-02
  -1.9346000e-02
  -1.9338900e-02
  -1.8746200e-02
  -1.6712400e-02
  -1.4630600e-02
  -1.1724600e-02
  -1.0608700e-02
  -1.0654600e-02
  -1.0649500e-02
  -1.0490400e-02
  -9.5101400e-03
  -7.9515800e-03
  -6.3756700e-03
  -6.3899500e-03
  -6.7897900e-03
  -6.0798700e-03
  -5.4892900e-03
  -4.6069800e-03
  -3.5727000e-03
  -2.2834200e-03
  -2.8485000e-03
  -3.7736400e-03
  -4.2295800e-03
  -5.4668300e-03
  -5.7585500e-03
  -6.9315500e-03
  -7.4599100e-03
  -8.4901100e-03
  -9.5560000e-03
  -1.0187400e-02
  -1.0575000e-02
  -1.1108400e-02
  -1.1629700e-02
  -1.1442000e-02
  -1.1438900e-02
  -1.0254700e-02
  -9.6314700e-03
  -8.8695200e-03
  -8.4951800e-03
  -8.5349600e-03
  -8.6859200e-03
  -9.1265600e-03
  -9.3356500e-03
  -1.0294400e-02
  -1.2238600e-02
  -1.4218400e-02
  -1.6048300e-02
  -1.6281800e-02
  -1.4596800e-02
  -1.2449700e-02
  -9.6008300e-03
  -7.7750300e-03
  -5.6177300e-03
  -4.5803900e-03
  -4.3794400e-03
  -4.1315800e-03
  -4.7578600e-03
  -3.8000800e-03
  -3.6419700e-03
  -2.7770100e-03
  -8.8694900e-04
   1.9333500e-03
   5.2759000e-03
   8.1716800e-03
   1.0518700e-02
   1.2310800e-02
   1.3032000e-02
   1.3738900e-02
   1.4248900e-02
   1.5294300e-02
   1.5934900e-02
   1.6882500e-02
   1.8045300e-02
   1.8171800e-02
   1.8887800e-02
   1.7941300e-02
   1.8142200e-02
   1.7349700e-02
   1.7063100e-02
   1.6439800e-02
   1.6554100e-02
   1.7815800e-02
   1.8614500e-02
   1.9644700e-02
   1.8863400e-02
   1.7553700e-02
   1.6187900e-02
   1.5105700e-02
   1.4725300e-02
   1.5020000e-02
   1.5772800e-02
   1.6770400e-02
   1.7329300e-02
   1.8180000e-02
   1.9813000e-02
   2.1881600e-02
   2.3097400e-02
   2.2789400e-02
   2.1940800e-02
   2.0286300e-02
   1.8297300e-02
   1.6752000e-02
   1.5051700e-02
   1.4136800e-02
   1.4434600e-02
   1.4724300e-02
   1.5151700e-02
   1.5195500e-02
   1.5254700e-02
   1.4597800e-02
   1.3620700e-02
   1.2432400e-02
   1.0684100e-02
   9.5161900e-03
   8.1483700e-03
   6.8621600e-03
   5.7044600e-03
   4.9782300e-03
   5.3719500e-03
   5.5045500e-03
   5.3862400e-03
   6.0767800e-03
   6.5470000e-03
   6.2399900e-03
   5.3495300e-03
   4.2948600e-03
   3.4084800e-03
   2.3109600e-03
   1.6092100e-03
   1.4143900e-03
  -1.1560600e-04
  -2.1321400e-03
  -2.8481800e-03
  -3.6590700e-03
  -2.5329900e-03
  -2.1892500e-03
  -2.3442800e-03
  -1.2926600e-03
  -1.3395700e-03
  -2.0535700e-03
  -4.1598700e-03
  -5.9234400e-03
  -6.3192000e-03
  -5.6755800e-03
  -4.4311700e-03
  -2.5645700e-03
  -3.6136300e-04
   2.3926400e-03
   3.8308500e-03
   4.3367700e-03
   3.4646700e-03
   1.8061600e-03
   3.6286200e-04
  -3.1237300e-04
  -3.9498900e-04
  -1.9812500e-04
   7.8005900e-04
   1.7653800e-03
   2.6323900e-03
   2.0101900e-03
   8.1577700e-04
  -1.0691800e-03
  -1.2027900e-03
  -2.9703000e-04
  -3.8984600e-04
  -2.8682100e-04
  -4.2655700e-04
   3.1600800e-04
   6.7403200e-04
   1.1840400e-03
   1.9072200e-03
   2.5396300e-03
   2.6385700e-03
   2.5641200e-03
   2.6304200e-03
   2.5712600e-03
   2.6263500e-03
   2.5814700e-03
   2.5274200e-03
   8.3728300e-04
  -9.9463200e-04
  -1.9218100e-03
  -2.9938200e-03
  -3.1927200e-03
  -2.0717300e-03
  -1.3261100e-03
  -1.3199800e-03
  -1.1802400e-03
  -1.6635300e-04
   1.2137100e-03
   1.8930400e-03
   2.5621600e-03
   2.6243900e-03
   2.5907300e-03
   2.5999200e-03
   2.6223600e-03
   2.5407700e-03
   3.2374300e-03
   3.6393200e-03
   3.5740400e-03
   3.5312100e-03
   3.7882500e-03
   4.4828800e-03
   5.2213600e-03
   5.5273700e-03
   6.1628300e-03
   6.5453400e-03
   6.5739000e-03
   5.8140100e-03
   5.7018100e-03
   5.8935800e-03
   5.4855900e-03
   4.9562100e-03
   3.9290800e-03
   2.7112000e-03
   1.5830900e-03
   1.4586500e-03
   6.1307800e-04
   7.2018300e-04
   1.8962500e-03
   1.8697300e-03
   1.7616200e-03
   2.5296900e-03
   3.2263500e-03
   3.5864200e-03
   4.0178800e-03
   3.5711300e-03
   3.6323300e-03
   3.1764000e-03
   1.6147900e-03
   1.5209500e-03
   2.3379800e-03
   3.9230600e-03
   6.1884900e-03
   8.3478300e-03
   9.4525000e-03
   9.8115500e-03
   9.5432900e-03
   8.6905800e-03
   6.0008400e-03
   4.5330700e-03
   1.9249400e-03
   3.6638200e-04
   8.8862800e-04
   1.5924300e-03
   2.8337800e-03
   3.4009100e-03
   4.1771300e-03
   4.6677600e-03
   5.6459500e-03
   6.4609300e-03
   6.4109600e-03
   6.6129200e-03
   7.5156300e-03
   9.6902800e-03
   1.2441200e-02
   1.4955500e-02
   1.7129100e-02
   1.8185900e-02
   1.8191000e-02
   1.7610600e-02
   1.6374400e-02
   1.4446600e-02
   1.2468800e-02
   1.0527800e-02
   8.5418300e-03
   6.6272900e-03
   4.5801600e-03
   2.8992100e-03
   1.1101300e-03
  -1.3847800e-03
  -2.9535300e-03
  -4.2295500e-03
  -5.9819000e-03
  -6.9610900e-03
  -7.9596700e-03
  -8.9082600e-03
  -9.9496700e-03
  -1.0395400e-02
  -1.1983500e-02
  -1.3859300e-02
  -1.4915000e-02
  -1.6876500e-02
  -1.7502700e-02
  -1.7849500e-02
  -1.7580200e-02
  -1.6279700e-02
  -1.4931300e-02
  -1.4143800e-02
  -1.2391500e-02
  -1.0693200e-02
  -9.2947300e-03
  -7.1170300e-03
  -6.2796000e-03
  -5.2096100e-03
  -4.3987100e-03
  -5.0219200e-03
  -5.6461500e-03
  -6.5039600e-03
  -7.5668000e-03
  -8.3654500e-03
  -8.3348400e-03
  -8.3970500e-03
  -8.3021900e-03
  -8.5704400e-03
  -9.3170700e-03
  -9.9076500e-03
  -1.1165300e-02
  -1.2526000e-02
  -1.3768300e-02
  -1.5167700e-02
  -1.6243800e-02
  -1.6210200e-02
  -1.6225500e-02
  -1.6222400e-02
  -1.6239700e-02
  -1.6197900e-02
  -1.6818100e-02
  -1.7880900e-02
  -1.8849900e-02
  -1.9274200e-02
  -1.9018200e-02
  -1.8019600e-02
  -1.7695200e-02
  -1.6748700e-02
  -1.5545000e-02
  -1.4591300e-02
  -1.2428900e-02
  -1.0828500e-02
  -9.5586300e-03
  -7.7226200e-03
  -5.6050900e-03
  -4.4229000e-03
  -2.7908900e-03
  -1.3843100e-03
  -5.2851800e-04
   5.2413000e-04
   1.3197400e-03
   1.2840500e-03
   1.3340300e-03
   1.2555000e-03
   1.3666900e-03
   1.0933400e-03
   3.2732800e-04
   3.0183600e-04
  -1.0717500e-04
   1.7027300e-04
   5.2524200e-04
   1.2565900e-03
   1.1709200e-03
   6.1167200e-05
  -6.3854400e-04
  -8.5171600e-04
  -1.8421300e-03
  -2.6775000e-03
  -2.6428100e-03
  -2.6774800e-03
  -2.6713500e-03
  -2.6387000e-03
  -3.2782400e-03
  -3.7698700e-03
  -3.5832000e-03
  -3.7412900e-03
  -3.0691000e-03
  -1.9848300e-03
  -2.2224800e-03
  -3.0190900e-03
  -3.5739600e-03
  -4.3155000e-03
  -5.3028500e-03
  -6.2932600e-03
  -7.2867300e-03
  -7.6896200e-03
  -7.9670500e-03
  -8.3393400e-03
  -8.6361500e-03
  -8.5790200e-03
  -8.6463300e-03
  -8.4453800e-03
  -7.5232900e-03
  -5.9116900e-03
  -4.0154900e-03
  -3.1311500e-03
  -2.4814000e-03
  -1.8530700e-03
  -1.1798600e-03
  -1.6188800e-04
   9.1116100e-04
   2.9889100e-03
   4.2241400e-03
   5.7704700e-03
   7.7452000e-03
   7.9594100e-03
   8.5663200e-03
   9.1783300e-03
   1.0058600e-02
   1.0518600e-02
   1.0730800e-02
   1.1160200e-02
   1.1774300e-02
   1.2513800e-02
   1.2916700e-02
   1.2705600e-02
   1.1134800e-02
   9.0672500e-03
   7.1649600e-03
   5.6829100e-03
   5.1127400e-03
   4.3140900e-03
   3.9989200e-03
   3.8500100e-03
   3.0136200e-03
   3.0289300e-03
   3.0371000e-03
   2.9687700e-03
   3.6297400e-03
   4.1785100e-03
   5.6779200e-03
   7.2364900e-03
   7.7771000e-03
   8.5553700e-03
   8.9256400e-03
   8.8460900e-03
   8.4574800e-03
   8.3034700e-03
   8.9654600e-03
   1.0023200e-02
   1.0809600e-02
   1.0812700e-02
   1.0284400e-02
   8.8553600e-03
   5.9432600e-03
   3.1066500e-03
   1.3736900e-03
   3.2513700e-04
  -3.0832500e-05
   5.8938300e-05
  -1.4490900e-05
   7.8339900e-05
  -6.0300900e-04
  -1.0650600e-03
  -8.8756700e-04
  -1.0609600e-03
  -3.3164500e-04
   6.1084600e-04
   1.6981800e-03
   1.9501300e-03
   2.5386800e-03
   3.5831700e-03
   4.5705400e-03
   5.3702300e-03
   4.9918200e-03
   4.1248400e-03
   2.6356500e-03
   1.5371200e-03
  -1.1291500e-03
  -3.7862400e-03
  -4.4298500e-03
  -5.7323800e-03
  -5.6905500e-03
  -4.9846900e-03
  -4.7194800e-03
  -3.9728300e-03
  -3.8973400e-03
  -4.1421300e-03
  -4.9091600e-03
  -5.0672400e-03
  -6.0902900e-03
  -6.9113800e-03
  -6.8573100e-03
  -6.9633800e-03
  -6.2748700e-03
  -5.7189600e-03
  -4.7948200e-03
  -3.8370300e-03
  -2.3753600e-03
  -1.3941100e-03
  -3.3023500e-04
  -5.5842800e-05
   1.0226900e-04
   9.2134100e-04
   9.3155300e-04
   7.7040500e-04
  -2.1490200e-04
  -1.2267300e-03
  -2.0049800e-03
  -2.5924900e-03
  -3.1993700e-03
  -2.1508000e-03
  -1.4163900e-03
  -1.2164600e-03
  -3.7596400e-04
  -2.2011800e-05
  -1.2297900e-04
   8.7153100e-05
   9.2866600e-04
   8.5727800e-04
   9.4399100e-04
   8.2364300e-04
   1.0990600e-03
   1.8508100e-03
   1.8946800e-03
   1.8334900e-03
   1.9283700e-03
   1.6805200e-03
   7.9007200e-04
  -3.4415500e-04
  -4.2982200e-04
  -3.4049400e-05
   4.1680300e-04
   1.6459200e-03
   1.8417700e-03
   1.9366400e-03
   1.2124600e-03
   8.3302900e-04
   8.7078200e-04
   1.0482700e-03
   1.8571500e-03
   2.3212600e-03
   1.3706300e-03
   1.5378700e-04
  -6.7239900e-04
  -1.7913300e-03
  -2.1024100e-03
  -1.9157400e-03
  -9.0592600e-04
   2.2287600e-05
   1.4839600e-03
   2.5009100e-03
   3.0721300e-03
   3.7667600e-03
   4.3961100e-03
   4.9693700e-03
   3.5515800e-03
   1.5768800e-03
  -5.9775000e-04
  -2.3664200e-03
  -3.4965600e-03
  -4.8286700e-03
  -4.8990400e-03
  -5.6834000e-03
  -5.9689900e-03
  -6.1413500e-03
  -6.9726400e-03
  -6.3993800e-03
  -5.6537500e-03
  -5.1386400e-03
  -4.1788000e-03
  -2.8160700e-03
  -2.0592200e-03
  -1.5604200e-03
  -1.5178700e-04
   8.7740700e-04
   9.2740200e-04
   6.8975600e-04
  -9.1549600e-05
  -9.9695300e-05
  -1.0886100e-04
   4.5215400e-04
   1.5915100e-03
   2.4503600e-03
   3.0154600e-03
   2.5483100e-03
   1.9863100e-03
   1.6007600e-03
   9.9183500e-04
   6.2159000e-04
   5.4408500e-04
   1.0714400e-03
   2.0537100e-03
   2.8095500e-03
   3.4317600e-03
   4.4895200e-03
   5.4422100e-03
   6.0011900e-03
   6.8845200e-03
   7.8464000e-03
   6.9600300e-03
   5.5585700e-03
   4.2815400e-03
   3.1228400e-03
   2.2762500e-03
   1.1756900e-03
   7.4628400e-04
  -2.4820000e-04
  -1.5843800e-03
  -2.8787500e-03
  -4.6198700e-03
  -5.5949800e-03
  -6.6129200e-03
  -6.9801100e-03
  -6.8821700e-03
  -6.9392800e-03
  -6.8933600e-03
  -6.9382300e-03
  -6.7831700e-03
  -5.3194500e-03
  -4.3249400e-03
  -3.2794200e-03
  -2.9662700e-03
  -2.8571100e-03
  -1.9564400e-03
  -2.0849400e-03
  -1.3933600e-03
  -7.9358800e-04
  -7.0392100e-05
   6.8343900e-05
   1.1526200e-03
   1.8493000e-03
   2.5408700e-03
   2.9723500e-03
   2.9519600e-03
   4.5666400e-03
   4.8706200e-03
   4.9022500e-03
   4.2453900e-03
   3.7772300e-03
   4.0669200e-03
   5.0063600e-03
   6.0019000e-03
   6.8882900e-03
   6.6088300e-03
   5.9121800e-03
   5.2196200e-03
   4.8045000e-03
   4.8922300e-03
   4.9932300e-03
   6.0469100e-03
   6.9384000e-03
   8.5612400e-03
   1.0594100e-02
   1.2524000e-02
   1.3966300e-02
   1.4598700e-02
   1.4864900e-02
   1.5683000e-02
   1.5089400e-02
   1.4400900e-02
   1.3788900e-02
   1.3095300e-02
   1.2503700e-02
   1.1680600e-02
   9.8925600e-03
   6.9672200e-03
   5.1914200e-03
   3.1177700e-03
   2.7016300e-03
   1.3868700e-03
   5.8061000e-06
  -5.9699600e-04
  -9.5703900e-04
  -1.5771800e-03
  -1.8413400e-03
  -8.0296600e-04
   8.0355100e-04
   2.6263100e-03
   3.8115700e-03
   5.0131400e-03
   4.9254400e-03
   4.4042400e-03
   3.2455400e-03
   2.9538400e-03
   3.0109700e-03
   2.9742700e-03
   3.0171300e-03
   2.9763500e-03
   3.0243100e-03
   2.9774000e-03
   3.0396400e-03
   2.8683000e-03
   1.8360800e-03
   1.0925200e-03
   4.5707500e-04
  -4.4746800e-05
   2.8677200e-04
   1.1660300e-03
   2.7623500e-03
   4.8809100e-03
   6.1120600e-03
   7.1586100e-03
   7.8389600e-03
   8.7085400e-03
   8.4418900e-03
   7.7342400e-03
   6.8214900e-03
   5.9741900e-03
   5.3505200e-03
   4.7976300e-03
   5.0083600e-03
   4.2086400e-03
   3.7836600e-03
   3.8825900e-03
   3.6072400e-03
   2.7580300e-03
   2.7959500e-03
   2.1139000e-03
   1.4783300e-03
   5.8382700e-04
  -8.8311900e-04
  -2.1146000e-03
  -3.5262700e-03
  -4.2414100e-03
  -4.3156400e-03
  -4.3050600e-03
  -4.3443400e-03
  -4.3535300e-03
  -4.3700900e-03
  -4.4060500e-03
  -4.3697200e-03
  -4.6004100e-03
  -5.3933400e-03
  -5.5589700e-03
  -6.4171200e-03
  -6.8960700e-03
  -7.7041900e-03
  -8.1686600e-03
  -8.6137300e-03
  -9.0144000e-03
  -8.4990600e-03
  -9.2603000e-03
  -8.7103600e-03
  -7.9670700e-03
  -7.4402500e-03
  -6.6565200e-03
  -6.1911500e-03
  -5.3077400e-03
  -5.6407300e-03
  -6.1302900e-03
  -5.3914700e-03
  -5.3547400e-03
  -5.3751200e-03
  -5.3445500e-03
  -5.3279100e-03
  -5.8807100e-03
  -6.4054500e-03
  -5.9870400e-03
  -5.3580500e-03
  -4.7034500e-03
  -3.6932600e-03
  -3.2366000e-03
  -2.2784000e-03
  -2.0870100e-03
  -3.1039800e-03
  -3.9785800e-03
  -4.8627600e-03
  -5.9571700e-03
  -7.1727400e-03
  -8.4119000e-03
  -8.8226400e-03
  -9.0211000e-03
  -9.1584300e-03
  -8.5899600e-03
  -8.4404800e-03
  -7.3617400e-03
  -6.6995400e-03
  -6.4101300e-03
  -5.6693700e-03
  -5.6039800e-03
  -5.6036400e-03
  -5.5060900e-03
  -5.5472200e-03
  -5.3902300e-03
  -5.5265300e-03
  -5.0977100e-03
  -5.1083400e-03
  -4.7380600e-03
  -4.8270100e-03
  -5.3327600e-03
  -5.0662000e-03
  -5.1703500e-03
  -4.9917800e-03
  -5.0826100e-03
  -4.4074900e-03
  -3.5138000e-03
  -2.9349500e-03
  -2.3631400e-03
  -1.6921400e-03
  -1.3531300e-03
  -9.9520100e-04
  -1.2979100e-03
  -1.3134000e-03
  -1.8039600e-03
  -2.2961200e-03
  -3.0207300e-03
  -3.6995900e-03
  -3.6181100e-03
  -3.9396000e-03
  -3.6385500e-03
  -3.2830700e-03
  -2.6690000e-03
  -2.5253700e-03
  -2.6200300e-03
  -2.3662300e-03
  -3.1654100e-03
  -3.9845800e-03
  -4.4149300e-03
  -4.7347200e-03
  -4.0953400e-03
  -3.1780600e-03
  -2.4413900e-03
  -1.3724300e-03
  -4.4016900e-04
  -4.7915000e-04
  -4.0866000e-04
  -4.2531700e-04
  -3.2428400e-04
  -8.3569000e-04
  -1.1036400e-03
  -1.4442800e-03
  -1.8542800e-03
  -1.5843500e-03
  -1.7422000e-03
  -1.3851900e-03
  -8.8027400e-04
  -6.1593700e-04
   5.7686000e-05
   9.0150700e-04
   1.8212800e-03
   2.8817400e-03
   3.5783900e-03
   3.7370400e-03
   3.8410300e-03
   3.3500700e-03
   2.4504100e-03
   1.4795900e-03
   5.8541000e-04
   3.5886500e-05
   1.0711500e-04
   6.1823700e-05
   1.9777300e-04
  -3.0626000e-04
  -5.0120800e-04
  -4.7198900e-04
  -2.8039500e-04
   2.6825100e-04
   3.4541200e-04
   2.0068400e-04
  -2.5837300e-04
  -3.6751000e-04
  -8.5193600e-04
  -8.2064000e-04
  -6.5830600e-04
  -5.4450500e-05
  -1.4860300e-04
  -7.3128700e-04
  -1.2889600e-03
  -2.1338900e-03
  -2.4417300e-03
  -2.8268600e-03
  -2.6286000e-03
  -2.0352900e-03
  -1.6315500e-03
  -1.1019800e-03
  -6.8950600e-04
  -5.1697700e-04
  -6.5329000e-04
  -1.0067100e-03
  -1.3015800e-03
  -1.8903700e-03
  -1.6329200e-03
  -1.1422600e-03
  -6.0972500e-04
   7.2612300e-05
   8.7330200e-04
   1.5522100e-03
   2.0403600e-03
   2.7455800e-03
   3.4805700e-03
   3.8607000e-03
   3.8555800e-03
   3.8102000e-03
   3.8100200e-03
   3.7452400e-03
   3.7800400e-03
   3.5942900e-03
   3.2746300e-03
   3.4584900e-03
   3.5602000e-03
   4.0154600e-03
   4.6752000e-03
   5.2368000e-03
   5.8333000e-03
   6.3644300e-03
   6.7104600e-03
   7.0966200e-03
   7.3345800e-03
   7.4818600e-03
   7.6602900e-03
   7.8189100e-03
   7.6921400e-03
   7.5232900e-03
   7.1284400e-03
   6.3863800e-03
   5.4869300e-03
   4.9203500e-03
   4.4103300e-03
   3.8560200e-03
   3.6386000e-03
   3.5772600e-03
   3.5110900e-03
   3.2229200e-03
   3.3400400e-03
   3.2460200e-03
   3.4652400e-03
   3.5021900e-03
   3.7151700e-03
   4.1945900e-03
   4.4154100e-03
   4.6763800e-03
   5.1168800e-03
   5.0933600e-03
   5.1683700e-03
   5.1630300e-03
   5.0292700e-03
   5.1796000e-03
   5.0359500e-03
   5.4020400e-03
   5.3667800e-03
   5.1125600e-03
   4.9860300e-03
   4.6747900e-03
   4.2695500e-03
   3.8528800e-03
   3.3659600e-03
   2.8596700e-03
   2.6158300e-03
   2.4870900e-03
   2.2200200e-03
   1.9981700e-03
   1.7528800e-03
   1.6802700e-03
   1.3290000e-03
   1.1111900e-03
   8.3698200e-04
   5.8189100e-04
   5.4000000e-04
   4.0562700e-04
   3.3414500e-04
   2.2730700e-04
   9.7961500e-05
  -2.3101200e-04
  -4.3095700e-04
  -8.7373900e-04
  -1.3511000e-03
  -1.7174400e-03
  -2.1808600e-03
  -2.4758800e-03
  -2.9405500e-03
  -2.9750800e-03
  -3.1021000e-03
  -3.1742400e-03
  -3.1401800e-03
  -3.3345200e-03
  -3.2267900e-03
  -3.4101900e-03
  -3.6018600e-03
  -3.6516400e-03
  -3.7320300e-03
  -3.7924900e-03
  -3.7261800e-03
  -3.6338300e-03
  -3.5598500e-03
  -3.4729900e-03
  -3.3962000e-03
  -3.3145800e-03
  -3.2327400e-03
  -3.1624200e-03
  -3.0443200e-03
  -2.8274900e-03
  -2.6584900e-03
  -2.4735100e-03
  -2.3084500e-03
  -2.2408000e-03
  -2.2047200e-03
  -2.1382300e-03
  -2.1916900e-03
  -2.3005000e-03
  -2.3753400e-03
  -2.4680000e-03
  -2.4252300e-03
  -2.4358800e-03
  -2.4088900e-03
  -2.3910200e-03
  -2.3782500e-03
  -2.2484900e-03
  -2.2592400e-03
  -2.2171400e-03
  -2.0406700e-03
  -2.0849600e-03
  -2.0592700e-03
  -2.0708200e-03
  -2.0456300e-03
  -2.0178300e-03
  -1.9230500e-03
  -1.7180600e-03
  -1.5048400e-03
  -1.2910500e-03
  -1.1910700e-03
  -1.0680800e-03
  -9.9251500e-04
  -9.3224400e-04
  -9.1143800e-04
  -7.9212500e-04
  -6.5728900e-04
  -5.6872800e-04
  -4.2878500e-04
  -3.8956700e-04
  -3.8784700e-04
  -3.2686600e-04
  -2.6145300e-04
  -2.0434000e-04
  -1.4271800e-04
  -5.2191400e-05
   8.9489700e-05
   2.1148400e-04
   3.0505500e-04
   4.1734800e-04
   4.7460000e-04
   5.2759200e-04
   5.3947600e-04
   5.7130500e-04
   5.5911100e-04
   5.6140200e-04
   5.6985000e-04
   5.7843900e-04
   5.5442600e-04
   5.4421000e-04
   5.5696100e-04
   5.7023400e-04
   6.1007700e-04
   6.0939400e-04
   6.1381000e-04
   5.9277300e-04
   5.7822100e-04
   5.9066600e-04
   5.9526400e-04
   6.1868400e-04
   6.2111400e-04
   6.2463100e-04
   6.2816300e-04
   6.2232400e-04
   6.2996500e-04
   6.2142700e-04
   6.2240900e-04
   6.1735500e-04
   6.1658400e-04
   6.1108000e-04
   5.9969900e-04
   5.9151800e-04
   5.7001300e-04
   5.4286100e-04
   5.0534000e-04
   4.6767300e-04
   4.3237700e-04
   3.9702800e-04
   3.6762100e-04
   3.4046400e-04
   3.2454000e-04
   3.0533200e-04
   2.9068700e-04
   2.7588200e-04
   2.6130300e-04
   2.4224300e-04
   2.2338600e-04
   2.0498600e-04
   1.8313000e-04
   1.6440300e-04
   1.4439100e-04
   1.2710600e-04
   1.0978200e-04
   9.2334500e-05
   7.5886300e-05
   5.9163600e-05
   4.1524700e-05
   2.4947400e-05
   9.2833400e-06
  -5.5357800e-06
  -1.9208500e-05
  -3.1949400e-05
  -4.3960700e-05
  -5.5212100e-05
