  -1.1003300e-04
   2.1226500e-04
   3.1628300e-04
  -1.7741900e-04
   2.0403900e-04
   3.1927700e-04
  -1.5300500e-04
   2.4453700e-05
  -1.1530800e-04
   2.2370500e-05
  -1.4289100e-04
   1.9164700e-04
   7.5160600e-04
  -5.0135500e-05
  -4.5056900e-05
  -5.1198200e-05
  -5.0199500e-05
  -4.8180800e-05
  -5.2282000e-05
  -4.6183100e-05
  -5.6404200e-05
  -4.2145300e-05
  -6.2566300e-05
  -3.1987300e-05
  -8.3008200e-05
   4.1779100e-04
   5.6900600e-06
  -6.1650700e-05
  -6.1671500e-05
  -2.1912200e-05
  -1.1985300e-04
   1.8000700e-04
   3.1768600e-04
  -1.4847500e-04
   1.4449400e-06
  -9.0375500e-05
  -2.6135900e-05
  -7.4096200e-05
  -3.9436500e-05
  -6.4956800e-05
  -4.8657000e-05
  -5.7857200e-05
  -5.4817300e-05
  -5.2797400e-05
  -6.0977500e-05
  -4.7737500e-05
  -6.6117400e-05
  -4.4717300e-05
  -7.2277200e-05
  -4.0677000e-05
  -7.7416800e-05
  -3.4596600e-05
  -8.5616300e-05
  -2.6475900e-05
  -9.8915500e-05
  -5.0950700e-06
  -1.4485500e-04
   1.8458600e-04
   3.0288700e-04
  -1.5613300e-04
   2.9677500e-06
  -1.2761200e-04
   4.4152900e-04
  -6.0330000e-05
   1.2937100e-04
   3.4763200e-04
  -2.0726700e-04
   5.4853500e-05
  -2.0118600e-04
   2.2617500e-04
   2.5267700e-04
  -1.1148200e-04
  -6.1521100e-05
  -5.1339900e-05
  -9.9298600e-05
  -1.4657400e-05
  -1.5951600e-04
   1.9032500e-04
   2.7190700e-04
  -1.3305200e-04
  -5.2490300e-05
  -6.2708700e-05
  -9.8427200e-05
  -1.9905500e-05
  -1.6578400e-04
   1.9119800e-04
   2.5748000e-04
  -1.1687900e-04
  -1.0465700e-04
   1.3094500e-04
   3.1860700e-04
  -1.9753100e-04
   1.4611000e-05
  -1.8124700e-04
   1.7471500e-04
   2.8485700e-04
  -1.7824100e-04
  -1.0978400e-05
  -1.4461600e-04
  -1.1013900e-05
  -1.7933100e-04
   1.7357100e-04
   2.6943300e-04
  -1.6816400e-04
  -3.6601800e-05
  -1.2025900e-04
  -5.6016700e-05
  -1.1519400e-04
  -5.9111400e-05
  -1.1828900e-04
  -5.6086000e-05
  -1.2648300e-04
  -4.0820400e-05
  -1.6833700e-04
   1.4070500e-04
   2.8858800e-04
  -2.1428900e-04
   9.0743000e-06
  -2.2860300e-04
   6.2614000e-04
   3.2012400e-04
  -2.0111300e-04
  -4.5070000e-05
  -1.2770700e-04
  -8.6923400e-05
  -9.3060100e-05
  -1.4305700e-04
   1.0172700e-04
   3.0163000e-04
  -2.4102600e-04
   7.8371700e-06
  -2.3187900e-04
   1.7610400e-04
   2.2300800e-04
  -1.6460800e-04
  -9.1184600e-05
  -1.0038100e-04
  -1.5037700e-04
   8.9306900e-05
   3.0757100e-04
  -2.8710500e-04
   1.8615900e-04
   2.1164300e-04
  -1.7189300e-04
  -8.9289200e-05
  -1.2602500e-04
  -1.1176100e-04
  -1.1279700e-04
  -1.2607300e-04
  -1.0262800e-04
  -1.3936400e-04
  -8.8379500e-05
  -1.5979500e-04
  -6.2910700e-05
  -2.1388600e-04
   1.3493800e-04
   2.2570300e-04
  -1.9761300e-04
  -8.8488000e-05
  -1.4562300e-04
  -1.0789900e-04
  -1.4667400e-04
   3.2455100e-04
  -4.5724300e-05
  -1.7017900e-04
  -9.5734600e-05
  -1.5593000e-04
  -1.0494500e-04
  -1.5188000e-04
  -1.1211500e-04
  -1.4681000e-04
  -1.1928400e-04
  -1.4071900e-04
  -1.2951400e-04
  -1.3258900e-04
  -1.4076400e-04
  -1.2241800e-04
  -1.5609300e-04
  -1.0612800e-04
  -1.7958200e-04
  -7.4536800e-05
  -2.3877100e-04
   1.3249400e-04
   1.8552000e-04
  -1.7455500e-04
  -1.7966900e-04
   7.8376700e-05
   2.3340200e-04
  -2.3683200e-04
  -9.6086100e-05
  -1.6750000e-04
  -1.3487400e-04
  -1.3896900e-04
  -1.6550300e-04
  -1.0431700e-04
  -2.2673100e-04
   1.0373500e-04
   1.9450100e-04
   2.1794800e-04
  -2.5846300e-05
  -2.1456000e-04
  -1.0441400e-04
  -1.8296800e-04
  -1.2484100e-04
  -1.7075500e-04
  -1.3506900e-04
  -1.6466200e-04
  -1.4223600e-04
  -1.6060900e-04
  -1.4838300e-04
  -1.5655600e-04
  -1.5249000e-04
  -1.5454300e-04
  -1.5761700e-04
  -1.5049000e-04
  -1.6886300e-04
   2.7788400e-04
   3.7171000e-04
  -1.1688300e-04
  -1.6891600e-04
  -1.5566900e-04
  -1.5670200e-04
  -1.6283500e-04
  -1.5162800e-04
  -1.7102100e-04
  -1.4451400e-04
  -1.8124700e-04
  -1.3230000e-04
  -1.9963300e-04
  -1.0580500e-04
  -2.5269800e-04
   9.3069000e-05
   1.8383600e-04
  -2.3335600e-04
  -1.3646900e-04
  -1.6912200e-04
  -1.7321400e-04
  -1.3854700e-04
  -2.1709900e-04
   2.3608400e-05
   8.0899600e-04
   8.3550400e-04
   7.9775100e-04
   8.5383900e-04
   7.7222700e-04
   8.9971400e-04
   1.7754200e-04
  -2.3863000e-04
  -1.2848200e-04
  -2.0601400e-04
   2.9785400e-04
  -1.0301800e-04
  -1.9381000e-04
  -1.5608200e-04
  -1.7445400e-04
  -1.7038600e-04
  -1.6223800e-04
  -1.8367000e-04
  -1.4900200e-04
  -2.0103300e-04
  -1.2658500e-04
  -2.4287700e-04
   3.7611400e-05
   7.7506000e-04
   8.7602800e-04
   6.1693600e-04
  -1.5113500e-04
  -1.9704600e-04
  -1.3993800e-04
  -2.1848900e-04
  -1.0426100e-04
  -3.7559200e-04
  -1.1344800e-03
  -1.1967100e-03
  -1.0090500e-03
  -2.2717400e-05
   8.6263100e-04
   6.2292000e-04
  -1.6045100e-04
  -2.0942200e-04
   7.8268100e-06
   2.7811600e-04
  -5.1341500e-04
  -8.9388600e-04
  -3.8083700e-04
  -1.0438500e-03
   3.2241000e-05
   7.6765000e-04
   8.8391900e-04
   1.6990900e-04
  -2.3912200e-04
  -1.6161300e-04
  -1.5652400e-04
  -2.4731400e-04
   5.0441500e-04
   1.6882400e-04
  -1.4295300e-03
  -2.4327700e-04
   7.9507300e-04
   8.8278200e-04
   1.6265200e-04
  -2.2189900e-04
  -6.0440900e-04
  -2.5659900e-04
  -1.4951000e-04
  -1.7400000e-04
  -2.0257000e-04
  -9.8540500e-05
  -8.4621100e-04
  -1.0441000e-03
  -6.9629100e-04
  -1.3725600e-03
  -4.2703100e-04
  -1.8428100e-04
  -1.2411100e-04
  -2.5366100e-04
  -4.1511200e-05
  -9.1056100e-04
  -5.5765100e-04
   2.8077900e-04
   5.6126900e-04
   2.2058000e-04
  -1.1603000e-04
   8.7234000e-04
   8.0705000e-04
   2.4298100e-04
  -3.0476900e-04
  -7.4258600e-05
  -2.7826800e-04
   4.8162200e-04
   8.8655300e-04
   7.6312300e-04
   8.8857400e-04
   1.8374400e-04
  -2.5486500e-04
  -1.2125400e-04
  -2.0898400e-04
  -1.3657300e-04
  -2.0390300e-04
  -1.3455200e-04
  -2.2024100e-04
   1.0898400e-06
   8.4870100e-04
   6.5489100e-04
   1.1938200e-04
  -1.1036100e-03
  -1.1434000e-03
  -1.2290800e-03
  -3.9779400e-04
   1.4708400e-03
   2.4877700e-03
   2.2939600e-03
   1.0934100e-03
   2.0294200e-04
  -2.7850700e-04
  -1.0409600e-04
  -1.1226500e-04
   1.0770500e-03
   1.7074000e-03
   2.0399100e-03
   2.6264000e-03
   1.6747300e-03
   6.4146300e-04
  -1.6230500e-04
  -1.7353400e-04
  -1.3376200e-04
  -7.4781100e-04
  -1.3118800e-03
  -8.7226800e-04
  -7.9067600e-04
  -1.7933400e-03
  -2.2737700e-03
  -1.8810800e-03
  -8.3558900e-04
  -3.4701700e-04
  -2.7766600e-04
   6.0462600e-04
   4.6678000e-05
  -1.1977300e-03
  -1.2059000e-03
  -5.8406300e-05
   3.5876600e-04
   5.2195800e-04
   8.0857000e-04
   1.4868600e-03
   1.2675500e-03
   7.2286600e-04
   8.3505800e-04
   9.9723000e-04
   1.6714400e-03
   7.9831500e-04
   8.4114700e-04
   8.2481900e-04
   8.2379100e-04
   7.3606300e-04
  -3.9920400e-04
  -1.0601700e-03
  -1.2723400e-03
  -4.3492700e-04
  -1.9727400e-04
   9.1378000e-05
   1.5563100e-04
  -3.8177000e-05
   2.9637500e-04
  -3.4317200e-04
   3.3200700e-05
  -1.0194500e-03
  -2.1761300e-03
  -2.0190600e-03
  -8.0628900e-04
   9.4606400e-04
   2.4475000e-03
   2.8656900e-03
   2.8208000e-03
   2.1057700e-03
   5.0844800e-04
  -4.3378800e-05
  -2.4738600e-04
  -1.4743300e-04
  -1.9222400e-03
  -1.8957300e-03
  -1.2847500e-03
  -6.7276100e-04
   1.1161200e-04
   5.5020500e-04
   1.9822800e-03
   1.1999300e-03
   4.5284800e-05
  -1.3959800e-03
  -1.9763700e-03
  -9.3903500e-04
  -1.9648200e-04
  -5.4708800e-05
  -8.4929600e-04
  -4.8720200e-04
   1.7027300e-03
   3.4703800e-03
   3.3337000e-03
   2.0362500e-03
   1.8363200e-03
   2.3045000e-03
   3.6814900e-03
   2.8634500e-03
   7.0817900e-04
   1.0631300e-03
   1.8138500e-03
   1.8128200e-03
   2.3646300e-03
   4.0935300e-03
   4.9564400e-03
   1.6291900e-03
  -2.2723100e-03
  -4.2470400e-03
  -5.0161200e-03
  -3.1862500e-03
  -2.7109600e-04
   1.3496800e-03
   8.8251200e-04
   8.8556600e-04
  -2.7520000e-04
  -2.0316500e-03
  -1.3186700e-03
   7.8722400e-05
   8.6003700e-04
   7.1009100e-04
  -3.0175500e-04
  -1.1544800e-03
  -9.6476700e-04
  -9.2672600e-05
  -2.3955800e-04
   1.1558000e-03
   4.2831100e-03
   4.2310800e-03
   1.1802600e-03
  -1.3646500e-03
  -2.1511200e-04
   7.3654200e-04
  -1.8146400e-04
  -7.5389100e-05
  -2.1513500e-04
   5.1212000e-04
   9.2623400e-04
   7.4568900e-04
  -9.9953700e-04
  -3.8657400e-03
  -3.9198100e-03
  -3.0528100e-03
  -3.7433600e-03
  -6.5279600e-03
  -8.6699700e-03
  -7.2001500e-03
  -3.5985400e-03
  -1.3565800e-03
  -1.0842500e-03
  -1.1383100e-03
  -1.5198000e-04
   1.6003800e-03
   8.8943000e-04
  -8.9149500e-04
  -2.8295000e-03
  -2.8743900e-03
  -1.9893000e-04
   2.6101400e-03
   2.5968800e-03
   1.6315500e-04
   6.2521000e-04
   3.9422400e-03
   6.3576000e-03
   6.9930600e-03
   5.9526500e-03
   4.1044100e-03
   1.8542800e-03
  -8.3036400e-04
  -1.2452800e-04
   1.2536700e-04
  -2.7039800e-04
   2.8457500e-05
  -3.5608700e-04
  -1.0741700e-03
  -5.6927600e-04
   6.2411900e-04
   8.1689500e-04
  -8.0899000e-04
  -1.4352700e-03
  -3.0244400e-03
  -4.2545600e-03
  -4.4371500e-03
  -3.4140900e-03
   6.2306300e-04
   3.5851400e-03
   3.2097700e-03
   9.4843000e-04
  -1.3073400e-04
  -7.2598400e-05
   2.3645700e-04
   9.0251300e-04
   2.9965700e-03
   2.5977400e-03
   1.9816600e-03
   1.1136400e-03
  -7.9478800e-04
  -1.0620300e-03
   8.3210400e-04
   3.5850800e-03
   3.3525200e-03
   2.0805700e-03
   1.9877500e-03
   5.0772400e-04
  -1.4180400e-03
  -2.5053600e-03
  -3.8711500e-03
  -3.8415700e-03
  -3.1663400e-03
  -4.7616200e-03
  -6.6669800e-03
  -5.0298900e-03
  -5.7555100e-04
   1.6103000e-03
   1.9632200e-03
   1.7031200e-03
   9.0037400e-04
   9.0751000e-04
   9.1770600e-04
   2.8428300e-04
  -2.6084400e-03
  -4.0140000e-03
  -2.7991900e-03
  -2.0046100e-03
  -2.7061500e-04
   1.5378400e-03
   2.6771800e-03
   4.0572300e-03
   3.0963900e-03
   3.6165900e-03
   5.0139800e-03
   4.1949200e-03
   3.3014000e-03
   1.5235300e-03
  -1.0519700e-03
  -1.9016300e-03
  -5.1035600e-04
   7.8096000e-04
   1.9947600e-03
   1.8142100e-03
   2.0457500e-03
   1.0706300e-03
  -1.7377600e-04
  -2.4871400e-03
  -6.0306200e-03
  -6.8782400e-03
  -7.2015900e-03
  -7.3872300e-03
  -6.1428300e-03
  -4.3466200e-03
  -3.7774600e-03
  -3.0614200e-03
  -2.3617100e-03
   8.8330400e-05
   3.8633500e-03
   6.0543000e-03
   4.9017000e-03
   2.1436200e-03
   6.3835800e-05
  -5.5428700e-04
   7.0031000e-04
   1.4540900e-03
   2.7494800e-03
   2.1211600e-03
   1.3806400e-03
   2.7250000e-03
   2.8555500e-03
   3.1064700e-03
   3.9153300e-03
   3.1605200e-03
  -7.7769700e-04
  -3.5276200e-03
  -2.9982400e-03
  -1.1275700e-03
  -6.2062800e-04
  -6.0023000e-04
   8.4102700e-04
   2.6709000e-03
   4.6140000e-03
   5.3881800e-03
   4.3294200e-03
   1.3887500e-03
  -1.9836800e-04
   7.3289000e-04
   2.7269900e-03
   4.6986500e-03
   6.6794800e-03
   8.0309800e-03
   7.1058400e-03
   7.4648800e-03
   8.3798100e-03
   7.2659700e-03
   1.9211700e-03
  -1.2612300e-03
  -1.0052200e-03
  -2.7025000e-03
  -2.8657000e-03
   5.2579800e-04
   1.2224600e-03
  -1.9477100e-03
  -3.6562100e-03
  -5.7686300e-03
  -5.2504700e-03
  -3.0615600e-03
  -2.5230000e-03
  -3.1747800e-03
  -2.1853800e-03
  -2.0760300e-04
   1.1877500e-03
   3.3093500e-03
   3.9958100e-03
   2.2862900e-03
  -2.6831500e-03
  -5.6860300e-03
  -5.3810600e-03
  -1.5621800e-03
   5.3972800e-03
   7.9411600e-03
   5.5217200e-03
   2.4739500e-03
   4.9923300e-04
  -5.1362900e-04
  -3.3309100e-04
   2.6238900e-03
   5.0453700e-03
   2.2730000e-03
  -2.6627800e-03
  -6.2552200e-03
  -9.6171400e-03
  -1.1967200e-02
  -1.1668400e-02
  -1.0191400e-02
  -7.3813100e-03
  -3.2258300e-03
  -7.5845000e-04
   1.6668800e-04
   3.4314700e-04
  -2.0140800e-03
  -4.6191600e-03
  -4.3764000e-03
  -8.1353900e-04
   4.1956800e-03
   6.0429000e-03
   3.4255800e-03
  -1.0950700e-03
  -3.3258100e-03
  -1.3255900e-03
   1.8486500e-03
   3.6081500e-03
   4.5414500e-03
   6.2173100e-03
   7.0139300e-03
   4.9994300e-03
   4.1008000e-03
   4.8831400e-03
   3.0583600e-03
   1.4626000e-04
  -1.5724400e-03
  -2.7403400e-03
  -4.7477000e-03
  -6.1512200e-03
  -6.2613900e-03
  -3.1901700e-03
   1.5018300e-03
   3.7325700e-03
   3.4388100e-03
   1.6680900e-03
  -1.8050100e-03
  -5.3790900e-03
  -6.6846900e-03
  -3.1799700e-03
   2.7880400e-03
   5.0177600e-03
   5.0034800e-03
   6.3203000e-03
   7.8880400e-03
   7.8584600e-03
   5.5757000e-03
   3.1991000e-03
   5.4624800e-03
   8.8907000e-03
   9.7750300e-03
   8.0981500e-03
   4.3221100e-03
   1.1978500e-03
   1.6884700e-03
   3.7835500e-03
   3.1756300e-03
  -5.8817000e-04
  -3.8440100e-03
  -5.0435300e-03
  -6.6510500e-03
  -1.1657200e-02
  -1.8762500e-02
  -2.0769900e-02
  -1.8243300e-02
  -1.4185800e-02
  -1.5363900e-02
  -2.2798700e-02
  -2.7613100e-02
  -2.6570600e-02
  -2.4638800e-02
  -2.7068400e-02
  -3.0743500e-02
  -3.2456000e-02
  -3.2646800e-02
  -3.1639000e-02
  -2.8082300e-02
  -2.3854400e-02
  -1.8595300e-02
  -1.3414700e-02
  -9.3091800e-03
  -4.4988600e-03
   3.7957800e-03
   1.4377300e-02
   1.9813900e-02
   1.5782800e-02
   8.3521100e-03
   9.0222500e-03
   1.7694300e-02
   2.3256300e-02
   2.6283700e-02
   3.1982500e-02
   3.7795400e-02
   4.1437800e-02
   3.9229500e-02
   2.7397600e-02
   7.0638500e-03
  -1.2332500e-02
  -2.2819100e-02
  -2.5782200e-02
  -2.0484300e-02
  -1.1018700e-02
  -5.6606500e-03
  -5.7697900e-03
  -7.6068100e-03
  -1.2218200e-02
  -1.7301900e-02
  -1.9009400e-02
  -1.9488800e-02
  -1.8723800e-02
  -1.8650300e-02
  -1.6229900e-02
  -1.0211900e-02
  -4.2520300e-03
  -3.5472100e-03
  -5.8075300e-03
  -6.9897100e-03
  -5.4790900e-03
  -1.1257300e-03
   4.0762700e-03
   9.3965900e-03
   1.7626000e-02
   2.6946700e-02
   2.9520200e-02
   2.2951400e-02
   1.0845000e-02
   8.6327400e-04
  -4.5080400e-03
  -7.6260500e-04
   1.5482900e-02
   3.3152400e-02
   4.2760800e-02
   4.2642500e-02
   3.5873800e-02
   2.4003000e-02
   9.7923600e-03
   6.8171700e-04
  -1.6612200e-03
  -1.9968000e-03
   1.4089800e-03
   1.3944800e-02
   2.7573000e-02
   3.3451300e-02
   2.7298600e-02
   1.4205900e-02
   5.4828600e-03
   1.4079600e-03
  -5.2067400e-03
  -1.6395100e-02
  -2.5850500e-02
  -2.5611800e-02
  -1.6456300e-02
  -6.8367000e-03
  -3.0025100e-03
  -3.7256900e-03
  -5.0506700e-03
  -4.1622500e-03
  -1.6122500e-03
   1.6456300e-03
   5.4022900e-03
   7.1679100e-03
   2.4279700e-03
  -6.9733700e-03
  -1.3618700e-02
  -1.5859600e-02
  -1.6339000e-02
  -2.1999000e-02
  -2.9987600e-02
  -3.0142700e-02
  -1.8647300e-02
  -7.4323600e-03
  -2.3435800e-03
   8.1331700e-04
   9.1837800e-04
  -1.8723400e-03
  -8.2585600e-03
  -1.6952000e-02
  -2.0949400e-02
  -1.5393500e-02
  -5.0822800e-03
  -2.3076300e-05
  -2.9953500e-03
  -3.3513300e-03
   1.2029700e-03
   3.7570500e-03
   6.5467500e-03
   1.1411100e-02
   1.0930700e-02
   5.8358100e-03
   6.1622100e-03
   1.2669800e-02
   1.8145200e-02
   2.3720500e-02
   2.9815000e-02
   3.2345600e-02
   2.9242800e-02
   1.9611900e-02
   1.1374400e-02
   8.6479600e-03
   1.2821800e-02
   2.0968500e-02
   2.8767500e-02
   3.6017600e-02
   4.1546000e-02
   4.3617700e-02
   4.0573000e-02
   3.3552300e-02
   2.4112200e-02
   1.3175800e-02
   8.0349500e-03
   1.2205700e-02
   1.9924100e-02
   2.7150800e-02
   3.5154700e-02
   4.3801300e-02
   4.6597100e-02
   3.5768800e-02
   2.3118700e-02
   1.5928700e-02
   8.7132600e-03
   4.2976800e-03
  -2.2160300e-03
  -1.1739800e-02
  -1.9253100e-02
  -1.9855900e-02
  -1.5178200e-02
  -1.1252200e-02
  -5.3749600e-03
   4.3833800e-03
   1.7465900e-02
   2.9635500e-02
   3.5543400e-02
   3.0523900e-02
   1.1966100e-02
  -1.4478500e-02
  -3.9946800e-02
  -5.8251700e-02
  -6.4065800e-02
  -5.2484700e-02
  -2.7417200e-02
  -4.5048900e-03
   9.7016700e-03
   2.0530000e-02
   2.3156500e-02
   1.5450400e-02
   7.8484000e-04
  -1.5264900e-02
  -2.5805500e-02
  -2.7096900e-02
  -2.3059700e-02
  -2.4390800e-02
  -3.2744600e-02
  -4.3223100e-02
  -4.5469100e-02
  -3.7178500e-02
  -2.6047300e-02
  -1.7140600e-02
  -1.4996600e-02
  -1.8478900e-02
  -2.6491000e-02
  -3.6748100e-02
  -4.4848900e-02
  -4.8214900e-02
  -4.4565300e-02
  -3.3166800e-02
  -2.4281600e-02
  -2.4561100e-02
  -2.4894700e-02
  -1.6080800e-02
  -1.3856800e-03
   6.3428600e-03
   1.9119800e-03
  -7.5699400e-03
  -1.2599600e-02
  -1.3001400e-02
  -9.7435500e-03
  -5.3973300e-03
  -8.9300900e-04
   9.2565300e-04
  -3.1604700e-03
  -8.4267200e-03
  -1.4306000e-02
  -2.5174100e-02
  -3.8309700e-02
  -4.2591600e-02
  -2.9824300e-02
  -2.1057700e-03
   2.6107400e-02
   4.4380700e-02
   4.7382600e-02
   3.7680400e-02
   2.6443000e-02
   1.6812200e-02
   8.5807800e-03
   7.8061500e-05
  -7.4781000e-03
  -8.2125000e-03
  -1.8446300e-03
   7.0783300e-03
   1.4702800e-02
   2.1157400e-02
   2.5497500e-02
   2.3270800e-02
   1.2901500e-02
   2.5781000e-03
  -6.9915800e-04
  -3.2491600e-03
  -9.4905300e-03
  -1.2101700e-02
  -1.1313300e-02
  -1.0254500e-02
  -7.5423200e-03
  -5.2371200e-03
  -2.5994000e-03
   1.6172800e-03
   7.0090000e-03
   1.0783000e-02
   1.1569400e-02
   1.0444400e-02
   8.5726700e-03
   7.2354500e-03
   6.0420500e-03
   5.8523400e-03
   8.0514600e-03
   1.1397100e-02
   1.4596800e-02
   1.4914000e-02
   7.7862700e-03
  -6.2601500e-03
  -1.9555800e-02
  -2.2932000e-02
  -2.1189900e-02
  -2.3147300e-02
  -2.8783800e-02
  -3.4426400e-02
  -3.5344400e-02
  -2.9849700e-02
  -1.4336500e-02
   1.3875700e-02
   4.2080700e-02
   5.8903600e-02
   6.3762900e-02
   6.1517900e-02
   5.4187100e-02
   4.2598900e-02
   3.7537700e-02
   4.1710500e-02
   5.0971100e-02
   5.3266100e-02
   4.1651300e-02
   2.7062300e-02
   1.9631600e-02
   1.6838800e-02
   1.2293700e-02
   4.3213800e-03
  -5.2778300e-03
  -7.2841700e-03
   3.3472900e-03
   1.7698700e-02
   2.6982700e-02
   2.9338900e-02
   2.3242400e-02
   8.6706800e-03
  -1.6688500e-02
  -4.5721800e-02
  -6.5832200e-02
  -7.5629200e-02
  -7.6312600e-02
  -6.9471500e-02
  -5.5403700e-02
  -3.7642400e-02
  -2.8464400e-02
  -2.9634400e-02
  -2.8893800e-02
  -2.0160600e-02
  -1.0787800e-02
  -5.4950400e-03
  -3.2745000e-03
  -1.0025900e-04
  -6.9185600e-04
  -3.7569500e-03
   2.6445700e-03
   1.6347200e-02
   2.8823900e-02
   3.6646300e-02
   4.3696500e-02
   4.8207000e-02
   4.8417100e-02
   4.6278100e-02
   4.5759000e-02
   4.8244700e-02
   4.6894200e-02
   3.2685600e-02
   1.0241600e-02
  -6.1488200e-03
  -9.3781400e-03
  -2.9939600e-03
   4.0838300e-03
  -5.5003000e-04
  -2.0955100e-02
  -4.4987300e-02
  -5.6421500e-02
  -4.9110200e-02
  -3.0310600e-02
  -1.1872000e-02
   1.5328300e-03
   5.9606500e-03
   5.5363300e-04
  -1.1495600e-02
  -2.4642400e-02
  -2.8950900e-02
  -2.4445500e-02
  -1.8560100e-02
  -6.6291900e-03
   1.5446700e-02
   3.0237700e-02
   2.7338900e-02
   1.0788300e-02
  -7.7532200e-03
  -1.9612800e-02
  -2.5602200e-02
  -3.0205400e-02
  -3.6002100e-02
  -4.0178000e-02
  -4.2293500e-02
  -4.0107600e-02
  -3.0959200e-02
  -1.2908300e-02
   9.3124300e-03
   2.6265800e-02
   3.3253900e-02
   2.7488800e-02
   1.0850600e-02
  -9.0628600e-03
  -2.6128500e-02
  -3.4638300e-02
  -3.1825200e-02
  -2.0373600e-02
  -7.3186500e-03
  -3.5918400e-04
   2.6222800e-03
   6.3891400e-03
   1.1469800e-02
   1.5470200e-02
   1.7255200e-02
   1.9968400e-02
   2.2310300e-02
   2.1727900e-02
   1.7056300e-02
   4.6459800e-03
  -1.2167700e-02
  -2.7393200e-02
  -3.3344900e-02
  -3.2775800e-02
  -2.8597800e-02
  -1.9773800e-02
  -9.7513000e-03
  -5.3918200e-03
  -7.9530300e-03
  -1.5473500e-02
  -2.3553900e-02
  -2.5164500e-02
  -1.7196300e-02
   5.3440100e-04
   1.6202600e-02
   2.5533600e-02
   2.9991000e-02
   3.4042400e-02
   3.5769300e-02
   2.9556500e-02
   1.6356700e-02
   3.4526400e-03
  -2.7642500e-03
  -6.7524500e-03
  -1.0426500e-02
  -1.1066000e-02
  -9.8685400e-03
  -1.0950800e-02
  -1.1876900e-02
  -8.4660300e-03
  -3.5945100e-03
  -7.1318700e-03
  -1.5665200e-02
  -1.4793100e-02
  -5.4580400e-03
   9.1034800e-03
   2.3333500e-02
   2.9887000e-02
   2.7909200e-02
   2.1480200e-02
   1.5181700e-02
   1.1276100e-02
   1.0482500e-02
   1.0996600e-02
   1.3223300e-02
   1.3703700e-02
   1.3585400e-02
   1.3051900e-02
   1.3079500e-02
   1.6212900e-02
   1.4959300e-02
   6.9370500e-03
  -3.8382300e-03
  -1.1210800e-02
  -9.5502300e-03
  -1.8502400e-03
   5.0551600e-03
   1.1271000e-02
   1.4089300e-02
   8.5894700e-03
   3.3252500e-03
   7.2594000e-03
   1.7584900e-02
   2.6660800e-02
   3.1378300e-02
   2.9200600e-02
   1.9988000e-02
   1.2332900e-02
   1.4296400e-02
   2.1347700e-02
   2.3627400e-02
   1.5890700e-02
  -8.8731200e-04
  -2.1627000e-02
  -3.8249900e-02
  -4.8342800e-02
  -5.4261900e-02
  -5.7763500e-02
  -6.3320500e-02
  -6.9498600e-02
  -6.8705100e-02
  -5.7744100e-02
  -3.7892900e-02
  -1.5286600e-02
  -8.6687800e-04
   2.0656300e-03
  -6.8420300e-03
  -1.9559400e-02
  -2.1721800e-02
  -1.1320800e-02
   5.8539200e-03
   2.2926700e-02
   3.3698900e-02
   4.1469300e-02
   5.0888000e-02
   5.4318200e-02
   5.2191500e-02
   5.6765200e-02
   7.2039700e-02
   8.7643700e-02
   9.2679400e-02
   8.3924800e-02
   6.4957800e-02
   4.2508700e-02
   2.0778600e-02
   2.1187200e-03
  -1.1693100e-02
  -1.8722900e-02
  -1.6630900e-02
  -8.7310000e-03
   1.2456200e-03
   1.3103100e-02
   2.5355400e-02
   3.3247100e-02
   3.3639800e-02
   3.0899100e-02
   2.4134400e-02
   1.3104200e-02
   2.8103200e-03
  -2.1672800e-03
  -2.6456500e-03
  -3.1556500e-03
  -4.2195100e-03
  -3.8390400e-03
  -2.7048000e-03
  -7.8821700e-04
   3.7997500e-03
   8.9446300e-03
   1.2482000e-02
   7.7277800e-03
  -1.9456200e-04
  -5.2935400e-03
  -1.3546400e-02
  -2.8237400e-02
  -4.2793800e-02
  -5.2488900e-02
  -6.1709700e-02
  -6.9566800e-02
  -7.0280800e-02
  -6.2395100e-02
  -5.0003200e-02
  -4.1167900e-02
  -4.4036200e-02
  -5.8198900e-02
  -7.9407700e-02
  -9.8358300e-02
  -1.0869400e-01
  -1.1243400e-01
  -1.0607200e-01
  -8.6469200e-02
  -6.1159900e-02
  -4.7037000e-02
  -5.1337300e-02
  -6.7282900e-02
  -8.4364900e-02
  -9.4472100e-02
  -9.6684400e-02
  -9.1923100e-02
  -8.0361400e-02
  -6.4686000e-02
  -4.5833300e-02
  -2.1581800e-02
   7.9869500e-03
   3.1585700e-02
   3.5990000e-02
   3.1129700e-02
   2.9625200e-02
   3.5732000e-02
   5.1464500e-02
   7.4933700e-02
   9.9262700e-02
   1.1887200e-01
   1.3155600e-01
   1.4111100e-01
   1.5004900e-01
   1.6043700e-01
   1.7162000e-01
   1.8123100e-01
   1.8625700e-01
   1.8050500e-01
   1.6316700e-01
   1.3736900e-01
   1.0580800e-01
   7.0819000e-02
   3.6198200e-02
   4.7801400e-03
  -2.4721300e-02
  -5.2046100e-02
  -6.4653300e-02
  -5.8636300e-02
  -4.0270200e-02
  -1.8213700e-02
   2.0312600e-03
   2.1465300e-02
   4.2025500e-02
   5.5028400e-02
   4.5545500e-02
   1.2595400e-02
  -2.4238800e-02
  -4.8480100e-02
  -6.0385600e-02
  -5.8930000e-02
  -4.6754300e-02
  -3.4460200e-02
  -2.7754700e-02
  -2.6381800e-02
  -3.0161900e-02
  -2.9084800e-02
  -2.0803400e-02
  -1.1579600e-02
  -1.0397400e-02
  -2.6089100e-02
  -4.7492700e-02
  -5.7914100e-02
  -4.6598200e-02
  -1.6115500e-02
   1.6785600e-02
   3.8777900e-02
   5.0529300e-02
   4.5554700e-02
   2.2043800e-02
  -9.4334500e-03
  -3.2936300e-02
  -4.1635900e-02
  -4.0967800e-02
  -2.7406900e-02
  -6.9834000e-03
   4.4457100e-03
  -1.6571000e-04
  -6.4825700e-03
  -5.6349400e-03
  -8.1238100e-04
   1.9941800e-05
  -7.9013800e-03
  -2.0161800e-02
  -3.3358500e-02
  -4.0117100e-02
  -4.0789200e-02
  -3.5203700e-02
  -2.3759300e-02
  -1.1040900e-02
  -4.9615200e-04
   1.5345500e-02
   4.2889500e-02
   7.0459100e-02
   8.6543500e-02
   8.7408500e-02
   7.3333500e-02
   5.1405500e-02
   3.3747300e-02
   2.1609300e-02
   1.3456500e-02
   1.3178000e-02
   2.0045700e-02
   2.1339000e-02
   1.0237300e-02
  -5.5134900e-03
  -1.0883800e-02
  -7.3005200e-03
  -5.0034800e-03
  -3.2490800e-03
  -2.1852100e-03
  -1.3671700e-03
   5.1779300e-04
  -2.2578400e-04
  -7.8411000e-03
  -2.2495400e-02
  -4.0750400e-02
  -5.6874500e-02
  -7.1582900e-02
  -8.3862700e-02
  -9.0178500e-02
  -8.6851300e-02
  -7.5759800e-02
  -6.3974700e-02
  -5.4937500e-02
  -5.1905100e-02
  -5.0258800e-02
  -4.2339500e-02
  -2.8252300e-02
  -1.4911700e-02
  -1.0868400e-02
  -1.7072000e-02
  -2.5655400e-02
  -2.7329200e-02
  -2.2251600e-02
  -1.6244800e-02
  -1.0230900e-02
  -2.6145600e-03
   7.0377100e-03
   1.6903100e-02
   2.9303300e-02
   4.5430500e-02
   6.1936200e-02
   7.5647000e-02
   8.1841500e-02
   8.2314800e-02
   7.8931400e-02
   6.8103100e-02
   5.1822900e-02
   3.7857000e-02
   2.7874300e-02
   2.0246700e-02
   1.5405800e-02
   1.2006200e-02
   1.3216900e-02
   1.9039100e-02
   2.5921000e-02
   2.6222900e-02
   1.3675900e-02
  -6.2354900e-03
  -2.1451900e-02
  -2.5875600e-02
  -2.6133600e-02
  -2.3152200e-02
  -1.7522800e-02
  -8.7008200e-03
   4.8530700e-04
   8.0577900e-03
   1.5213100e-02
   2.5544700e-02
   3.6675900e-02
   4.2050300e-02
   4.0117400e-02
   3.4979700e-02
   3.4383000e-02
   3.6963600e-02
   3.5374400e-02
   2.7931500e-02
   1.7185800e-02
   2.9058000e-03
  -1.3630400e-02
  -2.9697500e-02
  -4.1749800e-02
  -5.1154200e-02
  -6.0320900e-02
  -6.9083700e-02
  -7.6745000e-02
  -8.6168700e-02
  -9.3218000e-02
  -8.9449100e-02
  -7.3930800e-02
  -5.2872900e-02
  -3.7358700e-02
  -3.1326400e-02
  -3.2735000e-02
  -3.8217500e-02
  -4.4279400e-02
  -4.9510900e-02
  -5.1943600e-02
  -5.3197200e-02
  -5.1973200e-02
  -4.8146100e-02
  -4.4679200e-02
  -4.0188100e-02
  -2.9432200e-02
  -1.0098100e-02
   1.2504100e-02
   3.1815700e-02
   4.1085500e-02
   3.8349900e-02
   3.1287400e-02
   2.6267000e-02
   2.4933800e-02
   2.6068100e-02
   2.7018700e-02
   2.7362400e-02
   2.5392800e-02
   2.0490700e-02
   1.3512900e-02
   9.1472900e-03
   8.1374900e-03
   7.6570800e-03
   8.7515400e-03
   1.4046400e-02
   1.9783900e-02
   1.9656400e-02
   1.3928100e-02
   6.0199900e-03
  -1.1938400e-04
  -6.3271000e-03
  -1.4637000e-02
  -2.0103200e-02
  -1.9036300e-02
  -1.2383900e-02
  -5.2326300e-03
  -2.0339100e-03
  -3.6353000e-03
  -9.0158000e-03
  -1.6752500e-02
  -2.3839500e-02
  -2.6538400e-02
  -2.0530600e-02
  -6.7881100e-03
   8.7505800e-03
   1.9774700e-02
   2.6981000e-02
   3.3237700e-02
   3.8420300e-02
   3.8930400e-02
   3.5198200e-02
   3.1133500e-02
   2.8154100e-02
   2.7153400e-02
   2.4842100e-02
   2.0246000e-02
   1.5597900e-02
   1.5138900e-02
   1.8659900e-02
   2.3616100e-02
   2.6644500e-02
   2.6817900e-02
   2.7721600e-02
   3.0828500e-02
   3.3591700e-02
   3.4899400e-02
   3.4371000e-02
   3.0122700e-02
   2.3363200e-02
   1.6145600e-02
   1.1389400e-02
   9.5187000e-03
   8.7618700e-03
   5.8365100e-03
   8.4667100e-04
  -3.1333700e-03
  -6.2576200e-03
  -1.0891500e-02
  -2.0114300e-02
  -3.2221700e-02
  -4.3083700e-02
  -5.1210000e-02
  -5.6250900e-02
  -5.7170900e-02
  -5.2670700e-02
  -4.4320900e-02
  -3.2919400e-02
  -1.8085500e-02
  -3.1149700e-03
   8.1101300e-03
   1.5608200e-02
   1.9803400e-02
   1.9168000e-02
   1.4951300e-02
   1.1960600e-02
   9.4157400e-03
   9.2719200e-03
   1.2401300e-02
   1.5559200e-02
   1.7231000e-02
   1.8099000e-02
   1.8905800e-02
   1.7090200e-02
   1.3591600e-02
   1.1247700e-02
   1.1656700e-02
   1.2011700e-02
   7.7409300e-03
   4.7072900e-05
  -4.7265200e-03
  -3.6779600e-03
   8.3452000e-04
   6.4781800e-03
   1.2956200e-02
   2.0106400e-02
   2.5974500e-02
   2.9391500e-02
   3.0712400e-02
   2.7127100e-02
   2.1643600e-02
   1.4788100e-02
   7.5665400e-03
   2.4410500e-03
  -3.1210100e-03
  -8.3954300e-03
  -9.4358300e-03
  -3.7911500e-03
   6.8688800e-03
   1.6065200e-02
   1.9683100e-02
   1.4831000e-02
   2.8266300e-03
  -7.1601900e-03
  -1.1279000e-02
  -8.1036900e-03
  -6.2411600e-03
  -1.1845000e-02
  -1.9482800e-02
  -2.1711500e-02
  -1.9438900e-02
  -1.5070300e-02
  -1.2237700e-02
  -1.2577400e-02
  -1.6367700e-02
  -2.3064000e-02
  -3.0058100e-02
  -3.8518000e-02
  -4.5664100e-02
  -4.8417100e-02
  -4.7318600e-02
  -4.6726000e-02
  -5.0618300e-02
  -5.8067300e-02
  -6.4953300e-02
  -6.8921100e-02
  -6.7415600e-02
  -6.3348900e-02
  -5.9580000e-02
  -5.6684200e-02
  -5.3502800e-02
  -4.9660500e-02
  -4.4859300e-02
  -3.6458600e-02
  -2.3918700e-02
  -8.5187600e-03
   5.5276600e-03
   1.5680700e-02
   2.2980900e-02
   3.1006200e-02
   3.9740500e-02
   4.5063900e-02
   4.7231400e-02
   4.9834400e-02
   5.4834500e-02
   6.2325400e-02
   7.0349700e-02
   7.5055000e-02
   7.6054600e-02
   7.5468000e-02
   7.4359300e-02
   7.3288300e-02
   6.8683000e-02
   6.1214600e-02
   5.4149100e-02
   4.6161400e-02
   3.5873700e-02
   2.2048600e-02
   9.3139400e-03
   1.9587300e-03
   8.7242800e-04
   2.0036100e-03
   2.5533200e-04
  -1.2022500e-03
  -1.7428400e-03
  -8.2280200e-04
   6.6028000e-04
   1.1386600e-03
   9.1834400e-04
   1.7027300e-03
   1.8679700e-03
  -1.5439300e-03
  -7.2844900e-03
  -1.3009700e-02
  -1.8038300e-02
  -2.2095900e-02
  -2.3130200e-02
  -2.0265000e-02
  -1.2992400e-02
  -2.7271100e-03
   4.6658500e-03
   6.3774100e-03
   6.0510100e-03
   5.3716900e-03
   6.1285300e-03
   9.2762600e-03
   1.4063100e-02
   1.5827700e-02
   1.4468100e-02
   1.4633300e-02
   1.8526600e-02
   2.5083200e-02
   2.9641600e-02
   2.9641600e-02
   2.4199900e-02
   1.6691700e-02
   1.0429900e-02
   6.9068200e-03
   6.5743000e-03
   1.0717500e-02
   1.4496600e-02
   1.7299600e-02
   2.0670700e-02
   2.3959200e-02
   2.3920400e-02
   1.7460800e-02
   7.9553900e-03
   5.1959500e-04
  -1.0828200e-03
  -1.6744200e-03
  -4.6671000e-03
  -1.0281200e-02
  -1.6325700e-02
  -2.3845100e-02
  -2.9329700e-02
  -3.0681200e-02
  -2.8154600e-02
  -2.4634600e-02
  -2.2675200e-02
  -2.3079100e-02
  -2.5942200e-02
  -2.9504100e-02
  -3.1623600e-02
  -2.9330700e-02
  -2.3715600e-02
  -1.7622100e-02
  -1.4550900e-02
  -1.3204500e-02
  -1.2686300e-02
  -9.4202700e-03
  -3.5522100e-03
   3.8897200e-03
   9.3967000e-03
   8.8408000e-03
   2.9809000e-03
  -4.1703200e-03
  -8.4125000e-03
  -9.6395600e-03
  -1.1370500e-02
  -1.6429700e-02
  -2.3903200e-02
  -3.1368600e-02
  -3.5889200e-02
  -3.7416200e-02
  -3.5141600e-02
  -3.4238900e-02
  -3.6671600e-02
  -3.9448000e-02
  -4.0122200e-02
  -3.8735000e-02
  -3.7399800e-02
  -3.6827600e-02
  -3.7645700e-02
  -3.7555900e-02
  -3.5883100e-02
  -3.4030800e-02
  -3.3591200e-02
  -3.3354500e-02
  -3.0474000e-02
  -2.6146200e-02
  -2.0368900e-02
  -1.6642800e-02
  -1.5339300e-02
  -1.3026900e-02
  -9.5487300e-03
  -5.5829700e-03
  -3.2971500e-03
  -1.5182700e-03
  -1.0664100e-03
  -1.3050900e-03
  -1.0449900e-03
  -5.0219600e-03
  -1.1581600e-02
  -1.7283400e-02
  -2.3331000e-02
  -2.8674700e-02
  -3.2575200e-02
  -3.1830600e-02
  -2.3963400e-02
  -1.2347600e-02
  -1.6773700e-03
   1.0145500e-02
   2.4116400e-02
   3.7024500e-02
   4.6394200e-02
   5.1598200e-02
   5.3863700e-02
   5.5729300e-02
   5.8371100e-02
   6.0828200e-02
   6.2509200e-02
   6.2954900e-02
   6.0267200e-02
   5.4735800e-02
   5.0538500e-02
   5.0745600e-02
   5.5396700e-02
   6.3078400e-02
   7.0294900e-02
   7.5322400e-02
   7.9156600e-02
   8.0730500e-02
   7.8002000e-02
   7.1874900e-02
   6.4498200e-02
   5.8061000e-02
   5.3384300e-02
   4.6928700e-02
   3.7066300e-02
   2.6319600e-02
   1.7789400e-02
   1.3812400e-02
   1.3465600e-02
   1.3616600e-02
   1.2804600e-02
   1.0717700e-02
   8.8868100e-03
   6.0063300e-03
  -2.6666600e-04
  -9.7292100e-03
  -2.0146500e-02
  -2.9052100e-02
  -3.4445800e-02
  -3.6362400e-02
  -3.5142500e-02
  -3.2963800e-02
  -3.1123700e-02
  -2.9129600e-02
  -2.8946000e-02
  -2.8175900e-02
  -2.6104300e-02
  -2.4206100e-02
  -2.2137500e-02
  -2.0924700e-02
  -2.1194000e-02
  -2.2213000e-02
  -2.4979200e-02
  -3.0085300e-02
  -3.7030500e-02
  -4.4198000e-02
  -4.9712200e-02
  -5.3104700e-02
  -5.2235600e-02
  -4.5317000e-02
  -3.6537800e-02
  -2.7506800e-02
  -1.8959200e-02
  -1.0666600e-02
  -4.1861500e-04
   9.5498500e-03
   1.6313500e-02
   1.8618700e-02
   1.9269400e-02
   1.5290400e-02
   1.1470500e-02
   1.0438300e-02
   9.3448300e-03
   7.9413100e-03
   5.0037100e-03
   9.8389500e-04
  -4.7046400e-03
  -1.2939100e-02
  -2.3752100e-02
  -3.3118800e-02
  -3.8332000e-02
  -3.8157600e-02
  -3.5365800e-02
  -3.0480000e-02
  -2.5926800e-02
  -2.5223000e-02
  -2.8501200e-02
  -3.3795000e-02
  -3.7545600e-02
  -3.7648600e-02
  -3.4394800e-02
  -2.9599800e-02
  -2.3562400e-02
  -1.7782100e-02
  -1.1173500e-02
  -4.2221700e-03
   1.6316100e-03
   5.3403300e-03
   6.9254100e-03
   6.7775100e-03
   7.3099500e-03
   8.7185800e-03
   1.0764700e-02
   1.3598300e-02
   1.6227800e-02
   1.9912100e-02
   2.2046900e-02
   2.2334600e-02
   2.0611800e-02
   2.0614800e-02
   2.3671800e-02
   2.8786100e-02
   3.3610700e-02
   3.6731900e-02
   3.7652900e-02
   3.6449300e-02
   3.5380400e-02
   3.3978900e-02
   3.1912400e-02
   2.6804200e-02
   2.0556700e-02
   1.3067900e-02
   6.2185700e-03
  -2.4177700e-03
  -1.3055400e-02
  -2.1166400e-02
  -2.4748600e-02
  -2.2635200e-02
  -1.8174700e-02
  -1.3845800e-02
  -1.0004500e-02
  -7.5616200e-03
  -8.9865700e-03
  -1.2874800e-02
  -1.5272800e-02
  -1.4428300e-02
  -1.1625300e-02
  -7.6228200e-03
  -3.7509000e-03
  -2.2178400e-03
  -4.8086400e-03
  -8.8223400e-03
  -1.2754400e-02
  -1.6588600e-02
  -1.8949900e-02
  -2.0250400e-02
  -2.1052100e-02
  -2.1059300e-02
  -2.3446100e-02
  -2.5070900e-02
  -2.3063600e-02
  -1.9352800e-02
  -1.2547400e-02
  -5.3839200e-03
   1.9835500e-03
   8.9685100e-03
   1.4263300e-02
   1.7086700e-02
   1.8103600e-02
   1.9013500e-02
   2.0315000e-02
   2.3881900e-02
   2.7941500e-02
   3.1618600e-02
   3.2275500e-02
   3.0327300e-02
   2.7434600e-02
   2.6278900e-02
   2.6325900e-02
   2.6860300e-02
   2.8159800e-02
   2.9432800e-02
   2.8404600e-02
   2.4858100e-02
   2.0509800e-02
   1.4183800e-02
   8.2279900e-03
   4.1898100e-03
   1.1349100e-03
  -3.4122500e-03
  -8.5693700e-03
  -1.4947400e-02
  -1.9762800e-02
  -2.0901200e-02
  -1.9299800e-02
  -1.7267900e-02
  -1.7191400e-02
  -1.8148200e-02
  -1.9646600e-02
  -2.0007600e-02
  -1.8083900e-02
  -1.5155500e-02
  -1.1579400e-02
  -7.5514000e-03
  -3.6978400e-03
  -2.1515200e-03
  -4.7382400e-03
  -8.7968200e-03
  -1.2023100e-02
  -1.3028800e-02
  -1.1322300e-02
  -9.3517000e-03
  -7.4024800e-03
  -7.3168000e-03
  -8.1113800e-03
  -8.7397000e-03
  -9.2650000e-03
  -8.3969800e-03
  -6.1978600e-03
  -2.8675600e-03
   3.1279800e-04
   2.3874800e-03
   3.3697400e-03
   4.3193600e-03
   5.3026400e-03
   3.9093200e-03
  -3.4204200e-04
  -5.5695400e-03
  -8.8049800e-03
  -7.3729000e-03
  -5.3920600e-03
  -2.7013000e-03
   1.5419000e-03
   6.3083600e-03
   1.0052800e-02
   1.3134200e-02
   1.4714200e-02
   1.4492800e-02
   1.4744800e-02
   1.6151400e-02
   1.7193800e-02
   1.8257700e-02
   1.7921100e-02
   1.5104800e-02
   1.2807800e-02
   1.2902700e-02
   1.4775400e-02
   1.5606700e-02
   1.5029400e-02
   1.3779900e-02
   1.2397800e-02
   1.1165600e-02
   9.7641200e-03
   8.0454200e-03
   5.1231200e-03
   1.3583000e-03
  -1.1233600e-03
  -2.1433600e-03
  -2.1943700e-03
  -1.5680900e-03
  -4.5016500e-04
  -2.4718500e-04
  -1.3365500e-03
  -2.7227300e-03
  -2.3249300e-03
  -9.1018600e-04
   7.7587300e-04
   3.0157300e-04
  -3.4826300e-03
  -9.3731300e-03
  -1.5948000e-02
  -2.2280200e-02
  -2.5592200e-02
  -2.5278000e-02
  -2.3505200e-02
  -2.2720900e-02
  -2.5339200e-02
  -2.9860900e-02
  -3.5051600e-02
  -3.8403400e-02
  -3.8498200e-02
  -3.6919200e-02
  -3.3661400e-02
  -2.7489300e-02
  -2.0324900e-02
  -1.3156300e-02
  -6.7762100e-03
  -2.7502700e-03
  -1.7783300e-04
   2.0722900e-03
   5.6759500e-03
   1.0277200e-02
   1.4258200e-02
   1.5822900e-02
   1.4994700e-02
   1.4730500e-02
   1.6615400e-02
   2.1848000e-02
   2.6116700e-02
   3.0735300e-02
   3.4502200e-02
   3.7229600e-02
   3.8300600e-02
   3.7314300e-02
   3.7960000e-02
   3.9232900e-02
   4.0438600e-02
   3.9712300e-02
   3.6280000e-02
   3.1185100e-02
   2.6788900e-02
   2.1449200e-02
   1.6921400e-02
   1.3963400e-02
   1.1810200e-02
   8.8960700e-03
   5.3536100e-03
   7.4627400e-04
  -4.3302700e-03
  -7.9431100e-03
  -8.8284700e-03
  -7.1985100e-03
  -5.7623500e-03
  -6.9231100e-03
  -1.0123900e-02
  -1.2265900e-02
  -1.2902400e-02
  -1.1024500e-02
  -9.7495300e-03
  -8.7050500e-03
  -8.0257300e-03
  -6.6354700e-03
  -3.3561700e-03
   5.8510400e-04
   3.8185000e-03
   5.1149200e-03
   5.7687400e-03
   4.2316000e-03
   1.8998800e-03
   2.4034000e-04
  -1.3967600e-03
  -8.5514100e-04
   1.7723800e-03
   4.2295600e-03
   7.5639400e-03
   1.1358300e-02
   1.4963000e-02
   1.6706200e-02
   1.6498100e-02
   1.4716200e-02
   1.1884700e-02
   9.6018900e-03
   6.8458500e-03
   5.5881900e-03
   5.7564900e-03
   8.1881700e-03
   1.0415800e-02
   1.0809600e-02
   1.0764700e-02
   9.1806200e-03
   6.9305100e-03
   4.0755200e-03
   8.8190300e-04
  -3.3266200e-03
  -5.7674800e-03
  -5.0575600e-03
  -1.4069800e-03
   2.6383400e-03
   5.9543600e-03
   8.7971000e-03
   1.2414000e-02
   1.6320600e-02
   1.9037900e-02
   2.0589300e-02
   2.0020200e-02
   1.8512600e-02
   1.7328400e-02
   1.5890200e-02
   1.4808000e-02
   1.5288400e-02
   1.4845700e-02
   1.2962800e-02
   9.3846100e-03
   5.9370100e-03
   5.1852600e-03
   5.9237400e-03
   6.0543000e-03
   5.2383000e-03
   3.1085400e-03
  -5.8794000e-04
  -5.6899800e-03
  -1.0247300e-02
  -1.2679000e-02
  -1.3802000e-02
  -1.3686800e-02
  -1.3921400e-02
  -1.4832300e-02
  -1.6426500e-02
  -1.9059100e-02
  -2.1616300e-02
  -2.2580200e-02
  -2.2615900e-02
  -2.0605500e-02
  -1.8639900e-02
  -1.8627700e-02
  -1.9285600e-02
  -1.9823100e-02
  -2.0932900e-02
  -2.3274800e-02
  -2.5953300e-02
  -2.6525500e-02
  -2.4762000e-02
  -2.0850300e-02
  -1.6252100e-02
  -1.3748000e-02
  -1.3326800e-02
  -1.3852100e-02
  -1.3104400e-02
  -1.2514800e-02
  -1.1238800e-02
  -1.0413600e-02
  -1.0467700e-02
  -1.0816500e-02
  -1.0217800e-02
  -8.9621800e-03
  -6.4356400e-03
  -1.4192800e-03
   3.7725200e-03
   8.7929600e-03
   1.2902500e-02
   1.5721800e-02
   1.6944800e-02
   1.6194100e-02
   1.3247300e-02
   7.1415700e-03
  -7.6547100e-04
  -9.0315500e-03
  -1.6749900e-02
  -2.2949400e-02
  -2.6553100e-02
  -2.6849900e-02
  -2.4067400e-02
  -1.9388600e-02
  -1.5030200e-02
  -1.1252100e-02
  -9.6425400e-03
  -1.2422000e-02
  -1.7852500e-02
  -2.2795400e-02
  -2.4858900e-02
  -2.3035100e-02
  -1.9099000e-02
  -1.6969200e-02
  -1.6560200e-02
  -1.7347600e-02
  -1.7561800e-02
  -1.6645900e-02
  -1.6144000e-02
  -1.5397400e-02
  -1.4236600e-02
  -1.3321700e-02
  -1.3467600e-02
  -1.3614400e-02
  -1.1950800e-02
  -8.0268900e-03
  -3.2706300e-03
   5.9822900e-04
   2.8860900e-03
   4.3253100e-03
   4.7853300e-03
   4.2141200e-03
   5.0444000e-03
   4.8852800e-03
   3.9570800e-03
   4.6772000e-03
   5.1953600e-03
   6.1949600e-03
   6.9528100e-03
   7.0884700e-03
   6.2041300e-03
   4.9066900e-03
   5.2055500e-03
   6.1408900e-03
   7.1221200e-03
   8.5980600e-03
   8.9662800e-03
   6.6641400e-03
   3.3654600e-03
   6.1859800e-04
  -9.4506400e-04
  -2.7545500e-03
  -6.3510700e-03
  -1.0965500e-02
  -1.5381100e-02
  -1.6617400e-02
  -1.5010900e-02
  -1.2226300e-02
  -7.6352600e-03
  -2.9830400e-03
   1.0265800e-03
   3.8876800e-03
   5.0749600e-03
   4.8485200e-03
   3.9458200e-03
   4.7465100e-03
   6.8915700e-03
   1.0548300e-02
   1.6238900e-02
   2.2020200e-02
   2.6847900e-02
   2.9539600e-02
   2.8836900e-02
   2.5119000e-02
   2.1232800e-02
   1.6590700e-02
   1.2254700e-02
   7.7881300e-03
   3.2746300e-03
  -3.5452900e-04
  -2.2996700e-03
  -2.7341900e-03
  -3.6164900e-03
  -3.8898600e-03
  -4.4508600e-03
  -5.6748600e-03
  -8.1657000e-03
  -1.1397100e-02
  -1.3253500e-02
  -1.3892000e-02
  -1.3402400e-02
  -1.1829500e-02
  -1.0365900e-02
  -1.0812600e-02
  -1.2579200e-02
  -1.4667200e-02
  -1.7632300e-02
  -1.9130700e-02
  -1.9402000e-02
  -1.9271500e-02
  -1.6393000e-02
  -1.4587700e-02
  -1.2006000e-02
  -8.3483100e-03
  -6.0686100e-03
  -4.7099700e-03
  -5.8340100e-03
  -6.2002000e-03
  -4.5223000e-03
  -2.2681000e-03
  -1.3732200e-04
   2.1005600e-03
   2.1158500e-03
   2.0403700e-03
   3.1664500e-03
   4.4965300e-03
   5.1095500e-03
   4.2649800e-03
   3.3316800e-03
   2.7961800e-03
   3.7305000e-03
   5.7317400e-03
   7.1281200e-03
   7.9716500e-03
   9.0528500e-03
   1.0469600e-02
   1.2907400e-02
   1.4902500e-02
   1.6401900e-02
   1.6818100e-02
   1.6214300e-02
   1.4784200e-02
   1.1922100e-02
   8.3062000e-03
   4.2975900e-03
   9.0201200e-04
  -1.7561100e-03
  -3.2259300e-03
  -2.0712900e-03
  -1.0829200e-03
  -3.5565700e-04
  -4.0479300e-05
   1.5841900e-04
   7.7143700e-04
  -2.7225100e-05
  -5.9026700e-04
  -1.8571100e-03
  -3.2779700e-03
  -3.3106100e-03
  -5.0153500e-04
   3.5172600e-03
   7.4208000e-03
   1.1280500e-02
   1.4034500e-02
   1.5501200e-02
   1.5631800e-02
   1.3980400e-02
   1.2465700e-02
   1.1947600e-02
   1.2897200e-02
   1.3758000e-02
   1.3708100e-02
   1.3747800e-02
   1.3717200e-02
   1.3732500e-02
   1.3732500e-02
   1.3690700e-02
   1.3903900e-02
   1.4178300e-02
   1.2891000e-02
   1.0463400e-02
   7.1871800e-03
   5.7316400e-03
   5.9795000e-03
   6.9576800e-03
   8.3326300e-03
   9.6086500e-03
   1.1385500e-02
   1.1946500e-02
   1.2723700e-02
   1.2168800e-02
   1.0883600e-02
   9.5362200e-03
   8.2612200e-03
   6.8933900e-03
   5.2307900e-03
   3.9863900e-03
   2.0147300e-03
  -1.7664100e-03
  -4.7937800e-03
  -5.0457200e-03
  -3.1271000e-03
  -3.5678200e-04
   1.7189200e-03
   2.7786900e-03
   1.0742700e-03
  -9.2085100e-04
  -3.0149100e-03
  -6.0422700e-03
  -9.3440200e-03
  -1.2545800e-02
  -1.4612300e-02
  -1.5600700e-02
  -1.6035200e-02
  -1.5723100e-02
  -1.4910200e-02
  -1.2605000e-02
  -1.0121300e-02
  -8.2771200e-03
  -6.8195400e-03
  -5.5782000e-03
  -4.2766800e-03
  -1.8113400e-03
   9.3041300e-04
   3.4651100e-03
   6.1874900e-03
   8.6191700e-03
   9.7503500e-03
   9.1271200e-03
   7.4461600e-03
   5.9590000e-03
   5.3041500e-03
   5.6631900e-03
   8.2621500e-03
   1.1779100e-02
   1.6149800e-02
   1.9560700e-02
   2.2344300e-02
   2.3504000e-02
   2.4454600e-02
   2.5254300e-02
   2.5563400e-02
   2.7031100e-02
   2.8088900e-02
   2.8489800e-02
   2.7734900e-02
   2.4850400e-02
   2.1474200e-02
   1.8612100e-02
   1.5638700e-02
   1.2085100e-02
   8.6619500e-03
   7.6450100e-03
   5.8151300e-03
   4.3697800e-03
   2.3073400e-03
  -4.0178100e-04
  -1.0443800e-03
  -1.8991500e-03
  -2.7406500e-03
  -4.0625700e-03
  -5.2161900e-03
  -5.0121900e-03
  -3.5189200e-03
  -6.9759900e-04
   3.7951800e-04
  -1.1810800e-03
  -2.7345500e-03
  -3.9483500e-03
  -4.1625500e-03
  -4.3135100e-03
  -5.8598300e-03
  -8.0875200e-03
  -1.1580000e-02
  -1.5662000e-02
  -2.0073500e-02
  -2.4842100e-02
  -2.9206600e-02
  -3.1807600e-02
  -3.2665400e-02
  -3.1129300e-02
  -2.8365100e-02
  -2.3552800e-02
  -1.7755100e-02
  -1.2770400e-02
  -9.1636500e-03
  -7.5398100e-03
  -7.0869300e-03
  -6.5320500e-03
  -4.2870400e-03
  -2.1011800e-03
  -2.2234300e-04
   5.8345500e-04
  -9.3430700e-04
  -3.1987100e-03
  -6.5402300e-03
  -9.1861100e-03
  -1.2005400e-02
  -1.4904200e-02
  -1.6819800e-02
  -1.8170300e-02
  -1.7796000e-02
  -1.6348600e-02
  -1.2626600e-02
  -8.9342000e-03
  -5.6946800e-03
  -1.7044400e-03
   4.3838900e-05
   7.8516400e-05
  -4.6412600e-04
  -1.8135900e-03
  -2.9396700e-03
  -3.2966700e-03
  -3.1681600e-03
  -3.3313600e-03
  -2.4653800e-03
  -9.1090300e-04
   1.4208100e-03
   3.4261300e-03
   3.5648500e-03
   2.5193500e-03
   1.1413200e-03
   2.3402300e-05
  -8.9256000e-04
  -1.3923600e-03
  -1.1394100e-03
  -1.5004900e-03
  -2.6887900e-03
  -4.7247100e-03
  -6.9177100e-03
  -6.4067000e-03
  -6.2496200e-03
  -4.5339800e-03
  -1.8187500e-03
   1.2218700e-03
   5.8730700e-03
   1.0294800e-02
   1.2879400e-02
   1.2866200e-02
   1.2362300e-02
   1.1500400e-02
   1.1770700e-02
   1.2472400e-02
   1.3269100e-02
   1.5335600e-02
   1.7269500e-02
   1.8733200e-02
   1.9376800e-02
   1.9545100e-02
   1.8713800e-02
   1.6567700e-02
   1.3029400e-02
   8.4230300e-03
   3.3587200e-03
  -8.1409700e-04
  -2.5307600e-03
  -3.2631200e-03
  -4.5146600e-03
  -5.0083500e-03
  -6.6342300e-03
  -8.8608900e-03
  -9.8023500e-03
  -1.0185900e-02
  -1.0141000e-02
  -1.0057400e-02
  -1.0896800e-02
  -1.2331000e-02
  -1.3616200e-02
  -1.4795300e-02
  -1.5100300e-02
  -1.5020700e-02
  -1.5201200e-02
  -1.6211000e-02
  -1.7042300e-02
  -1.6936300e-02
  -1.5171700e-02
  -1.2209600e-02
  -1.0509200e-02
  -9.8615600e-03
  -9.1710200e-03
  -9.1169600e-03
  -9.1241100e-03
  -9.1812300e-03
  -8.0877900e-03
  -7.8521700e-03
  -6.5343300e-03
  -4.2679000e-03
  -2.6389600e-03
  -1.5190000e-03
  -1.0579700e-03
  -1.2466800e-04
   1.4736700e-03
   3.3331300e-03
   2.5365000e-03
   1.7613000e-03
   1.6909200e-03
   2.3090400e-03
   3.4310300e-03
   3.7431500e-03
   3.7339700e-03
   3.1393100e-03
   2.4865000e-03
   1.2472000e-03
  -1.0940100e-04
  -1.3293200e-03
  -4.2560600e-04
   9.7689100e-04
   2.3977500e-03
   4.6488900e-03
   5.7178400e-03
   5.6964200e-03
   5.7158000e-03
   5.6770400e-03
   5.8585900e-03
   6.8184100e-03
   8.3830900e-03
   1.0532200e-02
   1.1697100e-02
   1.1488000e-02
   9.9651000e-03
   7.7833100e-03
   6.6725300e-03
   6.7327100e-03
   6.6796700e-03
   6.7806400e-03
   5.9891200e-03
   3.9287200e-03
   1.9907200e-03
   5.4754400e-05
  -2.5676700e-03
  -4.9911900e-03
  -6.8853300e-03
  -8.1725800e-03
  -8.4143200e-03
  -8.3490400e-03
  -9.0202000e-03
  -8.5907900e-03
  -9.5404100e-03
  -1.0202400e-02
  -9.8984400e-03
  -1.0147300e-02
  -9.7903200e-03
  -8.9743200e-03
  -7.3076400e-03
  -4.6270900e-03
  -3.9714900e-04
   2.5863500e-03
   4.5794200e-03
   4.0714600e-03
   2.0406400e-03
  -5.1650200e-04
  -3.5428500e-03
  -6.6293700e-03
  -1.0491100e-02
  -1.2835100e-02
  -1.4452800e-02
  -1.4289600e-02
  -1.2879900e-02
  -1.1235700e-02
  -9.1559300e-03
  -7.2475100e-03
  -5.8399100e-03
  -6.7752500e-03
  -7.0741200e-03
  -8.3674800e-03
  -8.4501000e-03
  -8.4368400e-03
  -1.0178000e-02
  -9.2089900e-03
  -7.0282300e-03
  -4.2640300e-03
  -2.2016000e-03
  -1.0224800e-03
  -1.1071400e-03
  -1.0479800e-03
  -1.6242900e-03
  -2.7799500e-03
  -3.5806500e-03
  -4.8209700e-03
  -4.8097600e-03
  -4.1120800e-03
  -3.2614000e-03
  -1.2622000e-03
   6.5845300e-04
   8.8489000e-04
   1.1378500e-03
   1.8090100e-03
   2.7045600e-03
   4.0591200e-03
   5.6880600e-03
   8.8623000e-03
   1.1539800e-02
   1.3601200e-02
   1.4980200e-02
   1.5684000e-02
   1.6227700e-02
   1.5659600e-02
   1.4595700e-02
   1.3105500e-02
   1.0401400e-02
   7.3710300e-03
   5.1668100e-03
   4.2967400e-03
   4.2967400e-03
   5.9246600e-03
   6.6815000e-03
   5.4442300e-03
   3.4327900e-03
   1.1622700e-03
  -8.6141300e-04
  -2.0334000e-03
  -1.9711800e-03
  -1.8518400e-03
  -9.1854300e-04
  -1.1092900e-03
  -1.8108800e-04
   1.1755100e-03
   2.6555300e-03
   4.8383200e-03
   5.9878600e-03
   6.2765200e-03
   6.6988000e-03
   6.8558700e-03
   7.7085900e-03
   8.9917500e-03
   8.8530300e-03
   8.8275200e-03
   7.6759400e-03
   7.0343600e-03
   6.1724600e-03
   4.7046700e-03
   4.0263700e-03
   3.9590500e-03
   4.0120900e-03
   3.4510800e-03
   2.2219800e-03
   2.2291200e-03
   2.3607000e-03
   2.5177700e-03
   3.2909300e-03
   4.4996300e-03
   5.7256700e-03
   6.0337000e-03
   5.3849800e-03
   4.7689000e-03
   3.8743600e-03
   3.0226500e-03
   2.4759300e-03
   1.8588300e-03
   2.7441900e-03
   3.1532000e-03
   4.7750000e-03
   6.6895400e-03
   7.0373600e-03
   6.9639100e-03
   6.4936900e-03
   5.0911900e-03
   4.0140700e-03
   4.0273200e-03
   4.0599600e-03
   3.9151200e-03
   2.3433000e-03
   2.4719500e-04
  -1.6469500e-03
  -3.1565500e-03
  -3.7461100e-03
  -3.9562300e-03
  -3.1871600e-03
  -2.2742600e-03
  -1.0329200e-03
   7.3881500e-04
   1.7343300e-03
   2.7431100e-03
   3.2459700e-03
   4.6647900e-03
   5.1227600e-03
   5.0554400e-03
   4.3608200e-03
   2.2575800e-03
  -2.1898600e-04
  -2.8118300e-03
  -4.3673300e-03
  -5.1088700e-03
  -5.7147600e-03
  -5.8524600e-03
  -5.7382200e-03
  -5.8473600e-03
  -5.2302600e-03
  -3.5391100e-03
  -2.0978500e-03
  -1.2298300e-03
  -7.3207500e-04
  -9.3403700e-04
  -7.8716000e-04
  -4.0466200e-04
   1.1906200e-03
   3.8069100e-03
   5.9489100e-03
   7.6145700e-03
   8.7681900e-03
   9.0068600e-03
   9.1772000e-03
   1.0138000e-02
   1.1159100e-02
   1.2520800e-02
   1.3702900e-02
   1.3965100e-02
   1.3979300e-02
   1.3909000e-02
   1.4137400e-02
   1.4947300e-02
   1.4940200e-02
   1.4949400e-02
   1.4956500e-02
   1.4832000e-02
   1.3354100e-02
   1.2333100e-02
   1.1755700e-02
   1.1029500e-02
   1.1001900e-02
   1.0504200e-02
   9.0282400e-03
   6.2874900e-03
   4.2933900e-03
   2.4308700e-03
   2.0789700e-03
   2.2431800e-03
   3.8619200e-03
   5.8723400e-03
   7.9123400e-03
   9.0914500e-03
   9.0475900e-03
   8.3713300e-03
   6.1681300e-03
   4.9522900e-03
   3.5069400e-03
   2.8980000e-03
   2.0320200e-03
   9.5693800e-04
   1.6133600e-04
   2.8577300e-04
   1.2445700e-03
   4.8466900e-04
   1.2664700e-04
   1.3888500e-04
   3.5308200e-04
   5.9482000e-04
  -5.2208200e-04
  -1.5359600e-03
  -3.6738900e-03
  -4.9295100e-03
  -5.5843500e-03
  -8.3811900e-03
  -1.0544600e-02
  -1.2436700e-02
  -1.3926900e-02
  -1.4548100e-02
  -1.4827600e-02
  -1.5620100e-02
  -1.6012800e-02
  -1.6317800e-02
  -1.6759500e-02
  -1.7797800e-02
  -1.8507800e-02
  -1.9229900e-02
  -1.9597100e-02
  -2.0139800e-02
  -2.0687500e-02
  -2.0456000e-02
  -2.1077200e-02
  -2.0571300e-02
  -2.0590600e-02
  -2.0497800e-02
  -2.0676300e-02
  -1.9755300e-02
  -1.8406800e-02
  -1.6999200e-02
  -1.6536100e-02
  -1.6647300e-02
  -1.6625900e-02
  -1.6574900e-02
  -1.6830900e-02
  -1.7440900e-02
  -1.6632000e-02
  -1.6082300e-02
  -1.4914400e-02
  -1.4626700e-02
  -1.4667500e-02
  -1.4566600e-02
  -1.2906000e-02
  -1.1053700e-02
  -9.9643100e-03
  -7.9283900e-03
  -6.0087600e-03
  -4.0034400e-03
  -1.6309200e-03
   8.1658000e-05
   1.1169600e-03
   1.6442900e-03
   2.8346300e-03
   3.0937100e-03
   2.6663300e-03
   2.9315300e-03
   3.3028000e-03
   4.5482200e-03
   5.8466800e-03
   5.8589200e-03
   4.5380200e-03
   3.1783500e-03
   1.3811100e-03
  -3.0392800e-04
  -3.7941000e-04
   3.6212800e-04
   7.5176600e-04
   2.9519000e-03
   4.6216400e-03
   5.8507400e-03
   7.1267600e-03
   6.7473200e-03
   6.0822800e-03
   5.8119700e-03
   4.9276300e-03
   3.3711100e-03
   2.9937100e-03
   3.0426700e-03
   3.0620400e-03
   2.8835400e-03
   1.9104600e-03
   4.7226000e-04
  -6.0486200e-04
  -1.0240800e-03
  -7.0176600e-04
  -3.0674000e-06
   6.8135100e-04
   1.1372900e-03
   9.8530800e-04
   1.0852700e-03
   9.9448400e-04
   1.0801600e-03
   9.7306100e-04
   1.1944000e-03
   2.6499400e-03
   5.0571400e-03
   7.0593900e-03
   8.6862900e-03
   1.0532500e-02
   1.1667700e-02
   1.3095700e-02
   1.3822000e-02
   1.3278300e-02
   1.2570400e-02
   1.1387200e-02
   9.9449600e-03
   8.8607000e-03
   9.0004400e-03
   1.0505900e-02
   1.0927200e-02
   1.0823200e-02
   1.0761000e-02
   9.6440500e-03
   8.8056100e-03
   7.6315900e-03
   6.8951400e-03
   5.0244600e-03
   3.8545200e-03
   2.0950200e-03
   9.5567800e-04
   8.9345700e-04
   1.2117000e-03
   2.1103100e-03
   1.8318500e-03
   3.0507500e-03
   4.7674100e-03
   7.7447900e-03
   8.9953100e-03
   9.9959200e-03
   1.0771100e-02
   1.1397400e-02
   1.1399400e-02
   9.2900800e-03
   7.0195600e-03
   5.0672800e-03
   3.5964400e-03
   3.8504100e-03
   2.9048700e-03
   1.1412900e-03
  -9.0585000e-04
  -2.6653500e-03
  -3.3069300e-03
  -3.9372900e-03
  -4.6604700e-03
  -5.6366200e-03
  -6.2945200e-03
  -6.7994200e-03
  -5.9110000e-03
  -4.8389800e-03
  -3.5374600e-03
  -2.6878000e-03
  -2.9122100e-03
  -4.6564100e-03
  -5.8426700e-03
  -7.7908700e-03
  -1.0227600e-02
  -1.1861700e-02
  -1.3541600e-02
  -1.4633000e-02
  -1.4955300e-02
  -1.4965600e-02
  -1.4213800e-02
  -1.2664400e-02
  -1.1554700e-02
  -1.0014500e-02
  -9.1087200e-03
  -8.3427000e-03
  -8.0683200e-03
  -7.2982200e-03
  -5.4306000e-03
  -4.3014700e-03
  -2.8877500e-03
  -1.7157700e-03
  -2.0676700e-03
  -2.1360100e-03
  -2.7357700e-03
  -3.2518900e-03
  -3.0438100e-03
  -3.7496600e-03
  -4.7880200e-03
  -5.3398400e-03
  -5.5907600e-03
  -4.6350200e-03
  -3.7078400e-03
  -3.0142400e-03
  -2.1860000e-03
  -2.1288800e-03
  -2.3655200e-03
  -3.1488800e-03
  -3.1978500e-03
  -3.1172700e-03
  -3.3579900e-03
  -4.2504900e-03
  -5.9049300e-03
  -7.9204500e-03
  -9.8941500e-03
  -1.1872900e-02
  -1.3297900e-02
  -1.4516800e-02
  -1.5922300e-02
  -1.7694100e-02
  -1.9391400e-02
  -1.9561700e-02
  -2.0353200e-02
  -2.0889800e-02
  -1.9882000e-02
  -1.7676800e-02
  -1.5002300e-02
  -1.2184100e-02
  -9.1873000e-03
  -6.2068600e-03
  -3.4324600e-03
  -1.4424400e-03
   5.0677600e-04
   1.9918900e-03
   2.5477900e-03
   3.4770100e-03
   5.2946500e-03
   5.8699300e-03
   6.5910700e-03
   6.6369700e-03
   6.6053500e-03
   6.5176300e-03
   5.3976700e-03
   4.7050900e-03
   4.0267900e-03
   2.9996500e-03
   2.4162100e-03
   1.7287300e-03
   1.0626700e-03
   5.4552600e-04
   9.0864600e-04
   1.5971400e-03
   2.2621800e-03
   2.7701400e-03
   2.5008600e-03
   3.3597000e-03
   3.0598200e-03
   2.4355800e-03
   9.4128200e-04
  -1.0283400e-03
  -1.9310400e-03
  -2.8357800e-03
  -2.7929400e-03
  -2.2615200e-03
  -1.1232000e-03
   1.9464000e-04
   9.3413900e-04
   1.6552800e-03
   3.4066200e-03
   5.3395200e-03
   7.3917600e-03
   9.1349400e-03
   1.0292600e-02
   1.1784900e-02
   1.1805300e-02
   1.1333000e-02
   9.7398000e-03
   8.2720200e-03
   7.5141600e-03
   7.8069000e-03
   9.6806400e-03
   1.1013800e-02
   1.2196000e-02
   1.2479500e-02
   1.2432600e-02
   1.2484600e-02
   1.1875700e-02
   1.0774100e-02
   9.8877000e-03
   8.6637000e-03
   7.2734400e-03
   6.5604600e-03
   6.4809000e-03
   6.6706200e-03
   7.6610400e-03
   8.5311000e-03
   8.3270900e-03
   7.3774700e-03
   5.9198900e-03
   4.8815400e-03
   3.8778500e-03
   3.4718900e-03
   3.6197900e-03
   2.9680100e-03
   1.7725800e-03
  -1.9602400e-04
  -2.1870600e-03
  -3.6007800e-03
  -4.3096800e-03
  -4.3617000e-03
  -4.3484400e-03
  -3.8231400e-03
  -2.0983200e-03
  -5.0916300e-04
   7.6073700e-04
   2.1204000e-03
   3.3403200e-03
   5.3629800e-03
   6.6614400e-03
   8.1067800e-03
   8.5056000e-03
   9.0411000e-03
   9.5684400e-03
   9.3919800e-03
   9.4817400e-03
   9.4572600e-03
   8.9095200e-03
   7.6416600e-03
   6.2299800e-03
   5.6088000e-03
   4.8315600e-03
   4.5092400e-03
   4.3378800e-03
   3.6024600e-03
   2.2591300e-03
  -8.6615500e-04
  -1.9871300e-03
  -3.1305500e-03
  -3.3478100e-03
  -3.4824500e-03
  -2.5552700e-03
  -1.3557500e-03
  -8.6003100e-04
  -2.3171000e-04
  -1.1129900e-03
  -1.4444900e-03
  -1.2914900e-03
   3.1297300e-04
   2.3856100e-03
   4.1706100e-03
   5.1508300e-03
   5.6628800e-03
   4.6806200e-03
   3.3699200e-03
   1.8032000e-03
   4.2823800e-04
   6.9547900e-04
   3.3848000e-04
  -3.7143900e-04
  -4.4691800e-04
  -3.7245700e-04
  -4.7751700e-04
   2.1302400e-04
   6.5366500e-04
   1.0504500e-03
   2.3784900e-03
   2.3417700e-03
   1.6420500e-03
   9.1581000e-04
   5.2209100e-04
   5.7921200e-04
   7.0875300e-04
   1.7256900e-03
   2.6916300e-03
   3.6912400e-03
   4.6673800e-03
   6.0719200e-03
   7.3142800e-03
   8.7412600e-03
   9.2716600e-03
   8.3873200e-03
   6.7267600e-03
   4.8622000e-03
   3.8779100e-03
   3.4719500e-03
   3.5841500e-03
   3.5321300e-03
   3.5464100e-03
   3.5831300e-03
   3.0547700e-03
   3.6667700e-03
   4.5358200e-03
   5.1090600e-03
   5.7771600e-03
   6.5309400e-03
   5.9077200e-03
   5.4599400e-03
   5.0203200e-03
   3.8248900e-03
   2.9884900e-03
   1.8746500e-03
   1.4350300e-03
   4.3237100e-04
  -3.8158800e-04
  -3.6526600e-04
  -3.9586500e-04
  -3.3364300e-04
  -9.5176200e-04
  -2.0380600e-03
  -2.9326000e-03
  -4.1351800e-03
  -6.0578800e-03
  -8.1182700e-03
  -9.4065300e-03
  -1.0842700e-02
  -1.1269100e-02
  -1.1751500e-02
  -1.2373700e-02
  -1.1926900e-02
  -1.1694400e-02
  -1.1695400e-02
  -1.1276200e-02
  -1.1161900e-02
  -1.1232300e-02
  -1.1160900e-02
  -1.1346500e-02
  -1.2262500e-02
  -1.1435300e-02
  -9.4238500e-03
  -7.3083600e-03
  -4.4289000e-03
  -2.6867400e-03
  -1.6249200e-03
  -1.2638400e-03
  -1.3352300e-03
  -1.8360500e-03
  -3.0682100e-03
  -3.2487500e-03
  -3.4843700e-03
  -4.2269200e-03
  -4.4401000e-03
  -5.2612000e-03
  -5.2428400e-03
  -5.2550700e-03
  -5.2438500e-03
  -5.2509900e-03
  -5.2387500e-03
  -5.2652700e-03
  -5.0979900e-03
  -4.2003800e-03
  -4.3340000e-03
  -3.6149000e-03
  -2.6663000e-03
  -1.4402500e-03
   3.1720900e-04
   1.3861700e-03
   1.7074700e-03
   1.7013600e-03
   1.6024200e-03
   2.4459600e-03
   3.9137400e-03
   4.6175400e-03
   4.6552900e-03
   4.6614100e-03
   4.6308100e-03
   4.7001700e-03
   4.4900600e-03
   3.1457000e-03
   1.8237800e-03
   5.4980500e-04
  -8.5269200e-04
  -1.3973700e-03
  -5.7014700e-04
  -2.3456400e-04
   2.8971900e-04
   1.0169800e-03
   1.6432600e-03
   1.8829700e-03
   2.8723700e-03
   3.6893900e-03
   4.2391800e-03
   5.4193200e-03
   5.6998200e-03
   5.6733000e-03
   5.6916700e-03
   5.6457700e-03
   6.2740900e-03
   6.8095900e-03
   6.5352200e-03
   7.3869200e-03
   7.5409400e-03
   6.6617100e-03
   6.6831300e-03
   6.7249500e-03
   6.0813400e-03
   5.6019400e-03
   5.7620800e-03
   5.6682400e-03
   5.7294500e-03
   5.7192500e-03
   5.1704900e-03
   3.9230400e-03
   1.9473000e-03
   5.9070300e-04
  -7.6691300e-04
  -1.3187300e-03
  -9.6478700e-04
  -1.8856400e-04
  -2.3956000e-04
   4.4180300e-04
   8.6918600e-04
   8.1615000e-04
   1.3173300e-04
  -2.0469800e-03
  -3.2985200e-03
  -4.6796000e-03
  -5.8189300e-03
  -6.1167700e-03
  -6.0892300e-03
  -6.0667800e-03
  -6.1116600e-03
  -6.0351600e-03
  -6.1504100e-03
  -5.8607300e-03
  -5.1426500e-03
  -4.9009000e-03
  -4.1063200e-03
  -4.0838700e-03
  -4.1134500e-03
  -4.0583700e-03
  -4.1460800e-03
  -3.4851200e-03
  -2.8537400e-03
  -2.1529900e-03
  -1.5460900e-03
  -8.2188500e-04
  -2.4966100e-04
   5.3778300e-04
   8.9886700e-04
   8.6215100e-04
   8.2645500e-04
   1.0345400e-03
   1.8648200e-03
   1.8209700e-03
   2.4237900e-03
   3.1255500e-03
   3.7610200e-03
   3.8252800e-03
   1.4782700e-03
  -1.5205300e-03
  -4.5652200e-03
  -6.2910600e-03
  -7.0958400e-03
  -8.0842100e-03
  -7.7771900e-03
  -6.9275200e-03
  -5.7769600e-03
  -5.0160400e-03
  -3.1677900e-03
  -1.9764300e-03
  -2.3324300e-04
   8.9488100e-04
   1.5211700e-03
   1.9505900e-03
   1.5017900e-03
   1.0377000e-03
  -1.6079700e-04
   5.0220800e-04
   1.2080500e-03
   1.7711000e-03
   2.5911800e-03
   2.8982100e-03
   2.9420700e-03
   2.7054400e-03
   1.4090200e-03
   2.2844400e-05
  -1.1807500e-03
  -2.6515900e-03
  -3.6389400e-03
  -4.2713400e-03
  -4.9169900e-03
  -5.0761100e-03
  -4.7517400e-03
  -4.1723800e-03
  -4.9995900e-03
  -4.9506300e-03
  -5.0363000e-03
  -4.7843600e-03
  -4.0305700e-03
  -3.4022500e-03
  -2.7657600e-03
  -1.9089600e-03
  -8.5631300e-04
   1.0861200e-04
   9.8071700e-04
   9.1034200e-04
   1.0164300e-03
   3.2691200e-04
   2.9835700e-04
   1.6474200e-04
  -3.1975200e-04
  -8.8482700e-04
  -1.7028600e-03
  -2.0058000e-03
  -2.4627500e-03
  -2.0343500e-03
  -2.0312800e-03
  -1.3835700e-03
  -9.0315000e-04
  -1.0908200e-03
  -3.9007900e-04
   2.2090600e-04
   9.4001100e-04
   1.0940400e-03
   2.1630000e-03
   2.8974100e-03
   3.5257300e-03
   4.7079200e-03
   6.7550600e-03
   8.0423100e-03
   9.1643200e-03
   1.1016600e-02
   1.1864300e-02
   1.1243100e-02
   1.0201700e-02
   9.0990600e-03
   7.0804900e-03
   5.1394400e-03
   3.2555000e-03
   2.8016100e-03
   1.8020100e-03
   8.8606000e-04
  -2.0737400e-04
  -1.0223500e-03
  -2.7940800e-03
  -4.5005400e-03
  -5.8295900e-03
  -6.7710400e-03
  -5.9091400e-03
  -5.3624100e-03
  -4.2251100e-03
  -3.3448400e-03
  -2.2401700e-03
  -1.9321300e-03
  -1.9351800e-03
  -2.5502400e-03
  -3.0724700e-03
  -2.7664600e-03
  -1.2752200e-03
   3.5577000e-04
   8.6271600e-04
   1.1707600e-03
   1.6402900e-04
  -1.1385000e-03
  -2.1268800e-03
  -2.9336900e-03
  -2.9520500e-03
  -2.9071600e-03
  -3.5048700e-03
  -4.2188600e-03
  -4.7880200e-03
  -5.7039700e-03
  -7.0881000e-03
  -8.4396000e-03
  -8.9903900e-03
  -8.6497100e-03
  -7.8357400e-03
  -8.4895500e-03
  -8.9057000e-03
  -9.4116200e-03
  -9.9685300e-03
  -9.7849200e-03
  -9.3259200e-03
  -8.5517300e-03
  -7.8285400e-03
  -6.6300400e-03
  -5.9547900e-03
  -5.8303400e-03
  -6.0730900e-03
  -6.8880700e-03
  -7.3613400e-03
  -8.7383300e-03
  -8.3721500e-03
  -8.7107800e-03
  -9.7307700e-03
  -8.9892300e-03
  -8.7872600e-03
  -7.6366900e-03
  -6.8023200e-03
  -5.6956200e-03
  -4.3787900e-03
  -3.2057800e-03
  -2.3561100e-03
  -1.6472100e-03
  -1.1729000e-03
  -1.9327900e-03
  -2.4540000e-03
  -3.8565000e-03
  -4.8713900e-03
  -5.5670200e-03
  -5.3732100e-03
  -4.7693700e-03
  -4.9845800e-03
  -4.8856300e-03
  -4.3735800e-03
  -3.6422300e-03
  -2.8792700e-03
  -1.7307400e-03
  -8.9025100e-04
   2.5011700e-04
   9.4372500e-04
   1.1752700e-03
   2.1167400e-03
   3.1479700e-03
   4.0731200e-03
   5.5623200e-03
   6.5588700e-03
   7.2045400e-03
   7.2657500e-03
   6.8343000e-03
   6.9801700e-03
   6.7516900e-03
   5.8806200e-03
   6.1295100e-03
   6.4640800e-03
   6.8312900e-03
   6.9751100e-03
   6.3325200e-03
   5.6501500e-03
   5.0187800e-03
   4.8351900e-03
   5.6134600e-03
   5.9378300e-03
   6.0816500e-03
   6.9027600e-03
   7.4362300e-03
   8.7479600e-03
   1.0058700e-02
   1.1388800e-02
   1.2158900e-02
   1.2170100e-02
   1.1646800e-02
   1.0699300e-02
   9.7353800e-03
   8.6725500e-03
   7.9412200e-03
   7.2721100e-03
   6.7988400e-03
   6.9610300e-03
   6.8365900e-03
   6.9692000e-03
   6.6846300e-03
   6.3633400e-03
   6.3052100e-03
   4.7844000e-03
   3.8133700e-03
   2.3292800e-03
   1.3521300e-03
   1.3527700e-04
  -1.0938100e-03
  -9.3672400e-04
  -1.0764500e-03
  -9.1630500e-04
  -1.6486600e-03
  -2.5870500e-03
  -3.4721400e-03
  -3.0889900e-03
  -3.1978800e-03
  -3.8883000e-03
  -3.5469700e-03
  -3.8564500e-03
  -3.3915400e-03
  -2.8682800e-03
  -1.8581700e-03
  -5.7695900e-04
   4.7178900e-04
   1.1558700e-03
   1.9130000e-03
   2.2264300e-03
   2.8356200e-03
   3.2624300e-03
   3.7233500e-03
   4.8795000e-03
   5.3266400e-03
   5.7342900e-03
   5.3988100e-03
   5.0733200e-03
   5.1178100e-03
   5.0834500e-03
   5.0634000e-03
   5.1029900e-03
   4.4330700e-03
   3.9810300e-03
   3.5388700e-03
   2.7278100e-03
   2.1842900e-03
   1.8350300e-03
   1.1050600e-03
   1.0494500e-03
   1.0688700e-03
   1.0450500e-03
   1.0321100e-03
   1.0519100e-03
   9.6195800e-04
   1.2250500e-03
   1.3714500e-03
   8.8445200e-04
   1.0432200e-03
   9.2018800e-04
   9.9209400e-04
   9.2243700e-04
   9.3565200e-04
   1.4419000e-03
   2.1646000e-03
   2.6551500e-03
   3.5362400e-03
   4.8435300e-03
   6.0340700e-03
   7.6543400e-03
   9.1231100e-03
   1.0171600e-02
   9.9559000e-03
   1.0068100e-02
   9.6352400e-03
   9.5191300e-03
   9.7802500e-03
   9.8194600e-03
   1.0527800e-02
   1.0569200e-02
   1.1335800e-02
   1.0643200e-02
   9.5304900e-03
   9.0544900e-03
   7.4682000e-03
   6.0662600e-03
   4.8001200e-03
   3.6875300e-03
   2.8011000e-03
   2.1899600e-03
   1.3777700e-03
   3.3373700e-04
  -4.7349500e-04
  -2.0546700e-03
  -3.2445700e-03
  -3.3997400e-03
  -4.3862800e-03
  -4.9875400e-03
  -5.4036400e-03
  -5.9272900e-03
  -5.6569500e-03
  -5.8756600e-03
  -5.4876600e-03
  -4.9624800e-03
  -4.2016800e-03
  -4.0835200e-03
  -4.7880600e-03
  -5.3064100e-03
  -6.2062100e-03
  -6.6835600e-03
  -6.8583100e-03
  -7.2324900e-03
  -7.0580200e-03
  -6.6884900e-03
  -6.3525900e-03
  -6.2035300e-03
  -6.2193000e-03
  -6.1455100e-03
  -6.1313900e-03
  -6.0535000e-03
  -6.5025100e-03
  -7.0602800e-03
  -7.4789300e-03
  -8.0662500e-03
  -8.2982500e-03
  -8.1760300e-03
  -8.1201200e-03
  -7.5976800e-03
  -6.8884600e-03
  -6.4173700e-03
  -5.9893200e-03
  -5.5135800e-03
  -4.7104700e-03
  -4.5964200e-03
  -4.0293100e-03
  -3.8989800e-03
  -3.9575000e-03
  -3.4714900e-03
  -3.0559900e-03
  -2.6265000e-03
  -2.6535600e-03
  -3.1324400e-03
  -2.9622900e-03
  -2.4625900e-03
  -2.5925700e-03
  -2.1736400e-03
  -1.9636500e-03
  -1.6731600e-03
  -1.6717000e-03
  -2.0978400e-03
  -2.5427000e-03
  -3.0642100e-03
  -2.9685500e-03
  -3.4420000e-03
  -3.6775600e-03
  -3.5972400e-03
  -3.4024000e-03
  -2.7853000e-03
  -2.5977800e-03
  -1.9909700e-03
  -1.5262000e-03
  -1.1214900e-03
  -1.2679600e-03
  -9.9892700e-04
  -5.0138400e-04
  -2.7027700e-05
   6.9164900e-04
   1.3646200e-03
   1.6350300e-03
   1.5085000e-03
   1.6067900e-03
   1.0811200e-03
   8.4142100e-04
   4.7921800e-04
   1.0631500e-04
   2.9680800e-04
   4.0864900e-05
  -3.4294500e-04
  -8.3501300e-04
  -1.0096900e-03
  -1.3465400e-03
  -1.9718800e-03
  -2.5703700e-03
  -2.7080500e-03
  -2.7369700e-03
  -3.1629600e-03
  -3.4715700e-03
  -3.6815100e-03
  -3.7728600e-03
  -3.5230500e-03
  -3.3401800e-03
  -2.9779700e-03
  -2.4370300e-03
  -2.0316800e-03
  -1.8717000e-03
  -1.8906100e-03
  -1.7525500e-03
  -1.7638800e-03
  -1.6240000e-03
  -1.6532600e-03
  -1.4123100e-03
  -9.6958900e-04
  -7.7494900e-04
  -3.1745800e-04
   5.5536000e-05
   3.9250700e-04
  -4.1674800e-05
  -1.5685600e-04
  -4.2471600e-04
  -6.6287900e-04
  -2.0408000e-04
   1.1895500e-04
   5.5233000e-04
   5.6508400e-04
   6.1528200e-04
   6.0987000e-04
   6.7248700e-04
   6.9238300e-04
   1.5969300e-03
   2.1326900e-03
   2.4122100e-03
   2.6164300e-03
   2.5420800e-03
   2.4739800e-03
   2.0265500e-03
   2.0836400e-03
   1.7381200e-03
   1.5605400e-03
   1.3456500e-03
   1.0624900e-03
   1.2965000e-03
   1.5392100e-03
   1.8919600e-03
   2.2447600e-03
   2.7842100e-03
   3.2641600e-03
   3.6417000e-03
   4.1061300e-03
   4.6128800e-03
   4.9267600e-03
   4.9108700e-03
   5.1010900e-03
   5.0701900e-03
   5.2687600e-03
   5.1356900e-03
   5.0577600e-03
   5.3322700e-03
   5.5112300e-03
   5.9547200e-03
   5.8913500e-03
   5.9500900e-03
   5.9403200e-03
   5.5304300e-03
   4.9106200e-03
   4.3125700e-03
   3.8208000e-03
   3.4867200e-03
   3.4893600e-03
   3.5067200e-03
   3.8399000e-03
   4.0063200e-03
   3.6718700e-03
   3.6724700e-03
   3.5353800e-03
   3.0945800e-03
   2.7503200e-03
   2.4497200e-03
   2.0507300e-03
   1.5264500e-03
   1.1829400e-03
   6.5150200e-04
   4.7838600e-04
   2.6404100e-04
   5.7646000e-05
   2.3731300e-05
  -2.0179400e-04
  -2.2043100e-04
  -1.8543900e-04
  -2.7797600e-04
  -3.3955200e-04
  -4.6365100e-04
  -5.9340700e-04
  -8.0500100e-04
  -8.5195400e-04
  -7.3435600e-04
  -4.9218200e-04
  -4.8476600e-04
  -3.7141500e-04
  -4.6137500e-04
  -6.5151200e-04
  -6.2473100e-04
  -8.4205600e-04
  -9.5598200e-04
  -9.6035100e-04
  -1.0372000e-03
  -1.2522000e-03
  -1.4857700e-03
  -1.6329400e-03
  -1.7645700e-03
  -1.8447600e-03
  -1.8004300e-03
  -1.9150800e-03
  -2.0113300e-03
  -2.1297800e-03
  -2.4023000e-03
  -2.6652200e-03
  -2.8029300e-03
  -2.9621400e-03
  -3.0895100e-03
  -3.1197700e-03
  -3.1077600e-03
  -3.1246900e-03
  -3.0743500e-03
  -2.9514700e-03
  -2.8322600e-03
  -2.5621000e-03
  -2.3738200e-03
  -2.1771600e-03
  -2.0526800e-03
  -1.8880600e-03
  -1.8346900e-03
  -1.8443800e-03
  -1.7314700e-03
  -1.6828200e-03
  -1.5855000e-03
  -1.5359900e-03
  -1.4241200e-03
  -1.2782600e-03
  -1.1863300e-03
  -1.0855700e-03
  -1.0558500e-03
  -1.0399600e-03
  -9.6130800e-04
  -9.7755500e-04
  -9.5599800e-04
  -8.3146200e-04
  -7.1059700e-04
  -6.0788200e-04
  -4.9226200e-04
  -4.2566200e-04
  -3.3946500e-04
  -2.6637900e-04
  -2.5110400e-04
  -2.1093400e-04
  -1.9451100e-04
  -1.1269500e-04
  -6.2115100e-05
  -7.3983800e-05
  -6.9615400e-05
  -3.9349600e-05
  -3.4459900e-05
  -1.9540200e-05
   5.9714800e-06
   6.2190900e-05
   1.0933600e-04
   1.1602300e-04
   1.0885600e-04
   8.7007200e-05
   5.7034700e-05
   1.0796000e-05
   3.3681100e-06
   6.9295700e-06
   2.9845800e-05
   6.9008000e-05
   1.0630700e-04
   1.3806700e-04
   1.7542600e-04
   1.9633500e-04
   2.0462300e-04
   2.1484700e-04
   2.3423300e-04
   2.8663500e-04
   3.3267400e-04
   3.7238900e-04
   4.0962600e-04
   4.4752200e-04
   4.8400000e-04
   5.3005100e-04
   5.6503600e-04
   5.7099100e-04
   5.8234300e-04
   5.8278100e-04
   5.7182000e-04
   5.6522000e-04
   5.5463500e-04
   5.3201400e-04
   5.0440000e-04
   4.7078100e-04
   4.4089500e-04
   4.2028300e-04
   3.9067100e-04
   3.6664400e-04
   3.4796700e-04
   3.2793600e-04
   3.0942000e-04
   2.9011300e-04
   2.7221300e-04
   2.5348200e-04
   2.3637600e-04
   2.1762900e-04
   1.9873100e-04
   1.8224100e-04
   1.6545400e-04
   1.4978000e-04
   1.3540700e-04
   1.2190500e-04
   1.0707200e-04
   9.3420800e-05
   7.9878400e-05
   6.6320500e-05
   5.2653400e-05
   3.7856700e-05
   2.2283300e-05
   6.0045800e-06
  -1.0658800e-05
  -2.7563900e-05
