   9.6358800e-06
  -4.9350800e-06
   7.5067100e-06
  -6.8601500e-06
   8.3600700e-06
  -9.8908900e-06
   4.8296200e-06
  -1.0455400e-05
  -6.3705500e-06
  -2.3661700e-05
  -6.8764400e-06
  -3.1262100e-05
  -2.3078300e-05
  -2.9550500e-05
  -1.4657800e-05
  -2.6300000e-05
  -1.2740200e-05
  -5.3339000e-05
  -4.6028800e-05
  -4.6069600e-05
  -1.6693200e-05
  -3.7656100e-05
  -4.5262300e-05
  -6.9611600e-05
   1.6457100e-05
   2.4479500e-05
   6.6752800e-05
   3.3818700e-08
  -2.5825200e-05
  -4.0005100e-05
  -9.7003100e-05
  -9.5525000e-05
  -7.4125600e-05
  -1.0284500e-04
  -6.6402200e-05
  -8.3701600e-05
  -4.4126200e-05
  -1.1433000e-04
  -1.2390000e-04
  -1.5060200e-04
  -1.6247300e-04
  -1.4523000e-04
  -1.3090200e-04
  -1.4921700e-04
  -1.2006400e-04
  -8.8640700e-05
  -4.6170000e-06
   6.8539100e-05
   6.6054700e-05
  -7.3916300e-05
  -1.7526600e-04
  -1.8860700e-04
  -1.8385700e-04
  -1.3299800e-04
  -5.2220200e-05
  -9.3244800e-05
  -8.1350700e-05
  -1.3258700e-04
  -2.2626700e-04
  -2.9439100e-04
  -1.9792300e-04
  -3.3143400e-04
  -4.9182300e-04
  -4.5713800e-04
  -2.7875500e-04
   2.4876900e-05
   3.6807500e-04
   3.4108800e-04
   3.0331900e-04
   3.6405000e-05
   3.5689800e-05
   8.9689000e-05
   2.4134200e-04
   9.4683800e-05
   2.8311100e-04
   1.2677400e-04
   2.0145400e-04
   1.4227500e-04
  -6.2776200e-05
   2.6360200e-04
   6.9799700e-04
   3.7707500e-04
  -1.0981000e-04
  -4.4423800e-04
  -4.4763700e-04
  -4.4598600e-04
  -4.3221800e-04
  -3.0505200e-04
  -4.5281300e-04
  -4.8827000e-04
  -4.4223600e-04
  -4.7106600e-04
  -4.0349200e-04
  -3.1514000e-04
  -3.3392500e-04
   1.5441400e-04
   3.0309500e-04
  -4.4237000e-05
   1.9129600e-04
   2.7137900e-04
   3.0755900e-04
   5.9479900e-04
   9.4733900e-04
   1.0856400e-03
   1.7030600e-03
   1.7342800e-03
   1.2158200e-03
   6.8308600e-04
   6.1898900e-04
   6.6276300e-04
   9.7662900e-04
   6.6903000e-04
   2.0683500e-04
  -2.7479700e-04
  -7.8696400e-04
  -8.3247400e-04
  -7.8728900e-04
  -5.3683800e-04
  -6.8069000e-04
  -1.8687200e-03
  -2.2953400e-03
  -2.0965700e-03
  -2.4726600e-03
  -2.2699200e-03
  -2.1641700e-03
  -1.7253300e-03
  -5.6217400e-04
  -3.7424500e-04
  -1.2679900e-03
  -1.3003500e-03
  -4.2512700e-04
  -3.6671400e-04
  -4.7340000e-05
  -2.6235400e-04
   5.4723800e-04
   1.5816300e-03
   1.4933600e-03
   1.2867300e-03
   1.1531400e-03
   1.4395600e-03
   1.4291900e-03
   1.4995300e-03
   1.6695500e-03
   1.2781300e-03
   1.3168100e-03
   1.6756700e-03
   2.7899600e-03
   3.0572700e-03
   3.0216400e-03
   1.7307800e-03
   5.3512500e-05
  -3.1183600e-04
  -4.5105300e-04
  -1.8069900e-03
  -1.9599200e-03
  -1.6484000e-03
  -1.4303700e-03
  -1.4566000e-03
  -9.1868700e-04
  -6.5842800e-04
   1.0765300e-04
  -5.1279000e-04
  -2.6018900e-03
  -4.8363600e-03
  -3.9696000e-03
  -6.2041000e-04
   1.4549700e-03
   6.4491800e-04
  -1.4669200e-03
  -3.8197900e-03
  -5.4204800e-03
  -4.9016600e-03
  -3.3901100e-03
  -3.9393000e-03
  -4.9317100e-03
  -4.4499100e-03
  -3.0654400e-03
  -1.2477600e-03
   8.5869900e-04
   1.6549500e-03
   2.8206500e-04
  -2.6512900e-03
  -2.9169700e-03
  -6.0013200e-04
   2.5240900e-03
   5.3546800e-03
   6.1186000e-03
   4.3387100e-03
   1.3188500e-03
   1.1946600e-03
   4.1629400e-03
   6.4434600e-03
   5.5764500e-03
   3.0657600e-03
   4.3638300e-04
  -1.4436400e-03
  -2.6996600e-03
  -4.0085200e-03
  -5.1209500e-03
  -5.8145600e-03
  -4.9021200e-03
  -3.5515700e-03
  -3.3565300e-03
  -3.6302600e-03
  -4.1176400e-03
  -3.8000400e-03
  -2.7835700e-03
  -2.0472500e-03
  -6.7889600e-04
  -1.5995600e-04
  -1.9931700e-04
  -2.6991900e-04
   1.5433100e-03
   4.5741100e-03
   5.3700200e-03
   4.7333800e-03
   3.4995700e-03
   2.7727700e-03
   2.8722800e-03
   2.7399700e-03
   2.7901300e-03
   9.4684000e-04
  -2.9150500e-03
  -5.6864800e-03
  -5.1913000e-03
  -6.2278400e-03
  -7.8387800e-03
  -6.3630900e-03
  -3.6722900e-03
  -3.8241300e-04
   4.6707000e-04
  -2.2310600e-03
  -2.9557300e-03
  -1.0894000e-03
   1.2518100e-03
   2.9286600e-03
   3.6155800e-03
   1.5130300e-03
  -1.2393700e-03
  -3.7013800e-03
  -5.6885000e-03
  -6.3558900e-03
  -4.8098100e-03
  -9.6844400e-04
   3.0468400e-03
   4.3360900e-03
   1.2564000e-03
  -3.0919000e-03
  -4.1701700e-03
  -1.4991400e-03
   1.8038700e-03
   5.5215400e-03
   7.1017100e-03
   6.3696800e-03
   5.3495100e-03
   6.7846600e-03
   8.0877000e-03
   7.1245600e-03
   5.0036300e-03
   2.3032700e-03
  -1.4848300e-04
  -4.2999100e-04
   2.3574000e-03
   6.2829000e-03
   8.3751400e-03
   7.7477200e-03
   5.7720900e-03
   3.1017600e-03
   1.8589900e-03
   2.8709000e-03
   2.9031500e-03
   7.0785200e-04
   1.3390900e-03
   3.9042600e-03
   3.4348400e-03
   1.0144900e-03
   2.8853800e-04
  -1.1552200e-03
  -2.3197300e-03
  -8.8051700e-04
  -1.0458300e-03
  -1.8864600e-03
  -4.3774400e-03
  -4.5615100e-03
  -3.5553800e-03
  -8.8129400e-04
   2.7940000e-03
   4.7388700e-03
   3.8925000e-03
   1.1361100e-03
  -1.9590100e-03
  -3.5283100e-03
  -3.0207900e-03
  -6.7947900e-05
   4.9444000e-03
   8.4281300e-03
   1.0156600e-02
   8.9056900e-03
   5.5947800e-03
   1.8698900e-03
  -1.1888900e-03
  -3.7734800e-03
  -4.0461700e-03
  -2.1588300e-03
   8.9108700e-04
   5.0250800e-03
   8.6552400e-03
   9.9423600e-03
   8.6922400e-03
   5.9295500e-03
   3.1354000e-03
  -1.7844700e-04
  -2.5964000e-03
  -2.8379600e-03
  -1.7000000e-03
   1.5837700e-03
   2.8792100e-03
   6.0674100e-05
  -3.3333000e-03
  -6.0739500e-03
  -6.2907500e-03
  -1.6901800e-03
   3.6329800e-03
   4.3693200e-03
   1.1710500e-03
   1.5901300e-04
   3.3418000e-03
   3.0806000e-03
  -1.6988700e-03
  -6.3297700e-03
  -6.5873300e-03
  -1.5463900e-03
   3.4449700e-03
   5.5567200e-03
   4.7167000e-03
   2.1107400e-03
   1.0843600e-04
  -1.2084700e-03
  -1.7072600e-03
  -2.1891500e-03
  -2.1929900e-03
  -1.7503600e-03
   1.6816500e-04
   2.1193700e-03
   3.9335900e-03
   3.4956300e-03
   1.3010000e-03
   2.0752100e-04
   5.9598100e-04
   2.1134400e-03
   4.6630200e-03
   7.0732700e-03
   8.9733000e-03
   7.5684700e-03
   4.4189300e-03
   3.0592100e-03
   5.8938000e-03
   1.0693700e-02
   1.4588000e-02
   1.6603300e-02
   1.5233700e-02
   1.2979900e-02
   1.3179800e-02
   1.4567800e-02
   1.4186100e-02
   1.0929100e-02
   7.2898300e-03
   2.9340600e-03
  -9.7084100e-04
  -4.1176700e-03
  -7.5250100e-03
  -8.0564900e-03
  -6.0492200e-03
  -4.1675100e-03
  -2.3909800e-03
  -2.5856700e-03
  -2.2980700e-03
  -4.3046800e-03
  -5.2723700e-03
  -5.5265300e-03
  -5.6855300e-03
  -5.9070400e-03
  -5.4772800e-03
  -4.7087800e-03
  -1.8126600e-03
  -4.5421500e-05
  -1.7250000e-03
  -3.5996700e-03
  -4.7654400e-03
  -4.9982400e-03
  -5.2308800e-03
  -5.1384400e-03
  -3.5590100e-03
   2.3796800e-04
   5.1510800e-03
   5.9118100e-03
   3.7013300e-03
   1.3895800e-03
  -9.8660900e-04
  -5.8131600e-03
  -1.0358100e-02
  -1.2540600e-02
  -1.2212400e-02
  -7.1314500e-03
  -1.1143200e-03
   1.5923600e-03
   2.4694900e-03
  -3.9418100e-04
  -5.8469700e-03
  -7.9626600e-03
  -8.4062700e-03
  -8.0134900e-03
  -7.8249400e-03
  -6.0816400e-03
  -2.3259600e-03
   4.8955100e-03
   9.6383700e-03
   9.6078300e-03
   4.5150400e-03
  -3.0035100e-04
  -3.3486500e-03
  -3.3109500e-03
  -3.6313800e-03
  -2.2140400e-03
   2.3030600e-03
   5.2676500e-03
   3.3288700e-03
   5.3551100e-06
  -2.8838500e-03
  -5.9759900e-03
  -9.4099700e-03
  -1.1083500e-02
  -1.1541500e-02
  -1.0789200e-02
  -8.4101300e-03
  -4.7344400e-03
  -2.1295600e-03
  -1.1981900e-03
  -3.9496400e-03
  -7.1817000e-03
  -7.7693600e-03
  -5.6514000e-03
  -4.9478100e-03
  -6.2327100e-03
  -6.2522900e-03
  -4.6487900e-03
  -3.2374700e-03
  -2.4644900e-03
  -3.1552700e-03
  -4.1145400e-03
  -3.5244800e-03
  -2.2727100e-03
   6.6014500e-04
   4.8853700e-03
   9.5695000e-03
   1.2774700e-02
   1.1825600e-02
   8.6676200e-03
   4.9078200e-03
   3.0091300e-03
   2.9527300e-03
   2.8743200e-03
   3.5469500e-03
   2.5775200e-03
   6.0141300e-04
   7.7675200e-04
   2.7675800e-03
   5.7442800e-03
   4.1414400e-03
  -4.2777800e-04
  -4.0859700e-03
  -9.7820700e-03
  -1.3706800e-02
  -1.5769100e-02
  -1.6077600e-02
  -1.8807800e-02
  -2.3063800e-02
  -2.7909400e-02
  -2.9785000e-02
  -2.9893700e-02
  -3.0877800e-02
  -3.3710800e-02
  -3.5711100e-02
  -3.2911000e-02
  -2.2244600e-02
  -1.6617400e-02
  -1.6112000e-02
  -1.4620900e-02
  -1.1070900e-02
  -6.9822400e-03
  -7.0305900e-03
  -6.0576100e-03
   1.1837200e-03
   1.5054500e-02
   2.0975100e-02
   2.0781100e-02
   2.0951600e-02
   2.6625600e-02
   3.3483500e-02
   3.5109700e-02
   2.8336400e-02
   1.5911400e-02
   9.1131000e-03
   9.5623900e-03
   1.2284600e-02
   1.1739300e-02
   1.3997200e-02
   1.5482700e-02
   1.5556100e-02
   1.0383200e-02
   5.8505000e-03
   3.5777700e-03
  -1.3476100e-03
  -6.9912800e-03
  -6.1614500e-03
  -3.3818200e-03
  -1.0751100e-02
  -2.4451100e-02
  -3.2195500e-02
  -2.7398800e-02
  -1.3079400e-02
  -6.0252900e-03
  -7.3463000e-03
  -7.1348600e-03
   7.9652700e-04
   1.2271900e-02
   1.7632400e-02
   1.7311000e-02
   1.8704600e-02
   2.1805300e-02
   2.1291600e-02
   1.8977000e-02
   1.8754600e-02
   1.6829700e-02
   7.9955800e-03
  -2.2757700e-03
  -9.4717800e-03
  -7.2388000e-03
  -2.3340500e-03
  -1.4660300e-03
  -3.5242700e-03
  -4.1334600e-03
  -3.8885300e-03
  -3.8017300e-03
  -3.4670900e-03
   1.2680400e-03
   1.4238100e-02
   2.5438500e-02
   2.6214400e-02
   2.3031600e-02
   1.9451900e-02
   1.6933700e-02
   1.5011600e-02
   1.4860100e-02
   1.3501000e-02
   1.2126700e-02
   1.2059700e-02
   1.4498500e-02
   2.2073500e-02
   3.0680500e-02
   3.0506300e-02
   1.8683000e-02
   3.0323500e-03
  -1.0491700e-02
  -2.4560600e-02
  -3.0537000e-02
  -2.8587400e-02
  -2.1415200e-02
  -8.8821800e-03
  -3.8774800e-04
  -2.4446100e-03
  -1.2330800e-02
  -1.3538000e-02
  -3.0182500e-03
   8.3749700e-03
   1.0451300e-02
   6.6182100e-03
   2.1292600e-03
  -1.2620700e-03
  -8.2373300e-03
  -1.9213100e-02
  -2.9419500e-02
  -3.0757500e-02
  -2.4526400e-02
  -1.9113400e-02
  -1.8183900e-02
  -1.6575300e-02
  -1.3409600e-02
  -1.3206700e-02
  -1.2366600e-02
  -1.1741900e-02
  -9.5030400e-03
  -5.6550500e-03
  -9.2854500e-05
   3.9847800e-03
   9.3541800e-03
   2.0018000e-02
   2.9400200e-02
   2.8818400e-02
   1.8862800e-02
  -5.1712000e-04
  -1.3886500e-02
  -1.7762800e-02
  -1.3756300e-02
  -2.3435800e-03
   1.3879200e-02
   2.3122300e-02
   2.3950600e-02
   1.9733100e-02
   1.3847700e-02
   1.1575700e-02
   1.2140700e-02
   1.3403600e-02
   1.7127400e-02
   2.2875400e-02
   3.3562100e-02
   4.4477600e-02
   4.6346000e-02
   3.7308300e-02
   2.2300700e-02
   1.5440800e-02
   1.5002100e-02
   1.5271000e-02
   1.5581100e-02
   1.7677300e-02
   1.9292800e-02
   2.0701900e-02
   2.2025700e-02
   2.1825400e-02
   1.6929200e-02
   1.0057800e-02
   9.2718600e-04
  -9.8297300e-03
  -2.0579500e-02
  -2.5413000e-02
  -2.1672500e-02
  -1.5137800e-02
  -9.6282700e-03
  -9.2449000e-03
  -9.9589300e-03
  -1.2199200e-02
  -1.4776700e-02
  -1.8172100e-02
  -1.7358200e-02
  -1.2653900e-02
  -7.3248500e-03
  -3.8586600e-03
  -1.5858300e-03
  -2.1946600e-03
  -6.9541200e-03
  -9.9678500e-03
  -1.1376700e-02
  -1.3327900e-02
  -1.7796200e-02
  -2.7787300e-02
  -4.2799600e-02
  -5.3334300e-02
  -5.8881200e-02
  -5.8297000e-02
  -5.1424200e-02
  -4.3686400e-02
  -4.5718700e-02
  -5.3211300e-02
  -5.5361700e-02
  -5.1695100e-02
  -4.1977300e-02
  -2.9139900e-02
  -1.9394400e-02
  -2.0111800e-02
  -2.5886700e-02
  -3.0869200e-02
  -2.8890100e-02
  -2.2330500e-02
  -1.8538900e-02
  -2.1864800e-02
  -2.6788800e-02
  -2.8451700e-02
  -2.5094700e-02
  -1.6833700e-02
  -4.7578500e-03
   4.9926100e-03
   1.0978100e-02
   1.2384300e-02
   1.3369000e-02
   1.8074100e-02
   2.9475600e-02
   4.0422200e-02
   4.1387900e-02
   2.9311700e-02
   1.2011800e-02
   4.6167800e-03
   9.6371200e-03
   2.1305300e-02
   2.8621100e-02
   2.5121000e-02
   1.0950900e-02
  -5.0842900e-03
  -2.2061200e-02
  -3.4174400e-02
  -3.7958900e-02
  -2.2447800e-02
  -4.9387700e-04
  -1.3232800e-03
  -1.3255700e-02
  -1.7702700e-02
  -1.0778100e-02
   4.1715200e-03
   1.9036200e-02
   2.7836500e-02
   3.0826700e-02
   3.2909100e-02
   3.4657400e-02
   3.5184200e-02
   3.3152500e-02
   2.4568900e-02
   1.1925800e-02
   5.0505800e-03
   5.8764900e-03
   6.7982200e-03
   3.5469700e-03
  -1.0299700e-02
  -2.4476900e-02
  -3.1317600e-02
  -3.3371000e-02
  -2.5848600e-02
  -7.6398400e-03
   1.3611800e-02
   3.0587200e-02
   4.3978200e-02
   4.5290900e-02
   3.5288400e-02
   1.3420600e-02
  -3.8484200e-03
  -1.1477900e-02
  -1.2108100e-02
  -4.2422200e-03
   1.4949700e-02
   3.3359100e-02
   3.7327900e-02
   3.1531700e-02
   2.3567100e-02
   2.2178500e-02
   2.1592800e-02
   1.7878100e-02
   1.3218400e-02
   1.2696000e-02
   1.6676000e-02
   1.3769700e-02
   4.3909300e-03
  -2.2101100e-03
   1.9122400e-03
   1.9004400e-02
   3.4580800e-02
   3.5314700e-02
   2.0954000e-02
  -1.7410500e-03
  -1.2672400e-02
  -5.6381100e-03
   8.8726000e-03
   1.9388100e-02
   2.3480500e-02
   2.4391100e-02
   2.4533400e-02
   2.6914400e-02
   2.9057500e-02
   2.5151200e-02
   1.1681200e-02
  -4.3099900e-03
  -1.0177200e-02
  -1.2425000e-02
  -1.4279100e-02
  -1.0826400e-02
  -1.6174700e-03
   9.5777700e-03
   1.2902600e-02
   7.3295100e-03
  -2.0414800e-03
  -9.0071700e-03
  -8.4016000e-03
  -4.8717700e-03
   3.0122400e-04
   3.1050600e-03
   3.9179600e-03
   3.3803600e-03
   5.0260000e-03
   1.0207300e-02
   1.4093700e-02
   1.0520700e-02
   1.7845500e-03
  -1.3203500e-02
  -2.7072100e-02
  -3.4235900e-02
  -3.1653600e-02
  -2.0605200e-02
  -5.5436900e-03
   4.4973500e-03
   5.7743400e-03
  -5.8601300e-04
  -1.3652200e-02
  -2.3260400e-02
  -2.3246900e-02
  -1.4536700e-02
  -1.4972000e-03
   2.4800200e-03
  -1.0662100e-02
  -2.9472800e-02
  -3.1721000e-02
  -2.3401400e-02
  -8.7171600e-03
  -4.1911400e-03
  -1.6709000e-02
  -2.8924100e-02
  -2.9502300e-02
  -1.7797000e-02
   1.8582700e-02
   4.7172100e-02
   4.5075200e-02
   2.4747300e-02
   2.2252200e-03
  -4.7156100e-03
  -8.9067300e-03
  -1.9005700e-02
  -2.8438000e-02
  -2.9509300e-02
  -2.4373900e-02
  -1.2402000e-02
  -4.0414400e-03
  -4.3363000e-03
  -5.2085000e-03
  -4.2228300e-03
  -3.4223100e-03
  -4.3031400e-03
   1.7743000e-03
   1.2394400e-02
   2.2284300e-02
   2.4110900e-02
   2.2594000e-02
   2.3056100e-02
   2.6493600e-02
   2.5850100e-02
   2.3540300e-02
   1.6963700e-02
   9.0088200e-03
   5.9785800e-03
   1.0037000e-02
   1.4256100e-02
   1.1204300e-02
   4.6534600e-03
  -2.9569700e-03
  -3.8673900e-03
   6.2879800e-03
   2.1933600e-02
   3.0216800e-02
   2.6798400e-02
   6.5758900e-03
  -2.7056100e-02
  -4.9560500e-02
  -5.4031200e-02
  -5.0478800e-02
  -3.4137700e-02
  -1.1359400e-02
   5.9043400e-03
   1.3927200e-02
   1.2402000e-02
   3.6967400e-03
  -2.9135400e-02
  -5.4885800e-02
  -6.3683600e-02
  -6.3051500e-02
  -4.8735900e-02
  -2.5667400e-02
  -3.0157700e-03
   1.4325400e-02
   2.0057200e-02
   1.7711600e-02
   1.4082000e-02
   1.3140400e-02
   1.5273800e-02
   1.4320600e-02
   1.2172500e-02
   1.3791100e-02
   1.7259800e-02
   1.9027200e-02
   1.5730400e-02
   6.4339600e-03
  -6.0225700e-03
  -1.5395800e-02
  -1.8088400e-02
  -1.6680600e-02
  -1.5552800e-02
  -1.3724900e-02
  -9.9345300e-03
  -5.3903600e-03
  -3.4942900e-04
   2.5648500e-03
   7.5930100e-04
  -2.6123400e-03
   1.9011800e-03
   1.2216500e-02
   2.1807700e-02
   2.3440500e-02
   1.6559400e-02
   1.0327200e-02
   9.9631200e-03
   1.4550600e-02
   2.3204000e-02
   3.0876000e-02
   3.1716200e-02
   2.6917700e-02
   1.7803400e-02
   1.5617800e-02
   2.0366900e-02
   2.3908300e-02
   1.9326400e-02
   8.9258300e-03
   3.0859500e-03
   1.6990200e-03
  -3.0898700e-03
  -1.2365500e-02
  -1.8414700e-02
  -1.4479900e-02
  -9.8167000e-04
   1.2320400e-02
   1.3767600e-02
   7.0760700e-03
   1.6712900e-03
   4.8618900e-04
   6.2605000e-03
   9.2494300e-03
   6.8856700e-03
   2.7824400e-06
  -1.2381300e-02
  -2.7768300e-02
  -3.3828600e-02
  -3.1198300e-02
  -1.7038600e-02
   1.1581500e-02
   1.8085500e-02
   9.1638600e-03
   2.5739400e-03
   4.1531600e-03
   1.2145500e-02
   1.8802000e-02
   2.0301600e-02
   1.8578800e-02
   1.3439700e-02
   7.6110700e-03
   4.5268300e-03
   1.1616800e-03
  -3.5328900e-03
  -7.7857200e-03
  -5.4802400e-03
   4.4048700e-03
   1.4310400e-02
   2.4907700e-02
   3.0680300e-02
   3.0328500e-02
   2.5064900e-02
   1.7580000e-02
   1.0901700e-02
   1.2908000e-02
   2.3957000e-02
   4.1479200e-02
   4.8403900e-02
   4.3748100e-02
   3.1969700e-02
   1.6726000e-02
   4.1028300e-03
  -9.5219600e-03
  -2.5222100e-02
  -3.7332900e-02
  -4.0585700e-02
  -3.6114500e-02
  -2.9122400e-02
  -2.3977000e-02
  -2.1345900e-02
  -2.0361200e-02
  -1.9409400e-02
  -1.6840200e-02
  -1.1394800e-02
  -1.1144200e-02
  -1.7715600e-02
  -2.4336000e-02
  -2.7445900e-02
  -1.9471900e-02
  -2.5343200e-03
   7.4175400e-03
   1.0076300e-02
   5.9850500e-03
  -7.2468600e-03
  -3.0233700e-02
  -5.4413600e-02
  -6.8848000e-02
  -7.9843700e-02
  -8.3980900e-02
  -7.3354800e-02
  -5.6421800e-02
  -4.2303800e-02
  -2.5750100e-02
  -1.1058000e-02
  -6.7069900e-04
   4.1453500e-03
   2.0345300e-03
  -1.2888100e-02
  -2.8848500e-02
  -3.5886800e-02
  -3.6127500e-02
  -3.3674900e-02
  -2.8865100e-02
  -2.4407900e-02
  -2.3724900e-02
  -2.7413400e-02
  -2.8667600e-02
  -2.5777500e-02
  -1.7221700e-02
  -4.8384900e-03
   7.9925400e-03
   1.5160800e-02
   1.5201200e-02
   7.2734800e-03
  -6.6865500e-03
  -2.0798800e-02
  -3.3466700e-02
  -4.4102100e-02
  -5.1463300e-02
  -5.0859500e-02
  -3.4944000e-02
  -9.8993600e-03
   2.7294700e-02
   7.0303800e-02
   1.0842100e-01
   1.2213000e-01
   1.1817500e-01
   1.2217900e-01
   1.2964600e-01
   1.3336700e-01
   1.2911000e-01
   1.2545300e-01
   1.3069500e-01
   1.4467300e-01
   1.5910900e-01
   1.5689600e-01
   1.4034400e-01
   1.1272800e-01
   8.1440100e-02
   5.9258900e-02
   4.6588200e-02
   4.0003200e-02
   3.3978200e-02
   2.4302800e-02
   7.9750900e-03
  -2.0830000e-02
  -5.4725400e-02
  -8.2321200e-02
  -9.8134200e-02
  -9.8389400e-02
  -8.3619500e-02
  -6.9609900e-02
  -6.5316000e-02
  -6.2743900e-02
  -6.1066000e-02
  -5.5655800e-02
  -4.5877800e-02
  -3.1221400e-02
  -2.1610400e-02
  -1.8148900e-02
  -1.9155700e-02
  -2.7888300e-02
  -3.9954800e-02
  -4.8834500e-02
  -5.3858900e-02
  -5.5374900e-02
  -6.2549600e-02
  -7.5662500e-02
  -8.3018000e-02
  -8.2407500e-02
  -7.6161200e-02
  -6.4328000e-02
  -5.1895300e-02
  -3.6126800e-02
  -1.5490600e-02
  -7.3850600e-04
   5.5238300e-03
   9.6748200e-03
   1.0959800e-02
   8.4000600e-03
   4.9390800e-04
  -1.1832500e-02
  -2.0822300e-02
  -2.7285900e-02
  -2.9901900e-02
  -3.1616700e-02
  -3.0614500e-02
  -3.2666800e-02
  -3.8730900e-02
  -4.4989400e-02
  -4.1424200e-02
  -2.7075500e-02
  -8.0106000e-03
   1.5905100e-02
   4.5437000e-02
   6.0520000e-02
   6.1735300e-02
   5.9501600e-02
   5.5562200e-02
   5.0018100e-02
   4.7019200e-02
   4.9911600e-02
   5.8616600e-02
   6.8025200e-02
   6.8629400e-02
   5.8753200e-02
   4.3362200e-02
   3.4312600e-02
   3.0844000e-02
   2.4894700e-02
   9.4646900e-03
  -1.2669100e-02
  -2.7274100e-02
  -3.2789700e-02
  -3.6918600e-02
  -3.8519700e-02
  -4.4595600e-02
  -4.8027300e-02
  -4.2069800e-02
  -2.8399200e-02
  -1.4570100e-02
  -1.1225400e-02
  -2.3366200e-02
  -3.8955300e-02
  -5.0154900e-02
  -5.1053600e-02
  -3.9753700e-02
  -1.7995100e-02
   2.1164600e-04
   1.1282100e-02
   1.6094900e-02
   1.4844700e-02
   4.5982300e-03
  -8.6751800e-03
  -2.1203600e-02
  -3.1310900e-02
  -3.7853700e-02
  -4.0533900e-02
  -3.5104500e-02
  -2.6687800e-02
  -1.7998600e-02
  -6.6578900e-03
   1.9644700e-03
   4.6278900e-03
   4.7209600e-04
  -1.0423700e-02
  -1.9303700e-02
  -2.0417100e-02
  -1.5435900e-02
   2.7591800e-04
   1.9253900e-02
   3.0178900e-02
   3.7809200e-02
   3.7976400e-02
   3.0694900e-02
   2.3192700e-02
   2.0397800e-02
   2.3278800e-02
   3.2021100e-02
   4.1987200e-02
   4.9764300e-02
   5.3394300e-02
   5.1190700e-02
   4.4089700e-02
   3.6369600e-02
   2.7678200e-02
   2.5152300e-02
   3.1178100e-02
   3.5430300e-02
   3.1647800e-02
   2.7143300e-02
   2.5398300e-02
   2.5740300e-02
   2.6847100e-02
   2.4933800e-02
   1.6410800e-02
   2.8135300e-03
  -1.5382000e-02
  -3.4018800e-02
  -4.7971700e-02
  -4.9384100e-02
  -4.0492400e-02
  -2.5964600e-02
  -1.8046700e-02
  -1.9132000e-02
  -1.8629400e-02
  -1.6649400e-02
  -2.0756100e-02
  -2.6432200e-02
  -2.7586100e-02
  -2.1966700e-02
  -1.3349400e-02
  -3.9826700e-03
   6.7897300e-03
   1.8397300e-02
   2.4440000e-02
   2.3788600e-02
   1.8251100e-02
   1.4374500e-02
   1.7717700e-02
   2.6978000e-02
   3.6466200e-02
   3.8892600e-02
   2.9776300e-02
   1.4108700e-02
  -4.0921900e-03
  -1.5018600e-02
  -1.9699100e-02
  -2.5918900e-02
  -3.2315400e-02
  -3.4533200e-02
  -3.1306400e-02
  -2.8949200e-02
  -3.0569400e-02
  -3.1259700e-02
  -2.9305200e-02
  -3.1342300e-02
  -3.6031200e-02
  -4.1571900e-02
  -4.4396000e-02
  -4.6562800e-02
  -4.8372600e-02
  -4.8332400e-02
  -4.7145900e-02
  -4.7107500e-02
  -4.8368500e-02
  -4.7922600e-02
  -4.4144600e-02
  -3.8023100e-02
  -2.9305800e-02
  -1.3659300e-02
   3.4749400e-03
   2.0662100e-02
   2.9005000e-02
   2.5670700e-02
   1.2997300e-02
  -5.3824800e-03
  -1.4627300e-02
  -1.3835700e-02
  -4.2879500e-03
   1.8827100e-02
   4.3432400e-02
   5.3857200e-02
   5.8845700e-02
   5.7516200e-02
   5.1645700e-02
   4.5100200e-02
   4.4598900e-02
   4.6898000e-02
   4.3562400e-02
   3.3700000e-02
   2.3593600e-02
   1.8788100e-02
   2.0595300e-02
   2.4489100e-02
   2.6663100e-02
   2.7218400e-02
   3.0869600e-02
   4.2180700e-02
   5.5567500e-02
   6.5758400e-02
   7.0190600e-02
   7.1137900e-02
   7.2836200e-02
   6.7264300e-02
   5.3373900e-02
   3.2245300e-02
   1.0540600e-02
  -8.0224000e-03
  -2.9115100e-02
  -5.1974100e-02
  -6.0866900e-02
  -6.1502900e-02
  -5.8270800e-02
  -4.8194200e-02
  -3.9103100e-02
  -3.2954200e-02
  -2.3263200e-02
  -8.5763200e-03
   4.3813300e-03
   1.6417500e-02
   2.1419400e-02
   1.7476700e-02
   7.3489500e-03
  -5.0723100e-03
  -1.3032100e-02
  -1.3239600e-02
  -6.2526000e-03
   5.7983300e-03
   2.0463400e-02
   3.6580100e-02
   5.0800700e-02
   6.1476700e-02
   6.9390600e-02
   7.4814400e-02
   8.2368100e-02
   9.1534400e-02
   9.4770500e-02
   9.2543000e-02
   8.1322200e-02
   6.0918800e-02
   4.2635700e-02
   2.1453600e-02
   4.7539700e-03
  -6.5262500e-03
  -1.3694200e-02
  -2.2093800e-02
  -3.5416400e-02
  -5.8020000e-02
  -8.1549300e-02
  -1.0029500e-01
  -1.1069400e-01
  -1.1110500e-01
  -9.9722200e-02
  -7.7004400e-02
  -5.6565100e-02
  -4.6140100e-02
  -3.9815500e-02
  -3.7753100e-02
  -4.0509000e-02
  -4.4403500e-02
  -4.9971500e-02
  -5.5661800e-02
  -5.7157400e-02
  -5.1810200e-02
  -4.4762600e-02
  -3.6482400e-02
  -2.7945500e-02
  -2.3544100e-02
  -2.5503100e-02
  -2.9442400e-02
  -2.8742000e-02
  -2.5199300e-02
  -1.9368300e-02
  -1.8192100e-02
  -2.3021000e-02
  -2.4074200e-02
  -1.6245100e-02
   4.1596400e-04
   2.0058500e-02
   3.4480200e-02
   4.3462400e-02
   5.1389600e-02
   5.7961400e-02
   5.9593000e-02
   5.8203200e-02
   5.1887100e-02
   4.5397900e-02
   4.1961500e-02
   3.5548300e-02
   2.6770900e-02
   1.7567400e-02
   1.4337100e-02
   1.8894300e-02
   2.6112900e-02
   2.7484500e-02
   2.0246500e-02
   1.1209400e-02
   5.0085500e-03
   1.2236100e-03
  -2.0942000e-03
  -4.7375500e-03
  -3.5412100e-03
  -1.7611100e-03
   1.5262000e-03
   5.8875800e-03
   1.1771700e-02
   1.5723300e-02
   1.7988000e-02
   1.8727700e-02
   2.0622800e-02
   2.2226300e-02
   2.5172000e-02
   2.8130600e-02
   3.0735500e-02
   3.3016400e-02
   3.1772200e-02
   2.5481000e-02
   1.5541500e-02
  -2.9145200e-04
  -1.9255700e-02
  -3.6529100e-02
  -4.9282700e-02
  -5.5231900e-02
  -5.8272700e-02
  -5.5951800e-02
  -4.7692100e-02
  -3.4916800e-02
  -2.5534300e-02
  -1.7915000e-02
  -1.2966300e-02
  -1.2281000e-02
  -1.1082800e-02
  -9.9009000e-03
  -8.5379100e-03
  -3.2296000e-03
   5.7252500e-03
   1.8395900e-02
   2.9429900e-02
   3.4911000e-02
   4.0454600e-02
   4.2735300e-02
   4.2981900e-02
   4.1498300e-02
   3.9692800e-02
   3.7156900e-02
   3.3033000e-02
   2.9976500e-02
   2.6375000e-02
   2.1984100e-02
   1.5264300e-02
   8.0408200e-03
   4.8977500e-03
   3.9384400e-03
   4.5209500e-03
   7.9294800e-03
   1.2598000e-02
   1.4965500e-02
   1.3671100e-02
   8.9184700e-03
   6.6650500e-03
   7.7438100e-03
   9.5143700e-03
   1.1366100e-02
   1.0190400e-02
   2.3350000e-03
  -7.2051500e-03
  -2.1415100e-02
  -3.8345900e-02
  -5.3962500e-02
  -6.5601400e-02
  -7.4801900e-02
  -8.0224600e-02
  -8.1308400e-02
  -6.9448300e-02
  -5.4498900e-02
  -4.7818800e-02
  -4.1298800e-02
  -3.4160400e-02
  -3.2287800e-02
  -2.9018600e-02
  -1.9244400e-02
  -8.1154500e-03
   2.1791800e-03
   1.1000600e-02
   2.2113100e-02
   3.6368300e-02
   5.0581400e-02
   6.0582700e-02
   6.4923900e-02
   6.4679100e-02
   5.6878300e-02
   4.1040800e-02
   1.4381700e-02
  -7.8310700e-03
  -2.1645500e-02
  -2.9665500e-02
  -3.7459000e-02
  -4.9809500e-02
  -5.4379000e-02
  -5.5522700e-02
  -5.7897800e-02
  -6.3526500e-02
  -6.3076700e-02
  -5.5870400e-02
  -4.8461200e-02
  -4.5376200e-02
  -4.0170300e-02
  -2.3982600e-02
  -5.8598500e-03
   1.0561700e-02
   2.5097200e-02
   3.1548500e-02
   3.3084500e-02
   3.2474700e-02
   2.9676600e-02
   2.6035200e-02
   2.5271200e-02
   2.5337200e-02
   2.2676400e-02
   1.9099900e-02
   1.5826500e-02
   1.4076500e-02
   1.4072000e-02
   1.5023500e-02
   1.4811600e-02
   1.4593800e-02
   1.6242000e-02
   1.9476000e-02
   2.3962400e-02
   2.8879300e-02
   3.2411300e-02
   3.3384600e-02
   3.0779700e-02
   2.2869100e-02
   9.6092500e-03
  -6.7046700e-03
  -1.7555000e-02
  -2.5465300e-02
  -3.1454400e-02
  -3.9402700e-02
  -4.1305100e-02
  -4.0532900e-02
  -4.0691600e-02
  -3.9952400e-02
  -3.7961600e-02
  -3.2231100e-02
  -1.4534200e-02
   8.7847200e-03
   3.0129700e-02
   4.2939600e-02
   4.7731800e-02
   4.8235300e-02
   4.8007900e-02
   4.9336700e-02
   4.9687100e-02
   4.7733100e-02
   4.4260300e-02
   3.5099100e-02
   2.0926600e-02
   9.6617600e-03
  -1.5775200e-03
  -1.0762600e-02
  -1.1260800e-02
  -9.8642100e-03
  -9.4688400e-03
  -1.3052800e-02
  -1.9186100e-02
  -2.7587100e-02
  -3.3683500e-02
  -3.2697400e-02
  -2.7061900e-02
  -1.6487300e-02
  -3.3196300e-03
   9.4318400e-03
   2.1623300e-02
   2.9894600e-02
   3.3436300e-02
   3.5362500e-02
   3.5104400e-02
   3.4339700e-02
   3.5061300e-02
   3.5861000e-02
   3.3514700e-02
   2.6236500e-02
   1.2347000e-02
  -2.6838300e-03
  -1.6170100e-02
  -2.6858500e-02
  -3.5331300e-02
  -4.2917500e-02
  -5.0844800e-02
  -6.2373600e-02
  -7.4098200e-02
  -8.3195700e-02
  -8.8341600e-02
  -8.7254900e-02
  -8.0353500e-02
  -7.1253000e-02
  -6.0061700e-02
  -4.8631200e-02
  -4.1724500e-02
  -3.4374900e-02
  -2.0654400e-02
  -6.6540000e-03
   2.2107700e-03
   8.4544200e-03
   1.0890600e-02
   1.1178100e-02
   1.1403000e-02
   1.6317300e-02
   2.2203200e-02
   2.2600200e-02
   1.6392400e-02
   6.2515100e-03
  -3.4767800e-03
  -1.2262900e-02
  -1.6633400e-02
  -1.7287600e-02
  -1.6774600e-02
  -1.4712100e-02
  -1.3492100e-02
  -1.2644200e-02
  -1.3220300e-02
  -1.3821100e-02
  -1.5966200e-02
  -1.7658400e-02
  -1.9126400e-02
  -1.5362600e-02
  -5.8495000e-03
   5.8693900e-03
   1.2914700e-02
   1.5484900e-02
   1.9129100e-02
   2.5923500e-02
   3.4173000e-02
   3.8170800e-02
   3.5458200e-02
   2.9376300e-02
   2.0892200e-02
   1.3503400e-02
   1.4205400e-02
   1.8593200e-02
   2.4582500e-02
   2.6114700e-02
   2.0611700e-02
   1.4424300e-02
   8.6596400e-03
   9.2375900e-03
   1.5750700e-02
   1.9931500e-02
   1.8843300e-02
   1.3785400e-02
   8.4005400e-03
   7.5380100e-03
   1.0289900e-02
   1.1800900e-02
   1.2542000e-02
   1.2011700e-02
   9.6865600e-03
   4.6551500e-03
  -2.3072400e-03
  -9.7610900e-03
  -1.3788500e-02
  -1.5492900e-02
  -1.5381600e-02
  -1.5123200e-02
  -1.6069300e-02
  -1.6791600e-02
  -1.6178000e-02
  -1.4064600e-02
  -1.1694600e-02
  -7.9137700e-03
  -1.2268000e-03
   5.9347800e-03
   1.1498100e-02
   1.5558100e-02
   1.9654000e-02
   2.9395300e-02
   4.3830100e-02
   6.3644200e-02
   7.8207300e-02
   8.3365200e-02
   8.4080600e-02
   7.9319900e-02
   6.8625700e-02
   5.7014600e-02
   5.0066400e-02
   4.7544700e-02
   4.7658700e-02
   4.5760300e-02
   3.8841200e-02
   2.7369200e-02
   1.3787000e-02
   6.2874000e-03
   4.0388200e-03
   1.7736400e-03
  -9.3301300e-04
  -4.3547600e-03
  -8.1398500e-03
  -1.2334600e-02
  -1.7083400e-02
  -2.2420400e-02
  -2.6551600e-02
  -3.2379200e-02
  -3.8522500e-02
  -4.4190600e-02
  -5.0131100e-02
  -5.6340900e-02
  -6.0911900e-02
  -6.2160300e-02
  -6.1121100e-02
  -5.6677300e-02
  -4.8706600e-02
  -4.0355200e-02
  -2.9522700e-02
  -1.7978000e-02
  -9.8478400e-03
  -1.6722300e-03
   4.7803400e-03
   9.4927500e-03
   1.0853900e-02
   8.4096800e-03
   6.1320100e-03
   7.6827200e-03
   1.1341700e-02
   1.5841600e-02
   1.8296500e-02
   1.5098000e-02
   9.0318100e-03
   5.6431800e-04
  -4.7461100e-03
  -5.4317500e-03
  -4.6675100e-03
  -4.8866500e-03
  -6.2522700e-03
  -9.2852600e-03
  -1.1107200e-02
  -6.6505700e-03
  -2.5058400e-04
   8.1630000e-03
   1.3576800e-02
   1.0441200e-02
   1.0832900e-03
  -8.8555400e-03
  -1.3898500e-02
  -1.4247300e-02
  -1.3788400e-02
  -1.3466200e-02
  -1.3695700e-02
  -1.8627900e-02
  -2.6296900e-02
  -3.1839100e-02
  -3.5180000e-02
  -3.5756400e-02
  -3.3524500e-02
  -2.9489600e-02
  -2.2276400e-02
  -1.1765300e-02
   7.0024700e-04
   8.6967500e-03
   1.1341600e-02
   1.0203200e-02
   8.2330600e-03
   5.3512400e-03
   2.5707300e-03
   2.3396700e-03
   2.0365200e-03
   1.7420100e-03
   1.7659700e-03
   4.1486700e-04
  -5.4782000e-03
  -1.3176300e-02
  -1.9311800e-02
  -2.1405000e-02
  -2.1121100e-02
  -1.6240800e-02
  -1.2105300e-02
  -8.2763100e-03
  -8.5718200e-03
  -1.0206100e-02
  -2.0405200e-02
  -3.3274000e-02
  -3.8191000e-02
  -3.8953800e-02
  -3.2789500e-02
  -1.6707800e-02
  -3.2497300e-03
   7.5468300e-03
   1.6989200e-02
   1.9430100e-02
   1.6715100e-02
   1.5124200e-02
   1.4841000e-02
   1.2446000e-02
   1.0525400e-02
   6.0956400e-03
   2.3453000e-03
   2.1991700e-03
   4.3059200e-03
   8.5961700e-03
   1.4312100e-02
   2.0839800e-02
   2.5284900e-02
   2.4735100e-02
   2.5133400e-02
   2.5924800e-02
   3.1705100e-02
   4.0739200e-02
   4.7036000e-02
   4.9585800e-02
   4.6545900e-02
   3.7030000e-02
   2.6372100e-02
   1.6593000e-02
   7.0026200e-03
  -3.3316800e-03
  -1.0813100e-02
  -1.4731500e-02
  -1.5661100e-02
  -1.3429400e-02
  -9.2732300e-03
  -4.8458200e-03
  -4.5902500e-04
   4.0983600e-03
   5.7922600e-03
   6.2047800e-03
   6.4584500e-03
   7.2586400e-03
   9.1765700e-03
   1.2167400e-02
   1.6329000e-02
   1.9163400e-02
   2.1019300e-02
   2.3106000e-02
   2.5442900e-02
   2.7800200e-02
   2.9513200e-02
   2.7789600e-02
   2.1487800e-02
   1.2457800e-02
   3.5693400e-03
  -3.1122000e-03
  -4.6275300e-03
  -2.6604300e-03
  -5.4427400e-04
   2.4723500e-03
   4.4787800e-03
   6.8925800e-03
   9.2773300e-03
   1.1120000e-02
   1.0820800e-02
   8.5696000e-03
   6.8050900e-03
   6.9116500e-03
   6.4178800e-03
   6.2229500e-03
   3.7850100e-03
   1.0556800e-03
  -4.0474100e-03
  -1.0126100e-02
  -1.5893600e-02
  -2.1244700e-02
  -2.4494000e-02
  -2.4526600e-02
  -2.5247700e-02
  -2.6371500e-02
  -2.4264100e-02
  -1.7355200e-02
  -6.1206700e-03
   3.5762000e-03
   8.1406200e-03
   8.8331600e-03
   4.1386900e-03
  -2.9044900e-03
  -9.7359300e-03
  -1.3223700e-02
  -1.6675700e-02
  -1.7733200e-02
  -1.8242300e-02
  -1.7297800e-02
  -1.3731800e-02
  -1.0735800e-02
  -7.1419700e-03
  -3.0572900e-03
  -1.8692200e-04
   3.5424000e-03
   6.0306500e-03
   9.9819300e-03
   1.2225600e-02
   1.3600900e-02
   1.2800900e-02
   1.0393300e-02
   8.7519400e-03
   7.5871500e-03
   8.0152600e-03
   8.7586300e-03
   8.9390400e-03
   8.7094800e-03
   7.0332700e-03
   5.3746200e-03
   1.7280800e-03
  -2.2718800e-03
  -4.2712200e-03
  -4.3612900e-03
  -4.0574100e-03
  -5.2583000e-03
  -7.1896200e-03
  -1.0953400e-02
  -1.4959700e-02
  -1.7012800e-02
  -1.5934300e-02
  -1.3204300e-02
  -8.7030400e-03
  -2.7284500e-03
   1.0833500e-03
   9.5372100e-04
   4.9045300e-05
  -1.1546800e-04
  -2.0484600e-03
  -4.6562500e-03
  -8.0633700e-03
  -1.1808000e-02
  -1.3599200e-02
  -1.4972300e-02
  -1.3017500e-02
  -1.1086800e-02
  -8.2250800e-03
  -5.9993600e-03
  -3.7931300e-03
  -2.2812100e-03
  -1.5069400e-03
  -1.1657200e-03
  -1.9704600e-04
   4.9823900e-03
   1.1026600e-02
   1.5872200e-02
   2.1252500e-02
   2.6219800e-02
   2.5960600e-02
   2.4883400e-02
   2.2266400e-02
   1.7346500e-02
   1.2409600e-02
   7.0544200e-03
   4.0125900e-03
   2.9170100e-03
   3.3869200e-03
   3.0590100e-03
   7.1057000e-04
  -4.6936400e-03
  -9.7962800e-03
  -1.3644300e-02
  -1.5681500e-02
  -1.5311800e-02
  -1.4696500e-02
  -1.1554200e-02
  -7.0643800e-03
  -2.1214900e-03
   2.1193100e-04
   1.1874100e-04
  -1.3901400e-03
  -7.1229300e-03
  -1.1477000e-02
  -1.4610400e-02
  -1.7428500e-02
  -1.8977200e-02
  -1.9152600e-02
  -1.7553300e-02
  -1.2841300e-02
  -6.5419400e-03
   2.5000400e-03
   9.1674700e-03
   1.1963900e-02
   1.4120600e-02
   1.5922000e-02
   1.6535000e-02
   1.8708400e-02
   2.1947800e-02
   2.4285500e-02
   2.7109900e-02
   2.7739800e-02
   2.5728600e-02
   2.3914600e-02
   2.3392500e-02
   2.1831500e-02
   2.1603200e-02
   2.1450800e-02
   2.1864500e-02
   2.0163500e-02
   1.6756100e-02
   1.1609000e-02
   5.0960700e-03
  -1.1552600e-03
  -4.6191700e-03
  -8.6768400e-03
  -1.4444100e-02
  -1.9318100e-02
  -2.2474500e-02
  -2.5554900e-02
  -2.9367700e-02
  -3.3964100e-02
  -3.7289600e-02
  -3.8806400e-02
  -3.8359000e-02
  -3.7906500e-02
  -3.4804600e-02
  -3.1812800e-02
  -3.1263000e-02
  -3.2389600e-02
  -3.2270000e-02
  -3.1694100e-02
  -2.8937500e-02
  -2.5045800e-02
  -2.3120700e-02
  -2.5023800e-02
  -2.8738800e-02
  -3.1897500e-02
  -3.2162600e-02
  -2.9257700e-02
  -2.5788100e-02
  -2.4512900e-02
  -2.4946400e-02
  -2.7274000e-02
  -2.8072500e-02
  -2.6328200e-02
  -1.9922500e-02
  -1.1837600e-02
  -2.6468600e-03
   6.2943000e-03
   1.1576100e-02
   1.5923700e-02
   1.8906800e-02
   2.0127900e-02
   1.9453900e-02
   1.8769100e-02
   1.4668000e-02
   1.2078600e-02
   1.0071600e-02
   9.8133300e-03
   9.1913500e-03
   9.4923200e-03
   8.0428800e-03
   7.0895500e-03
   3.8616400e-03
  -6.6875800e-04
  -6.1515100e-03
  -1.2650700e-02
  -1.8896100e-02
  -2.0328100e-02
  -1.8997000e-02
  -1.6677500e-02
  -1.3140400e-02
  -8.9862600e-03
  -7.5068000e-03
  -6.2086300e-03
  -5.9084200e-03
  -5.2314800e-03
  -2.3813900e-03
   8.0379100e-04
   4.8615300e-03
   8.1872500e-03
   8.6231200e-03
   9.7787500e-03
   1.3218000e-02
   1.3448800e-02
   1.3983400e-02
   1.6381900e-02
   1.7626200e-02
   1.6644600e-02
   1.3959400e-02
   9.0644600e-03
   3.1551000e-03
  -2.4219000e-03
  -6.0036800e-03
  -5.7974500e-03
  -5.0431300e-03
  -2.5524800e-03
   2.3160400e-03
   4.7357800e-03
   6.4918600e-03
   7.9024200e-03
   6.6186200e-03
   7.1348500e-03
   8.5529400e-03
   8.7200000e-03
   8.5260700e-03
   6.6736300e-03
   4.6652000e-03
   2.3195800e-03
  -1.4627200e-03
  -5.0402500e-03
  -1.0887600e-02
  -1.5750300e-02
  -1.9949000e-02
  -2.1902300e-02
  -2.1795000e-02
  -1.9677300e-02
  -1.4566000e-02
  -9.9172800e-03
  -8.6409300e-03
  -7.9935900e-03
  -7.4571200e-03
  -6.7908600e-03
  -6.6559800e-03
  -5.1125600e-03
  -2.3081700e-03
   2.5406600e-03
   7.7960400e-03
   1.3545000e-02
   1.7186500e-02
   1.9155500e-02
   2.0611600e-02
   2.5180500e-02
   2.9182300e-02
   3.6582800e-02
   4.1142500e-02
   4.5626400e-02
   4.9539900e-02
   4.9510500e-02
   4.6078500e-02
   4.1572300e-02
   3.8739000e-02
   3.8865400e-02
   3.9680700e-02
   3.8952300e-02
   3.7841800e-02
   3.5553400e-02
   3.1416400e-02
   2.7697900e-02
   2.6276000e-02
   2.7794000e-02
   2.9242400e-02
   3.0859200e-02
   3.1207900e-02
   3.0466400e-02
   2.9283000e-02
   2.6036600e-02
   2.5588400e-02
   2.4667400e-02
   2.3282900e-02
   2.1403000e-02
   1.8895700e-02
   1.2406800e-02
   4.8045000e-03
   4.3092900e-04
  -1.5576900e-03
  -1.8013100e-03
  -3.2646300e-03
  -3.1832400e-03
  -8.0057300e-04
  -2.0507500e-05
  -1.2025100e-03
  -4.0945100e-03
  -7.6121300e-03
  -1.2628600e-02
  -1.3729100e-02
  -1.2938800e-02
  -6.7012200e-03
   3.8340100e-04
   8.1220300e-03
   1.4234800e-02
   1.6345900e-02
   1.7644200e-02
   1.8801900e-02
   2.0172800e-02
   2.0760600e-02
   2.0199800e-02
   1.9300000e-02
   1.8887700e-02
   2.0056300e-02
   2.2339700e-02
   2.3840700e-02
   2.3847100e-02
   2.1190300e-02
   1.7794400e-02
   1.3550700e-02
   8.9108800e-03
   8.0269200e-03
   7.6018000e-03
   6.4723000e-03
   5.3064900e-03
   1.9737200e-03
  -4.7475600e-04
  -1.9443800e-03
  -3.4214500e-03
  -3.6250600e-03
  -6.2420900e-03
  -1.0700300e-02
  -1.3305900e-02
  -1.7668500e-02
  -2.1832900e-02
  -2.6921500e-02
  -3.1603000e-02
  -3.5184200e-02
  -3.8144700e-02
  -3.8413200e-02
  -4.0394200e-02
  -4.1865700e-02
  -4.1247600e-02
  -4.2006500e-02
  -4.4860400e-02
  -4.4604200e-02
  -3.9622700e-02
  -3.1995100e-02
  -2.2015700e-02
  -1.5228900e-02
  -1.2979400e-02
  -1.1732800e-02
  -1.2970000e-02
  -1.4493400e-02
  -1.4820600e-02
  -1.4245600e-02
  -1.1117600e-02
  -8.2664700e-03
  -5.9597500e-03
  -2.0068200e-03
   1.6722000e-03
   3.6507200e-03
   3.8474000e-03
   2.2645500e-03
   1.8683400e-04
  -2.1209100e-03
  -3.5028500e-03
  -2.4411100e-03
   9.2520200e-04
   2.9334700e-03
   5.5115200e-03
   6.3223900e-03
   4.1017300e-03
   2.4899300e-03
   1.8180700e-03
   1.1892400e-03
   1.6167300e-03
   1.9112000e-03
   1.3384000e-03
  -1.0263800e-03
  -2.2932600e-03
  -3.3685200e-03
  -5.4666700e-03
  -9.1814800e-03
  -1.4870500e-02
  -1.8339800e-02
  -2.0947800e-02
  -2.3133600e-02
  -2.4631700e-02
  -2.7439500e-02
  -2.8698200e-02
  -2.8953300e-02
  -2.9743600e-02
  -2.7910200e-02
  -2.5215700e-02
  -2.1428800e-02
  -1.9342700e-02
  -1.5861600e-02
  -1.2896000e-02
  -1.2477800e-02
  -1.2672300e-02
  -1.1636900e-02
  -1.1345600e-02
  -9.5248900e-03
  -7.7127600e-03
  -7.4388400e-03
  -7.3057300e-03
  -6.7399900e-03
  -8.3614000e-03
  -1.1781700e-02
  -1.6423800e-02
  -1.9169000e-02
  -2.1148700e-02
  -2.4525100e-02
  -2.6596600e-02
  -2.7764900e-02
  -2.7892900e-02
  -2.5947300e-02
  -2.4330100e-02
  -1.9522600e-02
  -1.4743400e-02
  -8.1505100e-03
  -1.8222200e-03
   2.1283800e-03
   4.4736400e-03
   7.0889900e-03
   7.6457700e-03
   8.1447400e-03
   1.0626300e-02
   1.1752700e-02
   1.1450000e-02
   1.1504800e-02
   1.1694700e-02
   1.0630600e-02
   9.4056700e-03
   7.3324900e-03
   6.4278100e-03
   6.0000300e-03
   6.3636300e-03
   8.8217800e-03
   1.2806100e-02
   1.7097400e-02
   2.1301600e-02
   2.3320400e-02
   2.3395800e-02
   2.2292300e-02
   2.0164400e-02
   1.8743800e-02
   1.7256200e-02
   1.5606900e-02
   1.3988700e-02
   1.3140100e-02
   1.4471700e-02
   1.5664900e-02
   1.8590900e-02
   2.0704000e-02
   2.2251100e-02
   2.2092400e-02
   2.1376600e-02
   1.8545800e-02
   1.5606600e-02
   1.2970700e-02
   1.0458000e-02
   8.6355600e-03
   8.1399400e-03
   8.8955700e-03
   9.8518100e-03
   8.0982900e-03
   5.2959200e-03
   3.5814100e-03
   1.3265600e-03
  -1.0694700e-03
  -3.2151800e-03
  -3.7714100e-03
  -3.0005800e-03
  -2.8220000e-03
  -9.2035500e-04
   2.2084100e-04
   6.5079800e-04
   6.0975400e-04
   4.3883100e-05
  -7.4470400e-07
   6.0923700e-04
   2.4640300e-03
   5.1732100e-03
   5.8426700e-03
   7.8504900e-03
   1.0820600e-02
   1.5785200e-02
   1.7856400e-02
   1.8319900e-02
   1.8425000e-02
   1.7834700e-02
   1.7418800e-02
   1.5541500e-02
   1.2502500e-02
   9.3724200e-03
   6.9387100e-03
   4.4585000e-03
   1.4838200e-03
  -1.3044700e-03
  -2.8400400e-03
  -5.0390500e-03
  -7.9762100e-03
  -1.0459100e-02
  -1.2394400e-02
  -1.3709000e-02
  -1.4077800e-02
  -1.1969000e-02
  -9.2715600e-03
  -6.3368500e-03
  -2.8646600e-03
   8.5818000e-04
   3.9394400e-03
   4.7172100e-03
   5.9510600e-03
   6.7102000e-03
   7.3304700e-03
   7.9461100e-03
   8.0722000e-03
   8.5457000e-03
   1.0807400e-02
   1.1809700e-02
   1.4192700e-02
   1.5545600e-02
   1.4525200e-02
   1.0957300e-02
   5.1843500e-03
  -1.3747600e-03
  -4.5593500e-03
  -6.1276500e-03
  -8.2442400e-03
  -1.0341100e-02
  -1.2215700e-02
  -1.4048900e-02
  -1.5624500e-02
  -1.8818000e-02
  -2.1425300e-02
  -2.3730400e-02
  -2.4790300e-02
  -2.6149900e-02
  -2.5971000e-02
  -2.4590600e-02
  -2.3528900e-02
  -2.2737200e-02
  -1.9685400e-02
  -1.5165300e-02
  -8.9194800e-03
  -3.2287200e-03
   1.8355200e-03
   5.5736400e-03
   8.0305800e-03
   6.5280300e-03
   3.2574600e-03
  -3.5765700e-04
  -5.4022800e-03
  -7.5813700e-03
  -7.2188800e-03
  -7.1279900e-03
  -7.1473300e-03
  -6.2718800e-03
  -2.5497500e-03
   1.3569700e-03
   5.9118800e-03
   1.0141500e-02
   1.3323100e-02
   1.6579000e-02
   1.8832900e-02
   1.8851200e-02
   1.7422700e-02
   1.7113000e-02
   1.7007700e-02
   1.6904200e-02
   1.6915500e-02
   1.5363800e-02
   1.1522900e-02
   6.1815200e-03
   2.7467500e-03
   6.2963000e-05
  -6.8358500e-04
  -7.7081800e-04
  -1.0951500e-03
  -2.0982900e-03
  -4.9617500e-03
  -7.7144700e-03
  -1.1103900e-02
  -1.3183000e-02
  -1.4190200e-02
  -1.4821500e-02
  -1.4442900e-02
  -1.3664900e-02
  -1.4399400e-02
  -1.4132000e-02
  -1.4366900e-02
  -1.6983300e-02
  -1.8937700e-02
  -2.0761500e-02
  -2.2275600e-02
  -2.2201400e-02
  -2.2438300e-02
  -2.4538900e-02
  -2.6170900e-02
  -2.7956900e-02
  -2.7497000e-02
  -2.6960100e-02
  -2.7659200e-02
  -2.9701700e-02
  -3.1518900e-02
  -3.0866200e-02
  -3.0637300e-02
  -3.0438700e-02
  -2.8227900e-02
  -2.6627100e-02
  -2.3485300e-02
  -1.9806000e-02
  -1.5403100e-02
  -1.1085100e-02
  -8.6697100e-03
  -6.6682200e-03
  -6.4253100e-03
  -6.8217700e-03
  -6.8746800e-03
  -6.7856600e-03
  -8.5134700e-03
  -9.7462200e-03
  -8.9357200e-03
  -5.9088600e-03
  -3.5949300e-04
   6.1550100e-03
   1.0460900e-02
   1.2468400e-02
   1.2901500e-02
   1.3456100e-02
   1.4238100e-02
   1.4498600e-02
   1.4207400e-02
   1.6273200e-02
   2.0249600e-02
   2.2520600e-02
   2.3353600e-02
   2.3978900e-02
   2.2886700e-02
   1.9492500e-02
   1.5499000e-02
   1.0794400e-02
   7.3651000e-03
   6.4043100e-03
   7.3035200e-03
   1.0163100e-02
   1.3518600e-02
   1.6320700e-02
   1.8501100e-02
   1.9301000e-02
   2.0638700e-02
   2.2997400e-02
   2.5891200e-02
   2.9826800e-02
   3.3048600e-02
   3.3940100e-02
   3.2239400e-02
   2.9276900e-02
   2.8336400e-02
   2.7663500e-02
   2.7847800e-02
   2.7597300e-02
   2.7156200e-02
   2.6548600e-02
   2.4234000e-02
   2.2267800e-02
   2.2065200e-02
   2.3383500e-02
   2.4628700e-02
   2.3913800e-02
   2.3578600e-02
   2.2161600e-02
   2.1170500e-02
   1.9914100e-02
   1.8289400e-02
   1.7778000e-02
   1.6010900e-02
   1.2507100e-02
   9.5699500e-03
   5.9402300e-03
   2.0197000e-04
  -4.3135700e-03
  -9.3313400e-03
  -1.2944900e-02
  -1.3788400e-02
  -1.4053300e-02
  -1.4396800e-02
  -1.5299900e-02
  -1.6277000e-02
  -1.6601300e-02
  -1.6853500e-02
  -1.8913800e-02
  -2.0180200e-02
  -2.1611900e-02
  -2.1426900e-02
  -2.1184800e-02
  -1.8286900e-02
  -1.5144700e-02
  -1.0853900e-02
  -5.7832100e-03
  -2.5150000e-03
  -1.5232900e-03
  -3.0569400e-03
  -5.3011600e-03
  -7.0632800e-03
  -7.1504700e-03
  -6.2605800e-03
  -5.0026600e-03
  -3.7074700e-03
  -2.7008500e-03
  -2.7536500e-03
  -2.5301400e-03
  -3.4914200e-03
  -5.1210200e-03
  -6.5225900e-03
  -7.4362300e-03
  -9.9134500e-03
  -1.2626100e-02
  -1.4335600e-02
  -1.4489300e-02
  -1.4519300e-02
  -1.2839400e-02
  -1.1632100e-02
  -1.1512200e-02
  -1.1268600e-02
  -1.0496800e-02
  -9.3288000e-03
  -8.1127200e-03
  -7.8036200e-03
  -5.3172200e-03
  -2.8381200e-03
  -1.1138500e-03
   1.6791200e-03
   3.2791500e-03
   5.7763100e-03
   7.9807800e-03
   9.2834000e-03
   8.7940900e-03
   9.4826700e-03
   1.0311400e-02
   1.1333100e-02
   1.1531100e-02
   1.1735200e-02
   1.2365500e-02
   1.1364100e-02
   6.7873100e-03
   2.2702700e-03
  -3.9632100e-03
  -9.5302900e-03
  -1.0194400e-02
  -9.7522800e-03
  -9.5702700e-03
  -7.9775400e-03
  -4.8243900e-03
  -4.4489100e-03
  -4.7833700e-03
  -5.5671800e-03
  -6.7716900e-03
  -4.1872000e-03
  -9.0832800e-04
   2.3935200e-03
   5.5258000e-03
   6.2869000e-03
   5.0992200e-03
   5.0847400e-03
   3.1441200e-03
   3.5352800e-04
  -1.2938700e-03
  -2.7338300e-03
  -4.7868100e-03
  -7.8523800e-03
  -8.4698000e-03
  -9.9711200e-03
  -1.1829600e-02
  -1.1449400e-02
  -1.1487200e-02
  -1.2880700e-02
  -1.5143100e-02
  -1.5359500e-02
  -1.6507600e-02
  -1.6330900e-02
  -1.5746500e-02
  -1.6367800e-02
  -1.6587800e-02
  -1.4410300e-02
  -1.2098800e-02
  -1.0401300e-02
  -8.3520900e-03
  -6.1339600e-03
  -4.1793900e-03
  -3.0985300e-03
  -3.3342400e-03
  -2.5161000e-03
  -2.8975500e-03
  -2.9125600e-03
  -3.2274900e-03
  -3.2696800e-03
  -2.6805900e-03
  -5.0392500e-04
   1.8978000e-03
   4.9853700e-03
   8.0490300e-03
   9.2376800e-03
   9.6087900e-03
   1.0489300e-02
   1.0605600e-02
   1.1714300e-02
   1.2434100e-02
   1.3313300e-02
   1.3467400e-02
   1.2753400e-02
   1.0347900e-02
   8.9208700e-03
   6.8095900e-03
   4.1663400e-03
   3.8798500e-03
   3.5766600e-03
   2.7949900e-04
  -1.1585200e-03
  -2.3087000e-03
  -3.9695200e-03
  -4.4968200e-03
  -4.7440500e-03
  -4.6325500e-03
  -4.1536400e-03
  -3.9477000e-03
  -2.8706900e-03
  -1.8715700e-03
  -7.1393600e-04
   7.3241900e-04
   2.1650500e-03
   3.1820500e-03
   4.0322500e-03
   4.4387700e-03
   4.8064900e-03
   5.0492900e-03
   3.3290300e-03
   2.4617900e-03
   1.4064600e-03
   2.0194700e-03
   3.1154400e-03
   3.7137300e-03
   2.8008600e-03
   3.2708000e-03
   3.6825700e-03
   5.3179900e-03
   5.7614700e-03
   7.4652400e-03
   9.7905200e-03
   1.0614900e-02
   1.1614500e-02
   1.3673600e-02
   1.3483000e-02
   1.4729600e-02
   1.4722500e-02
   1.2595300e-02
   9.5290400e-03
   6.3579000e-03
   3.9485300e-03
   2.7234100e-03
   2.8258400e-03
   2.3403200e-05
  -3.1965600e-03
  -5.9040800e-03
  -6.7499000e-03
  -6.7793900e-03
  -6.0905300e-03
  -6.1367500e-03
  -5.9788300e-03
  -7.6251700e-03
  -9.5622300e-03
  -1.0107000e-02
  -9.4485400e-03
  -7.7622100e-03
  -2.2875100e-03
   3.3093000e-03
   7.4648500e-03
   1.1945500e-02
   1.4342100e-02
   1.4324900e-02
   1.4323500e-02
   1.3242900e-02
   1.2279300e-02
   1.0526900e-02
   9.0628500e-03
   7.9015300e-03
   7.6961100e-03
   6.2497400e-03
   3.3066200e-03
   1.1086200e-03
  -2.0395900e-03
  -4.9210700e-03
  -5.8525900e-03
  -5.2651300e-03
  -5.5850000e-03
  -4.6802200e-03
  -2.7247400e-03
  -1.5377700e-03
  -1.3296600e-03
  -8.3006200e-04
  -1.1125300e-04
  -4.7315600e-04
  -1.2839200e-03
  -1.5322300e-03
  -9.7997900e-04
  -1.7970200e-03
  -2.8223400e-03
  -2.3891600e-03
  -3.0312700e-03
  -2.7143400e-03
  -2.8478000e-04
   2.0250700e-04
   1.9743000e-03
   4.4126500e-03
   6.6285600e-03
   8.7253400e-03
   9.3060200e-03
   1.0010200e-02
   1.1013400e-02
   1.1982700e-02
   1.2052300e-02
   1.0369500e-02
   7.3826200e-03
   3.9901800e-03
   2.1379400e-03
   6.2398100e-04
   7.0053800e-04
   3.4501000e-04
  -3.8437000e-04
  -1.5493200e-03
  -2.2819300e-03
  -3.6176200e-03
  -4.2509600e-03
  -5.6658100e-03
  -6.2050200e-03
  -5.5537100e-03
  -5.8486900e-03
  -5.2971600e-03
  -3.0036700e-03
  -1.1905100e-03
  -2.4233300e-03
  -4.3061800e-03
  -4.7078600e-03
  -4.7062400e-03
  -5.3276100e-03
  -5.0873500e-03
  -4.9316500e-03
  -4.6914300e-03
  -4.6916100e-03
  -4.4189400e-03
  -4.3616000e-03
  -3.7877100e-03
  -2.6709300e-03
  -4.0341400e-04
   3.6932900e-04
   1.3380900e-03
   2.8250900e-03
   6.5363000e-03
   1.0953800e-02
   1.2110700e-02
   1.3051700e-02
   1.3444600e-02
   1.3732500e-02
   1.4199700e-02
   1.5072000e-02
   1.6444500e-02
   1.6258100e-02
   1.7262100e-02
   1.6957300e-02
   1.6418400e-02
   1.4980800e-02
   1.3933700e-02
   1.3237300e-02
   1.1968300e-02
   8.8083300e-03
   7.7802900e-03
   7.5099000e-03
   7.6763100e-03
   8.8976000e-03
   8.3455100e-03
   6.2884000e-03
   4.1092600e-03
   8.2513800e-04
  -1.2079100e-03
  -2.8568800e-03
  -3.3683100e-03
  -5.0854800e-03
  -5.3576000e-03
  -4.5236800e-03
  -3.8384700e-03
  -3.6171100e-03
  -3.5096800e-03
  -3.8679900e-03
  -3.7859400e-03
  -4.6531300e-03
  -5.5604100e-03
  -6.1632500e-03
  -4.7441600e-03
  -2.6161800e-03
   2.0639500e-04
   7.8604600e-04
  -1.4661800e-03
  -3.9032700e-03
  -3.9040400e-03
  -3.7149500e-03
  -3.9393900e-03
  -3.1488500e-03
  -2.7065600e-03
  -3.4457800e-03
  -5.6852900e-03
  -7.7973600e-03
  -8.3860700e-03
  -8.4968000e-03
  -8.7932000e-03
  -9.7522800e-03
  -1.1160900e-02
  -1.2184900e-02
  -1.1792100e-02
  -1.2370500e-02
  -1.1915500e-02
  -1.1512000e-02
  -1.1149300e-02
  -1.0518500e-02
  -8.1857000e-03
  -6.4468400e-03
  -5.4186100e-03
  -4.8169200e-03
  -3.7344500e-03
  -4.2883000e-03
  -4.8215500e-03
  -3.5962400e-03
  -1.7927200e-03
  -3.0205200e-04
   7.3180400e-04
   2.0790500e-03
   3.0709900e-03
   3.6862600e-03
   6.7863600e-03
   8.1654000e-03
   9.6311000e-03
   1.0529600e-02
   9.3842200e-03
   7.1694900e-03
   6.3360800e-03
   4.9746800e-03
   3.2863700e-03
   1.7378700e-03
   1.4743900e-04
  -9.2912300e-04
  -1.0811600e-03
  -1.3915400e-03
  -2.2102900e-03
  -2.7562900e-03
  -2.9023700e-03
  -3.1938300e-03
  -3.8797300e-03
  -5.1438300e-03
  -7.3213100e-03
  -7.5028100e-03
  -7.1354500e-03
  -5.9408500e-03
  -5.4347800e-03
  -5.9724300e-03
  -7.5252300e-03
  -7.9723800e-03
  -8.7347500e-03
  -8.3180200e-03
  -7.5338800e-03
  -7.6102400e-03
  -8.0676800e-03
  -7.8965800e-03
  -9.3337400e-03
  -1.0704800e-02
  -1.0442600e-02
  -9.7956700e-03
  -8.9858300e-03
  -7.9865100e-03
  -6.6718200e-03
  -6.7692200e-03
  -6.2195200e-03
  -4.5591200e-03
  -1.4290700e-03
   3.3610600e-03
   7.5613500e-03
   1.0956100e-02
   1.3003200e-02
   1.3136300e-02
   1.2740000e-02
   1.2235500e-02
   1.1932900e-02
   1.1476800e-02
   1.0738400e-02
   9.9423600e-03
   9.8439500e-03
   8.0335400e-03
   6.0110100e-03
   4.5183900e-03
   3.1648400e-03
   2.1947500e-03
   1.8950700e-03
   2.4789300e-03
   2.3393000e-03
   1.4123700e-03
   1.8929800e-03
   1.9105100e-03
   3.2194000e-03
   5.0944000e-03
   7.9040900e-03
   9.1361400e-03
   9.9040500e-03
   9.6615900e-03
   8.7087900e-03
   7.9137400e-03
   7.3927100e-03
   6.3938200e-03
   4.8606900e-03
   1.0569800e-03
  -2.5962300e-03
  -5.1105900e-03
  -7.8512100e-03
  -9.9900900e-03
  -1.1993400e-02
  -1.3309000e-02
  -1.5112500e-02
  -1.6211100e-02
  -1.5612700e-02
  -1.3532600e-02
  -1.1252000e-02
  -9.0163400e-03
  -6.5204600e-03
  -6.0161800e-03
  -5.9375000e-03
  -5.3876500e-03
  -5.5779600e-03
  -5.8606200e-03
  -5.9899700e-03
  -7.7380400e-03
  -7.7536600e-03
  -7.6858900e-03
  -8.9814600e-03
  -1.0861100e-02
  -1.2736900e-02
  -1.4195500e-02
  -1.5231400e-02
  -1.5532400e-02
  -1.5536300e-02
  -1.5113200e-02
  -1.5455900e-02
  -1.5796000e-02
  -1.5254200e-02
  -1.4993800e-02
  -1.4199300e-02
  -1.2693100e-02
  -1.0306900e-02
  -9.3001800e-03
  -8.7315900e-03
  -8.5725000e-03
  -7.5373700e-03
  -6.2470500e-03
  -4.4769100e-03
  -4.4462400e-03
  -4.9208200e-03
  -6.3645600e-03
  -7.0049200e-03
  -6.6644400e-03
  -6.3046300e-03
  -5.7401200e-03
  -5.6376500e-03
  -4.7867700e-03
  -1.8826000e-03
  -8.8418600e-04
  -4.3947000e-04
   7.7539800e-04
   1.9546000e-03
   3.4558000e-03
   3.9121400e-03
   4.3664500e-03
   6.9905100e-03
   8.2361900e-03
   8.0325000e-03
   7.9921300e-03
   7.5237600e-03
   6.0544400e-03
   4.7768300e-03
   3.7486300e-03
   2.1734200e-03
   4.9457300e-04
  -1.2610800e-03
  -1.5161900e-03
  -1.3067900e-03
  -1.3053900e-03
  -1.2721900e-03
  -1.1804900e-03
  -9.8136500e-04
  -1.0073200e-03
  -2.3100100e-05
   1.5949900e-03
   3.8173700e-03
   5.2970300e-03
   7.3189500e-03
   8.3094500e-03
   7.5631400e-03
   7.6734500e-03
   8.5647400e-03
   8.7694900e-03
   8.3921200e-03
   8.4200400e-03
   7.5547600e-03
   5.5307300e-03
   4.6784700e-03
   3.1461900e-03
   2.1218300e-03
   3.0987300e-03
   2.1925100e-03
   1.9825800e-03
   2.0925900e-03
   2.1338800e-03
   1.9721900e-03
   2.0215100e-03
   2.2686900e-03
   3.1274200e-03
   3.0014000e-03
   3.0662400e-03
   3.2672500e-03
   3.5674600e-03
   3.9150400e-03
   3.6764700e-03
   2.9618300e-03
   3.4030500e-03
   4.3321100e-03
   5.7366700e-03
   5.7016100e-03
   5.5948400e-03
   5.5391700e-03
   5.8926600e-03
   5.8741000e-03
   5.4140000e-03
   5.4354700e-03
   7.9663300e-03
   1.0027600e-02
   1.2313200e-02
   1.2154700e-02
   1.0623900e-02
   9.5256400e-03
   9.5811500e-03
   9.0414500e-03
   8.8323100e-03
   9.5091000e-03
   1.0857400e-02
   1.1185900e-02
   1.1203800e-02
   1.1670000e-02
   1.2071500e-02
   1.2283900e-02
   1.2972200e-02
   1.3676400e-02
   1.2915900e-02
   1.2887500e-02
   1.2330900e-02
   1.0708700e-02
   9.8457100e-03
   8.8336700e-03
   7.3162300e-03
   6.0146900e-03
   4.5862100e-03
   3.2807300e-03
   3.4020900e-03
   2.6899300e-03
   3.0221600e-03
   3.4141300e-03
   3.5083600e-03
   5.3002500e-03
   6.8026900e-03
   8.4009400e-03
   9.9646700e-03
   1.0844600e-02
   1.1571800e-02
   1.2697900e-02
   1.4448200e-02
   1.7222600e-02
   1.7395300e-02
   1.7029900e-02
   1.6998300e-02
   1.5613800e-02
   1.2699000e-02
   9.4662300e-03
   6.5271500e-03
   2.4740200e-03
  -2.6283900e-04
  -1.2109900e-03
  -7.5613700e-04
   4.0691600e-04
   1.1969900e-03
   1.2961800e-03
   1.1019200e-03
   1.8260400e-04
  -1.4029900e-03
  -2.7763200e-03
  -3.5145000e-03
  -5.2611000e-03
  -6.1567600e-03
  -6.8399900e-03
  -8.6252500e-03
  -8.9016400e-03
  -7.4714800e-03
  -7.2225700e-03
  -7.6546800e-03
  -7.8356900e-03
  -9.6492500e-03
  -1.0780800e-02
  -1.1680600e-02
  -1.2319100e-02
  -1.4752800e-02
  -1.5503200e-02
  -1.6339200e-02
  -1.6717300e-02
  -1.7517600e-02
  -1.7992400e-02
  -1.7028100e-02
  -1.6703100e-02
  -1.5193600e-02
  -1.4605600e-02
  -1.4783900e-02
  -1.5485300e-02
  -1.4906200e-02
  -1.4292400e-02
  -1.3931000e-02
  -1.2860100e-02
  -1.2571400e-02
  -1.1373700e-02
  -9.7266100e-03
  -7.7665300e-03
  -7.3099400e-03
  -7.0530200e-03
  -6.3686400e-03
  -5.1647300e-03
  -4.3174300e-03
  -4.6456500e-03
  -3.4901500e-03
  -2.1291700e-03
  -2.2413600e-03
  -3.4087500e-03
  -3.8132600e-03
  -3.6199700e-03
  -2.1015700e-03
  -1.3866300e-03
  -2.0590000e-04
  -3.1091700e-04
  -8.8484600e-04
  -1.4039000e-03
  -3.0936100e-03
  -4.9096000e-03
  -6.2630600e-03
  -6.2430200e-03
  -6.9835700e-03
  -8.2934500e-03
  -9.4105200e-03
  -9.3539900e-03
  -9.6653000e-03
  -9.7078400e-03
  -9.2181000e-03
  -7.5104700e-03
  -7.1578400e-03
  -9.9387300e-03
  -1.0103100e-02
  -9.9676500e-03
  -1.0517500e-02
  -1.0231200e-02
  -1.0192600e-02
  -9.4952100e-03
  -9.5906600e-03
  -9.5716900e-03
  -9.4737000e-03
  -1.1033700e-02
  -1.1116800e-02
  -1.1637500e-02
  -1.2608200e-02
  -1.2410100e-02
  -9.7180100e-03
  -8.8154600e-03
  -8.4724100e-03
  -8.4046300e-03
  -8.0736300e-03
  -8.3391600e-03
  -7.6778500e-03
  -7.1302000e-03
  -6.7944600e-03
  -6.3482200e-03
  -6.9652600e-03
  -6.5756900e-03
  -6.4795600e-03
  -6.7979400e-03
  -6.5993300e-03
  -5.4648200e-03
  -4.1992600e-03
  -3.7570500e-03
  -3.8123100e-03
  -3.8668100e-03
  -3.5292900e-03
  -3.3312900e-03
  -3.0800500e-03
  -2.9838300e-03
  -3.1727000e-03
  -3.3404800e-03
  -2.3028800e-03
  -2.4085700e-03
  -2.6177700e-03
  -2.4867000e-03
  -3.3150400e-03
  -2.8494400e-03
  -1.4382300e-03
  -5.3474500e-04
   1.4771300e-03
   3.0015300e-03
   4.0647900e-03
   4.5725200e-03
   6.1095000e-03
   6.5585100e-03
   8.5957400e-03
   1.1243000e-02
   1.3576300e-02
   1.5945600e-02
   1.6691100e-02
   1.7223900e-02
   1.7076800e-02
   1.6741600e-02
   1.6651900e-02
   1.6738600e-02
   1.7908100e-02
   1.9372000e-02
   1.9268100e-02
   1.9264600e-02
   1.8915400e-02
   1.8605400e-02
   1.8156700e-02
   1.8618400e-02
   1.8164500e-02
   1.7857800e-02
   1.7951300e-02
   1.8199800e-02
   1.8523500e-02
   1.7320800e-02
   1.6361800e-02
   1.6755200e-02
   1.7747100e-02
   1.7868800e-02
   1.8617400e-02
   1.9594400e-02
   2.0389500e-02
   2.0912600e-02
   2.0510000e-02
   1.8961200e-02
   1.6533400e-02
   1.4734100e-02
   1.4028000e-02
   1.2176700e-02
   1.0642900e-02
   8.6973900e-03
   6.6210600e-03
   4.8100500e-03
   3.6835400e-03
   1.7833700e-03
   3.8694300e-04
  -4.5495900e-04
  -4.9225100e-04
  -5.0824400e-04
   4.7064100e-04
   2.5702800e-03
   5.0170500e-03
   7.2804200e-03
   9.2734300e-03
   1.0296300e-02
   9.5858500e-03
   8.3074800e-03
   7.2333700e-03
   5.4616400e-03
   3.4996800e-03
   2.2132700e-03
   1.3018700e-03
   6.2894400e-04
  -1.4863800e-04
  -7.5775900e-04
  -3.1101800e-03
  -4.7716800e-03
  -4.8299100e-03
  -3.7232600e-03
  -3.0016900e-03
  -1.4047900e-03
  -6.0184200e-04
  -2.6213700e-04
  -1.8649300e-03
  -5.1640700e-03
  -7.8765400e-03
  -9.1961200e-03
  -9.5765000e-03
  -1.0735500e-02
  -1.2817400e-02
  -1.4195200e-02
  -1.4271900e-02
  -1.3180700e-02
  -1.2079100e-02
  -1.1900700e-02
  -1.1617900e-02
  -1.1340900e-02
  -1.0701000e-02
  -8.8765100e-03
  -6.9991500e-03
  -6.2870200e-03
  -5.9888000e-03
  -6.6197700e-03
  -7.2278900e-03
  -6.7961100e-03
  -5.1213200e-03
  -4.7788700e-03
  -4.8925600e-03
  -4.6084600e-03
  -4.5311800e-03
  -4.3709700e-03
  -4.3503300e-03
  -3.4876300e-03
  -3.3095500e-03
  -3.5562500e-03
  -3.0224800e-03
  -2.5447100e-03
  -1.3724800e-03
  -6.0862700e-04
   4.8632300e-04
   1.0243100e-03
   8.5453900e-04
   1.7931800e-03
   1.6960400e-03
   1.0732800e-03
  -5.5387300e-05
  -2.1577200e-03
  -1.8259800e-03
  -8.0585200e-04
   5.2012900e-04
   1.3512900e-03
   1.5199500e-03
   2.5693100e-03
   1.2008400e-03
  -1.0748900e-03
  -2.5873000e-03
  -3.1066900e-03
  -3.4581600e-03
  -2.1927000e-03
  -2.4164000e-03
  -2.9249700e-03
  -3.0582500e-03
  -3.2216200e-03
  -2.3862900e-03
  -4.5143600e-04
   1.2526200e-03
   2.0738100e-03
   3.0129000e-03
   4.0733200e-03
   5.4470500e-03
   6.1633800e-03
   7.8845300e-03
   1.0847900e-02
   1.1833100e-02
   1.0663000e-02
   9.4749100e-03
   9.1406600e-03
   8.5934200e-03
   8.5902500e-03
   9.0854800e-03
   1.0185000e-02
   1.1115100e-02
   1.1596300e-02
   1.1811600e-02
   1.1542200e-02
   1.2146100e-02
   1.2458100e-02
   1.3471000e-02
   1.4182000e-02
   1.4189800e-02
   1.3800200e-02
   1.3322200e-02
   1.2937600e-02
   1.1470400e-02
   9.7041000e-03
   6.3868300e-03
   2.0410800e-03
  -1.1629100e-03
  -3.0220500e-03
  -4.7341800e-03
  -6.1276100e-03
  -6.2597000e-03
  -6.9538400e-03
  -6.6210100e-03
  -8.1704900e-03
  -9.2181200e-03
  -9.7683900e-03
  -8.8412400e-03
  -9.2809900e-03
  -8.8566100e-03
  -8.5305900e-03
  -7.1244400e-03
  -5.7948600e-03
  -5.7784200e-03
  -5.3050600e-03
  -6.2019300e-03
  -6.8119500e-03
  -7.8945600e-03
  -9.0644900e-03
  -9.3950300e-03
  -9.2910400e-03
  -8.9265200e-03
  -9.8766000e-03
  -1.1054500e-02
  -1.1435300e-02
  -1.2874000e-02
  -1.4456600e-02
  -1.5875300e-02
  -1.5853000e-02
  -1.5618300e-02
  -1.5945500e-02
  -1.5030900e-02
  -1.4686300e-02
  -1.2929600e-02
  -1.1447500e-02
  -1.0347300e-02
  -9.5460600e-03
  -1.0325600e-02
  -1.0900500e-02
  -1.0401000e-02
  -1.1259800e-02
  -1.1589900e-02
  -1.1269800e-02
  -1.1233500e-02
  -1.0897200e-02
  -1.0679200e-02
  -1.1660200e-02
  -1.3324800e-02
  -1.4029700e-02
  -1.3535200e-02
  -1.2983800e-02
  -1.0572800e-02
  -7.1510500e-03
  -4.9328100e-03
  -2.9196900e-03
  -2.7794800e-03
  -2.4599900e-03
  -2.0796600e-03
  -1.1900000e-03
  -1.9314100e-03
  -1.3280000e-03
  -2.5701000e-04
   2.0371800e-03
   3.1231500e-03
   3.8882900e-03
   3.4725200e-03
   4.1997800e-03
   5.2197400e-03
   5.1636600e-03
   4.1301400e-03
   3.8474300e-03
   4.8300800e-03
   5.3428400e-03
   5.0408500e-03
   4.8338800e-03
   4.7327600e-03
   3.5606700e-03
   2.3585200e-03
   2.3101800e-03
   1.6876400e-03
   1.7341300e-03
   1.8532400e-03
   2.5848500e-03
   3.5724600e-03
   5.9505600e-03
   6.6928600e-03
   6.7334200e-03
   6.7000600e-03
   6.6563700e-03
   6.4700400e-03
   6.4025100e-03
   5.6319100e-03
   5.2457100e-03
   4.9497200e-03
   5.9804600e-03
   6.0182800e-03
   5.7548100e-03
   5.6717200e-03
   5.6422000e-03
   4.0293600e-03
   2.9936300e-03
   1.8262200e-03
   1.5099700e-03
   1.7372900e-03
   7.8703800e-04
   1.0261600e-03
   1.8677600e-03
   3.6855600e-03
   3.7013200e-03
   3.0178800e-03
   2.4623900e-03
   3.7927100e-03
   3.7836800e-03
   4.5594300e-03
   4.8178600e-03
   3.2521300e-03
   3.2240300e-03
   4.5347600e-03
   4.4054200e-03
   4.4826600e-03
   4.5934800e-03
   5.3792800e-03
   6.2591900e-03
   6.5571900e-03
   7.1810300e-03
   7.7568800e-03
   8.0076800e-03
   7.8836600e-03
   6.5978900e-03
   5.6566300e-03
   5.1056700e-03
   6.6564400e-03
   7.4406700e-03
   8.0289000e-03
   8.2133200e-03
   7.1681600e-03
   6.7184000e-03
   5.5666400e-03
   4.9776100e-03
   5.8496900e-03
   5.6583500e-03
   5.4539000e-03
   5.8920300e-03
   5.7778700e-03
   5.2043500e-03
   4.5466700e-03
   4.2185600e-03
   4.0817300e-03
   3.9851000e-03
   3.5660100e-03
   2.6665300e-03
   2.8906600e-03
   3.6748200e-03
   3.5049600e-03
   3.0126000e-03
   2.3804200e-03
   2.0308200e-03
   1.3794900e-03
   5.6659000e-04
  -1.1473200e-03
  -1.5393700e-03
  -1.7142400e-03
  -2.0086200e-03
  -1.8824100e-03
  -2.3466700e-03
  -2.0996700e-03
  -1.5565100e-03
  -1.7110400e-03
  -2.0051300e-03
  -3.7975000e-03
  -5.7154100e-03
  -4.8611300e-03
  -5.2812600e-03
  -4.8202700e-03
  -3.8981600e-03
  -3.5475500e-03
  -3.2952500e-03
  -2.7500400e-03
  -1.9122700e-03
  -1.5712800e-03
  -1.4598000e-03
  -1.7889500e-04
   7.2688200e-04
   1.8650800e-03
   3.0802900e-03
   2.7073600e-03
   2.3971500e-03
   2.0998300e-03
   2.0418400e-03
   2.8520800e-04
  -7.0613000e-04
  -1.3785100e-03
  -2.7292100e-03
  -3.6463500e-03
  -5.5596300e-03
  -7.5523000e-03
  -9.4075300e-03
  -1.0785900e-02
  -1.0980300e-02
  -1.0934800e-02
  -1.0947500e-02
  -1.0893500e-02
  -1.0329000e-02
  -1.1115300e-02
  -1.2417900e-02
  -1.3711600e-02
  -1.3399700e-02
  -1.3734200e-02
  -1.3614200e-02
  -1.4541700e-02
  -1.5312100e-02
  -1.5916400e-02
  -1.5875900e-02
  -1.4385200e-02
  -1.4775400e-02
  -1.4896000e-02
  -1.4277300e-02
  -1.3487500e-02
  -1.3052200e-02
  -1.2773500e-02
  -1.2051400e-02
  -9.3421700e-03
  -7.3064800e-03
  -5.9034600e-03
  -3.0684300e-03
  -2.0081900e-03
  -1.0648400e-03
   5.3180400e-04
   5.9742900e-04
   6.1749500e-04
   1.1821700e-03
   2.9123700e-03
   3.7282200e-03
   5.9232600e-03
   6.2430700e-03
   4.3834800e-03
   3.9024200e-03
   3.5466400e-03
   2.8486100e-03
   2.9208200e-03
   2.5711700e-03
   2.7334000e-03
   2.9981800e-03
   2.9092500e-03
   2.9312600e-03
   2.9642300e-03
   2.6520500e-03
   2.6725500e-03
   2.7166600e-03
   1.6646500e-03
   1.8683300e-03
   2.8327500e-03
   3.3772900e-03
   3.2553000e-03
   3.1045800e-03
   2.6278900e-03
   2.6043900e-03
   2.1809200e-03
   2.5339800e-03
   3.1825500e-03
   3.1114000e-03
   3.0498500e-03
   3.1124400e-03
   2.8977700e-03
   1.5017300e-03
  -9.3580600e-04
  -9.6828200e-04
  -6.1418800e-04
  -1.1823600e-03
  -9.9190800e-04
  -4.4814600e-04
   3.1231000e-04
   2.3199000e-03
   3.7248300e-03
   3.8168900e-03
   3.5103500e-03
   3.6756300e-03
   2.8822100e-03
   1.6377100e-03
   1.3344700e-03
   1.6700800e-03
   2.8329800e-03
   2.9685500e-03
   3.4953300e-03
   3.9202100e-03
   3.7451800e-03
   3.7949400e-03
   3.4444000e-03
   3.5288200e-03
   3.4556400e-03
   3.4156000e-03
   3.3175900e-03
   3.9439300e-03
   4.5718100e-03
   4.4098100e-03
   4.6434000e-03
   4.4615200e-03
   5.9378600e-03
   6.7313400e-03
   6.4860800e-03
   6.4473500e-03
   7.2800000e-03
   9.1380300e-03
   9.2090500e-03
   9.1114100e-03
   8.9013700e-03
   8.9332400e-03
   8.3726000e-03
   7.7041200e-03
   7.0847300e-03
   5.8276500e-03
   5.8206700e-03
   6.0178300e-03
   4.5724500e-03
   3.8133600e-03
   2.9260900e-03
   1.7434400e-03
   1.5302000e-03
   6.7521900e-04
  -1.6739600e-04
  -5.7532600e-04
  -6.8513400e-05
  -6.4879700e-04
  -3.9540600e-04
   9.6640800e-04
   1.9138200e-03
   2.5438900e-03
   2.9414300e-03
   3.1133600e-03
   2.6119900e-03
   1.7345400e-03
   1.8153700e-03
   1.4063500e-03
   1.4795800e-03
   1.0595200e-03
   9.1670900e-04
   2.8888200e-04
  -2.6417100e-04
  -5.4579200e-05
  -6.0101200e-04
  -1.3202100e-03
  -1.4622600e-03
  -1.7864800e-03
  -1.8588700e-03
  -2.0037600e-03
  -1.7605700e-03
  -1.6546700e-03
  -1.6143900e-03
  -1.0107400e-03
  -7.6724900e-04
  -1.5035800e-03
  -1.8103200e-03
  -1.8278300e-03
  -1.9419600e-03
  -2.7088700e-03
  -3.3610200e-03
  -2.8183400e-03
  -1.9059800e-03
  -1.1216700e-03
  -1.6744900e-04
   1.1325100e-03
   1.4672300e-03
   1.0778900e-03
   2.5700400e-05
  -1.0482500e-03
  -1.3224100e-03
  -1.6774800e-03
  -2.4789000e-03
  -3.1480800e-03
  -3.5651500e-03
  -3.9811000e-03
  -3.4411100e-03
  -3.6611800e-03
  -3.9535800e-03
  -4.1191400e-03
  -3.7737100e-03
  -3.6398300e-03
  -3.1576000e-03
  -2.9520800e-03
  -2.3742000e-03
  -1.7615000e-03
  -1.3365400e-03
  -5.7767800e-04
   2.2146400e-04
   3.9347600e-04
   5.3378300e-04
   9.3965300e-04
   7.1109200e-04
   6.3602300e-04
   6.8291200e-04
   9.0316200e-04
   1.7243300e-03
   2.5329700e-03
   2.5071500e-03
   2.4306400e-03
   1.8597100e-03
   7.7319000e-04
   1.6446000e-04
  -1.6303900e-04
  -1.1064000e-03
  -1.4768900e-03
  -1.3226600e-03
  -1.2999100e-03
  -1.3646800e-03
  -1.3932900e-03
  -1.3018600e-03
  -1.2050400e-03
  -1.2518100e-03
  -7.8519500e-04
  -8.9025900e-04
  -9.9682200e-04
  -4.3624300e-05
   5.5721500e-04
   7.1001300e-04
   1.4430200e-03
   1.1253900e-03
   1.3282700e-03
   1.7106300e-03
   1.8549800e-03
   1.3724800e-03
   1.2709100e-03
   1.1804200e-03
   9.8619600e-04
   8.7022500e-04
   1.2259900e-03
   1.4593600e-03
   1.2743900e-03
   1.4684800e-03
   1.7342700e-03
   1.8345700e-03
   1.8782700e-03
   1.8994100e-03
   1.6504300e-03
   1.4071700e-03
   1.4674000e-03
   1.0534000e-03
   5.3518800e-04
   5.2024800e-04
   4.2530400e-04
   2.8877900e-04
   7.4111300e-05
   7.4457200e-05
   2.3745200e-05
  -2.3597400e-04
  -4.1718600e-04
  -4.6798100e-04
  -4.6619300e-04
  -5.8004400e-04
  -5.6287900e-04
  -7.0104300e-04
  -7.9673700e-04
  -7.7721500e-04
  -6.2936500e-04
  -5.2544100e-04
  -7.2324600e-04
  -9.0290700e-04
  -9.9282100e-04
  -1.0648300e-03
  -1.0611800e-03
  -1.1133100e-03
  -1.2221200e-03
  -1.2845000e-03
  -1.3278500e-03
  -1.3466300e-03
  -1.5380000e-03
  -1.6427700e-03
  -1.6562400e-03
  -1.7221400e-03
  -1.6470600e-03
  -1.7222500e-03
  -1.6482600e-03
  -1.4810900e-03
  -1.3284300e-03
  -1.2862400e-03
  -1.2899700e-03
  -1.3945800e-03
  -1.4384700e-03
  -1.4234400e-03
  -1.4915000e-03
  -1.4265400e-03
  -1.3192600e-03
  -1.2067700e-03
  -1.0899100e-03
  -1.0366000e-03
  -9.3610800e-04
  -8.7697000e-04
  -8.1505800e-04
  -7.9369900e-04
  -7.9732800e-04
  -7.9410000e-04
  -7.2653500e-04
  -6.3243600e-04
  -5.3219300e-04
  -5.0338100e-04
  -4.4464500e-04
  -4.0361500e-04
  -3.7208900e-04
  -3.3620100e-04
  -3.2940200e-04
  -2.9879800e-04
  -2.7808000e-04
  -2.2798200e-04
  -1.8605700e-04
  -1.2868300e-04
  -8.7447300e-05
  -6.7985700e-05
  -1.6575400e-05
   6.2987900e-06
  -1.8366400e-05
  -4.4372200e-05
  -6.0211400e-05
  -4.4508800e-05
  -3.7717900e-05
  -2.5816400e-05
  -3.1391300e-05
  -3.8095200e-05
  -2.7722200e-05
  -3.9885500e-06
  -2.2668600e-06
   1.7317500e-05
   3.1277400e-05
   3.9793700e-05
   7.7415500e-05
   8.8539500e-05
   1.0500400e-04
   1.1278200e-04
   1.2184500e-04
   1.2498000e-04
   1.2778800e-04
   1.2778800e-04
   1.2795400e-04
   1.3781200e-04
   1.4051600e-04
   1.4609000e-04
   1.4164300e-04
   1.3529100e-04
   1.3895200e-04
   1.4583200e-04
   1.4732400e-04
   1.4619600e-04
   1.4809700e-04
   1.4825500e-04
   1.4576800e-04
   1.4083100e-04
   1.3656100e-04
   1.3276600e-04
   1.2841600e-04
   1.2467800e-04
   1.2075900e-04
   1.1752900e-04
   1.1443100e-04
   1.1253200e-04
   1.1125900e-04
   1.0946200e-04
   1.0768700e-04
   1.0566900e-04
   1.0369800e-04
   1.0191200e-04
   1.0034000e-04
   9.8148100e-05
   9.6777500e-05
   9.5578500e-05
   9.4809900e-05
   9.4063900e-05
   9.3288800e-05
   9.2668700e-05
   9.2170600e-05
   9.1661300e-05
   9.1412900e-05
   9.1162800e-05
   9.0969800e-05
   9.0819000e-05
   9.0630800e-05
   9.0383200e-05
   9.0128100e-05
   8.9811200e-05
   8.9478800e-05
   8.9102500e-05
   8.8710800e-05
   8.8278200e-05
   8.7818800e-05
   8.7326200e-05
   8.6803300e-05
   8.6247100e-05
   8.5658100e-05
   8.5035600e-05
