  -2.0482700e-03
  -1.4571400e-03
  -1.1138700e-03
  -1.8660800e-03
   1.5509000e-04
  -2.4623600e-04
  -2.9497000e-03
  -3.1490600e-03
   9.9983500e-04
   1.8847300e-03
  -3.6655400e-03
  -5.1643800e-03
  -2.9381800e-03
   2.4224900e-03
   1.5580900e-03
  -2.4999200e-03
  -8.6938800e-04
   4.2454300e-04
  -1.2017800e-03
  -6.2196100e-03
  -6.3863200e-03
  -3.7041600e-03
  -1.0934000e-03
   3.1381400e-03
   1.6403400e-03
  -2.3656400e-03
  -2.0539600e-03
   6.2922600e-04
  -3.3188000e-05
  -3.1844000e-03
  -3.3011100e-03
   3.8677700e-04
   3.9277900e-03
  -6.1858800e-05
  -2.5184400e-03
   2.9123000e-04
   2.8214300e-03
   2.7812200e-03
   1.7674400e-04
  -2.9703800e-03
  -1.2337300e-03
   1.4382500e-03
   4.6559300e-03
   3.5906400e-03
  -3.1234100e-03
  -4.9455500e-03
  -8.6187600e-04
  -1.7894700e-03
  -3.9022900e-03
   1.6246800e-03
   4.8085600e-04
   3.4170300e-03
   4.9670300e-03
   2.9725300e-03
  -4.7139100e-04
  -2.6321500e-03
   1.5307300e-04
  -3.5222300e-04
   4.6746200e-04
  -7.3143200e-04
  -2.5956400e-04
  -2.1255400e-03
  -3.3499300e-03
  -2.0365500e-03
  -1.1536200e-03
   1.3184700e-03
   2.8389100e-03
   4.1992100e-03
   6.9206300e-04
   2.8540800e-03
   5.4914200e-03
   2.8472000e-03
   3.0916300e-03
   1.9610900e-03
   2.2657000e-03
   6.5768600e-03
   1.2422100e-02
   7.1860800e-03
   1.4094500e-03
   4.6394200e-03
   3.4823700e-03
   1.0340100e-03
  -3.3799000e-03
  -3.7330100e-04
   1.5082400e-03
   2.2586000e-03
   4.1615600e-03
   2.2262600e-03
  -5.8290400e-03
  -4.4564800e-03
   4.3182300e-03
   2.9775900e-03
   4.8356800e-03
   5.1484700e-03
   5.0099900e-04
   7.4647000e-04
   5.2851200e-03
   2.7939300e-03
  -3.6331000e-04
   1.7018500e-03
   2.3288000e-03
  -8.4782000e-04
  -7.5240600e-03
  -2.3305600e-03
   6.0994000e-03
   2.8279200e-03
   5.2011300e-03
   8.6045300e-03
   2.6127200e-03
   2.5746500e-03
   7.5641600e-03
  -2.7157400e-03
  -9.4735700e-03
  -3.8689900e-03
   1.7284400e-03
  -3.0383500e-03
   1.3534500e-03
   4.8741700e-03
   3.7232800e-03
   4.4264200e-04
  -5.1768600e-03
   1.7833000e-03
  -2.3419000e-03
  -7.4605700e-03
  -2.4577900e-03
  -6.2121300e-05
  -4.8267500e-04
   8.7361300e-04
  -4.6551000e-03
  -1.0206300e-02
  -8.8877000e-03
  -8.4249200e-03
  -4.3166700e-03
  -3.1245600e-04
  -3.7542400e-03
  -6.8604400e-03
  -6.2436500e-03
  -2.2169900e-03
   6.2935900e-03
   5.4559400e-04
  -8.3837800e-03
  -5.8493800e-03
   1.6016400e-04
  -2.2161100e-04
  -6.8825000e-03
  -6.4625600e-03
  -3.7822900e-03
   2.5404000e-03
   9.6168700e-03
   1.2340000e-02
  -1.3221800e-03
  -1.2221200e-02
  -3.7517300e-04
   9.2145800e-03
   3.7970800e-03
  -3.1106400e-03
  -3.9656800e-03
  -3.9935000e-03
  -1.5029400e-03
   1.4190800e-03
   6.4054600e-04
  -1.6414700e-03
  -4.3161800e-03
   3.3478200e-03
   1.2420400e-02
   4.5243600e-03
  -8.9327700e-03
  -1.1865500e-02
  -9.4065900e-03
  -8.4276500e-03
  -9.5631800e-03
  -9.2900800e-03
  -2.8235500e-03
  -1.7793300e-03
  -7.5731900e-03
  -6.4402300e-03
   9.9784500e-03
   1.2509800e-02
  -8.6727700e-03
  -1.7546000e-02
   3.5096000e-03
   1.8867500e-02
   8.5693100e-03
   4.5420900e-03
   2.8302800e-03
  -5.1555500e-03
  -8.7462000e-03
   1.9870100e-03
   8.9074600e-03
   4.1917600e-03
   5.7480300e-03
   8.8587900e-03
   2.9119400e-03
  -7.4963800e-03
  -7.2548800e-03
   4.4004200e-03
   1.7028800e-02
   1.3128100e-02
   3.8754200e-03
   6.7536200e-03
   1.2566400e-02
   1.1132000e-02
  -2.2842800e-03
  -1.6857300e-02
  -9.4747300e-03
   1.3023600e-03
  -2.5136900e-03
  -5.8554400e-03
  -1.1612500e-02
  -1.6068100e-02
  -1.1573200e-02
  -3.1768100e-03
   1.4772300e-03
  -6.0842500e-03
  -7.5614400e-03
  -5.3339800e-03
  -3.2503400e-03
   1.9657200e-03
   6.0567200e-03
   4.4571400e-03
  -4.1600300e-03
  -1.0127300e-02
  -1.1840000e-02
  -7.8490000e-03
  -8.8600300e-03
  -1.2683200e-02
  -7.7751800e-03
   6.2941100e-04
  -3.4183900e-04
  -1.2556500e-02
  -1.4967000e-02
  -1.0504700e-02
   4.1647100e-03
   1.3188400e-02
   4.4142000e-03
   2.1118600e-03
  -9.6874600e-04
  -7.5576800e-04
   4.9621500e-03
   8.9287300e-03
   1.2382200e-02
   1.5709300e-02
   1.3932300e-02
   1.2500000e-02
   9.5632000e-03
   7.6086900e-03
   7.3514600e-03
   7.7572200e-03
   1.5380900e-03
  -5.7234800e-03
  -6.3978900e-03
  -2.6890000e-04
   7.8541900e-03
   6.6657000e-03
  -4.1658600e-03
  -1.4800600e-02
  -1.9209200e-02
  -1.6867500e-02
  -8.7127400e-03
  -5.0450000e-03
   6.3737100e-03
   1.7073300e-02
   1.8579700e-02
   1.9552600e-02
   1.5673300e-02
   1.1601300e-02
   4.6406800e-03
  -1.4346200e-03
  -1.8458500e-03
   6.3017300e-03
   5.3611200e-03
  -5.1664700e-03
   1.9407200e-03
   7.0048500e-03
   9.4689500e-04
  -3.2929500e-04
   7.1705700e-04
  -7.8582500e-03
  -1.1813000e-02
  -7.1660000e-03
   1.3630700e-03
   1.5162500e-02
   1.7076900e-02
   1.3278200e-02
   1.0994300e-02
   9.5814200e-03
   6.3386800e-03
   2.6165400e-03
  -4.8883200e-05
   1.4156800e-03
   4.9855200e-03
   3.9378200e-03
   5.6308700e-03
  -6.1553900e-03
  -1.7336800e-02
  -1.1238300e-02
   5.0723100e-03
   1.5643400e-02
   5.1342300e-03
  -9.2254800e-03
  -1.6727700e-02
  -1.4374700e-02
  -5.0888100e-03
  -3.9016700e-03
  -1.0062600e-02
  -9.2426800e-03
  -8.1912100e-03
  -4.8627500e-04
   1.6059000e-02
   1.9010700e-02
   1.3580100e-02
  -1.4497200e-03
  -2.7564900e-03
   8.9386900e-03
   5.8030800e-03
   7.2435800e-04
   2.3582600e-03
   3.4148400e-03
  -5.1535200e-04
  -1.2347500e-02
  -2.6466500e-02
  -2.2717100e-02
  -2.6221900e-03
   6.2445400e-03
   1.1464500e-03
   3.3984800e-03
   7.2607900e-07
  -5.3819400e-03
  -1.0470700e-03
   7.5850600e-03
  -3.6290700e-04
  -1.3018200e-02
  -8.6486200e-03
  -2.0116000e-03
   7.9939000e-04
  -6.0388100e-03
  -1.4177500e-02
  -1.0213900e-02
  -7.4538100e-04
  -2.8671000e-03
  -5.3335800e-03
   4.7519800e-04
   8.3617200e-03
   8.7063600e-03
   4.0275000e-03
  -1.3745300e-03
   7.3879100e-04
   7.3765500e-04
  -6.6370600e-03
  -9.5533500e-03
  -2.5011900e-03
   3.8125000e-03
  -1.0907500e-03
  -8.0533800e-03
  -1.1429700e-02
   1.6147600e-04
   1.3756900e-02
   2.1980100e-02
   1.5680400e-02
   6.0933600e-03
   2.5875200e-03
   6.3246900e-03
   1.0805400e-02
   5.7328800e-03
  -2.6087800e-03
  -2.4630300e-03
   7.3982300e-03
   6.1955500e-03
   2.3762600e-04
  -3.0919500e-04
   2.3376000e-03
   1.3022100e-03
  -8.9599400e-04
  -6.3316700e-03
  -1.3119900e-02
  -1.0796400e-02
   3.2019800e-03
   1.4798300e-02
   1.6236400e-02
   3.5729700e-03
  -4.3382400e-03
  -6.3426400e-03
  -1.1158200e-02
  -1.3556300e-02
  -7.5475300e-03
  -2.9790400e-03
  -1.3050600e-02
  -1.7981400e-02
  -1.4527800e-02
  -4.0626400e-03
   4.9265300e-03
   4.4195100e-03
   3.2525400e-03
  -1.2335100e-03
  -2.0750900e-03
   1.5244000e-03
  -8.3392100e-04
   1.7425200e-03
  -3.5279100e-03
  -2.8741700e-03
   1.1505700e-02
   1.2479700e-02
   3.8871700e-03
   2.3305700e-03
   5.9239500e-03
   1.0687300e-02
   1.1006400e-02
   1.2080400e-02
   1.2405700e-02
  -9.9408000e-04
   1.8822400e-03
   1.9999400e-02
   2.9809700e-02
   1.5387800e-02
  -1.7174700e-02
  -2.3425400e-02
   1.7614400e-03
   1.7775400e-02
   1.9200200e-02
   1.1389000e-02
  -5.6083400e-03
  -2.0598300e-02
  -2.2693500e-02
  -6.7366700e-03
   3.5736200e-04
  -1.2155500e-03
  -1.1892000e-02
  -2.1283200e-02
  -5.1794700e-03
   8.9444100e-03
   1.1849300e-02
   5.5793000e-03
  -7.3064200e-03
  -1.2177000e-02
  -8.5285100e-03
   2.0814700e-03
   3.1442500e-03
  -9.0232600e-05
   3.2178700e-04
  -2.4547100e-03
  -2.9033200e-04
   1.2138300e-02
   1.8721300e-02
   7.7705500e-03
  -3.2434600e-03
   4.3177400e-03
   1.5448900e-02
   1.4580900e-02
   5.3161500e-03
  -2.4185600e-03
   7.3111600e-03
   1.2780300e-02
   7.0356600e-03
  -5.3900400e-03
  -1.1318300e-02
  -3.6235000e-03
   5.4636300e-03
   1.0543200e-02
  -1.6142500e-03
  -3.9154200e-03
   3.8671300e-03
   6.2039000e-03
   1.4181300e-02
   1.4660600e-02
  -1.1331000e-03
  -6.8737100e-03
  -6.2372700e-03
  -1.3587400e-02
  -7.2630700e-04
   1.1189300e-02
   7.9507400e-03
   1.4956100e-02
   1.5302800e-02
   9.8182300e-03
  -2.3492800e-04
  -1.3007400e-02
  -1.6568300e-02
  -1.0422800e-02
   4.2937100e-03
   1.3679700e-02
   7.7300100e-03
  -3.3472300e-03
   1.3110700e-03
   9.7760100e-03
   9.8983700e-03
   8.7263600e-03
   1.3087800e-02
   1.4243500e-02
   1.8993600e-02
   2.2423800e-02
   8.7272000e-03
  -1.8354900e-02
  -3.6017200e-02
  -3.6894400e-02
  -2.1867800e-02
  -6.6719100e-03
  -2.8173600e-03
  -8.3539600e-03
  -1.5434800e-02
  -8.0439400e-03
   6.0871100e-03
   1.9660200e-02
   1.9268500e-02
   1.3440200e-02
   7.3793300e-03
   1.5136400e-02
   2.6151400e-02
   1.8203500e-02
   6.0540300e-04
  -9.0734000e-03
  -1.5424000e-02
  -3.2754800e-02
  -3.2748700e-02
  -1.8317800e-02
  -9.3040500e-03
  -8.3616000e-03
  -5.2893800e-03
  -5.9962600e-03
  -5.9677300e-03
  -3.8604300e-03
  -5.7749900e-03
  -9.1746700e-03
  -2.3449600e-02
  -1.2380600e-02
   1.6120200e-02
  -4.5477600e-04
  -3.0256100e-02
  -3.0500900e-02
  -2.6765700e-02
  -2.4628800e-02
  -2.0799800e-02
  -3.0455100e-02
  -3.5110400e-02
  -2.8733400e-03
   2.1940200e-02
   1.3112100e-02
   2.2959700e-03
   8.0314100e-03
   1.9769600e-02
   2.6016000e-02
   2.0201000e-02
  -8.8027300e-03
  -2.3352000e-02
  -3.2641500e-03
   1.9678700e-02
   2.9792000e-02
   3.3923000e-02
   1.1332000e-02
  -1.9261900e-02
  -2.9234400e-02
  -3.1320300e-02
  -4.7799700e-03
   2.7744800e-02
   1.2903800e-02
  -2.3378700e-02
  -2.3743800e-02
   1.3789100e-02
   3.6872700e-02
   2.5377300e-02
   4.6896400e-03
   9.8008600e-03
   2.1057600e-02
   2.3520900e-02
   3.2898700e-02
   3.7740700e-02
   3.9925500e-02
   2.9039000e-02
   8.4024000e-03
  -5.7745900e-03
  -1.2828900e-02
  -1.5525800e-02
   1.3809400e-02
   5.1657500e-02
   4.9729700e-02
   4.5370200e-02
   4.6902300e-02
   5.2523500e-02
   4.8074300e-02
   3.5108000e-02
   3.2897700e-02
   1.8973600e-02
   6.7693400e-03
  -1.8241500e-03
  -1.8217600e-02
  -2.0393300e-02
  -6.8884500e-03
  -1.9251300e-03
  -4.9815000e-04
  -8.8968300e-03
  -2.8238100e-02
  -4.4112300e-02
  -4.3165800e-02
  -3.1593900e-02
  -1.3363400e-02
  -1.2616700e-02
  -4.2118200e-02
  -5.8753400e-02
  -3.9410100e-02
  -8.5724300e-03
   1.4436700e-02
   3.9263500e-02
   3.4268600e-02
  -2.0280900e-03
  -3.6462300e-02
  -6.0819900e-02
  -5.3759400e-02
  -5.3573400e-03
   3.6610600e-02
   3.0970000e-02
  -7.6431400e-03
  -4.8900100e-02
  -5.9140900e-02
   3.9655100e-03
   7.9640300e-02
   8.0402300e-02
   2.8526100e-02
  -4.4832300e-02
  -8.5703700e-02
  -7.8049600e-02
  -3.1224400e-02
   1.0907700e-02
   4.2206100e-03
  -3.2261700e-02
  -6.6441900e-02
  -5.9488600e-02
  -2.0713200e-02
   1.4230900e-02
   4.8368300e-02
   3.9739100e-02
  -2.0365400e-02
  -7.4873100e-02
  -9.5485300e-02
  -7.6410200e-02
  -3.1090600e-02
   3.4581100e-02
   6.3800000e-02
   5.3865200e-02
   3.7601400e-02
   2.6692500e-02
   4.3714200e-02
   3.6378400e-02
  -1.0397800e-02
  -4.0484700e-02
  -4.1196600e-02
  -1.3016000e-02
   1.8835500e-02
  -1.9541000e-03
  -5.6953500e-02
  -8.3636700e-02
  -6.3146900e-02
  -1.1096300e-02
   4.3015700e-02
   6.9333800e-02
   4.9007300e-02
   2.5862500e-02
   5.4900300e-03
  -2.1153400e-02
  -3.4178700e-02
  -3.3395400e-02
  -3.5238500e-02
  -2.5026200e-02
  -3.6949400e-03
   2.5199600e-02
   4.0911700e-02
   2.4179800e-03
  -1.2070100e-02
   1.8657400e-02
   4.9174900e-02
   6.3248800e-02
   4.8189600e-02
   1.8432100e-02
  -3.7732600e-03
   5.8522600e-04
   3.5235700e-02
   5.9137300e-02
   6.7651300e-02
   4.6176300e-02
   8.2863500e-03
  -3.0825500e-03
  -2.0984500e-02
  -4.6304000e-02
  -6.2536200e-02
  -4.2867500e-02
   1.7899000e-02
   4.3024700e-02
   1.6209900e-02
  -1.1046500e-02
  -3.0176600e-02
  -4.2536900e-02
  -2.0187700e-02
   1.8525300e-03
   6.9158300e-03
   9.5739800e-03
   8.5234100e-03
   1.8802000e-02
   2.5333100e-02
   2.3781700e-02
   4.0179200e-02
   5.1820500e-02
   2.4472300e-02
  -9.9781700e-03
  -1.8938800e-02
  -1.6693800e-02
  -1.9447800e-02
  -2.2957600e-02
  -3.2211000e-02
  -4.1345000e-02
  -4.0295400e-02
  -1.8393900e-02
   2.1427600e-03
  -2.3309300e-03
  -1.1660800e-02
  -3.8677500e-02
  -7.8343300e-02
  -9.5827100e-02
  -7.7241600e-02
  -2.0498000e-02
   6.7523900e-03
  -5.5334800e-03
  -1.4923600e-02
  -1.4895000e-02
  -9.9214200e-03
   8.5273500e-03
   2.8623400e-02
   2.9624100e-02
   3.1592700e-02
   1.7945100e-02
  -7.2957400e-03
  -2.7274400e-02
  -2.4686700e-02
  -3.3115200e-03
   1.3398100e-02
   7.8738600e-03
  -1.6165500e-02
  -1.4190700e-02
   2.5794400e-02
   5.2659100e-02
   2.6982700e-02
  -4.8810300e-03
  -1.4402700e-02
   9.2562100e-05
   1.7502000e-02
   1.9225100e-03
  -1.6827100e-02
  -1.5210400e-02
   3.0523400e-02
   8.5396400e-02
   9.1016600e-02
   4.4765800e-02
   7.0666200e-03
   1.6862700e-02
   3.3284800e-02
   2.6665000e-02
  -1.3565800e-02
  -3.7352200e-02
  -3.3724000e-02
  -1.4258300e-02
  -5.0914800e-03
  -2.2342700e-02
  -3.5152800e-02
  -1.4327500e-02
   1.3123800e-02
  -7.4780900e-03
  -1.3473600e-02
   6.3052400e-03
   1.7873100e-02
   3.0170300e-02
   3.1658500e-02
   8.7962400e-03
  -8.5773800e-03
  -7.7848000e-03
  -1.2048400e-02
  -9.1158300e-03
   4.7398900e-03
   1.7610300e-02
   4.6675500e-03
  -2.0701800e-02
  -4.1523100e-03
   4.0955200e-02
   5.2914700e-02
   4.2054800e-02
   3.2352600e-02
  -5.3200100e-03
  -1.2927100e-02
   2.2927900e-02
   2.2167100e-02
  -1.3224700e-03
  -2.0175100e-02
  -3.4697800e-02
  -2.0284100e-02
   1.8759400e-02
   5.6796300e-02
   8.8052200e-02
   8.0746000e-02
   2.2049100e-02
  -2.9122200e-02
  -5.1909000e-02
  -5.1528500e-02
  -4.3677000e-03
   2.9326000e-02
  -2.2164400e-03
  -6.7684100e-02
  -1.1500400e-01
  -1.1850000e-01
  -6.4782000e-02
   2.4480200e-02
   5.5284300e-02
   1.5592000e-02
  -2.1560400e-02
  -3.5765900e-02
  -2.0341400e-02
  -3.9510000e-03
  -1.0004700e-02
   7.2374400e-04
   1.6863300e-02
   1.0914600e-02
  -1.2657500e-02
  -4.1486700e-02
  -7.0211900e-02
  -7.3474900e-02
  -5.8136100e-02
  -4.0329900e-02
  -1.5480600e-02
   2.5473400e-02
   5.0145200e-02
   5.1603900e-02
   5.0273900e-02
   4.7026200e-02
   6.5562700e-02
   8.0840300e-02
   6.7025500e-02
  -3.5686600e-03
  -6.1938100e-02
  -6.0460100e-02
  -2.8483000e-02
   1.7785200e-02
   6.0325400e-02
   6.6332200e-02
   4.3340400e-02
   3.4783700e-02
   1.1681700e-02
  -3.8436300e-03
  -1.5720500e-02
  -3.7431100e-02
  -4.5689000e-02
  -1.1788200e-02
   1.4570600e-02
   4.1299700e-03
   1.7809600e-03
   2.0914200e-02
   4.9850600e-02
   5.0978800e-02
   3.9827100e-02
   1.7080200e-02
  -2.0457800e-02
  -4.6647300e-02
  -5.4864400e-02
  -6.7394000e-02
  -7.7430800e-02
  -6.3114000e-02
  -3.8128000e-02
  -1.6578500e-02
   9.1776000e-03
   4.8048800e-02
   5.1501600e-02
   1.1099400e-02
  -2.0647000e-02
  -3.5201600e-03
   3.7326800e-02
   4.9485300e-02
   1.8866900e-02
  -1.0915000e-02
  -1.5267300e-02
  -7.1409000e-03
   2.6649700e-02
   5.4285600e-02
   4.0095400e-02
   1.2031200e-02
  -1.3038300e-02
  -4.7684600e-02
  -5.4541000e-02
  -2.8910400e-02
   7.8922700e-03
   2.4861000e-02
   2.2394700e-02
   3.4832600e-02
   3.4401200e-02
   2.0718000e-02
   1.1969500e-02
   7.8262800e-03
  -1.9208000e-03
  -2.9732100e-02
  -3.7620700e-02
   3.0885600e-03
   5.9095800e-02
   8.7039700e-02
   8.3801300e-02
   3.3113500e-02
  -3.5879300e-02
  -5.5610100e-02
  -4.5985400e-02
  -1.9559200e-02
  -5.8809200e-03
  -2.7642600e-02
  -3.9932500e-02
  -2.6219600e-02
   5.7982600e-03
   4.1387600e-03
  -1.8374600e-02
  -2.0262600e-02
   7.3311600e-04
   1.7335700e-02
   3.8982700e-03
  -9.5840500e-03
   2.3244900e-03
   2.9721700e-02
   5.5321700e-02
   7.1213400e-02
   6.4538500e-02
   4.8500100e-02
   2.2199500e-02
  -1.7450000e-03
  -5.7423300e-03
  -2.3354900e-03
  -6.7836600e-03
  -1.4163300e-02
  -2.6684800e-02
  -4.8238400e-02
  -5.4088000e-02
  -4.4200100e-02
  -3.9179600e-02
  -5.0208800e-02
  -6.1441000e-02
  -3.6105200e-02
  -9.4444000e-03
  -3.7384800e-03
  -1.1913700e-02
  -2.0262400e-02
  -1.7215600e-02
   1.2597000e-03
   3.9289400e-02
   5.3061500e-02
   4.0444100e-02
   4.1074500e-02
   4.2291500e-02
   1.5338000e-02
  -7.1386800e-03
  -1.9001200e-02
  -3.0678100e-02
  -3.1851100e-02
  -3.3495300e-02
  -4.8136300e-02
  -4.8531000e-02
  -1.2111900e-02
   2.9296100e-02
   3.8638300e-02
   1.6236100e-02
  -7.4901000e-03
  -2.6739500e-02
  -3.6940500e-02
   7.9650700e-03
   5.3401000e-02
   5.6382500e-02
   3.5373600e-02
  -1.1273000e-02
  -3.3011200e-02
  -1.9681800e-02
   1.1316100e-02
   4.8104400e-02
   7.7263200e-02
   3.4662000e-02
  -4.9206500e-02
  -7.0389800e-02
  -3.6135100e-02
   1.3746000e-02
   4.1884800e-02
   3.8671800e-02
   2.7334600e-02
   4.1548300e-02
   4.6226100e-02
   4.2018600e-02
   5.2776600e-02
   4.6359800e-02
   1.3171100e-02
  -2.2764500e-02
  -1.9741100e-02
   3.2599200e-02
   7.5480000e-02
   7.7570000e-02
   5.8344100e-02
   2.3870200e-02
  -4.9896600e-03
  -1.1921500e-02
  -3.2309300e-02
  -7.2054500e-02
  -1.0267900e-01
  -1.1241400e-01
  -1.0310100e-01
  -8.9040400e-02
  -6.0072400e-02
  -2.4110200e-02
  -1.6987300e-03
   1.9576500e-02
   2.8164900e-02
   2.0452700e-02
   3.3364900e-02
   5.5001200e-02
   2.4805200e-02
  -4.1281600e-02
  -5.7578100e-02
  -3.3917100e-02
  -9.0535500e-03
   9.4441900e-03
   1.8190700e-02
   1.9651400e-02
   2.7087200e-02
   1.9933000e-02
   1.4299600e-02
   1.5298200e-02
   1.1019400e-02
   8.8875900e-03
  -8.8491600e-03
  -2.6613400e-02
  -3.4183800e-02
  -2.2502800e-02
  -2.0813000e-03
   3.4602000e-02
   5.8860700e-02
   4.8111000e-02
   1.7078500e-02
  -1.4456500e-03
   3.0964500e-03
  -4.3362500e-03
  -8.7120100e-03
   1.4108500e-02
   4.3561000e-02
   3.6881100e-02
   8.6210000e-03
  -1.5432600e-02
  -1.0230600e-02
   1.4227000e-02
   1.8608000e-02
   1.4405600e-02
   7.8705000e-03
  -1.9798000e-02
  -5.4200500e-02
  -6.4816600e-02
  -5.5272400e-02
  -4.6792100e-02
  -4.6193400e-02
  -5.0633400e-02
  -6.5841500e-02
  -7.2163500e-02
  -4.5919900e-02
   3.8572100e-03
   3.0367000e-02
   3.5986300e-02
   6.1288400e-02
   8.2573800e-02
   8.7675900e-02
   1.0025200e-01
   7.4927000e-02
   1.6107700e-02
  -5.1011300e-03
  -2.0713300e-04
  -4.2473200e-03
  -8.8923600e-03
  -1.1124100e-02
  -2.5073600e-02
  -2.8246800e-02
   1.5306300e-02
   6.3944000e-02
   6.8028100e-02
   3.2539300e-02
  -1.6614500e-02
  -1.8661600e-02
  -9.3497300e-05
   8.2644200e-03
  -1.2154900e-02
  -5.6612600e-02
  -6.9839900e-02
  -6.8067200e-02
  -7.6676900e-02
  -8.4337100e-02
  -7.7901900e-02
  -4.6719400e-02
  -2.6042000e-02
  -3.2645400e-02
  -1.5438000e-02
   2.5061200e-02
   4.5310200e-02
   2.9412500e-02
   6.4391100e-03
  -2.6973000e-02
  -6.4998600e-02
  -6.4778200e-02
  -4.6358000e-02
  -1.9795100e-02
   4.3054700e-03
   2.3104100e-02
   4.6232600e-02
   5.9042800e-02
   5.2951400e-02
   5.1428600e-02
   4.8417600e-02
   2.6443800e-02
   6.2515900e-05
  -1.1419600e-02
   1.0440100e-02
   5.3979800e-02
   6.2350000e-02
   2.2010000e-02
  -1.5859500e-02
  -4.9418500e-02
  -6.1430000e-02
  -4.3104600e-02
   2.2558200e-03
   4.2748800e-02
   5.4693100e-02
   5.6415900e-02
   4.3946400e-02
   2.8801500e-02
  -1.0562400e-02
  -5.3328900e-02
  -4.0996000e-02
   8.9268800e-03
   2.5437700e-02
  -2.6296600e-03
  -3.2544200e-02
  -4.8154300e-02
  -1.9800300e-02
   1.4455400e-02
   1.9200500e-02
  -1.7104300e-02
  -6.0286000e-02
  -6.1704800e-02
  -2.6942100e-02
   2.6269200e-02
   5.9934400e-02
   3.8943800e-02
  -1.3870700e-02
  -4.0006200e-02
  -3.9181000e-02
  -2.9563300e-02
  -1.1073800e-02
  -6.2583300e-03
  -3.6189200e-02
  -7.8710900e-02
  -8.9269900e-02
  -4.1300300e-02
   3.6234000e-02
   7.8589500e-02
   4.4076800e-02
  -1.1972200e-02
  -4.1521500e-02
  -4.6156400e-02
  -3.6983500e-02
  -3.3175800e-02
  -4.3701200e-02
  -4.1030800e-02
  -1.5688900e-02
   1.4216500e-03
  -1.2301400e-02
  -3.5840900e-02
  -3.6181600e-02
  -9.4943000e-03
   1.2181800e-02
  -1.7408400e-02
  -5.9904700e-02
  -4.1533400e-02
   9.0127000e-03
   1.5228600e-03
  -4.2459500e-02
  -7.8157500e-02
  -9.4563100e-02
  -7.6056200e-02
  -3.2759200e-02
  -6.4207600e-03
  -1.9296800e-03
   7.0167600e-03
   4.4085600e-02
   7.7161200e-02
   8.0864800e-02
   4.3084000e-02
  -2.6364100e-03
   1.5048100e-03
   7.3698300e-03
   2.0035200e-02
   4.7265100e-02
   7.4060500e-02
   1.1064000e-01
   1.2300500e-01
   9.2986700e-02
   5.7125600e-02
   3.2487500e-02
   2.7459900e-02
   5.4681700e-02
   8.4881900e-02
   5.9036100e-02
   1.5614800e-02
  -5.7725900e-03
  -1.3020700e-02
   3.7073200e-03
   1.4783500e-02
   2.0741400e-02
   3.0692500e-02
   2.9792900e-02
   3.3662800e-02
   5.1881000e-02
   5.4433100e-02
   3.6318900e-02
   3.2395000e-02
   3.5649800e-02
   4.0140900e-02
   4.4320900e-02
   1.8016100e-02
  -1.1368000e-02
  -2.7173900e-02
  -2.5368500e-02
  -1.8332500e-02
   5.4767900e-04
   1.7890700e-02
   2.5071300e-03
  -2.9604500e-02
  -6.4662900e-02
  -6.5555400e-02
  -1.9145400e-02
   1.7412500e-02
   3.4823400e-03
  -2.4759400e-02
  -5.2046400e-02
  -4.9177200e-02
  -1.9500200e-02
   2.2061700e-02
   5.5225000e-02
   4.8945900e-02
   2.4335300e-02
   1.0233800e-02
  -2.6558700e-03
  -3.4815400e-02
  -2.2059300e-02
   3.3850000e-02
   6.4625400e-02
   7.8410700e-02
   8.4059500e-02
   1.9580200e-02
  -6.5746800e-02
  -9.4554700e-02
  -7.0500000e-02
   3.3076900e-02
   9.5138800e-02
   6.6361600e-02
   1.3167600e-02
  -2.9799900e-02
  -3.8481100e-02
  -4.2044000e-02
  -5.4574700e-02
  -4.5571100e-02
   1.4006100e-02
   4.6599200e-02
   4.7436600e-02
   1.8430900e-02
  -4.5501700e-02
  -6.8367000e-02
  -6.9327900e-02
  -5.7345900e-02
  -1.0495300e-02
   2.0742200e-02
   2.9739700e-02
   5.8347600e-02
   9.9137400e-02
   1.0742600e-01
   8.4684000e-02
   7.2119700e-02
   7.1876900e-02
   4.6000600e-02
  -2.6169500e-02
  -7.8354700e-02
  -8.0066300e-02
  -3.8615500e-02
   1.0855500e-02
   3.6438100e-02
   2.9532700e-02
   5.1792200e-03
  -1.6782300e-03
   9.6867500e-04
  -2.5091300e-02
  -7.9392000e-02
  -1.2220300e-01
  -1.4608200e-01
  -1.1719800e-01
  -5.3735900e-02
  -2.1203000e-02
  -2.2677300e-03
   1.0769900e-02
   2.4809200e-02
   4.3905600e-02
   5.3138700e-02
   1.7634500e-02
  -6.9984500e-02
  -1.1696900e-01
  -1.0821200e-01
  -5.2436400e-02
   3.1094500e-02
   7.1914900e-02
   5.0832500e-02
  -1.5116600e-02
  -6.8475900e-02
  -7.9135900e-02
  -5.6529600e-02
  -2.2210700e-02
   2.0326700e-03
   1.9652100e-02
   1.5114200e-02
   4.8081000e-03
   2.1787000e-02
   3.9485000e-02
   3.8598700e-02
   4.3872100e-02
   5.6913800e-02
   4.4521800e-02
  -2.2431400e-03
  -3.7085300e-02
  -5.8922500e-02
  -7.5230200e-02
  -6.3132000e-02
  -4.5638000e-02
  -3.1124400e-02
  -2.4315900e-02
  -2.0470500e-02
  -2.8434700e-02
  -6.2740300e-02
  -8.1416600e-02
  -6.9778400e-02
  -5.7460800e-02
  -5.6857000e-02
  -6.0637100e-02
  -4.4213100e-02
   1.3428200e-02
   4.1567900e-02
   2.4813400e-02
   6.7899900e-03
   1.1212700e-02
   4.8847600e-02
   9.4430400e-02
   1.2062300e-01
   1.0187900e-01
   4.2995900e-02
  -9.7860400e-03
  -2.8018500e-02
   7.6355600e-03
   5.7112700e-02
   6.1734300e-02
   2.2982500e-02
  -2.8888600e-02
  -5.8990800e-02
  -6.4688600e-02
  -5.1097100e-02
  -3.7163900e-02
  -2.9752600e-02
  -1.3533600e-02
   2.7239900e-02
   7.2300500e-02
   1.0191400e-01
   1.1597100e-01
   1.2477500e-01
   9.9102000e-02
   2.3206800e-02
  -3.3641900e-02
  -5.6715300e-02
  -7.2312100e-02
  -8.1319700e-02
  -7.2248900e-02
  -3.7451600e-02
  -4.7514100e-03
   1.7585600e-02
   4.1733000e-02
   7.3236800e-02
   9.7129200e-02
   6.6684300e-02
   9.5867000e-03
  -4.4107700e-03
   1.6943900e-02
   2.9348200e-02
   4.5996600e-02
   5.6744300e-02
   3.0576200e-02
   4.7028900e-03
   6.0880500e-03
   3.0928100e-02
   5.3985200e-02
   4.8814800e-02
   3.0129400e-02
   1.2734300e-02
   9.3326200e-03
   3.4448100e-02
   5.2006400e-02
   4.9438000e-02
   4.1489100e-02
   2.5576100e-02
   1.1837700e-02
   7.1538400e-03
   2.0334400e-03
  -1.3037100e-02
  -4.5688300e-02
  -7.7755100e-02
  -9.5031900e-02
  -9.2956200e-02
  -6.4204400e-02
  -1.9648800e-02
   3.0867700e-02
   6.2181700e-02
   4.1113600e-02
  -1.2886200e-02
  -3.7684500e-02
  -1.9467300e-02
   3.3083000e-03
   2.2124200e-02
   2.8748100e-02
   1.5811400e-02
  -1.0034400e-02
  -2.1828600e-02
  -3.2044600e-03
  -5.2873100e-03
  -3.7234700e-02
  -6.9375000e-02
  -6.6185400e-02
  -3.5528300e-02
  -2.0812800e-02
  -1.9687700e-02
  -5.5903400e-03
   2.3687700e-02
   2.7596400e-02
  -5.3567900e-03
  -3.1040400e-02
  -4.7355300e-02
  -6.2293200e-02
  -7.9692400e-02
  -1.0825700e-01
  -1.1352700e-01
  -6.7290300e-02
  -1.5242700e-02
  -1.9388900e-03
   1.1434300e-02
   4.4894400e-02
   6.1836600e-02
   2.2976600e-02
  -2.4486100e-02
  -3.4474900e-02
  -2.9048500e-02
  -2.5992600e-02
  -2.2976500e-02
  -1.7193100e-02
  -1.6757600e-02
   9.8490800e-03
   5.1237600e-02
   7.8720500e-02
   8.4995500e-02
   7.9244700e-02
   5.9554600e-02
   3.4803300e-02
   3.0232600e-02
   3.6772900e-02
   4.2983600e-02
   5.0918200e-02
   7.4284300e-02
   8.7053700e-02
   7.3737600e-02
   3.7992700e-02
   1.1367600e-02
   1.0438400e-02
   5.5076900e-03
  -6.9169500e-03
  -1.9781200e-02
  -3.2744400e-02
  -4.7016300e-02
  -6.2245900e-02
  -6.9292100e-02
  -5.4595900e-02
  -2.1022700e-02
   3.0952300e-03
   8.6256600e-03
   7.9504000e-03
   1.1747800e-02
   1.0625800e-02
   9.7506400e-03
   1.8729700e-02
   1.1071500e-02
   7.0037300e-03
   2.6707000e-02
   4.1981500e-02
   4.6225700e-02
   5.0067000e-02
   3.6862100e-02
   1.3365000e-03
  -2.3936100e-02
  -2.6799200e-02
  -1.1245300e-02
   1.5389000e-02
   4.0901200e-02
   3.2469800e-02
  -1.4462400e-02
  -5.0575500e-02
  -5.2934800e-02
  -2.6751400e-02
   4.4582200e-04
   1.1893300e-02
  -8.9372000e-03
  -4.5065600e-02
  -6.2632100e-02
  -5.6611000e-02
  -4.3473500e-02
  -3.8482600e-02
  -1.8569200e-02
   2.7977600e-03
   1.5913900e-02
   2.4207500e-02
   1.4030900e-02
  -5.7315700e-03
  -2.6682400e-02
  -4.4907800e-02
  -5.1395000e-02
  -4.0673800e-02
  -1.7066900e-02
   4.4448400e-03
   1.1566500e-02
   1.3225000e-02
   3.6726400e-03
  -6.7262800e-03
   8.5025600e-04
   9.8181400e-04
  -1.8073800e-02
  -2.9878300e-02
  -2.4900800e-02
  -2.8882900e-02
  -3.4676500e-02
  -3.6802200e-02
  -3.5099800e-02
  -3.9181900e-02
  -5.4635900e-02
  -6.6269000e-02
  -7.6252800e-02
  -7.9394500e-02
  -6.0639700e-02
  -2.6167800e-02
  -3.6931900e-03
   9.0027300e-03
   2.0313500e-02
   3.1259100e-02
   4.5574800e-02
   6.7449600e-02
   8.7617100e-02
   1.0522100e-01
   1.0592900e-01
   9.0646400e-02
   6.1440700e-02
   1.7040100e-02
  -6.3995300e-03
   3.0548300e-03
   1.8944400e-02
   7.4377200e-03
  -1.0082900e-02
  -1.3237700e-02
   7.2560800e-03
   4.4918500e-02
   5.9057800e-02
   2.1628800e-02
  -2.2069000e-02
  -2.8288000e-02
  -1.6665100e-02
   2.6251100e-03
   2.2551800e-02
   2.4814100e-02
   1.2406800e-02
   1.0244400e-02
   3.9928100e-03
  -1.7722000e-02
  -3.3911500e-02
  -3.0883100e-02
  -1.4237800e-02
  -2.2783300e-02
  -4.4497100e-02
  -5.9987900e-02
  -7.7706300e-02
  -8.7252600e-02
  -9.4142700e-02
  -9.5301400e-02
  -7.4052800e-02
  -5.0285800e-02
  -3.2675500e-02
   8.3284400e-03
   4.5050500e-02
   4.9719000e-02
   3.4293500e-02
   2.5499000e-02
   1.9215800e-02
   1.4698200e-02
   2.3764900e-02
   3.4159700e-02
   2.8419200e-02
   1.8237500e-02
   2.8558800e-02
   5.0288900e-02
   6.6979100e-02
   6.5440900e-02
   5.5209300e-02
   4.1673900e-02
   2.2812000e-02
   8.1770100e-03
   4.5488400e-03
   1.0338300e-02
   2.2808800e-02
   3.6020900e-02
   4.1418700e-02
   4.6336100e-02
   5.5215100e-02
   3.8075000e-02
   1.0880800e-02
   1.1204100e-02
   2.2409800e-02
   2.8925500e-02
   3.2779100e-02
   3.5292300e-02
   4.3650200e-02
   5.1495000e-02
   5.0925800e-02
   5.0705400e-02
   4.6937500e-02
   2.7409600e-02
  -2.6039400e-03
  -2.6560700e-02
  -3.2006500e-02
  -2.4464700e-02
  -7.6683400e-03
  -2.3847700e-03
  -1.0673300e-02
  -5.9487100e-03
   3.2945100e-03
   3.5933400e-03
  -1.5803000e-02
  -3.1860900e-02
  -3.9619000e-02
  -5.4389700e-02
  -6.6518500e-02
  -6.5411900e-02
  -6.2793600e-02
  -6.1595100e-02
  -5.8385200e-02
  -5.9226700e-02
  -4.8521800e-02
  -1.5942000e-02
   9.2947800e-03
   1.2177300e-02
  -1.4356700e-03
  -1.6410300e-02
  -2.0676000e-02
  -3.3411700e-02
  -5.0922100e-02
  -5.4004600e-02
  -3.2942600e-02
  -1.1830700e-02
   5.5786500e-03
   1.7868600e-02
   1.0728600e-02
   4.9410700e-03
   1.1203800e-02
   2.6436500e-02
   3.1336500e-02
   2.3845600e-02
   1.1586200e-02
  -1.4521700e-02
  -3.4889100e-02
  -3.6211100e-02
  -2.0199100e-02
  -1.3960800e-02
  -2.1727100e-02
  -2.5089100e-02
  -1.4256700e-02
   6.5635000e-03
   1.3714700e-02
   4.0664900e-03
  -2.1830800e-03
   1.6214900e-03
   1.3348500e-03
  -7.9114800e-03
  -9.8066700e-03
  -8.2869000e-03
  -7.9717400e-03
  -8.6951100e-04
   1.0702400e-02
   2.3984800e-02
   2.3510500e-02
   1.4907700e-02
   1.7618900e-02
   4.3574800e-02
   6.7616200e-02
   7.3295500e-02
   5.5332200e-02
   2.8553100e-02
   1.9906600e-02
   3.1608000e-02
   5.9347900e-02
   7.1864300e-02
   5.2568900e-02
   2.8480600e-02
   2.5488900e-02
   2.3732400e-02
   9.8389600e-03
  -3.4169900e-03
  -8.0314900e-03
  -1.2702100e-02
  -2.8297900e-02
  -3.4358800e-02
  -2.8349000e-02
  -1.6025700e-03
   3.5396900e-02
   5.4229100e-02
   4.6571900e-02
   2.5433400e-02
   1.4226700e-02
   7.4477400e-03
   3.6624900e-03
   1.1328700e-03
  -1.0065700e-02
  -2.5151600e-02
  -3.0144500e-02
  -2.1039000e-02
   1.8367700e-02
   5.1523800e-02
   4.4351100e-02
   2.0612600e-02
  -1.7988500e-03
  -1.1341000e-02
  -4.9058200e-03
   1.0558100e-05
  -8.7023100e-03
  -1.3805400e-02
  -1.9470500e-02
  -2.4707200e-02
  -1.7073500e-02
  -3.3739500e-03
   5.1522000e-03
  -1.7854900e-02
  -5.1325200e-02
  -5.9244600e-02
  -5.2772700e-02
  -4.5807100e-02
  -4.8411200e-02
  -5.3358200e-02
  -4.7539200e-02
  -4.0731700e-02
  -4.6178500e-02
  -5.6440800e-02
  -6.3400300e-02
  -5.1357100e-02
  -2.7040400e-02
  -2.6423300e-02
  -4.4471200e-02
  -5.6089000e-02
  -4.9997600e-02
  -2.8403200e-02
  -9.4740600e-03
  -7.7074400e-03
  -2.3040100e-02
  -3.8045400e-02
  -3.4240800e-02
  -1.1247900e-02
   3.2829400e-03
  -7.2751000e-03
  -2.1522500e-02
  -2.6373600e-02
  -2.3507400e-02
  -1.9289800e-02
  -1.4011300e-02
  -1.7897500e-02
  -2.9944700e-02
  -3.5858700e-02
  -2.5233400e-02
   4.3435000e-03
   2.6782500e-02
   3.3292100e-02
   2.9216100e-02
   2.1146900e-02
   1.2921600e-02
   1.3659900e-03
  -3.0159500e-03
   5.6030300e-03
   2.4055800e-02
   4.3267500e-02
   3.8865200e-02
   2.9606600e-02
   3.0773500e-02
   3.6516000e-02
   4.3489800e-02
   4.5075800e-02
   3.5757100e-02
   1.5699800e-02
   7.0532500e-03
   1.6369900e-02
   3.4801300e-02
   4.4150600e-02
   3.8806800e-02
   2.0675200e-02
   1.6451000e-03
  -3.7497000e-03
   1.5521100e-02
   3.8674100e-02
   3.7488800e-02
   2.3852400e-02
   4.2827000e-03
  -4.3016300e-03
  -2.7767500e-03
  -2.3422500e-03
  -5.9173700e-03
  -3.0114000e-03
   8.6553400e-03
   1.1006400e-02
   1.3287100e-02
   2.1408400e-02
   3.6291200e-02
   4.0505800e-02
   2.3530900e-02
   9.8176200e-04
  -1.6150200e-02
  -1.9159200e-02
  -1.6366200e-03
   1.5840000e-02
   2.0655400e-02
   2.3364500e-02
   2.4979200e-02
   3.0569800e-02
   2.9764000e-02
   1.9488500e-02
   1.3764200e-02
   1.2954300e-02
   1.1566100e-02
   7.4544700e-03
   1.4092600e-02
   2.3057400e-02
   2.0745000e-02
   1.1948500e-02
   2.3584800e-03
  -5.8729300e-03
  -1.6453400e-02
  -2.4481800e-02
  -2.3034500e-02
  -1.4036000e-02
  -6.8623900e-03
   3.2784300e-03
   1.8659000e-02
   3.5192200e-02
   4.4988200e-02
   4.4042700e-02
   3.7876800e-02
   2.4985000e-02
   1.6829100e-02
   1.4007700e-02
   1.0508100e-02
   2.0522800e-03
  -9.7715700e-03
  -1.3964800e-02
  -1.2178800e-02
  -1.2249200e-02
  -2.9966600e-02
  -5.2565700e-02
  -5.8003300e-02
  -5.5264600e-02
  -5.3055300e-02
  -5.1978200e-02
  -5.1103100e-02
  -5.0712400e-02
  -4.7133300e-02
  -4.0522600e-02
  -3.7562600e-02
  -3.6441600e-02
  -3.1338600e-02
  -2.1691400e-02
  -1.5119600e-02
  -7.6684800e-03
  -4.9522300e-03
  -1.0218500e-02
  -9.8033600e-03
  -6.3254500e-04
   1.2696800e-02
   1.9550200e-02
   2.2236900e-02
   2.1587100e-02
   2.4507400e-02
   3.2737700e-02
   3.4740000e-02
   2.8813800e-02
   2.2920200e-02
   2.1932900e-02
   2.2976300e-02
   2.9216700e-02
   3.4173900e-02
   3.9313700e-02
   4.0748800e-02
   3.4587000e-02
   2.4827600e-02
   2.1646200e-02
   2.0522200e-02
   1.5689400e-02
   1.2734500e-02
   1.0341600e-02
   4.2378900e-03
  -6.4659900e-03
  -1.4100700e-02
  -8.7650700e-03
   6.5216700e-03
   9.5816700e-03
  -2.7817500e-03
  -1.2333000e-02
  -1.2810400e-02
  -8.0612600e-03
  -1.3280100e-04
   5.5047400e-03
   1.5306900e-02
   2.4871500e-02
   2.4686900e-02
   2.5655900e-02
   2.7574500e-02
   1.9612400e-02
  -3.7757500e-04
  -2.1082500e-02
  -3.3543900e-02
  -4.0094300e-02
  -4.4739400e-02
  -4.3717400e-02
  -3.7439200e-02
  -2.7703300e-02
  -1.9458700e-02
  -1.3986400e-02
  -8.3212800e-03
  -7.6705100e-03
  -1.1580200e-02
  -1.8502900e-02
  -2.4062900e-02
  -3.0055400e-02
  -2.9675900e-02
  -1.6141600e-02
   8.9346600e-04
   1.0922100e-02
   1.1867700e-02
   1.2619400e-02
   1.6191500e-02
   1.6125200e-02
   1.2052300e-02
   3.2048600e-03
  -1.0224400e-02
  -1.6689200e-02
  -1.5375400e-02
  -7.8580100e-03
   3.8434400e-03
   8.2549500e-03
   6.3383800e-03
  -2.2408200e-03
  -1.3755600e-02
  -1.8236400e-02
  -2.2173600e-02
  -3.0306100e-02
  -3.4705300e-02
  -3.3741400e-02
  -2.6687100e-02
  -2.0333500e-02
  -1.7842600e-02
  -1.7557000e-02
  -1.9018600e-02
  -1.9018600e-02
  -1.8945200e-02
  -1.5447600e-02
  -6.2910000e-03
   1.7027600e-03
   1.0907700e-03
  -3.4369900e-03
  -1.0037400e-02
  -1.6929500e-02
  -2.2703700e-02
  -2.9977300e-02
  -3.4464300e-02
  -2.6941700e-02
  -1.0665600e-02
  -4.1762100e-04
   4.7446200e-03
   3.0647000e-03
  -1.4827400e-04
  -4.7627300e-03
  -1.1221300e-02
  -7.7441400e-03
   1.6745600e-03
   7.2998900e-03
   7.8517300e-03
   4.9947400e-03
   3.4198800e-03
   5.0508900e-03
   1.0519100e-02
   1.3578100e-02
   1.0859900e-02
   9.4971800e-03
   5.2988800e-03
  -1.1893100e-03
  -4.3716800e-03
  -7.3704500e-03
  -8.7912800e-03
  -7.5254300e-03
  -2.7691400e-03
  -2.8588700e-03
  -6.4064000e-03
  -4.7162300e-03
   3.9298100e-04
   9.6321700e-03
   8.0644700e-03
   2.1474800e-03
   3.3082700e-03
   1.7456600e-03
  -1.4724000e-03
   4.6563200e-04
   9.6915700e-03
   1.8647200e-02
   1.9801900e-02
   1.7336600e-02
   1.0476100e-02
   1.9723900e-03
  -3.8171000e-03
  -5.8366600e-03
  -3.0918000e-03
   3.1812400e-03
   9.6807100e-03
   1.6784000e-02
   2.3290600e-02
   3.0146100e-02
   3.6391600e-02
   2.8635600e-02
   1.9755500e-02
   2.0313500e-02
   2.8632600e-02
   3.6746800e-02
   4.1467400e-02
   4.2572100e-02
   3.5308700e-02
   2.4103000e-02
   1.9759900e-02
   2.2777100e-02
   2.4370400e-02
   2.2195800e-02
   2.2807900e-02
   2.8228200e-02
   3.0981200e-02
   2.9904100e-02
   2.3451700e-02
   1.1716600e-02
   3.5097400e-03
   2.2409100e-03
   7.5337400e-03
   1.8120400e-02
   2.1218200e-02
   1.4564700e-02
   5.3623600e-03
  -6.5252800e-04
  -1.0064200e-03
   3.6377000e-03
   9.8271100e-03
   1.3711300e-02
   1.1678500e-02
   6.7927700e-03
   2.3558300e-03
  -8.6017900e-04
  -3.3142400e-03
  -1.0025800e-02
  -1.4254600e-02
  -1.5094000e-02
  -1.3077500e-02
  -7.9141600e-03
  -3.7718800e-03
  -1.5829000e-03
  -7.0990000e-03
  -1.1597100e-02
  -1.5039600e-02
  -1.8990000e-02
  -2.0277200e-02
  -2.2383400e-02
  -2.4494700e-02
  -2.8573600e-02
  -3.0179100e-02
  -3.0059700e-02
  -2.9537400e-02
  -2.7663600e-02
  -2.5324600e-02
  -2.2642000e-02
  -2.0320400e-02
  -1.9753200e-02
  -2.1640100e-02
  -2.1710400e-02
  -1.9191000e-02
  -1.8133200e-02
  -1.7821000e-02
  -2.1169600e-02
  -2.5149500e-02
  -2.4723100e-02
  -2.2880900e-02
  -1.7538100e-02
  -1.0100200e-02
  -4.1953100e-03
  -1.3453600e-03
   8.7933400e-04
   2.8439300e-03
   3.8497200e-03
   2.9644400e-03
  -1.3531500e-03
  -6.1593100e-03
  -7.0741700e-03
  -3.7223700e-03
  -2.9481200e-03
  -2.0698200e-03
  -3.6262600e-03
  -6.3251000e-03
  -1.2650000e-02
  -2.3158000e-02
  -2.5783400e-02
  -2.3902400e-02
  -2.5587400e-02
  -2.3731900e-02
  -2.1684700e-02
  -1.9126500e-02
  -1.3397000e-02
  -7.3759000e-03
  -1.7529400e-05
   5.4456800e-03
   9.2860600e-03
   1.3035700e-02
   1.8364200e-02
   2.2811500e-02
   2.8690900e-02
   3.4347900e-02
   3.4997700e-02
   3.2737500e-02
   2.9063600e-02
   2.2135800e-02
   1.7807000e-02
   1.7540900e-02
   1.8169300e-02
   1.6887300e-02
   1.4971800e-02
   1.6155100e-02
   1.9662000e-02
   2.1406200e-02
   1.8737000e-02
   1.4244000e-02
   1.4498100e-02
   1.8525100e-02
   1.9498300e-02
   1.4414700e-02
   4.8033700e-03
  -5.3214500e-04
   5.0376800e-05
   5.9430200e-03
   6.0165600e-03
   2.1784100e-03
  -1.1711700e-03
  -2.4307700e-03
  -6.0690000e-04
   3.7220800e-03
   6.1283700e-03
   4.4597600e-03
   4.0457500e-03
   1.9385300e-03
   2.0926600e-03
   6.5552700e-03
   1.1757400e-02
   1.3826000e-02
   1.6176200e-02
   1.7464600e-02
   1.8102200e-02
   1.8660300e-02
   1.5940100e-02
   1.1539900e-02
   6.6746100e-03
   6.3207800e-03
   9.1483400e-03
   1.0513200e-02
   7.4920900e-03
  -4.4224000e-03
  -1.3628800e-02
  -1.6946700e-02
  -1.9967900e-02
  -2.1269300e-02
  -2.7197400e-02
  -3.2068800e-02
  -3.2386900e-02
  -3.1093400e-02
  -2.3739100e-02
  -1.4022400e-02
  -1.9587800e-03
   4.8172100e-03
   4.9121900e-03
   5.0785800e-03
   7.0146700e-03
   9.1812800e-03
   9.3384900e-03
   6.3490000e-03
   3.4390700e-03
   4.8845400e-03
   3.3128500e-03
  -2.8314900e-03
  -1.1514600e-02
  -1.2844600e-02
  -8.1340700e-03
  -6.6324900e-03
  -6.8802200e-03
  -1.0234900e-02
  -9.7757200e-03
  -5.9118200e-03
  -3.3973800e-03
  -5.4535600e-03
  -1.1965100e-02
  -1.8112500e-02
  -2.1056100e-02
  -2.1397600e-02
  -2.0864000e-02
  -1.6892000e-02
  -1.1139100e-02
  -7.7464000e-03
  -6.3437500e-03
   4.8770400e-06
   5.2233500e-03
   8.4426100e-03
   1.1699600e-02
   1.2114900e-02
   1.1195000e-02
   7.5180700e-03
   3.9064100e-03
  -8.8779500e-05
  -1.3962700e-03
   1.5761700e-03
   1.6028400e-03
  -9.0008000e-04
  -5.4593200e-03
  -5.6641900e-03
  -1.6493100e-03
  -4.1063300e-03
  -1.0519900e-02
  -1.4241700e-02
  -1.3170600e-02
  -7.5706200e-03
  -4.0402400e-03
  -5.8240600e-03
  -6.3981600e-03
  -3.3257500e-03
   3.5196400e-03
   7.7222000e-03
   1.1049500e-02
   1.5070100e-02
   1.6852700e-02
   1.6759800e-02
   1.3631000e-02
   1.4603400e-02
   1.5149900e-02
   1.0089800e-02
   6.7821600e-03
   3.8197600e-03
   4.1794400e-03
   5.3758500e-03
   3.6673900e-03
   2.9620300e-03
   2.8339200e-03
   2.2109100e-03
   2.3462600e-03
   5.6854100e-03
   9.4173900e-03
   1.3967200e-02
   1.7667800e-02
   1.7490200e-02
   1.3740700e-02
   1.0644200e-02
   9.9142800e-03
   8.3266300e-03
   8.2158200e-03
   1.0553900e-02
   1.4216600e-02
   1.3513700e-02
   1.3357400e-02
   1.2893200e-02
   1.0955200e-02
   1.0053900e-02
   8.4005300e-03
   8.3451800e-03
   4.3598700e-03
  -1.7733900e-03
  -6.1929500e-03
  -8.8199800e-03
  -8.1269900e-03
  -8.3680600e-03
  -1.2283900e-02
  -1.7679400e-02
  -2.0835800e-02
  -2.0036300e-02
  -1.8272300e-02
  -1.8230500e-02
  -1.7413300e-02
  -1.3114100e-02
  -8.5586900e-03
  -5.5388500e-03
  -6.9789400e-03
  -1.0310100e-02
  -1.2690200e-02
  -1.3116000e-02
  -1.4859700e-02
  -1.6893600e-02
  -1.1850700e-02
  -4.1495000e-03
   1.1890900e-03
   1.2207900e-03
  -3.5051200e-04
   1.1532400e-03
   3.4385800e-03
   6.7699300e-03
   8.2261900e-03
   5.8989100e-03
   3.9661200e-03
   1.8693800e-03
  -5.5311000e-04
  -2.3316400e-03
  -3.7047200e-03
  -7.1169500e-03
  -1.1701000e-02
  -1.4140600e-02
  -1.2038400e-02
  -5.6871800e-03
   1.2734600e-03
   4.5218500e-03
   4.2238300e-03
   1.5324500e-03
  -1.6876100e-03
  -2.7731200e-03
  -2.2763300e-03
  -9.3487300e-04
  -1.4330100e-03
  -2.4252900e-03
  -2.6544300e-03
  -1.9479100e-03
  -2.1626500e-03
  -6.0329300e-03
  -9.3772900e-03
  -9.5899600e-03
  -7.6950000e-03
  -5.9966700e-03
  -4.7362300e-03
  -3.4154000e-03
  -1.9242400e-03
   3.0128300e-04
   2.0656200e-03
   3.6988700e-03
   4.1348700e-03
   5.7821500e-03
   5.9627800e-03
   5.2630800e-03
   5.4708200e-03
   5.3659100e-03
   5.1465500e-03
   2.6433500e-03
   9.9026900e-04
   6.1771900e-04
   1.5330400e-03
   2.1251200e-03
   1.3862000e-03
  -1.2856500e-04
  -4.2968200e-04
  -6.2161200e-04
  -1.9483300e-03
  -3.6314300e-03
  -4.2130400e-03
  -3.3159500e-03
  -3.5120500e-03
  -3.1552500e-03
  -2.8332300e-03
  -2.7040300e-03
  -1.8243200e-03
  -5.4628000e-04
   1.6682800e-04
  -6.7267400e-04
  -5.9869900e-04
   1.0023500e-03
   1.5328400e-03
   2.2556600e-03
   3.4827900e-03
   4.8158300e-03
   5.1510200e-03
   4.9049400e-03
   4.9332400e-03
   4.4523900e-03
   4.2029400e-03
   3.9560000e-03
   3.9627300e-03
   4.0127100e-03
   3.9594500e-03
   3.2240800e-03
   1.7163400e-03
   9.7378500e-04
   7.3544400e-04
  -4.2472000e-05
   1.0256700e-03
   3.0445800e-03
   3.0331400e-03
   1.9402600e-03
   1.4059600e-03
   2.6379500e-03
   3.9185300e-03
   4.1065100e-03
   4.0240800e-03
   3.4328200e-03
   3.4715800e-03
   3.8613900e-03
   3.4986400e-03
   3.0180600e-03
   2.6045800e-03
   2.3258000e-03
   1.7554000e-03
   1.3411000e-03
   8.5557200e-04
   1.0322200e-04
  -3.2662300e-04
  -4.2769600e-04
  -1.8871900e-04
   1.8274500e-04
   5.2312000e-04
   2.4020200e-04
   2.1626500e-04
  -4.5697600e-04
  -1.0870800e-03
  -1.3546800e-03
  -1.5349900e-03
  -1.5392300e-03
  -1.6791200e-03
  -1.4986600e-03
  -8.9870500e-04
  -1.0606100e-04
   3.7127000e-04
   6.0609300e-04
   3.7733800e-04
   7.6465000e-05
  -3.6441800e-05
  -2.9933100e-04
  -6.3610800e-04
  -7.9921400e-04
  -9.1322400e-04
  -9.7393500e-04
  -6.1534300e-04
  -1.6836800e-04
  -1.8087800e-05
  -1.5187300e-04
  -4.6533200e-04
  -7.5983700e-04
  -9.2666600e-04
  -8.3991500e-04
  -9.7104000e-04
  -1.1086400e-03
  -1.1190200e-03
  -1.0344600e-03
  -1.0290700e-03
  -1.0589000e-03
  -9.3762000e-04
  -8.3291200e-04
  -5.7409500e-04
  -2.9013500e-04
  -2.5419500e-04
  -2.3653400e-04
  -2.1093900e-05
   9.4854300e-05
   9.4881400e-06
  -1.5710000e-04
  -2.3863200e-04
  -1.8794500e-04
  -3.7617900e-05
   1.8753200e-04
   2.9054800e-04
   3.3718800e-04
   3.1572600e-04
   3.0475100e-04
   2.9268100e-04
   2.6942400e-04
   2.7005700e-04
   2.0544600e-04
   1.4238600e-04
   1.1696700e-04
   7.9905100e-05
   4.7729000e-05
   3.4102800e-06
  -5.3255600e-05
  -7.8659800e-05
  -1.0402400e-04
  -1.2007500e-04
  -1.3699100e-04
  -1.5583900e-04
  -1.7056600e-04
  -1.8050500e-04
  -1.8348000e-04
  -1.8018100e-04
  -1.7000600e-04
  -1.5448700e-04
  -1.3341600e-04
