  -9.8414600e-03
  -1.1301700e-02
  -8.1290000e-03
  -1.1946000e-03
  -1.5827900e-03
   2.1967300e-03
   5.9548300e-03
   4.1426900e-03
   2.0215000e-03
  -1.2461900e-03
   6.3507600e-04
   2.5244900e-03
   4.5240700e-03
   2.4247100e-04
  -6.4779500e-03
  -1.0960500e-02
  -1.0553200e-02
   5.7433600e-04
   1.3878500e-02
   1.5559800e-02
   8.1855200e-03
   2.8940600e-03
   1.3664000e-03
  -2.5337900e-03
  -1.3449500e-02
  -5.8359800e-03
   4.9171300e-03
   4.4400300e-03
   2.7175000e-03
  -6.7070500e-03
  -7.2229300e-03
  -9.4585300e-03
  -4.7785400e-03
   1.9659200e-03
   4.5528500e-03
   1.0619000e-02
   6.9125100e-03
   7.9082300e-03
   1.0746100e-02
   6.3265700e-03
   2.3344600e-03
   1.2840200e-03
  -9.3574800e-03
  -1.3869800e-02
  -6.6470500e-03
  -6.8866100e-03
  -1.1476500e-02
  -4.5781000e-03
   3.6309800e-03
   7.9793400e-03
   1.9614600e-02
   2.5573500e-02
   8.0489900e-03
  -8.8768100e-03
  -6.8785600e-03
  -9.1898100e-03
  -1.4785500e-03
   6.8691800e-03
  -4.2988900e-04
   1.9049300e-03
   2.2895000e-03
  -4.8514900e-03
  -6.6833900e-03
  -5.3971600e-03
  -3.8834700e-03
   2.5853700e-03
   5.9799200e-03
   1.9325500e-03
  -1.0377100e-03
  -3.8978200e-03
  -9.2294000e-03
  -3.1757300e-03
   3.4889000e-03
  -5.4606400e-03
  -5.2832200e-03
  -4.2439000e-03
  -7.5834600e-03
   2.4614200e-03
   1.9928800e-02
   1.8826100e-02
   1.1256600e-02
   1.4027800e-02
   8.3667200e-03
   9.5324500e-04
   1.9659800e-03
   2.9144500e-03
  -6.9195100e-03
  -2.8049800e-03
   1.7093900e-03
  -2.9552300e-03
   6.5846900e-04
   3.4979800e-03
   3.0286000e-03
  -2.5377200e-03
  -6.7454100e-03
  -3.9242900e-03
  -3.2523100e-03
   4.3026200e-03
   1.0794700e-02
  -9.3143800e-04
   4.5553400e-04
   4.2782600e-03
  -3.0721000e-03
   1.1246400e-02
   2.0557700e-02
   8.4449800e-03
   4.6350100e-03
  -9.5840600e-03
  -2.2920800e-02
  -2.0625100e-02
  -1.2678300e-03
   1.6616600e-02
   7.4321700e-03
   3.3661400e-03
  -1.8086300e-03
  -4.2691900e-03
   2.0692900e-02
   2.9814500e-02
   1.5026200e-02
   1.1938300e-02
  -9.1985100e-03
  -1.3961300e-02
   2.0820400e-02
   4.1789200e-02
   2.9635500e-02
   8.3905600e-03
   3.7093100e-04
  -8.8298600e-03
  -7.5715800e-03
   3.0951700e-03
  -2.3765200e-03
  -2.3042100e-02
  -1.8643300e-02
  -2.1605300e-03
   6.6018500e-03
   2.8339700e-02
   3.5660800e-02
   7.8724500e-03
  -1.6761000e-02
  -2.3266000e-02
  -1.4967800e-02
   3.1653200e-03
   4.8366200e-03
   1.0372700e-02
   1.6940300e-03
   5.2421200e-03
   3.0999700e-02
   1.9175300e-02
   1.6077100e-02
   1.6714000e-02
   7.9027500e-03
   6.5649900e-03
  -5.4664500e-03
  -1.1215700e-02
  -1.9981100e-02
  -9.9326400e-03
   9.2163700e-04
  -2.0381600e-02
  -2.1792900e-02
   2.4998900e-03
   2.0669600e-02
   3.4757200e-02
   3.8808100e-02
   2.1346100e-02
   6.8594500e-03
  -1.1202300e-02
  -9.9401600e-03
  -3.8236500e-04
  -8.7055500e-04
   7.9140700e-03
  -2.1677800e-02
  -6.0418000e-02
  -2.6036500e-02
  -3.9246100e-03
   4.5766900e-04
   9.5146000e-03
  -6.1461300e-03
  -2.2353600e-02
  -2.6137500e-02
   2.4824100e-02
   3.9367600e-02
   1.2468500e-02
   1.1722900e-03
  -1.3537800e-02
  -2.9856500e-02
  -1.0965800e-02
   9.6234900e-04
  -2.3613200e-02
  -2.6807600e-02
  -2.6459500e-02
  -1.0568700e-02
   2.3569000e-02
   2.5822400e-02
   1.8532700e-02
   2.6146200e-02
   2.8552700e-02
   1.4525900e-02
   1.1447700e-02
   1.2413900e-02
   9.8794500e-03
   5.6910300e-04
  -2.7242000e-02
  -2.1953100e-02
  -1.9832300e-02
  -1.1580300e-02
   9.0875700e-04
   3.3579600e-03
  -5.5321700e-03
  -2.4278600e-02
   1.2496700e-02
   1.0127400e-02
  -1.5985500e-02
   1.3272400e-02
   1.1857800e-02
  -1.2058000e-02
  -1.0123000e-03
  -6.3294200e-03
  -2.4518900e-02
   1.5276500e-02
   1.0184800e-02
  -4.0645300e-03
   1.6245800e-02
   1.4634300e-02
  -1.6610800e-03
  -1.2562800e-02
  -1.6705900e-02
  -6.4760000e-02
  -7.5806600e-02
  -5.1409100e-02
  -2.3689500e-02
   1.8582400e-02
   3.2832900e-02
   3.8935600e-02
   3.0749100e-02
   1.2164800e-02
   1.5231000e-02
  -7.5445900e-03
  -1.5480100e-02
  -4.7082600e-04
  -2.5230400e-03
   1.0110700e-02
   2.2964800e-02
   2.5081300e-02
   2.2630200e-02
   1.9849700e-02
   1.5726800e-02
   1.0803300e-02
   3.9550000e-03
  -7.6067200e-03
  -6.5357400e-03
  -9.9639900e-03
  -3.7107200e-02
  -4.1404500e-02
  -3.2002200e-02
  -4.2366500e-02
  -4.3012200e-02
  -6.4911600e-03
   3.5008500e-02
   3.1914800e-02
   5.9638600e-03
  -7.0116300e-03
   1.9181900e-02
   4.0254000e-02
   4.7712100e-02
   3.6084000e-02
   4.9749700e-03
  -2.7480500e-02
  -2.9708300e-02
   1.1441500e-02
   2.7405400e-02
  -9.2617200e-03
  -2.2684000e-02
   4.7701700e-03
  -8.9606700e-04
  -1.8397000e-03
   8.3255400e-04
  -2.3612100e-03
   6.8115000e-03
   1.6156600e-02
   2.9841800e-02
   1.2920800e-02
  -6.4216100e-03
  -1.0977100e-02
  -2.6190600e-02
  -1.4348600e-02
  -1.0688000e-02
  -2.6808200e-02
  -2.0437500e-02
  -3.4353300e-03
  -9.7513700e-03
  -3.4876200e-02
  -6.1549400e-02
  -6.3561100e-02
  -4.9942300e-02
  -3.2653500e-02
  -1.7086500e-02
  -1.7311100e-02
  -2.4356500e-02
  -2.3314300e-02
   1.0196100e-03
   2.9926200e-02
   4.9437500e-02
   5.8849800e-02
   3.4080900e-02
  -1.4060300e-02
  -1.3338400e-02
   1.2984400e-02
   2.1063600e-02
   2.9654700e-02
   3.0116500e-02
   3.6502800e-03
  -2.0946300e-02
  -1.2731500e-02
   1.0808800e-02
   1.0133200e-02
  -1.1315600e-02
  -6.5087100e-03
   2.2799700e-02
   4.2024300e-02
   4.4536200e-02
   2.8226100e-02
  -6.0044200e-03
  -6.6257200e-02
  -1.3421200e-01
  -1.4088100e-01
  -1.1072900e-01
  -1.0428600e-01
  -1.0372000e-01
  -6.0110700e-02
   1.3028000e-02
   7.8739100e-02
   1.1324200e-01
   1.0731800e-01
   7.8155500e-02
   4.2532700e-02
   4.1296000e-02
   5.0530700e-02
   4.8517900e-02
   3.4212000e-02
  -1.5601200e-02
  -5.6785100e-02
  -6.4128500e-02
  -5.9880600e-02
  -3.4333100e-02
  -2.5672700e-02
  -3.7072600e-02
  -2.9950400e-02
   7.5270200e-03
   4.7665600e-02
   3.9575600e-02
   2.4034400e-02
   9.8090300e-03
  -1.7483600e-02
  -1.0184900e-02
  -7.9077000e-03
  -5.1490700e-02
  -8.0222600e-02
  -6.5050500e-02
  -1.5369900e-02
   1.1271000e-02
  -4.2585400e-02
  -1.1030500e-01
  -1.3246000e-01
  -1.3538000e-01
  -1.1086600e-01
  -6.5666400e-02
   1.4859000e-02
   1.1706000e-01
   1.7087200e-01
   1.6643900e-01
   1.4812800e-01
   1.3865200e-01
   1.4193200e-01
   1.1602400e-01
   6.9899100e-02
   4.1735400e-02
   1.2583300e-02
  -8.6588000e-03
  -3.7457000e-02
  -5.3111500e-02
  -4.8815800e-02
  -3.3999800e-02
  -2.5519100e-02
  -6.5813300e-03
   3.1532400e-02
   2.4511200e-02
   1.1796300e-02
   6.6549700e-03
  -5.8344900e-03
  -9.4703600e-03
  -3.7656600e-02
  -7.0756200e-02
  -5.5689300e-02
   4.6848700e-03
   3.7754500e-03
  -1.9425000e-02
  -1.1769500e-02
  -2.8113600e-02
  -4.6912800e-02
  -4.0731200e-02
  -1.0656100e-02
  -1.3439300e-02
  -2.7794400e-02
  -3.9912800e-03
   1.0519600e-02
   1.9628600e-02
   2.5044200e-02
   1.8352300e-02
  -2.5827900e-03
  -1.4876500e-02
   2.8953500e-03
  -5.2214500e-03
  -1.2400300e-03
  -2.4667300e-03
  -1.8867000e-02
   5.3706400e-03
   3.0261000e-02
   2.5397000e-02
   7.2902900e-03
   6.3797700e-03
   3.7440100e-02
   6.1205400e-02
   6.0700900e-02
   4.9702500e-02
   3.8194200e-02
   3.7648800e-02
   3.5783600e-02
   5.1395000e-02
   4.3026200e-02
   6.9899000e-03
   1.5318500e-02
   1.7658700e-02
  -2.5890300e-03
  -3.0780500e-02
  -6.0026700e-02
  -6.3285300e-02
  -5.2889200e-02
  -3.9834900e-02
  -1.9699800e-02
  -7.4524100e-03
  -8.3793100e-03
  -1.0676100e-02
   1.1747900e-02
   2.9158500e-02
   1.7821500e-02
   1.3078700e-02
   2.7515100e-02
   2.8432300e-02
  -4.3971600e-03
  -1.8089400e-02
  -1.3411400e-02
  -1.6049900e-02
  -3.5935600e-02
  -4.4927700e-02
  -2.4234700e-02
   3.0668600e-03
  -1.8458000e-02
  -2.1250500e-02
   2.7238500e-02
   3.5755700e-02
   2.7633700e-02
   1.1315900e-02
  -3.5595400e-03
  -9.5171500e-03
   1.0423000e-02
   3.1882000e-02
   4.3259300e-02
   3.8384900e-02
  -1.1398900e-03
  -4.7127400e-02
  -6.9590700e-02
  -6.2337300e-02
  -5.0868200e-02
  -5.2553000e-02
  -5.4823400e-02
  -5.0413800e-02
  -4.9218100e-02
  -2.6959500e-02
  -6.8704500e-03
  -1.0317900e-02
   1.6091500e-03
   3.0458000e-02
   4.8594700e-02
   5.8594000e-02
   4.8923500e-02
   6.3509000e-03
  -3.3438100e-02
  -2.9230500e-02
  -7.7827900e-03
   4.5079500e-04
   5.9538400e-03
   1.5431800e-02
   1.4002900e-02
   3.0482700e-03
  -1.6082700e-02
  -3.0061700e-02
  -1.3274400e-02
   2.7701200e-02
   5.1792700e-02
   5.1645900e-02
   3.6726500e-02
  -2.1098200e-02
  -6.2327500e-02
  -3.5315800e-02
   3.3397600e-02
   8.0768600e-02
   7.8286000e-02
   6.3006500e-02
   3.4975000e-02
  -1.9018600e-02
  -6.6522000e-02
  -7.9402500e-02
  -5.8529100e-02
  -3.3500200e-02
  -2.7125200e-02
  -1.2722700e-02
   3.6569900e-02
   3.6670000e-02
   3.1572100e-02
   4.1211200e-02
   3.0804200e-02
   3.3008400e-02
   2.3783600e-02
   2.0958300e-02
   2.6567300e-02
   5.1312600e-02
   7.0942500e-02
   7.5561200e-02
   7.1380200e-02
   6.0882400e-02
   3.3454700e-02
  -3.8140200e-03
  -1.5028900e-02
  -1.3377500e-02
  -1.2142200e-02
  -1.7479800e-02
  -4.5979600e-02
  -5.9197800e-02
  -1.2957000e-02
   7.7567800e-05
  -2.7703100e-02
  -3.6173200e-02
  -4.7802200e-02
  -6.2225000e-02
  -5.0989600e-02
  -2.8225300e-02
   1.9188100e-03
   1.8183700e-02
   4.8523500e-03
  -1.8785100e-02
  -3.4063700e-02
  -1.5019300e-02
   1.4397500e-02
   1.4808600e-02
  -4.5775700e-04
  -2.3939200e-02
  -4.2893800e-02
  -3.3640400e-02
  -2.5242800e-02
  -2.4559400e-02
  -1.3741300e-02
  -2.1622500e-03
   2.6839000e-04
   3.7669700e-03
  -1.5878300e-02
  -4.1571100e-02
  -4.5005400e-02
  -3.5631700e-02
  -1.4676800e-02
   1.6133300e-02
   5.2463600e-02
   7.7528000e-02
   9.6458200e-02
   9.7548500e-02
   8.7317900e-02
   7.0015600e-02
   4.6986000e-02
   3.7527500e-02
   3.4964100e-02
   7.8239400e-03
  -3.9558200e-02
  -6.1611600e-02
  -7.4685000e-02
  -5.9548300e-02
  -1.1290100e-02
   1.0304200e-02
   2.2513600e-02
   5.6337700e-02
   6.4310000e-02
   4.6121300e-02
   4.1436300e-02
   4.7127900e-02
   5.8136700e-02
   6.1867700e-02
   5.2334800e-02
   3.9196100e-02
   2.4170300e-02
   3.0644300e-03
  -1.3420900e-02
  -1.9984700e-02
  -1.3526100e-02
  -5.2968600e-03
  -2.1497600e-02
  -4.4905700e-02
  -4.1725400e-02
  -2.3065600e-02
  -1.4461000e-02
  -8.2268700e-03
  -1.1672500e-02
  -1.9969300e-02
  -2.5633500e-02
  -4.3055200e-02
  -5.0051500e-02
  -2.7587100e-02
  -6.2161700e-03
  -9.7230400e-03
  -1.8139200e-02
   8.3613300e-03
   4.1488800e-02
   3.0620500e-02
  -1.3427200e-02
  -4.7919700e-02
  -5.6585700e-02
  -4.9733500e-02
  -2.5389300e-02
  -4.6589300e-03
   4.0170600e-03
   3.6211700e-03
  -2.8045800e-04
   4.9815900e-03
   4.4316700e-03
  -1.3300100e-02
  -1.3254400e-02
   1.0413600e-02
   2.7768700e-02
   4.0174800e-02
   3.2110600e-02
   2.7928800e-04
  -2.5084200e-02
  -1.6654000e-02
  -9.3122200e-03
  -2.4001400e-02
  -4.0453100e-02
  -6.2747400e-02
  -8.0806700e-02
  -8.8681200e-02
  -7.5361200e-02
  -3.4033000e-02
   1.8828300e-02
   4.5485900e-02
   5.0006300e-02
   5.4461600e-02
   6.7971300e-02
   8.2369400e-02
   6.9664100e-02
   4.2620700e-02
   3.3910800e-02
   2.9554200e-02
   6.2541400e-03
  -1.5320100e-02
  -1.5383500e-02
   6.6350900e-03
   3.5627400e-02
   4.7008400e-02
   4.6231000e-02
   3.4731300e-02
   1.9145500e-02
   1.5362100e-02
   2.1934800e-02
   3.8839100e-02
   4.7754700e-02
   4.1259200e-02
   1.7858200e-02
  -1.3677400e-02
  -4.2661900e-02
  -4.9778600e-02
  -3.4646100e-02
  -2.2730700e-02
  -1.6387500e-02
  -2.1882400e-02
  -2.7811900e-02
  -1.4090000e-02
  -2.5203600e-03
  -1.3864000e-02
  -2.1001100e-02
  -1.6104300e-02
  -2.8590300e-02
  -5.4777000e-02
  -6.1738700e-02
  -4.7384500e-02
  -3.9337900e-02
  -3.6356700e-02
  -1.0492700e-02
  -2.8827300e-03
  -1.9887400e-02
  -9.0868000e-03
  -5.8638200e-03
  -1.5522400e-02
  -4.0955800e-03
   1.1511200e-02
   2.3241000e-02
   4.0125800e-02
   4.8456000e-02
   5.1673800e-02
   4.4846800e-02
   4.2916700e-02
   3.5204200e-02
   1.8649400e-02
   2.1892800e-02
   2.3347100e-02
   2.0711200e-02
   3.6491300e-02
   5.1611600e-02
   3.0942100e-02
   1.6527200e-02
   7.5224000e-03
  -1.2251600e-02
  -2.0625000e-02
  -9.8836000e-03
   1.5105800e-03
  -1.4614500e-04
  -5.6350100e-03
  -1.3058800e-02
  -1.9969600e-02
  -1.7610500e-02
  -8.9489500e-03
  -1.6051500e-02
  -1.5053100e-02
   2.0204100e-03
   8.0065400e-03
   4.7127000e-03
   1.8237700e-02
   1.6775700e-02
  -9.0070500e-03
  -2.3412800e-02
  -2.2428700e-02
  -9.6290000e-03
  -1.4548700e-02
  -2.5535400e-02
  -3.1453700e-02
  -2.8676500e-02
  -1.8789900e-02
  -1.4170600e-02
  -2.0107200e-02
  -3.4018300e-02
  -4.3473900e-02
  -5.7003500e-02
  -6.6175600e-02
  -2.1488600e-02
   1.9627300e-02
   4.6516300e-02
   6.2919700e-02
   5.6386300e-02
   4.0667800e-02
   2.6306000e-02
   5.0049300e-02
   7.0375500e-02
   5.3303500e-02
   1.8063300e-02
  -6.2670600e-03
  -1.9976100e-02
  -3.0461000e-02
  -3.5071700e-02
  -2.9761800e-02
  -2.5541300e-02
  -2.6864600e-02
  -4.0960200e-02
  -4.3298300e-02
  -1.6004400e-02
   4.2646700e-04
  -6.7413500e-03
   1.4204000e-03
   2.2677900e-02
   2.6497600e-02
   1.1990800e-02
  -5.8370100e-03
  -1.2105200e-02
   4.2471600e-03
   3.0940300e-02
   3.9303000e-02
   3.5125800e-02
   2.3706600e-02
  -5.0543100e-04
  -1.0444600e-02
  -8.5293300e-03
  -4.5873200e-03
  -1.7050900e-03
  -1.2631600e-02
  -3.2056800e-02
  -5.9518500e-02
  -6.7359600e-02
  -5.5478900e-02
  -4.1330800e-02
  -1.1814300e-02
   9.0505100e-03
  -1.1631300e-02
  -1.3285000e-02
   5.5979400e-03
   4.5552100e-03
   5.6238700e-03
   1.6420300e-02
   1.7845900e-02
   8.0210000e-03
  -4.5018400e-03
  -1.4710300e-02
   3.8901200e-03
   2.5350600e-02
   2.2969600e-02
   2.9436800e-03
  -6.7609000e-03
   1.0159600e-02
   3.2844100e-02
   4.2513400e-02
   4.6805200e-02
   3.7760600e-02
   2.5482500e-02
   4.3894300e-02
   5.3696100e-02
   4.5655200e-02
   3.7302100e-02
   1.7286300e-02
   1.9850100e-03
   2.1397400e-03
  -5.9257100e-03
  -5.4966000e-03
  -4.4350800e-03
  -1.0845100e-02
  -1.6090200e-02
  -3.0449100e-02
  -4.5250600e-02
  -3.0524100e-02
  -5.4620400e-03
  -4.8217900e-03
  -1.3893000e-02
  -1.8576100e-02
  -3.5038600e-03
   7.6066900e-03
   6.3568800e-03
  -1.4692100e-02
  -2.7905600e-02
  -2.1725700e-02
  -2.8249900e-02
  -3.0906300e-02
  -2.2233600e-02
  -1.7384800e-02
  -3.1996600e-02
  -4.7403000e-02
  -3.4723700e-02
  -1.6136600e-02
  -2.0446300e-04
   1.8239900e-02
   1.8508900e-02
   8.8572900e-03
   1.1141800e-02
   1.6110900e-02
   2.0652600e-02
   2.2856500e-02
   2.2875600e-02
   3.0855800e-02
   4.1152300e-02
   5.0980800e-02
   4.1453600e-02
   1.4190800e-02
   1.4445300e-03
   1.5719100e-02
   3.1139100e-02
   5.3573100e-03
  -3.2926700e-02
  -4.1911100e-02
  -2.9616400e-02
  -2.2249200e-02
  -2.4246700e-02
  -1.6774500e-02
  -1.0066300e-02
  -8.5366200e-03
  -1.2576100e-02
  -3.1979900e-02
  -3.8109400e-02
  -1.1514300e-02
   2.2918600e-02
   5.7853300e-02
   7.8425300e-02
   7.4101200e-02
   4.8474400e-02
   2.1564500e-02
   2.1215300e-02
   2.6298700e-02
   1.8213800e-02
   3.7427600e-03
   4.6543200e-03
   1.2081600e-02
   1.7701500e-02
   2.2257500e-02
   2.2932500e-02
   2.0640200e-02
   8.5640900e-03
   4.9213500e-03
  -2.1985700e-03
   1.4822900e-03
   2.5731400e-02
   2.3234200e-02
  -7.6986700e-03
  -4.0560300e-02
  -5.6279900e-02
  -5.6766700e-02
  -3.6146700e-02
  -6.6394800e-03
   1.7731600e-03
   2.5623200e-03
  -4.1108400e-03
  -2.1853000e-02
  -2.7737700e-02
  -2.5346200e-02
  -3.1542000e-02
  -3.1854400e-02
  -1.3507000e-02
   1.1889100e-04
  -2.1139300e-02
  -4.5166700e-02
  -2.7449600e-02
   3.1113100e-03
   3.0457100e-03
   1.4572500e-03
   1.3528600e-02
   1.0182700e-02
  -1.9229700e-03
  -1.8706400e-02
  -3.7721500e-02
  -3.3689800e-02
  -2.2562900e-02
  -2.3279300e-02
  -1.7407500e-02
  -3.9998900e-03
   7.3840100e-03
   7.1187100e-04
  -1.8807200e-02
  -2.5989300e-02
  -8.1722700e-03
   1.5218100e-02
   1.8423600e-02
   1.8413100e-02
   2.0263000e-02
   1.1021500e-02
  -6.2004800e-03
  -3.1746700e-02
  -4.7236700e-02
  -4.1216000e-02
  -2.0808100e-02
   1.2310900e-02
   2.5037200e-02
   5.7568000e-03
  -1.2204700e-02
  -1.9457200e-02
  -2.1571000e-02
  -3.2360800e-02
  -3.2956800e-02
  -4.8592100e-03
   1.3131200e-02
   2.0160800e-02
   2.8933500e-02
   4.3639500e-02
   7.0534600e-02
   9.7877400e-02
   1.0539000e-01
   8.4988000e-02
   6.5610800e-02
   5.3238900e-02
   3.6970600e-02
   1.6862000e-02
  -6.1209500e-03
  -1.8776400e-02
  -1.6989700e-02
  -6.3779100e-03
  -1.5832000e-03
  -2.7359900e-02
  -6.2301400e-02
  -8.8648300e-02
  -9.9304500e-02
  -9.7609600e-02
  -6.5133100e-02
  -3.1772300e-02
  -2.9600000e-02
  -2.7089100e-02
  -3.7216900e-02
  -3.5496500e-02
  -8.2883100e-03
   4.0615300e-02
   8.1413900e-02
   9.0272400e-02
   7.8360500e-02
   6.8095900e-02
   6.4222700e-02
   7.4488700e-02
   6.9584200e-02
   3.3487100e-02
   3.3427400e-03
  -9.7298800e-03
   4.1102000e-03
  -2.8628300e-03
  -2.2471600e-02
  -4.0587100e-02
  -2.4248000e-02
   4.0154500e-02
   7.6764000e-02
   6.5824200e-02
   3.4309000e-02
   2.4169900e-02
   2.2593700e-02
   2.3187000e-02
   3.5838800e-02
   3.2636700e-02
  -5.8869600e-03
  -4.7423700e-02
  -6.7294600e-02
  -7.2021600e-02
  -6.1706600e-02
  -6.2584100e-02
  -6.5876000e-02
  -4.7817200e-02
  -1.3563800e-02
   1.1465700e-02
   2.8370900e-02
   2.8881600e-02
   9.9613100e-03
  -1.1072400e-02
  -3.4916200e-02
  -3.4541100e-02
  -3.0075900e-02
  -2.2166100e-02
  -2.1156600e-02
  -3.3972100e-02
  -4.1708100e-02
  -2.9445900e-02
  -9.8296100e-03
  -2.0433800e-02
  -4.2119300e-02
  -5.7085000e-02
  -6.3372600e-02
  -6.7401900e-02
  -6.7047200e-02
  -5.2157500e-02
  -2.9133400e-02
  -1.1806900e-02
   1.1540600e-02
   1.8794600e-02
   9.1980200e-04
  -8.5736200e-03
  -6.5849000e-03
   9.4543100e-03
   2.8214900e-02
   4.0603500e-02
   5.1362200e-02
   4.1906500e-02
   5.5575300e-03
  -2.6307500e-02
  -3.7974400e-03
   3.8653700e-02
   5.4648000e-02
   5.4293800e-02
   4.9289400e-02
   5.0972100e-02
   5.4502100e-02
   4.5236100e-02
   2.9614500e-02
   2.6720500e-02
   4.0429000e-02
   4.1576300e-02
   2.6091400e-02
   7.8983900e-03
  -1.1248300e-02
  -1.2867300e-02
  -3.2846800e-03
   8.5522900e-04
  -9.9815200e-03
  -1.6948400e-02
  -2.4282400e-02
  -3.9565400e-02
  -5.3150000e-02
  -5.6306100e-02
  -5.6764400e-02
  -5.3860700e-02
  -3.1913600e-02
  -8.2580700e-03
  -7.3178900e-03
  -1.9915100e-02
  -3.1166000e-02
  -1.0019600e-02
   3.7126600e-02
   5.3454400e-02
   4.1654800e-02
   1.9731700e-02
  -1.1316300e-03
  -1.1333900e-02
  -3.2399200e-02
  -2.8890700e-02
   5.2178700e-03
   1.6093900e-02
   1.8429400e-02
   1.0047800e-02
  -4.1804000e-03
  -1.4506100e-02
  -1.6013900e-02
  -6.9198600e-03
   9.1043300e-04
   1.0086100e-02
   3.3162300e-02
   5.5928500e-02
   6.1932000e-02
   6.5343600e-02
   7.4307100e-02
   8.3448100e-02
   4.7072600e-02
   4.2262700e-03
   5.6326100e-03
   8.1334100e-03
  -5.9632300e-03
  -2.9316400e-02
  -5.3805800e-02
  -7.1729500e-02
  -8.3680000e-02
  -9.0016500e-02
  -9.5107600e-02
  -9.5073100e-02
  -5.5911500e-02
  -1.1081700e-02
   9.2986900e-03
   9.6370900e-03
   1.8852600e-02
   3.4368600e-02
   5.5237500e-02
   6.5753500e-02
   4.4648400e-02
   2.8409800e-02
   2.2078300e-03
  -1.0635200e-02
  -4.9968900e-03
   2.2627500e-02
   3.6647200e-02
   1.3941800e-02
   1.3564200e-02
   3.0733600e-02
   2.6412700e-02
   2.4508100e-02
   1.6328500e-02
   2.7245600e-04
  -9.2606800e-03
   6.6419200e-03
   4.2672200e-02
   6.0972800e-02
   4.4394500e-02
   2.5210100e-02
   4.1718600e-02
   3.6992700e-02
   3.7089400e-02
   4.8812100e-02
   5.0677400e-02
   3.7357100e-02
   3.3378100e-03
  -3.1682100e-02
  -3.1502800e-02
  -8.8365200e-03
  -5.2595900e-03
   2.7818800e-03
   1.4349500e-02
   1.3977000e-02
  -1.1029000e-03
  -5.2290000e-03
   5.1105400e-03
   5.2031500e-03
   1.2178100e-03
  -5.4827700e-03
  -1.9602800e-02
  -3.3131300e-02
  -5.2606400e-02
  -6.9240700e-02
  -8.3025200e-02
  -8.2848900e-02
  -4.3558700e-02
  -2.4386000e-02
  -2.9684100e-02
  -3.3864200e-02
  -3.7592500e-02
  -2.4472400e-02
  -7.9527000e-03
  -8.4261700e-03
  -2.3489700e-02
  -3.4473300e-02
  -3.0158800e-02
  -8.7125200e-03
   7.6358500e-03
   8.0916100e-03
   4.4194200e-03
   8.8674600e-03
   1.5826700e-02
   2.5412500e-02
   3.7038300e-02
   3.9720700e-02
   3.3763700e-02
   2.5369000e-02
   1.9089700e-02
   1.5734700e-02
   1.2656200e-02
   1.9886800e-02
   3.2733500e-02
   4.3722800e-02
   5.0702500e-02
   4.5757300e-02
   3.2006600e-02
   7.2122300e-03
  -2.2413800e-02
  -2.6219600e-02
  -1.5752600e-02
  -2.3525100e-02
  -3.8070500e-02
  -5.0594200e-02
  -6.6206500e-02
  -6.9355400e-02
  -5.1347500e-02
  -3.4653300e-02
  -1.9461600e-02
  -2.2140200e-02
  -3.7701500e-02
  -5.9107400e-02
  -5.8303800e-02
  -3.2962100e-02
  -6.4054900e-03
   1.5001100e-02
   2.4405300e-02
   2.3846200e-02
   2.8194300e-02
   2.0593100e-02
  -1.0591500e-02
  -3.5612200e-02
  -3.2815500e-02
  -5.8652300e-03
   6.6796000e-03
   9.9414100e-03
  -1.2552700e-03
  -2.2233800e-02
  -1.0418200e-02
  -7.3040300e-04
   8.2495500e-04
   2.4158300e-02
   4.5722000e-02
   5.1008500e-02
   3.5729800e-02
   2.5337900e-02
   3.8397900e-02
   4.7341100e-02
   2.4696900e-02
   2.9728600e-03
   5.1789900e-03
  -4.2184000e-03
   1.3720800e-03
   4.3215400e-02
   4.0775400e-02
   1.9701100e-02
   1.7466200e-02
   1.0971700e-02
   1.8246200e-02
   2.8100300e-02
   2.7779900e-02
   3.0192100e-02
   2.4433000e-02
   1.2815100e-02
   4.4560800e-03
  -2.8482600e-03
  -1.2956600e-02
  -1.8443300e-02
  -1.9812200e-02
  -2.9955200e-02
  -2.1709700e-02
  -1.2206400e-02
  -1.9599500e-02
  -7.5248600e-03
   1.7264300e-03
  -2.8490200e-02
  -5.3176300e-02
  -4.4048400e-02
  -2.0131600e-02
   4.6288100e-03
   2.8357000e-02
   2.8426200e-02
  -8.9684400e-04
  -6.8578300e-03
   2.4168400e-02
   6.4201300e-02
   9.7000300e-02
   9.1810500e-02
   3.9086500e-02
  -4.3482000e-03
  -1.3014200e-02
  -1.1782200e-02
  -7.9817300e-03
   6.4941700e-04
  -7.4535500e-03
  -3.3466700e-02
  -5.1206600e-02
  -5.6802400e-02
  -5.8548800e-02
  -3.6551500e-02
  -2.0289800e-02
  -2.8206100e-02
  -1.8193800e-02
  -6.1191700e-03
  -2.1188100e-03
  -7.4820500e-03
  -3.3311600e-02
  -4.9924400e-02
  -5.4622600e-02
  -4.0415100e-02
  -2.8973800e-02
  -3.6879900e-02
  -4.8149000e-02
  -4.7542100e-02
  -1.3243700e-02
   2.1018000e-02
   4.7411500e-02
   5.7618500e-02
   4.7627600e-02
   4.1328000e-02
   4.1798100e-02
   4.5127300e-02
   4.8138300e-02
   3.6338900e-02
   3.4110100e-02
   3.4289600e-02
   1.5586800e-02
   9.8665800e-03
   1.0386700e-02
  -3.2642100e-05
  -2.2440600e-03
  -4.3361800e-04
  -5.3766000e-03
  -1.2092300e-02
  -2.0310500e-02
  -1.3289900e-02
  -7.1403900e-03
  -1.4713900e-02
  -2.1206300e-02
  -9.5242900e-03
   1.4804500e-03
   1.1244900e-02
   2.8976500e-02
   4.2462900e-02
   2.5582900e-02
   7.6012300e-03
   2.9363900e-02
   4.6599800e-02
   4.3958000e-02
   2.7303400e-02
   2.0597900e-02
   1.0105100e-02
  -1.0064400e-02
  -1.9947200e-02
  -1.9750400e-02
  -2.8119600e-02
  -4.4409000e-02
  -5.0330100e-02
  -4.5957400e-02
  -4.2392500e-02
  -1.4104900e-02
   3.2151000e-02
   3.9050300e-02
   2.6071800e-02
   1.9597800e-02
   2.0774900e-02
   1.5728900e-02
   1.3791900e-02
   3.7038700e-02
   5.2651800e-02
   3.6765300e-02
   1.1977200e-02
  -4.3111700e-03
  -2.7647800e-02
  -5.5483600e-02
  -4.4644100e-02
   2.4758500e-03
   2.3457200e-02
   1.4763800e-02
  -1.7143500e-03
  -3.2581600e-02
  -6.3254000e-02
  -7.3740700e-02
  -6.3576400e-02
  -3.6886000e-02
  -3.0886400e-02
  -5.1387400e-02
  -4.6508700e-02
  -1.4063600e-02
   1.9743300e-02
   3.5991900e-02
   3.4037600e-02
   2.6854700e-02
   4.2352400e-03
  -2.2915100e-02
  -5.8372600e-03
   2.4533100e-03
  -9.0849300e-03
  -9.6999800e-03
  -6.0769400e-03
  -2.0462000e-02
  -5.1924900e-02
  -6.8979300e-02
  -5.5911000e-02
   1.2809400e-02
   4.0973700e-02
   3.2252700e-02
   4.5832000e-02
   6.4543900e-02
   5.7963900e-02
   2.5372900e-02
  -5.8102200e-04
  -5.2638200e-03
   9.6863400e-03
   3.4677400e-02
   5.5715900e-02
   4.9679600e-02
   2.8758400e-02
   3.3700300e-02
   5.8567900e-02
   4.3575000e-02
  -1.6619900e-03
  -1.2643300e-02
  -5.9551100e-03
  -9.9320600e-03
  -1.9969900e-02
  -3.5274900e-02
  -5.8306500e-02
  -7.8118900e-02
  -8.4133800e-02
  -4.7713700e-02
   5.8641500e-04
  -1.4640100e-02
  -6.1478500e-02
  -6.7838100e-02
  -2.3208000e-02
   5.2500500e-03
   2.0969300e-02
   3.1460100e-02
   2.9821200e-05
  -4.5500900e-02
  -5.6791200e-02
  -3.1079000e-02
   1.1054200e-02
   2.7188600e-02
   1.8641000e-02
   6.7723600e-03
  -1.4625300e-04
   1.4605000e-02
   4.7642900e-02
   6.0157300e-02
   4.0706000e-02
   1.3399600e-02
   2.1429500e-03
   2.2093100e-03
   6.0445700e-03
   1.3423300e-02
  -8.3424100e-03
  -2.5849600e-02
  -1.0350100e-03
   2.9806800e-02
   3.8106600e-02
   1.1941600e-02
  -2.3817500e-02
  -1.6012400e-02
  -2.1770100e-03
  -1.2827800e-02
  -9.1649000e-03
   1.8703600e-02
   4.0223600e-02
   4.3886500e-02
   4.6233600e-02
   5.7265000e-02
   7.0165000e-02
   7.1851200e-02
   3.6006400e-02
  -8.2135900e-03
  -2.0756400e-02
  -1.9934300e-02
  -1.5007300e-03
   7.7415700e-03
  -2.0705100e-02
  -4.8512300e-02
  -4.7263700e-02
  -1.7337900e-02
  -8.2281500e-03
  -1.2210100e-02
  -1.6204200e-03
   2.4321300e-03
   1.1918200e-02
   1.9742700e-02
   7.4273400e-03
  -3.1030500e-03
  -3.3610200e-03
  -7.2175400e-03
  -9.5614100e-03
  -1.7706000e-02
  -3.4573700e-02
  -6.2672500e-02
  -8.9232200e-02
  -9.5160400e-02
  -7.6727800e-02
  -5.4798700e-02
  -4.8140100e-02
  -4.3570400e-02
  -4.7805300e-02
  -4.3663000e-02
  -2.3789200e-02
  -6.6978900e-04
   2.0174000e-02
   3.2290700e-02
   3.5091700e-02
   3.3320100e-02
   4.0815200e-02
   3.5017600e-02
   1.3925100e-02
   6.9872000e-03
   2.2559700e-02
   2.5294400e-02
   6.6662400e-03
  -2.8086000e-04
  -9.4476400e-04
   1.0066300e-02
   2.3233500e-02
   3.2619700e-02
   3.3185900e-02
   1.5678800e-02
   5.0810900e-03
   1.2074300e-02
   3.3514800e-02
   5.4587200e-02
   6.6805800e-02
   7.3261600e-02
   6.8675800e-02
   5.8560600e-02
   4.6291100e-02
   2.7119300e-02
   1.3562900e-03
  -1.8729400e-02
  -2.9836100e-02
  -3.7908200e-02
  -4.3885300e-02
  -3.8867800e-02
  -3.4065500e-02
  -5.3607500e-02
  -6.0324100e-02
  -1.6920900e-02
   1.9652300e-02
   1.1327200e-02
   5.5093000e-03
   1.1009300e-02
   1.8447200e-03
  -1.0325800e-02
   3.4356000e-04
  -4.8317800e-03
  -2.3971900e-02
  -2.1425900e-02
  -1.2133500e-02
  -1.8986800e-02
  -4.9942500e-03
   2.5654800e-02
   1.1821800e-02
  -3.6106900e-03
   2.9266400e-03
   9.3364700e-03
  -2.6279800e-03
  -1.1548800e-02
  -1.1756700e-02
  -1.2222700e-02
  -1.3293500e-02
  -2.0045700e-02
  -2.0283200e-03
  -6.7405600e-03
  -2.4754600e-02
  -1.0441800e-02
   2.3256700e-03
   1.0386900e-02
   2.2633200e-02
   2.9302100e-02
   2.8352600e-02
   3.0869100e-02
   2.6736300e-02
   2.2763500e-02
   1.4500700e-02
  -8.2951500e-03
  -4.1604100e-02
  -5.7958600e-02
  -4.6999600e-02
  -4.0809000e-02
  -3.9186000e-02
  -3.0017100e-02
  -1.0065700e-02
   1.6738000e-02
   2.5431700e-02
   2.5711300e-02
   1.5974600e-02
   1.0679900e-02
   2.1706300e-02
   2.4521600e-02
   2.2825600e-02
   3.1024500e-02
   4.0662700e-02
   2.2355900e-02
   1.6985800e-02
   1.5286600e-02
  -9.5257200e-03
  -3.5843600e-02
  -3.5503700e-02
  -1.2264900e-02
   1.5386500e-02
   3.4746200e-02
   3.9513900e-02
   2.2887100e-02
  -9.5293700e-03
  -2.9643600e-02
  -2.2618700e-02
  -1.9610500e-02
  -3.3357900e-02
  -4.3433200e-02
  -4.4388800e-02
  -2.8932500e-02
  -1.5921200e-02
  -1.6905300e-02
  -1.5444500e-02
   8.7419300e-03
   1.2225400e-02
  -1.1057800e-03
  -9.1962300e-03
  -2.2754900e-02
  -1.4630400e-02
   4.0551700e-03
   4.7306100e-03
  -5.2070500e-03
  -1.0760700e-02
  -6.3266200e-03
   4.4315200e-03
   1.2087800e-02
   1.6365900e-02
   2.0205400e-02
   2.8457400e-02
   3.2360100e-02
   1.8704600e-02
  -2.5663100e-03
  -1.6424900e-02
  -7.1110200e-03
   5.4392600e-03
   2.6657500e-02
   4.6066300e-02
   6.4437700e-02
   5.5954600e-02
   2.9714200e-02
   3.5968100e-02
   3.3075600e-02
   1.1525200e-02
  -1.6949900e-02
  -2.5538100e-02
  -1.4018000e-02
  -5.2743600e-03
  -9.2868300e-03
  -7.0497600e-03
   1.5235500e-03
   8.6127700e-03
   1.5987600e-02
   2.1506000e-02
   6.9334700e-03
  -2.3029800e-02
  -3.6832300e-02
  -3.1168000e-02
  -2.3470900e-02
  -2.1161300e-02
  -1.6604800e-02
  -1.0545800e-02
   3.7109800e-03
   1.3803100e-02
   1.5401600e-02
   1.0621100e-02
   9.9050400e-04
  -5.2333100e-03
  -6.7120900e-03
  -7.6757700e-03
  -4.9531700e-03
  -5.8668600e-03
  -1.0342400e-02
  -1.7813200e-03
   8.2781500e-03
   1.3013200e-02
   6.5231800e-03
  -5.7981900e-03
  -1.1102000e-02
   2.4581400e-03
   8.7048400e-03
   7.9395300e-04
   4.1153000e-03
   1.2976300e-02
   2.1052900e-02
   3.1641700e-02
   4.0586300e-02
   3.2906000e-02
   8.2915400e-03
  -1.3646400e-02
  -2.8967600e-02
  -3.2168100e-02
  -1.9278100e-02
  -2.0520300e-02
  -3.8779100e-02
  -4.7383500e-02
  -4.8148300e-02
  -4.7082200e-02
  -4.7392000e-02
  -5.1778800e-02
  -2.9113100e-02
  -1.3964400e-03
   9.6626300e-03
   1.2732000e-02
   4.4692700e-03
   5.8840400e-04
  -2.6692400e-03
  -4.3061000e-03
   6.8621200e-03
   1.4907100e-02
   1.6076300e-02
   1.8924300e-02
   2.3775700e-02
   2.5041800e-02
   1.1647400e-02
  -2.1713600e-03
   9.7966000e-04
   9.9559000e-03
   4.1329600e-03
  -1.3656100e-03
  -3.5471500e-03
   3.5533100e-03
   1.1738000e-02
   1.4489200e-02
   3.1635700e-02
   4.9319600e-02
   5.2491100e-02
   5.1957800e-02
   5.1261400e-02
   5.2196000e-02
   5.0533700e-02
   3.9541400e-02
   3.1132700e-02
   2.6868300e-02
   2.0321200e-02
   1.4701300e-02
   8.7304300e-03
  -1.0211700e-02
  -1.8619300e-02
  -9.3768900e-03
  -4.7305400e-03
  -2.1370600e-02
  -4.8628800e-02
  -6.0878700e-02
  -5.0881500e-02
  -3.3644300e-02
  -3.3038100e-02
  -3.9416900e-02
  -4.4970600e-02
  -4.2113300e-02
  -3.7509800e-02
  -3.5435900e-02
  -2.4647100e-02
  -1.1120600e-02
   2.7607800e-03
   1.5397800e-02
   2.4141500e-02
   3.0916600e-02
   3.0601700e-02
   1.7969200e-02
   9.5565100e-03
   1.6469300e-02
   2.1716400e-02
   9.8051300e-03
   5.8458200e-04
   2.9288000e-03
   1.1685300e-03
  -4.9573400e-03
  -7.8630600e-03
  -5.3260700e-03
  -1.2796300e-02
  -2.8990600e-02
  -3.2741900e-02
  -1.8640100e-02
  -1.0703800e-03
   1.0015000e-03
   2.3940500e-03
   9.8199100e-03
   1.1851000e-02
   1.3345500e-02
   1.7681800e-02
   1.7503600e-02
   4.8731600e-03
  -2.0972700e-03
   2.4409700e-03
   4.5505800e-03
  -2.0847900e-04
  -2.0146400e-03
  -1.5594800e-04
  -2.8403300e-03
  -1.1234700e-02
  -2.5720500e-02
  -3.1147600e-02
  -3.7277600e-02
  -4.2864900e-02
  -3.9930100e-02
  -3.5129700e-02
  -2.2777200e-02
  -1.4974000e-02
  -1.0066500e-02
  -1.7746800e-03
   1.5079400e-03
   6.3756400e-03
   2.2066600e-02
   4.3947800e-02
   5.5460800e-02
   5.8911800e-02
   5.0647000e-02
   1.7693000e-02
  -2.7893100e-03
   1.4330600e-02
   2.2958000e-02
   1.2399300e-02
  -8.6660700e-04
   1.2358700e-03
   1.7657100e-02
   2.1865900e-02
   9.5272000e-03
  -1.7869700e-02
  -4.1396800e-02
  -4.7797000e-02
  -3.9824500e-02
  -2.6750900e-02
  -1.5448000e-02
  -9.2655300e-03
   2.6666800e-03
   1.3935900e-02
   2.6868700e-02
   4.0955200e-02
   3.0400500e-02
   1.6756200e-02
   1.7262400e-02
   1.8367300e-02
   1.7799400e-02
   9.2245100e-03
  -2.3756900e-03
  -5.8975000e-03
   7.0827300e-04
   1.4914100e-02
   2.6001700e-02
   2.4630100e-02
  -3.3421500e-03
  -3.5723800e-02
  -4.6665100e-02
  -4.7957200e-02
  -4.1010800e-02
  -2.7987200e-02
  -1.4638200e-02
  -7.2510700e-03
  -3.5686100e-03
  -6.3927400e-03
   3.0363900e-03
   2.1712800e-02
   2.5229000e-02
   2.1510400e-02
   2.8221700e-03
  -1.6706500e-02
  -2.1796100e-02
  -1.5578900e-02
  -7.3248100e-03
  -5.9812200e-03
  -9.0756500e-03
  -1.6110400e-03
   1.4498100e-02
   2.8600800e-02
   1.9986200e-02
  -1.1484700e-02
  -4.3362500e-02
  -5.4481300e-02
  -3.5882300e-02
  -2.0354600e-02
  -5.0900800e-03
   1.9850200e-02
   3.5897100e-02
   3.1779600e-02
   1.8446400e-02
   1.2658100e-02
   1.6184500e-02
   1.1588600e-02
   2.9719200e-03
   9.3216300e-04
   7.9275600e-03
   2.6243900e-02
   3.0308900e-02
   1.8096700e-02
   1.3214200e-02
   9.6791000e-03
   5.6156500e-03
   7.5130900e-03
  -2.8876100e-03
  -2.5758800e-02
  -1.9174500e-02
   1.7954800e-02
   3.8471300e-02
   4.0907300e-02
   3.0442300e-02
   3.9195000e-03
  -2.4907500e-02
  -3.7948000e-02
  -2.4270500e-02
  -1.0173900e-02
  -6.8444000e-03
  -6.6554600e-03
  -1.5589400e-02
  -2.5546400e-02
  -2.7624900e-02
  -2.3710000e-02
  -2.4332900e-02
  -2.8183200e-02
  -2.1846700e-02
  -4.8869700e-03
   5.3622200e-03
   1.1763000e-02
   1.0562600e-02
   1.0772000e-02
   1.6283300e-02
   2.4902500e-02
   3.7467100e-02
   3.5214100e-02
   2.7635700e-02
   2.2601200e-02
   1.8801000e-02
   1.5880900e-02
   3.8594200e-03
  -1.3491600e-02
  -2.2541800e-02
  -1.9063400e-02
  -8.1012300e-03
  -4.8767900e-03
  -1.1571800e-02
  -1.6014800e-02
  -1.3377800e-02
  -1.6571200e-02
  -2.2020900e-02
  -2.7433800e-02
  -2.9961100e-02
  -2.6114500e-02
  -2.8100200e-02
  -1.5187800e-02
   1.6844500e-02
   3.6429700e-02
   3.6850100e-02
   3.2906000e-02
   2.8791500e-02
   2.3760100e-02
   1.6020600e-02
   1.6409400e-02
   1.4255300e-02
   3.7845700e-04
  -1.4145100e-02
  -1.7395600e-02
  -1.1240800e-02
  -1.6139600e-02
  -1.7626600e-02
  -1.0716900e-02
  -1.2948500e-02
  -2.5656400e-02
  -3.5015700e-02
  -3.2703200e-02
  -1.9454200e-02
  -8.0708300e-03
  -3.5897700e-03
   2.5702100e-03
   2.5765300e-03
  -9.3154600e-03
  -7.1498000e-03
   3.9857300e-03
   2.5742500e-03
   5.1825800e-03
   9.6860700e-03
   4.5913600e-03
   2.1007100e-03
  -4.1384400e-03
  -1.1836200e-02
  -1.3827000e-02
  -2.2933400e-02
  -3.1457400e-02
  -2.9106100e-02
  -1.5595000e-02
  -6.4698800e-03
  -2.8537900e-03
   9.8606900e-03
   1.6418400e-02
   3.5370500e-03
  -8.1468700e-03
   2.2185500e-03
   1.7582000e-02
   2.4126500e-02
   2.6076900e-02
   2.3426100e-02
   2.8930200e-02
   2.8499900e-02
   1.5589900e-02
   1.0710400e-02
   1.0206700e-02
   5.9024800e-03
   3.8340900e-03
   7.1533300e-03
  -2.6292100e-04
  -1.1475600e-02
  -1.5245400e-02
  -5.6939300e-03
   1.7847800e-02
   2.8884400e-02
   1.8244900e-02
   6.2192900e-03
   3.8642700e-03
   7.7434900e-03
   5.6281600e-03
  -3.0559600e-03
  -1.0821100e-03
   8.5866200e-03
   1.6886500e-02
   3.0023200e-02
   3.7032800e-02
   2.6958400e-02
   2.2047300e-02
   2.8428600e-02
   3.0276900e-02
   2.4054100e-02
   1.3759300e-02
   1.0309900e-02
   5.7046900e-03
  -1.0776300e-02
  -1.8234400e-02
  -1.6134100e-02
  -1.4835500e-02
  -1.6163400e-02
  -2.6303100e-02
  -3.2525000e-02
  -3.3144000e-02
  -3.2828700e-02
  -2.2748900e-02
  -9.7284800e-03
  -4.3172600e-03
  -3.1482100e-03
  -2.0679100e-03
   4.6479000e-03
   9.0462600e-03
   3.5903800e-04
  -7.9966800e-03
  -1.0079400e-02
  -1.1434900e-02
  -1.3342100e-02
  -1.8143200e-02
  -1.0783800e-02
   5.4404700e-03
   1.3618900e-02
   1.4683900e-02
   1.3637500e-02
   5.2144600e-03
  -1.5941300e-02
  -2.3607500e-02
  -2.1002300e-02
  -2.5941000e-02
  -2.7095600e-02
  -2.1417100e-02
  -1.0419400e-02
   3.4037400e-03
   1.9955400e-02
   2.9186500e-02
   2.8898900e-02
   2.3822500e-02
   1.4414100e-02
   8.8102900e-03
   7.6343100e-03
   6.2227200e-03
   3.8033600e-03
   2.4815200e-03
  -1.0715700e-04
  -1.3168000e-03
   7.0860400e-03
   2.0124800e-02
   1.5783700e-02
   2.9379200e-03
  -2.5322700e-03
  -8.3788300e-03
  -1.6087900e-02
  -2.5335200e-02
  -2.8580700e-02
  -1.8019600e-02
   3.1903300e-04
   5.7679300e-03
   5.5456300e-03
   5.6007700e-03
   7.1808100e-03
   1.3768000e-02
   1.0628500e-02
   1.2279900e-02
   5.5041400e-03
  -1.4114500e-02
  -1.4460200e-02
   4.3180200e-03
   1.5772700e-02
   2.2731100e-02
   2.8824700e-02
   1.7988200e-02
   6.7070700e-03
   2.0610000e-03
   6.4031800e-03
   1.3067900e-02
   9.2041600e-03
  -7.3279700e-03
  -2.0273800e-02
  -1.6553800e-02
  -1.2749200e-02
  -8.7772900e-03
  -8.0877500e-03
  -1.0045100e-02
  -6.5781100e-03
   5.9454500e-04
   4.4858600e-03
   8.4852900e-03
   1.1711600e-02
   2.9201900e-03
  -1.2140100e-02
  -2.9027200e-02
  -4.0265600e-02
  -3.4950300e-02
  -1.8509000e-02
  -8.9964500e-03
  -4.8817700e-03
   5.2845600e-03
   1.4285000e-02
   1.7947900e-02
   1.9661400e-02
   6.6156200e-03
  -1.7368700e-02
  -3.0207400e-02
  -2.2662500e-02
  -1.1726100e-02
  -1.0401100e-02
  -2.6522100e-03
   1.1044300e-02
   1.2267300e-02
  -6.8995700e-03
  -2.1376500e-02
  -2.4857800e-02
  -2.2147700e-02
  -1.1684500e-02
   4.4467400e-03
   1.0158700e-02
   2.5198700e-03
  -6.4408700e-03
  -1.3104600e-02
  -7.4456600e-03
   3.5305100e-03
   3.3091100e-03
   6.5706000e-04
   3.6221400e-03
   2.6581900e-03
   8.0365900e-03
   1.8392600e-02
   1.8837200e-02
   1.4012600e-02
   1.0518000e-02
   1.1525700e-02
   1.6921400e-02
   1.5669800e-02
   1.6378600e-02
   2.0830800e-02
   2.3957000e-02
   2.4686300e-02
   1.5758100e-02
   1.3722100e-02
   1.5758000e-02
   1.4559400e-02
   9.2450700e-03
  -2.4523900e-03
  -1.0045400e-02
  -1.9436000e-03
   7.9931300e-03
   6.3039100e-03
  -7.7334400e-03
  -1.5784400e-02
  -7.1961100e-03
   2.2805900e-03
   1.0582300e-02
   6.4899000e-03
   3.9302600e-05
  -2.1150600e-03
  -3.0189000e-03
  -4.8019900e-03
  -2.8110800e-03
   8.4108300e-03
   1.3075200e-02
   5.4270700e-03
  -8.8795900e-03
  -1.4886500e-02
  -1.4626600e-02
  -1.7973300e-02
  -2.4255600e-02
  -3.0165700e-02
  -2.8732700e-02
  -2.1295000e-02
  -1.6001400e-02
  -1.5430400e-02
  -1.6011900e-02
  -1.4474900e-02
  -1.1372300e-02
  -9.9617600e-03
  -1.3486000e-02
  -2.1111700e-02
  -2.3720000e-02
  -2.0980500e-02
  -1.7618700e-02
  -1.1408200e-02
  -6.7500000e-03
  -8.5902600e-03
  -1.6162900e-02
  -2.1461000e-02
  -1.5491100e-02
  -2.1956400e-03
   9.0364100e-03
   1.1644300e-02
   5.1059400e-03
   3.3819300e-03
   6.9303100e-03
   8.0796300e-03
   1.0902800e-02
   1.5097800e-02
   1.8386100e-02
   1.8346100e-02
   1.4800300e-02
   1.3758700e-02
   1.3934900e-02
   1.7829000e-02
   2.1436600e-02
   2.0373500e-02
   2.1292300e-02
   1.5913600e-02
   6.1192800e-03
   3.0702500e-03
   6.1473400e-03
   1.2551700e-02
   1.4536300e-02
   1.2827600e-02
   1.3340400e-02
   1.9616200e-02
   2.3602100e-02
   2.2440800e-02
   2.1107600e-02
   1.9082100e-02
   1.3401700e-02
   4.2465200e-03
   3.0448500e-03
   1.1499700e-02
   1.9349600e-02
   1.6644000e-02
   1.1094100e-02
   5.2480200e-03
   2.4134800e-03
   1.3818300e-03
   2.9460000e-03
   4.6484300e-03
  -2.9006600e-03
  -1.0207800e-02
  -1.2640300e-02
  -1.0666800e-02
  -7.9002400e-03
  -5.5048900e-03
  -2.8116200e-03
  -1.5477700e-03
  -1.9106300e-03
  -2.0677300e-03
  -1.9079400e-04
   5.2983300e-03
   9.7671300e-03
   6.9141300e-03
   9.6323100e-03
   1.2159900e-02
   1.0734800e-02
   3.6361200e-03
  -1.0501400e-02
  -1.8218900e-02
  -2.0032500e-02
  -1.2473600e-02
  -1.4394800e-03
   5.9423400e-03
   1.0817700e-02
   7.3365900e-03
  -2.2319800e-03
  -1.0241700e-02
  -1.2382300e-02
  -1.1250200e-02
  -1.3692800e-02
  -1.8948300e-02
  -1.9902400e-02
  -2.0665200e-02
  -2.6401500e-02
  -3.1800600e-02
  -2.7636300e-02
  -1.5613200e-02
  -9.9204500e-03
  -1.2478800e-02
  -1.4818800e-02
  -1.0301600e-02
   5.9919700e-04
   1.0795500e-02
   1.8904900e-02
   1.9050700e-02
   1.3567800e-02
   1.3219000e-02
   1.4830900e-02
   1.7080700e-02
   1.5931500e-02
   1.4049900e-02
   1.4511600e-02
   1.1359200e-02
   9.0252300e-03
   7.4426200e-03
   4.8767100e-04
  -5.2322600e-03
  -4.6303200e-03
  -3.6088700e-03
  -6.2907900e-03
  -8.7246100e-03
  -5.0260300e-03
   2.8809000e-03
   9.3125400e-03
   7.6087200e-03
  -2.8210500e-05
  -7.6775300e-03
  -1.5187300e-02
  -1.5226300e-02
  -5.4519100e-03
   4.5269900e-03
   5.9684000e-03
   8.5856300e-03
   1.1589200e-02
   1.0010200e-02
   5.1968700e-03
  -1.3545900e-03
  -4.7963500e-03
  -7.4586900e-03
  -9.6907400e-03
  -7.4271200e-03
  -5.3062700e-03
  -8.2579200e-03
  -9.8047100e-03
  -7.7449800e-03
  -5.2225800e-03
  -3.3679900e-03
  -8.5275900e-04
  -2.3528100e-04
  -1.6201000e-03
  -1.7082400e-03
  -2.9701900e-03
  -3.2195600e-03
  -7.3659100e-04
  -1.7330300e-04
  -1.4139400e-03
  -2.2717000e-04
   1.3157800e-03
   1.7995800e-03
   1.8906000e-03
   6.8266400e-04
   1.8287200e-04
   2.1023900e-04
   1.2845200e-03
   1.4575000e-03
   6.4742500e-04
   4.6557100e-04
  -1.7211300e-04
  -9.6464700e-04
  -1.4195600e-03
  -2.1502400e-04
   1.3866900e-03
   4.4472200e-03
   6.6190400e-03
   5.3441300e-03
   4.5503200e-03
   2.5206000e-03
  -5.7467200e-04
  -2.4156500e-03
  -2.7507400e-03
  -2.8813300e-03
  -1.9263200e-03
  -4.0715800e-04
   1.2059300e-03
   3.8629900e-03
   3.6913400e-03
   2.8195100e-03
   2.2602100e-03
   7.1423600e-04
  -8.2464200e-04
  -1.3116700e-03
  -4.2696900e-05
   1.6783100e-03
   2.9474400e-03
   3.8266900e-03
   3.3552200e-03
   2.4744200e-03
   2.7950900e-03
   3.1801400e-03
   3.0177200e-03
   6.6922300e-04
  -1.7722900e-03
  -1.7929600e-03
  -1.6307500e-03
  -3.1899800e-03
  -4.6101400e-03
  -5.2445300e-03
  -5.3388600e-03
  -4.9148100e-03
  -5.4347000e-03
  -6.2175100e-03
  -6.4169800e-03
  -6.0730400e-03
  -5.4973400e-03
  -5.2083600e-03
  -4.8657400e-03
  -4.3929300e-03
  -4.0326800e-03
  -2.7953700e-03
  -1.8522400e-03
  -1.4027200e-03
  -6.5761000e-04
   9.5705700e-05
   7.6167400e-04
   1.2610100e-03
   1.2063300e-03
   8.5370700e-04
   1.0801700e-03
   1.7556800e-03
   2.6240200e-03
   2.7820000e-03
   2.2916300e-03
   1.9274800e-03
   1.8836400e-03
   2.0481000e-03
   1.6592900e-03
   1.4654000e-03
   1.2683800e-03
   8.4324600e-04
   4.3071200e-04
  -2.4056600e-06
  -1.0848700e-04
   3.2536400e-05
   1.4874600e-04
   8.7955500e-05
   3.5223200e-04
   6.0883500e-04
   5.5593600e-04
   3.3425200e-04
   3.4185700e-04
   4.0939700e-04
   7.0583200e-04
   6.2558200e-04
   2.4283200e-04
   1.7552100e-05
  -6.4295700e-05
  -1.3234200e-04
  -3.5329200e-04
  -2.9965700e-04
  -1.9230600e-04
  -8.9398100e-05
  -3.0529100e-05
  -9.5984300e-05
  -2.1870400e-04
  -3.3636100e-04
  -2.5928000e-04
  -8.6666400e-05
  -3.0536600e-05
  -2.6115500e-05
   1.3347500e-05
   1.2150400e-04
   1.9118300e-04
   2.2666500e-04
   2.4962900e-04
   3.1181200e-04
   3.7792000e-04
   3.9520000e-04
   3.7864500e-04
   3.8536100e-04
   3.9231200e-04
   3.8694400e-04
   3.8096600e-04
   3.7075200e-04
   3.8107200e-04
   3.8463200e-04
   3.8095700e-04
   3.8021200e-04
   3.8447200e-04
   3.9382400e-04
   3.9965600e-04
   4.0332400e-04
   4.0574100e-04
   4.0579500e-04
