   7.5238000e-05
   6.2804500e-05
  -6.0832200e-05
  -2.4964200e-04
  -3.4407200e-04
  -4.4560500e-04
  -5.3154600e-04
  -5.7841800e-04
  -5.7634900e-04
  -5.3718300e-04
  -4.7662800e-04
  -3.9791500e-04
  -2.9558400e-04
  -1.8030300e-04
  -8.6482200e-05
  -3.6625200e-05
  -1.1048400e-05
   1.6907500e-05
   4.6436900e-05
   7.0788900e-05
   9.1323900e-05
   1.0840000e-04
   1.1890000e-04
   1.1675000e-04
   1.0781100e-04
   1.0411500e-04
   9.8869500e-05
   7.9650200e-05
   4.5746100e-05
  -2.4825600e-06
  -7.2329500e-05
  -1.5659900e-04
  -2.2454500e-04
  -2.6579600e-04
  -3.0337400e-04
  -3.2736600e-04
  -3.0840300e-04
  -2.6459900e-04
  -2.1528600e-04
  -1.8455400e-04
  -2.0939200e-04
  -2.5631200e-04
  -2.7275900e-04
  -2.5724900e-04
  -2.0806100e-04
  -1.2294900e-04
  -3.3925600e-05
   5.3227900e-05
   1.6006000e-04
   2.3978700e-04
   2.5303000e-04
   2.2560600e-04
   1.7063500e-04
   8.7376700e-05
  -3.2735600e-05
  -1.5899300e-04
  -2.2217700e-04
  -2.3143900e-04
  -2.4675200e-04
  -2.9940500e-04
  -3.8611100e-04
  -4.5706500e-04
  -4.5114100e-04
  -3.6745100e-04
  -2.7944100e-04
  -2.3102200e-04
  -1.7853300e-04
  -7.2068000e-05
   7.8249900e-05
   1.7323300e-04
   1.0719700e-04
  -6.7821800e-05
  -2.0641500e-04
  -2.6478800e-04
  -2.9037000e-04
  -3.6394000e-04
  -5.1929800e-04
  -6.7339300e-04
  -8.1779700e-04
  -9.3401800e-04
  -8.6803600e-04
  -7.0279000e-04
  -7.1847400e-04
  -8.7389600e-04
  -9.1273900e-04
  -7.9366200e-04
  -6.6583900e-04
  -6.5544900e-04
  -6.7412300e-04
  -5.4999900e-04
  -4.1474800e-04
  -5.3544000e-04
  -7.9270600e-04
  -8.9208100e-04
  -8.1489200e-04
  -7.0300500e-04
  -5.3874200e-04
  -1.7634500e-04
   3.6042700e-04
   8.3000300e-04
   9.1929900e-04
   5.8302900e-04
   2.6616300e-04
   2.1354800e-04
   4.7782900e-05
  -3.3985900e-04
  -6.1188400e-04
  -6.8665800e-04
  -7.4749000e-04
  -8.4103900e-04
  -8.3476300e-04
  -6.7466000e-04
  -3.6651000e-04
  -1.0781500e-05
   1.3995100e-04
   1.1208200e-04
   3.1535200e-04
   9.2154600e-04
   1.3943900e-03
   1.2837800e-03
   1.0499300e-03
   1.0844200e-03
   1.0643300e-03
   7.6801300e-04
   2.7594200e-04
  -3.7541600e-04
  -7.9959000e-04
  -4.6299500e-04
   2.2723100e-04
   5.9208000e-04
   7.4245200e-04
   8.6381200e-04
   7.6575400e-04
   4.6062300e-04
   1.7686500e-04
  -2.4434600e-04
  -6.8386200e-04
  -6.8222800e-04
  -5.8124800e-04
  -6.6839400e-04
  -7.1912900e-04
  -1.0428300e-03
  -1.6684400e-03
  -1.6973500e-03
  -9.3737500e-04
  -2.8815800e-04
  -1.7694400e-05
   3.8061400e-04
   8.8953200e-04
   1.0332400e-03
   6.5486000e-04
  -1.6318200e-05
  -6.0131400e-04
  -5.6777900e-04
   5.7746400e-05
   5.0527400e-04
   5.8291300e-04
   8.8076400e-04
   1.5497400e-03
   2.0594700e-03
   1.7653000e-03
   5.6594000e-04
  -5.5914000e-04
  -6.9230900e-04
  -3.5563300e-04
  -5.6773600e-04
  -9.0195700e-04
  -2.9320400e-04
   8.4136200e-04
   1.5053500e-03
   1.6843900e-03
   1.7312400e-03
   1.7565500e-03
   1.6374600e-03
   1.1303000e-03
   4.1408500e-04
  -1.9674300e-04
  -9.6085500e-04
  -1.9360600e-03
  -2.3313700e-03
  -1.4099300e-03
   6.7371400e-04
   2.8352500e-03
   4.0011000e-03
   4.0003300e-03
   3.2902000e-03
   2.3464400e-03
   1.1936600e-03
  -3.7276300e-04
  -1.6655900e-03
  -1.5149700e-03
  -2.3971900e-04
   6.8135500e-04
   7.5222700e-04
   9.1377700e-04
   1.7531900e-03
   2.4857000e-03
   2.6831900e-03
   3.1162600e-03
   3.5481000e-03
   2.8098800e-03
   1.3788200e-03
   5.3949500e-04
   1.2999500e-04
  -9.6162500e-04
  -2.7428300e-03
  -3.8968600e-03
  -3.8292300e-03
  -3.5661600e-03
  -3.5739300e-03
  -3.0354700e-03
  -1.7045900e-03
  -3.3354200e-06
   1.5081300e-03
   2.6752400e-03
   3.4429900e-03
   3.2597700e-03
   2.0874800e-03
   4.6799500e-04
  -9.6353000e-04
  -1.8501500e-03
  -2.5011800e-03
  -3.0877100e-03
  -3.1255000e-03
  -2.4267700e-03
  -1.3614400e-03
   7.2747100e-05
   1.8604100e-03
   3.4274500e-03
   3.7032800e-03
   2.1645200e-03
   3.7776900e-04
  -4.0080400e-04
  -1.0989800e-03
  -2.5268600e-03
  -3.8975300e-03
  -4.0007200e-03
  -3.2679200e-03
  -2.7768900e-03
  -2.1478600e-03
  -8.0504400e-04
   6.4075000e-04
   1.5624000e-03
   1.9108600e-03
   1.6057500e-03
   1.3309900e-03
   1.6532200e-03
   1.8985000e-03
   2.1766700e-03
   2.8837700e-03
   3.3900100e-03
   3.2167500e-03
   1.9609400e-03
  -5.8105500e-04
  -3.4384300e-03
  -5.3872300e-03
  -5.7604300e-03
  -4.8739300e-03
  -4.3971000e-03
  -5.1005000e-03
  -5.8994800e-03
  -5.9076800e-03
  -5.1625800e-03
  -3.9373200e-03
  -2.0213000e-03
   7.1362100e-04
   3.7480900e-03
   6.5556000e-03
   8.3291400e-03
   8.6894500e-03
   8.0980800e-03
   6.6349900e-03
   4.4109900e-03
   2.2334300e-03
   7.7562900e-04
  -4.1324200e-04
  -2.3934100e-03
  -5.4956400e-03
  -8.6757400e-03
  -1.0389900e-02
  -1.0089500e-02
  -8.6637700e-03
  -7.1606100e-03
  -5.0824800e-03
  -2.5218400e-03
  -1.1428300e-03
  -5.7947800e-04
   6.4571700e-04
   2.4612500e-03
   4.6178800e-03
   7.0866700e-03
   8.8847100e-03
   9.0025600e-03
   7.8754900e-03
   6.5211200e-03
   5.3972400e-03
   4.3247800e-03
   3.4036000e-03
   2.9428300e-03
   2.5769000e-03
   1.8238200e-03
   1.0103400e-03
   6.7188600e-04
   5.8947700e-04
   7.4755200e-04
   1.0874200e-03
   7.0453900e-04
  -5.6960600e-04
  -1.7085800e-03
  -1.9909300e-03
  -1.6994900e-03
  -1.1221800e-03
   1.4023500e-04
   1.7427900e-03
   2.3419800e-03
   1.6159900e-03
   7.0409800e-04
   8.4479100e-05
  -5.9796900e-04
  -9.8295400e-04
  -1.2654500e-03
  -2.2114000e-03
  -3.3531300e-03
  -3.7467500e-03
  -3.0673000e-03
  -1.5353900e-03
   6.2156300e-04
   3.4941100e-03
   6.4068800e-03
   7.5093900e-03
   6.2601600e-03
   4.3409200e-03
   2.8328100e-03
   1.6640800e-03
   1.1307200e-03
   1.4225300e-03
   2.2518200e-03
   3.2143200e-03
   3.4417600e-03
   1.9648900e-03
  -6.7025000e-04
  -3.2465000e-03
  -5.5452500e-03
  -7.1613000e-03
  -7.4638400e-03
  -7.1290800e-03
  -6.8649900e-03
  -5.5108600e-03
  -2.7261000e-03
  -6.0269400e-04
   1.9567300e-04
   5.7957100e-04
   4.3897600e-04
  -2.5603200e-04
  -1.2165300e-03
  -2.5541100e-03
  -3.4777100e-03
  -2.9172300e-03
  -1.5810700e-03
  -6.5579600e-04
  -2.6767300e-04
   1.5677700e-04
   8.2570800e-04
   1.1921900e-03
   1.0954500e-03
   1.0353800e-03
   1.4604900e-03
   2.3629200e-03
   3.3115800e-03
   3.4223300e-03
   2.7780200e-03
   2.4239600e-03
   1.8445900e-03
   6.0298500e-04
   6.0476900e-06
   6.9496200e-04
   1.9076500e-03
   3.0642100e-03
   4.4979300e-03
   6.5396800e-03
   8.3347000e-03
   8.9025400e-03
   8.7768900e-03
   8.5097800e-03
   7.4141800e-03
   4.9680700e-03
   2.1359100e-03
   2.6142600e-04
  -8.4925000e-04
  -1.8610300e-03
  -2.4361900e-03
  -2.2577300e-03
  -1.8842100e-03
  -2.1101300e-03
  -3.6124700e-03
  -5.9604100e-03
  -7.4475300e-03
  -7.0463800e-03
  -5.1200900e-03
  -3.0595000e-03
  -2.1362300e-03
  -1.6586000e-03
  -6.1527300e-05
   2.0688500e-03
   3.5058400e-03
   4.9507200e-03
   6.9190300e-03
   8.4231600e-03
   8.4863800e-03
   6.8981000e-03
   3.9831500e-03
   4.6787100e-04
  -2.6216900e-03
  -4.4303900e-03
  -4.8759600e-03
  -4.7590700e-03
  -4.7213300e-03
  -4.7381600e-03
  -5.2457200e-03
  -6.3993600e-03
  -7.2325100e-03
  -7.0074500e-03
  -5.7152500e-03
  -4.6016900e-03
  -5.0380400e-03
  -6.3689500e-03
  -7.2858700e-03
  -7.8639500e-03
  -8.4971300e-03
  -8.6680000e-03
  -7.3686400e-03
  -3.8411400e-03
   5.1857200e-04
   3.3987400e-03
   5.0501200e-03
   6.8433100e-03
   8.8177500e-03
   1.0551500e-02
   1.1832300e-02
   1.2326700e-02
   1.1896100e-02
   1.0327000e-02
   7.6235300e-03
   4.4107700e-03
   1.2392600e-03
  -1.1798800e-03
  -2.1975800e-03
  -2.1782900e-03
  -1.9576600e-03
  -1.7462900e-03
  -1.0883400e-03
  -9.4010400e-04
  -3.1565800e-03
  -6.6972100e-03
  -9.5992500e-03
  -1.2223000e-02
  -1.4515900e-02
  -1.5249300e-02
  -1.4894800e-02
  -1.3964700e-02
  -1.1620100e-02
  -8.2780500e-03
  -5.3914100e-03
  -3.4002400e-03
  -1.5094900e-03
   6.1770000e-04
   2.3177200e-03
   3.7264900e-03
   5.2798500e-03
   6.2747300e-03
   6.4240000e-03
   6.3583800e-03
   5.6843900e-03
   3.6337600e-03
   9.8928100e-04
  -8.2184200e-04
  -1.7596300e-03
  -2.9620900e-03
  -4.7689700e-03
  -6.2777700e-03
  -6.7359900e-03
  -6.2766500e-03
  -5.3847600e-03
  -4.7548300e-03
  -4.2507000e-03
  -2.8659900e-03
  -5.3304000e-04
   1.8188800e-03
   3.3204400e-03
   4.3198400e-03
   5.4352000e-03
   5.4504500e-03
   3.2421500e-03
   2.0934300e-04
  -1.7151200e-03
  -1.9659800e-03
  -1.1197900e-03
  -1.0170200e-04
   5.6274400e-04
   7.9210500e-04
   4.4589400e-04
  -5.7493600e-04
  -1.6467500e-03
  -1.9204500e-03
  -1.0845300e-03
   3.4451700e-04
   1.6118500e-03
   2.5993900e-03
   2.8233300e-03
   1.3827500e-03
  -1.3626200e-03
  -3.7976100e-03
  -4.6527300e-03
  -4.5510800e-03
  -4.3883100e-03
  -3.3568000e-03
  -9.1661100e-04
   1.8638700e-03
   4.1990700e-03
   6.4300100e-03
   8.8113800e-03
   1.1026500e-02
   1.2402600e-02
   1.2608800e-02
   1.1923900e-02
   1.0292700e-02
   7.5638500e-03
   4.7405300e-03
   2.2942800e-03
  -1.2428400e-03
  -5.9613100e-03
  -9.2870600e-03
  -1.0033500e-02
  -9.7424900e-03
  -9.3655100e-03
  -8.4624300e-03
  -6.9051500e-03
  -5.1580100e-03
  -3.9146700e-03
  -3.6769700e-03
  -4.2060900e-03
  -4.4597300e-03
  -3.6266100e-03
  -1.8843300e-03
  -6.2449200e-05
   1.5042400e-03
   2.7053900e-03
   2.7344600e-03
   2.1421000e-03
   2.3523500e-03
   3.1789100e-03
   3.8770600e-03
   4.2201900e-03
   4.6753300e-03
   5.5813700e-03
   6.2008900e-03
   6.1856200e-03
   6.0660300e-03
   6.0761900e-03
   6.0752900e-03
   6.0027900e-03
   5.9318300e-03
   5.9579400e-03
   5.3826600e-03
   3.0255600e-03
  -4.9610900e-04
  -3.4075900e-03
  -5.0582700e-03
  -5.3171200e-03
  -4.0175400e-03
  -1.2673300e-03
   2.9281800e-03
   7.7664000e-03
   1.1678700e-02
   1.3670200e-02
   1.3227500e-02
   1.0979200e-02
   8.5219500e-03
   6.6201700e-03
   5.1774500e-03
   4.0496100e-03
   2.8300800e-03
   9.6583500e-04
  -1.3905100e-03
  -3.4535800e-03
  -4.6579000e-03
  -4.7272100e-03
  -3.4530300e-03
  -1.2740500e-03
   7.4598000e-04
   2.1355100e-03
   2.9409600e-03
   2.7100800e-03
   1.8892300e-03
   1.2622400e-03
   2.6178100e-04
  -7.9371800e-04
  -3.4503800e-04
   1.6640900e-03
   3.0694000e-03
   2.7253300e-03
   2.1037400e-03
   2.6637500e-03
   4.2581200e-03
   5.5201100e-03
   6.0260500e-03
   7.1984100e-03
   9.7379400e-03
   1.1918800e-02
   1.1669400e-02
   9.1158700e-03
   5.9981300e-03
   3.5004100e-03
   1.0773300e-03
  -2.2787000e-03
  -6.3547300e-03
  -9.8761300e-03
  -1.2068200e-02
  -1.3581700e-02
  -1.4973300e-02
  -1.5534700e-02
  -1.4675900e-02
  -1.2662600e-02
  -9.5810400e-03
  -5.5891100e-03
  -1.5858600e-03
   1.5927100e-03
   3.8113100e-03
   5.3104200e-03
   5.9504100e-03
   6.2856700e-03
   7.3510500e-03
   8.2526100e-03
   7.6924700e-03
   6.4231100e-03
   5.3529400e-03
   3.8386100e-03
   1.7629300e-03
  -2.7977700e-04
  -2.8528100e-03
  -6.3075300e-03
  -9.7769600e-03
  -1.2616500e-02
  -1.4988300e-02
  -1.6958100e-02
  -1.7693200e-02
  -1.6907100e-02
  -1.5692600e-02
  -1.5072100e-02
  -1.4969600e-02
  -1.4472100e-02
  -1.2973200e-02
  -1.0615600e-02
  -7.6553100e-03
  -4.2195400e-03
  -5.7265800e-04
   2.9737100e-03
   5.9459900e-03
   8.1623700e-03
   1.0234900e-02
   1.2124800e-02
   1.3378500e-02
   1.4670100e-02
   1.6197400e-02
   1.6908600e-02
   1.6658700e-02
   1.6324400e-02
   1.6457800e-02
   1.6598800e-02
   1.5692600e-02
   1.4408100e-02
   1.4419700e-02
   1.5137500e-02
   1.4522000e-02
   1.2118500e-02
   8.8294100e-03
   5.3436300e-03
   2.2594500e-03
  -4.2471400e-05
  -1.8205200e-03
  -3.6312700e-03
  -5.9312000e-03
  -8.6445700e-03
  -1.0971400e-02
  -1.2566300e-02
  -1.3946500e-02
  -1.5505900e-02
  -1.7019100e-02
  -1.7273900e-02
  -1.5927800e-02
  -1.4336800e-02
  -1.2986200e-02
  -1.1008900e-02
  -7.8461900e-03
  -4.5509500e-03
  -2.6889900e-03
  -2.1977000e-03
  -1.9089600e-03
  -1.3079000e-03
  -1.0368500e-03
  -1.5901300e-03
  -1.8939400e-03
  -7.8970500e-04
   9.6019400e-04
   2.1668400e-03
   2.9575700e-03
   3.2153400e-03
   2.2347900e-03
   8.4186700e-04
   7.6381200e-04
   2.0155100e-03
   3.1392300e-03
   3.7899200e-03
   4.9800200e-03
   7.2431500e-03
   9.8454900e-03
   1.1963700e-02
   1.3450900e-02
   1.4396800e-02
   1.4958500e-02
   1.4951200e-02
   1.3458100e-02
   9.9578500e-03
   5.5659100e-03
   1.5235700e-03
  -1.6503700e-03
  -4.1095800e-03
  -6.1527800e-03
  -6.5441800e-03
  -4.4315100e-03
  -1.9738400e-03
  -7.7782600e-04
   9.9033900e-04
   4.4751300e-03
   8.8256100e-03
   1.4216900e-02
   2.1360300e-02
   2.9972900e-02
   3.8643200e-02
   4.5106600e-02
   4.8303500e-02
   4.8819900e-02
   4.7291800e-02
   4.4199700e-02
   3.9404000e-02
   3.2688000e-02
   2.5101000e-02
   1.7670300e-02
   9.7647300e-03
   1.8552300e-04
  -1.0333500e-02
  -1.9914600e-02
  -2.8109200e-02
  -3.4944200e-02
  -4.0969500e-02
  -4.7280600e-02
  -5.2676500e-02
  -5.5973000e-02
  -5.8635800e-02
  -6.1306200e-02
  -6.3107600e-02
  -6.3757300e-02
  -6.3004500e-02
  -6.0462400e-02
  -5.5864200e-02
  -4.8798100e-02
  -3.9536800e-02
  -2.8945400e-02
  -1.7946500e-02
  -7.9177000e-03
   3.5158600e-04
   7.1838800e-03
   1.3048000e-02
   1.8392700e-02
   2.2832400e-02
   2.5170500e-02
   2.5489100e-02
   2.4952800e-02
   2.4021300e-02
   2.2457300e-02
   1.9832200e-02
   1.5405100e-02
   8.7354200e-03
   8.8561300e-04
  -7.2117800e-03
  -1.5693700e-02
  -2.4074800e-02
  -3.1553100e-02
  -3.7771100e-02
  -4.3210800e-02
  -4.8400300e-02
  -5.2363400e-02
  -5.4092600e-02
  -5.3697800e-02
  -5.1284000e-02
  -4.6921400e-02
  -4.0232600e-02
  -3.0189700e-02
  -1.6464700e-02
   3.5490000e-04
   1.8166100e-02
   3.4547300e-02
   4.9531300e-02
   6.2167100e-02
   6.8882900e-02
   6.8224700e-02
   6.1899100e-02
   5.2218000e-02
   3.9774500e-02
   2.4119900e-02
   7.2458100e-03
  -5.9995000e-03
  -1.2950500e-02
  -1.6297100e-02
  -1.9766500e-02
  -2.3914600e-02
  -2.7866200e-02
  -3.1445700e-02
  -3.4440600e-02
  -3.6797200e-02
  -3.8518700e-02
  -3.9249600e-02
  -3.9144800e-02
  -3.8009900e-02
  -3.5023800e-02
  -2.9734200e-02
  -2.1919900e-02
  -1.2005100e-02
  -1.5181700e-03
   7.7444200e-03
   1.4868300e-02
   2.0112400e-02
   2.3890000e-02
   2.5946500e-02
   2.5905000e-02
   2.3998000e-02
   2.1384100e-02
   1.9533100e-02
   1.8491200e-02
   1.7222100e-02
   1.5226800e-02
   1.2379400e-02
   9.3101800e-03
   6.8740600e-03
   3.7668400e-03
  -2.3934300e-03
  -1.1547000e-02
  -2.0797400e-02
  -2.7821000e-02
  -3.3099000e-02
  -3.7184500e-02
  -3.8150900e-02
  -3.3478700e-02
  -2.2174100e-02
  -5.9312000e-03
   1.1537200e-02
   2.7033000e-02
   3.8914300e-02
   4.7616500e-02
   5.3985700e-02
   5.7493900e-02
   5.6915800e-02
   5.1983100e-02
   4.4683700e-02
   3.6792400e-02
   2.8467300e-02
   2.0762100e-02
   1.5637100e-02
   1.3480500e-02
   1.3159200e-02
   1.4081500e-02
   1.6696100e-02
   2.1260200e-02
   2.7103500e-02
   3.2958800e-02
   3.8166300e-02
   4.3221200e-02
   4.8321100e-02
   5.2713900e-02
   5.5671800e-02
   5.7299400e-02
   5.8840900e-02
   6.1151500e-02
   6.3476200e-02
   6.4512100e-02
   6.3433900e-02
   6.0276500e-02
   5.5327100e-02
   4.8680800e-02
   4.0766800e-02
   3.2252800e-02
   2.3417700e-02
   1.4487600e-02
   5.9348800e-03
  -1.8901700e-03
  -8.6419000e-03
  -1.3920100e-02
  -1.7018500e-02
  -1.7930500e-02
  -1.8437900e-02
  -2.0066800e-02
  -2.2356000e-02
  -2.4235200e-02
  -2.6313600e-02
  -3.0213100e-02
  -3.6350100e-02
  -4.4124600e-02
  -5.2627200e-02
  -6.0782200e-02
  -6.7872500e-02
  -7.3898300e-02
  -7.8437500e-02
  -8.0285300e-02
  -7.9365500e-02
  -7.6406100e-02
  -7.1725600e-02
  -6.5436300e-02
  -5.7677800e-02
  -4.8900500e-02
  -4.0042400e-02
  -3.2298100e-02
  -2.6364600e-02
  -2.2717100e-02
  -2.1724000e-02
  -2.2765900e-02
  -2.4772800e-02
  -2.6566600e-02
  -2.6737400e-02
  -2.4796900e-02
  -2.1137500e-02
  -1.5278800e-02
  -6.3972700e-03
   3.3851100e-03
   1.1143700e-02
   1.7842900e-02
   2.4776300e-02
   3.0684500e-02
   3.5817500e-02
   4.1893200e-02
   4.8837300e-02
   5.6052900e-02
   6.2795200e-02
   6.7692100e-02
   7.0660700e-02
   7.1770600e-02
   7.0067700e-02
   6.5308500e-02
   5.7426800e-02
   4.5866600e-02
   3.0913400e-02
   1.3688100e-02
  -4.0193800e-03
  -2.0407600e-02
  -3.5103800e-02
  -4.8010700e-02
  -5.8669400e-02
  -6.6937100e-02
  -7.2393400e-02
  -7.4095100e-02
  -7.1871000e-02
  -6.7011700e-02
  -5.9662500e-02
  -4.8391900e-02
  -3.3672600e-02
  -1.8065100e-02
  -3.1656100e-03
   1.1280100e-02
   2.4919600e-02
   3.5858200e-02
   4.3058900e-02
   4.6942500e-02
   4.7953500e-02
   4.6348100e-02
   4.2231900e-02
   3.5445700e-02
   2.5814400e-02
   1.4097800e-02
   2.2035500e-03
  -8.8332800e-03
  -1.9335700e-02
  -2.9341500e-02
  -3.8473300e-02
  -4.6099900e-02
  -5.1168300e-02
  -5.2775700e-02
  -5.0499200e-02
  -4.4783800e-02
  -3.6934000e-02
  -2.8945600e-02
  -2.2527600e-02
  -1.7755200e-02
  -1.4072900e-02
  -1.1248100e-02
  -9.4648200e-03
  -9.1153500e-03
  -9.6999000e-03
  -1.0185800e-02
  -1.0223000e-02
  -9.5123000e-03
  -7.8473600e-03
  -6.1737100e-03
  -5.2980000e-03
  -4.9995300e-03
  -5.3665200e-03
  -6.5905100e-03
  -7.2341800e-03
  -5.9715900e-03
  -3.6815600e-03
  -1.9326700e-03
  -1.3987300e-03
  -1.7160000e-03
  -2.6461500e-03
  -3.4201000e-03
  -2.4076700e-03
   7.7079000e-04
   5.6031000e-03
   1.1986800e-02
   1.9785300e-02
   2.7734600e-02
   3.4781100e-02
   4.1470400e-02
   4.7671700e-02
   5.2091500e-02
   5.4516900e-02
   5.5759100e-02
   5.6029900e-02
   5.5246700e-02
   5.3880500e-02
   5.2214600e-02
   4.9558900e-02
   4.5022800e-02
   3.8984900e-02
   3.2612800e-02
   2.6336100e-02
   1.9667900e-02
   1.2007000e-02
   3.9026600e-03
  -3.6977200e-03
  -1.1608300e-02
  -2.0507000e-02
  -2.8738400e-02
  -3.4709300e-02
  -3.7672500e-02
  -3.7338500e-02
  -3.3883500e-02
  -2.6034300e-02
  -1.3414300e-02
   5.4179900e-04
   1.2453800e-02
   2.1520200e-02
   2.7617000e-02
   3.0662000e-02
   3.1462400e-02
   3.1251400e-02
   3.0234800e-02
   2.8085200e-02
   2.5552000e-02
   2.3798000e-02
   2.2672100e-02
   2.0727000e-02
   1.6749200e-02
   1.1350300e-02
   6.4541800e-03
   3.0972200e-03
   1.3579000e-03
   1.4937000e-03
   2.9190900e-03
   4.2011700e-03
   5.8315900e-03
   9.6868200e-03
   1.5290200e-02
   2.0238400e-02
   2.2740300e-02
   2.2066200e-02
   1.8527500e-02
   1.2361500e-02
   3.5289500e-03
  -6.3885100e-03
  -1.5383900e-02
  -2.2959200e-02
  -2.8139400e-02
  -3.0201300e-02
  -3.0367100e-02
  -2.8713600e-02
  -2.3993100e-02
  -1.6302900e-02
  -7.0117300e-03
   2.6168500e-03
   1.1609000e-02
   1.8275800e-02
   2.1120700e-02
   2.0617100e-02
   1.7884700e-02
   1.3387700e-02
   7.5860900e-03
   1.5661500e-04
  -9.5514700e-03
  -2.0267500e-02
  -3.0108300e-02
  -3.8978400e-02
  -4.6762600e-02
  -5.2460400e-02
  -5.5946600e-02
  -5.7340000e-02
  -5.6329100e-02
  -5.2920300e-02
  -4.8146100e-02
  -4.3832500e-02
  -4.0448300e-02
  -3.7383500e-02
  -3.5049600e-02
  -3.2668400e-02
  -2.7307500e-02
  -1.7496000e-02
  -4.4226000e-03
   9.7168700e-03
   2.2476300e-02
   3.2374200e-02
   3.9378300e-02
   4.2794900e-02
   4.2207800e-02
   3.9578100e-02
   3.6181200e-02
   3.0879600e-02
   2.3574600e-02
   1.6125900e-02
   1.0146300e-02
   5.7525400e-03
   1.6935500e-03
  -2.2856100e-03
  -4.3638300e-03
  -3.5166700e-03
  -1.5301400e-03
  -2.2718100e-04
   1.1970300e-03
   3.6451000e-03
   6.2496700e-03
   8.3636000e-03
   1.0639900e-02
   1.3597800e-02
   1.6804600e-02
   1.9360000e-02
   2.0225900e-02
   1.8827300e-02
   1.5196300e-02
   9.2208400e-03
   4.9012800e-04
  -1.0035100e-02
  -2.0098700e-02
  -2.8600200e-02
  -3.4999800e-02
  -3.8929800e-02
  -4.1741700e-02
  -4.4069200e-02
  -4.4841600e-02
  -4.4230000e-02
  -4.3194500e-02
  -4.2141400e-02
  -4.0942100e-02
  -3.9809100e-02
  -3.9682300e-02
  -3.9821100e-02
  -3.8891100e-02
  -3.7625800e-02
  -3.7010100e-02
  -3.6817100e-02
  -3.5848400e-02
  -3.2582700e-02
  -2.6864500e-02
  -2.0108400e-02
  -1.4029700e-02
  -9.2093100e-03
  -5.0577100e-03
  -1.7893900e-03
  -2.4320700e-05
   7.7362500e-04
   1.6628000e-03
   3.3183000e-03
   5.7700700e-03
   8.8320900e-03
   1.2496000e-02
   1.6727100e-02
   2.1056800e-02
   2.4162600e-02
   2.4882900e-02
   2.3695200e-02
   2.2216500e-02
   2.1137900e-02
   2.0212200e-02
   1.9261700e-02
   1.7945100e-02
   1.7004300e-02
   1.7359400e-02
   1.8277200e-02
   1.9273500e-02
   2.0932300e-02
   2.3848200e-02
   2.8325500e-02
   3.3743000e-02
   3.8693800e-02
   4.2915800e-02
   4.6783600e-02
   4.9738800e-02
   5.0928900e-02
   5.0487300e-02
   4.9634400e-02
   4.9641300e-02
   5.1590100e-02
   5.5719500e-02
   6.0795900e-02
   6.4768800e-02
   6.6412600e-02
   6.6370800e-02
   6.5383300e-02
   6.2923200e-02
   5.8473600e-02
   5.2076200e-02
   4.3146200e-02
   3.0784200e-02
   1.5523000e-02
  -1.0854100e-03
  -1.8235600e-02
  -3.5447400e-02
  -5.1866000e-02
  -6.7166700e-02
  -8.1594400e-02
  -9.4635200e-02
  -1.0497500e-01
  -1.1157100e-01
  -1.1367300e-01
  -1.1062900e-01
  -1.0251300e-01
  -9.1053300e-02
  -7.8071100e-02
  -6.3541100e-02
  -4.6321400e-02
  -2.6177200e-02
  -6.0595000e-03
   1.0270900e-02
   2.2032300e-02
   2.9698600e-02
   3.3799800e-02
   3.6134600e-02
   3.8043500e-02
   3.9050200e-02
   3.8827500e-02
   3.7507000e-02
   3.5217300e-02
   3.1808000e-02
   2.5715800e-02
   1.6376800e-02
   6.2777800e-03
  -1.5573200e-03
  -5.8737300e-03
  -6.9538800e-03
  -5.3575100e-03
  -1.9892400e-03
   2.3735000e-03
   7.9744500e-03
   1.4332600e-02
   1.9741200e-02
   2.3101700e-02
   2.4023400e-02
   2.2104100e-02
   1.7698500e-02
   1.1198100e-02
   1.8977600e-03
  -8.9610400e-03
  -1.8367000e-02
  -2.5816000e-02
  -3.2346300e-02
  -3.7568800e-02
  -4.0173400e-02
  -3.9746000e-02
  -3.7610600e-02
  -3.5478000e-02
  -3.3536800e-02
  -3.1149700e-02
  -2.7444400e-02
  -2.1815600e-02
  -1.5170800e-02
  -8.0822600e-03
   3.2268000e-04
   9.7759300e-03
   1.8547000e-02
   2.5611000e-02
   3.0718700e-02
   3.3792100e-02
   3.4876700e-02
   3.4116100e-02
   3.2031100e-02
   2.8825700e-02
   2.4658700e-02
   2.0279600e-02
   1.5943300e-02
   1.2389900e-02
   1.1427300e-02
   1.3567000e-02
   1.7881200e-02
   2.2887000e-02
   2.6516800e-02
   2.7821800e-02
   2.7027400e-02
   2.3404700e-02
   1.6272800e-02
   7.5387800e-03
  -4.9860100e-04
  -7.5178600e-03
  -1.2899100e-02
  -1.5979200e-02
  -1.7750000e-02
  -1.8562600e-02
  -1.6777100e-02
  -1.1506400e-02
  -3.8987500e-03
   4.6089100e-03
   1.3070100e-02
   2.0303400e-02
   2.4842300e-02
   2.6226800e-02
   2.5507400e-02
   2.3587800e-02
   2.0171400e-02
   1.4804700e-02
   7.7912700e-03
   3.0458400e-04
  -6.3077100e-03
  -1.1811900e-02
  -1.7023600e-02
  -2.1877300e-02
  -2.5224400e-02
  -2.6894300e-02
  -2.8366400e-02
  -3.0911700e-02
  -3.4571500e-02
  -3.8739300e-02
  -4.1851700e-02
  -4.2740400e-02
  -4.1608100e-02
  -3.8332500e-02
  -3.2627900e-02
  -2.5467800e-02
  -1.7973400e-02
  -1.0425100e-02
  -3.1470300e-03
   3.4932500e-03
   8.9735400e-03
   1.2884900e-02
   1.4883100e-02
   1.4146500e-02
   1.1342800e-02
   8.2620300e-03
   5.6100200e-03
   4.1317600e-03
   4.4208800e-03
   5.3103900e-03
   5.2852100e-03
   4.0104100e-03
   1.5593800e-03
  -1.7886000e-03
  -5.1836700e-03
  -7.7009700e-03
  -8.3378800e-03
  -7.0157000e-03
  -5.1687400e-03
  -3.6835900e-03
  -1.9913800e-03
   2.3420800e-04
   2.3358600e-03
   3.6614300e-03
   4.1273900e-03
   3.9106000e-03
   2.5471100e-03
  -2.1454100e-04
  -3.9314700e-03
  -8.2355800e-03
  -1.2547400e-02
  -1.6099500e-02
  -1.8049400e-02
  -1.7512600e-02
  -1.4127100e-02
  -8.7510700e-03
  -2.4219900e-03
   4.0807300e-03
   9.7792100e-03
   1.5037100e-02
   2.1037600e-02
   2.7290400e-02
   3.2107800e-02
   3.4501500e-02
   3.4515900e-02
   3.2388300e-02
   2.7443300e-02
   1.9372300e-02
   1.0049100e-02
   1.3427700e-03
  -6.8038800e-03
  -1.4608100e-02
  -2.1781500e-02
  -2.8793700e-02
  -3.5613700e-02
  -4.0591000e-02
  -4.2444200e-02
  -4.1385500e-02
  -3.8189600e-02
  -3.3111400e-02
  -2.5931400e-02
  -1.6784000e-02
  -6.2744100e-03
   4.1495200e-03
   1.2778300e-02
   1.9572300e-02
   2.5231700e-02
   2.8925000e-02
   2.9298000e-02
   2.7278300e-02
   2.5093100e-02
   2.3028600e-02
   2.0482300e-02
   1.7951200e-02
   1.6028600e-02
   1.4709100e-02
   1.3710200e-02
   1.2803900e-02
   1.2122600e-02
   1.1868600e-02
   1.2161400e-02
   1.2682100e-02
   1.2118900e-02
   9.8742000e-03
   6.9522100e-03
   4.6725700e-03
   3.7671000e-03
   4.1727100e-03
   5.6033600e-03
   7.2018800e-03
   7.4397300e-03
   5.6592500e-03
   2.5106000e-03
  -1.0080800e-03
  -4.2341600e-03
  -7.1155600e-03
  -1.0079400e-02
  -1.3131600e-02
  -1.5419900e-02
  -1.6879000e-02
  -1.8808400e-02
  -2.1300800e-02
  -2.2957700e-02
  -2.3907300e-02
  -2.5220600e-02
  -2.7075900e-02
  -2.9504000e-02
  -3.2044300e-02
  -3.3886200e-02
  -3.4982000e-02
  -3.5469200e-02
  -3.5127400e-02
  -3.3247300e-02
  -2.8536100e-02
  -2.1805600e-02
  -1.5786500e-02
  -1.0811400e-02
  -6.2452900e-03
  -2.8471400e-03
  -1.0183800e-03
  -7.6884600e-04
  -1.8336500e-03
  -2.9011100e-03
  -3.2494000e-03
  -3.8619100e-03
  -5.1288300e-03
  -5.4979700e-03
  -3.6501000e-03
   4.8092200e-04
   6.6249800e-03
   1.3783000e-02
   2.0247100e-02
   2.4677300e-02
   2.6257000e-02
   2.4712700e-02
   2.0213500e-02
   1.3464200e-02
   5.7029100e-03
  -2.4271000e-03
  -1.0427700e-02
  -1.7948100e-02
  -2.4553400e-02
  -2.8909000e-02
  -3.0574600e-02
  -2.9794200e-02
  -2.5825600e-02
  -1.8279200e-02
  -8.8689000e-03
   8.8270700e-04
   1.1102500e-02
   2.0906300e-02
   2.8987600e-02
   3.5854800e-02
   4.1327100e-02
   4.3751500e-02
   4.3762600e-02
   4.3268200e-02
   4.2339500e-02
   4.1132000e-02
   4.0687200e-02
   4.1241600e-02
   4.2623200e-02
   4.4645300e-02
   4.6517400e-02
   4.7484800e-02
   4.7540200e-02
   4.6530200e-02
   4.3544400e-02
   3.8541800e-02
   3.2951100e-02
   2.7584900e-02
   2.2302400e-02
   1.8001000e-02
   1.5684200e-02
   1.4255800e-02
   1.2182600e-02
   8.7915200e-03
   4.0073800e-03
  -1.5326300e-03
  -7.7430300e-03
  -1.4485600e-02
  -2.0138800e-02
  -2.4026700e-02
  -2.7178600e-02
  -2.9780400e-02
  -3.0938800e-02
  -3.0307000e-02
  -2.8884900e-02
  -2.7562100e-02
  -2.6229000e-02
  -2.4504100e-02
  -2.2320900e-02
  -2.0173500e-02
  -1.7964600e-02
  -1.5384700e-02
  -1.3010900e-02
  -1.1123800e-02
  -8.9823800e-03
  -5.8967200e-03
  -2.1346700e-03
   1.6036100e-03
   4.6281500e-03
   6.3958000e-03
   6.8138400e-03
   5.4768900e-03
   1.7712800e-03
  -3.4449900e-03
  -8.0409200e-03
  -1.1079100e-02
  -1.3281700e-02
  -1.5259100e-02
  -1.6776000e-02
  -1.7222100e-02
  -1.6751400e-02
  -1.5872500e-02
  -1.4230500e-02
  -1.1234100e-02
  -7.3678200e-03
  -4.0267200e-03
  -1.8468200e-03
  -8.6320800e-04
  -1.0622900e-03
  -2.1236200e-03
  -3.6008300e-03
  -4.2879800e-03
  -3.4081200e-03
  -1.1882400e-03
   2.3742900e-03
   6.9511200e-03
   1.2244300e-02
   1.8420400e-02
   2.4962200e-02
   3.0852300e-02
   3.5855000e-02
   3.9766500e-02
   4.1128400e-02
   3.9582500e-02
   3.6741800e-02
   3.3159400e-02
   2.7785700e-02
   2.0159300e-02
   1.1928200e-02
   5.5090800e-03
   1.3021800e-03
  -1.8108000e-03
  -3.6315300e-03
  -3.1909300e-03
  -9.4826200e-04
   1.8616300e-03
   4.7876000e-03
   7.5583300e-03
   9.3050600e-03
   9.3391200e-03
   6.7674300e-03
   1.2225400e-03
  -5.1411500e-03
  -1.0128400e-02
  -1.4236300e-02
  -1.8467400e-02
  -2.2687000e-02
  -2.7038100e-02
  -3.2113800e-02
  -3.7628500e-02
  -4.2468900e-02
  -4.6560200e-02
  -5.0025400e-02
  -5.1261200e-02
  -4.9781600e-02
  -4.6960900e-02
  -4.3408000e-02
  -3.8527300e-02
  -3.1977800e-02
  -2.4662300e-02
  -1.7265700e-02
  -1.0122600e-02
  -4.2381900e-03
   4.3035300e-05
   3.2152600e-03
   5.0861000e-03
   5.5045500e-03
   5.1666200e-03
   4.4985200e-03
   3.8230900e-03
   3.6796600e-03
   4.0110900e-03
   4.7282100e-03
   6.2639400e-03
   8.8521900e-03
   1.2019200e-02
   1.4872900e-02
   1.7255300e-02
   1.9325400e-02
   2.0227400e-02
   1.9605600e-02
   1.8333200e-02
   1.6579900e-02
   1.3938000e-02
   1.0319500e-02
   5.7469500e-03
   8.9879100e-04
  -3.4052100e-03
  -6.8124500e-03
  -8.5141200e-03
  -8.7649000e-03
  -9.2247800e-03
  -9.8403500e-03
  -9.7493000e-03
  -9.4747200e-03
  -9.2738200e-03
  -8.5087600e-03
  -7.0323600e-03
  -4.9459900e-03
  -2.4570100e-03
  -1.8347100e-04
   1.4946300e-03
   2.6350900e-03
   3.9365800e-03
   5.7011700e-03
   6.4127600e-03
   4.8109800e-03
   1.9435600e-03
  -1.2279500e-03
  -5.4768700e-03
  -1.0961900e-02
  -1.5914400e-02
  -1.8995100e-02
  -2.0828700e-02
  -2.1719200e-02
  -2.1393900e-02
  -2.0328800e-02
  -1.8829200e-02
  -1.6867400e-02
  -1.4948600e-02
  -1.3741800e-02
  -1.2630000e-02
  -1.0698900e-02
  -8.6228200e-03
  -7.4848900e-03
  -7.5171800e-03
  -8.0183500e-03
  -7.8979700e-03
  -7.2486400e-03
  -6.9462600e-03
  -7.3686500e-03
  -8.3499000e-03
  -9.3984400e-03
  -1.0525200e-02
  -1.2154600e-02
  -1.3930000e-02
  -1.4641300e-02
  -1.3175700e-02
  -9.2667600e-03
  -3.3579900e-03
   4.1283900e-03
   1.2735300e-02
   2.1044300e-02
   2.7344800e-02
   3.1796400e-02
   3.5742600e-02
   3.9662100e-02
   4.3306600e-02
   4.6727500e-02
   5.0164700e-02
   5.3048900e-02
   5.4441400e-02
   5.4037800e-02
   5.2357800e-02
   5.0130800e-02
   4.7064700e-02
   4.2961100e-02
   3.9166200e-02
   3.6081200e-02
   3.3027500e-02
   3.0414500e-02
   2.8120700e-02
   2.5376900e-02
   2.2559700e-02
   2.0087300e-02
   1.7546100e-02
   1.4990900e-02
   1.2897500e-02
   1.1213000e-02
   9.8844600e-03
   9.1033900e-03
   9.2280100e-03
   1.0485600e-02
   1.2134600e-02
   1.2636600e-02
   1.1145900e-02
   7.9802000e-03
   3.2344700e-03
  -3.0572900e-03
  -1.0204800e-02
  -1.7558700e-02
  -2.4858600e-02
  -3.1145000e-02
  -3.5174300e-02
  -3.7808000e-02
  -4.0700000e-02
  -4.3909400e-02
  -4.6639400e-02
  -4.8733000e-02
  -5.0556600e-02
  -5.2290200e-02
  -5.4478900e-02
  -5.7270800e-02
  -5.9859500e-02
  -6.1838000e-02
  -6.3233700e-02
  -6.4040100e-02
  -6.3977600e-02
  -6.2353600e-02
  -5.8970200e-02
  -5.4687200e-02
  -5.0319500e-02
  -4.5726800e-02
  -4.0220200e-02
  -3.3484700e-02
  -2.6445900e-02
  -2.0434200e-02
  -1.5295900e-02
  -9.7665200e-03
  -4.0851500e-03
   5.4065800e-04
   4.2075100e-03
   7.3579100e-03
   1.0157900e-02
   1.2884600e-02
   1.5049700e-02
   1.5854200e-02
   1.5768600e-02
   1.5791600e-02
   1.5720100e-02
   1.5082500e-02
   1.5035000e-02
   1.7036900e-02
   2.1067000e-02
   2.6382800e-02
   3.2687700e-02
   3.9391300e-02
   4.4659000e-02
   4.7460000e-02
   4.8620500e-02
   4.8930300e-02
   4.8536700e-02
   4.7807000e-02
   4.7045500e-02
   4.5842000e-02
   4.3997900e-02
   4.2366800e-02
   4.1306000e-02
   3.9779900e-02
   3.7438300e-02
   3.4790300e-02
   3.1987300e-02
   2.9016900e-02
   2.5693100e-02
   2.2117800e-02
   1.8317300e-02
   1.3402000e-02
   7.2717800e-03
   9.0965400e-04
  -5.5888700e-03
  -1.2017200e-02
  -1.7788300e-02
  -2.3056500e-02
  -2.7373900e-02
  -2.9880300e-02
  -3.1004300e-02
  -3.1517700e-02
  -3.0959200e-02
  -2.8793100e-02
  -2.5260200e-02
  -2.0552400e-02
  -1.5189500e-02
  -9.9309100e-03
  -4.4043500e-03
   2.1134500e-03
   8.8056200e-03
   1.4204600e-02
   1.7895100e-02
   2.0559100e-02
   2.2726000e-02
   2.3773700e-02
   2.3728700e-02
   2.4102100e-02
   2.5543900e-02
   2.7336700e-02
   2.8963600e-02
   3.0740200e-02
   3.2488200e-02
   3.2788700e-02
   3.1169100e-02
   2.8585800e-02
   2.5136600e-02
   2.0828500e-02
   1.6728400e-02
   1.3342500e-02
   1.0446800e-02
   7.9092800e-03
   5.5104300e-03
   3.1279700e-03
   9.9210100e-04
  -1.4397900e-03
  -5.0506800e-03
  -9.6833400e-03
  -1.4835000e-02
  -2.0243600e-02
  -2.5293600e-02
  -2.9005400e-02
  -3.1361200e-02
  -3.2871100e-02
  -3.3945200e-02
  -3.5190300e-02
  -3.6204200e-02
  -3.6331000e-02
  -3.5530600e-02
  -3.4040300e-02
  -3.2901300e-02
  -3.2662100e-02
  -3.3140100e-02
  -3.4563400e-02
  -3.6648600e-02
  -3.8822000e-02
  -4.0642000e-02
  -4.1859500e-02
  -4.2969300e-02
  -4.3608800e-02
  -4.2261000e-02
  -3.8612700e-02
  -3.3930700e-02
  -2.8930500e-02
  -2.3153300e-02
  -1.6577900e-02
  -1.0461700e-02
  -5.7593900e-03
  -2.1985100e-03
   6.1364500e-04
   3.0916700e-03
   5.4571500e-03
   7.3287200e-03
   8.7503600e-03
   1.0310000e-02
   1.1932700e-02
   1.3363200e-02
   1.5259700e-02
   1.8389800e-02
   2.2808000e-02
   2.8070000e-02
   3.3613700e-02
   3.8797700e-02
   4.2886300e-02
   4.5597300e-02
   4.6599900e-02
   4.5286000e-02
   4.2186100e-02
   3.8161700e-02
   3.3258000e-02
   2.7884100e-02
   2.2258900e-02
   1.5507000e-02
   7.7984700e-03
   8.6315800e-04
  -4.3661100e-03
  -7.9832300e-03
  -1.0616400e-02
  -1.3028300e-02
  -1.5270000e-02
  -1.7051200e-02
  -1.7898700e-02
  -1.8326000e-02
  -1.9477700e-02
  -2.0670100e-02
  -2.0892200e-02
  -2.0748300e-02
  -2.0711800e-02
  -2.0018800e-02
  -1.8677400e-02
  -1.7704000e-02
  -1.7293400e-02
  -1.7329300e-02
  -1.7947500e-02
  -1.8634600e-02
  -1.8928000e-02
  -1.9783600e-02
  -2.0848100e-02
  -1.9704400e-02
  -1.6229600e-02
  -1.2047000e-02
  -7.7116700e-03
  -3.7349400e-03
  -8.7265300e-04
   8.0443800e-04
   2.0058300e-03
   3.3656900e-03
   4.2756800e-03
   3.7505400e-03
   1.9696300e-03
  -3.9840300e-04
  -2.9079300e-03
  -4.9596400e-03
  -6.0312000e-03
  -5.8538000e-03
  -4.3082900e-03
  -1.9601700e-03
   2.8624600e-04
   2.3327500e-03
   4.7606900e-03
   7.7714500e-03
   1.0649700e-02
   1.2951000e-02
   1.5101700e-02
   1.7182600e-02
   1.8986400e-02
   2.0686200e-02
   2.2016500e-02
   2.2638200e-02
   2.3007200e-02
   2.2836700e-02
   2.1509800e-02
   1.9642100e-02
   1.7954800e-02
   1.6389900e-02
   1.4832900e-02
   1.3928300e-02
   1.3733900e-02
   1.2980500e-02
   1.1626300e-02
   1.0990200e-02
   1.1103100e-02
   1.1521600e-02
   1.2819400e-02
   1.5024600e-02
   1.7456800e-02
   1.9824300e-02
   2.1525200e-02
   2.2059900e-02
   2.1538200e-02
   1.9711500e-02
   1.6598100e-02
   1.2924600e-02
   8.8609100e-03
   4.5921700e-03
   1.1723700e-03
  -1.4384900e-03
  -3.8421400e-03
  -5.6892100e-03
  -6.8568900e-03
  -7.4351800e-03
  -7.5191200e-03
  -7.5413100e-03
  -7.4566300e-03
  -6.3368400e-03
  -4.4389200e-03
  -3.2591000e-03
  -2.3285400e-03
  -3.5362700e-04
   2.1786900e-03
   4.3746000e-03
   6.0466700e-03
   6.9863200e-03
   6.9101500e-03
   5.8009200e-03
   4.1143800e-03
   2.4511800e-03
   1.0746600e-03
   3.3494900e-04
   5.8287400e-04
   1.7574300e-03
   3.2071200e-03
   4.4725700e-03
   5.6399600e-03
   6.3016500e-03
   6.1241500e-03
   6.0009700e-03
   6.0324300e-03
   5.2141900e-03
   4.0677000e-03
   3.1951100e-03
   1.8980100e-03
  -1.4630100e-04
  -2.4055200e-03
  -4.6081600e-03
  -6.8469600e-03
  -8.7246600e-03
  -9.6744500e-03
  -9.5761700e-03
  -8.8041600e-03
  -8.0063700e-03
  -7.8030400e-03
  -8.4244600e-03
  -9.7658600e-03
  -1.1421100e-02
  -1.2794400e-02
  -1.3676600e-02
  -1.3749800e-02
  -1.3058900e-02
  -1.2625200e-02
  -1.2742500e-02
  -1.2840700e-02
  -1.2783300e-02
  -1.2755300e-02
  -1.2735300e-02
  -1.2694100e-02
  -1.3047800e-02
  -1.4087300e-02
  -1.5423300e-02
  -1.6841100e-02
  -1.8199600e-02
  -1.9152800e-02
  -1.9565400e-02
  -1.9009900e-02
  -1.7047400e-02
  -1.3614700e-02
  -9.1419300e-03
  -4.5177700e-03
   2.7860600e-04
   5.4066000e-03
   9.8068800e-03
   1.2477300e-02
   1.3377300e-02
   1.3156400e-02
   1.2157100e-02
   1.0363900e-02
   8.6058100e-03
   7.8349700e-03
   7.5044100e-03
   6.8436300e-03
   6.0649700e-03
   5.5119900e-03
   5.0683000e-03
   4.4428200e-03
   4.2709700e-03
   5.4527100e-03
   7.7267100e-03
   9.9738200e-03
   1.1510600e-02
   1.2498000e-02
   1.3015300e-02
   1.3090200e-02
   1.3080200e-02
   1.2869200e-02
   1.1729400e-02
   9.5212800e-03
   6.7941900e-03
   4.2320500e-03
   2.1942600e-03
   1.1504800e-04
  -2.2680600e-03
  -4.3780900e-03
  -5.8426900e-03
  -6.8997700e-03
  -8.0362100e-03
  -8.8961100e-03
  -9.0680600e-03
  -8.6249500e-03
  -7.4256800e-03
  -5.5206900e-03
  -3.2421900e-03
  -1.1072600e-03
   6.3661000e-04
   2.0421400e-03
   3.0905700e-03
   3.8697200e-03
   3.8672200e-03
   2.2802100e-03
  -3.2571400e-04
  -2.8740700e-03
  -5.3979500e-03
  -8.1228000e-03
  -1.0215300e-02
  -1.0750500e-02
  -1.0257600e-02
  -9.6787000e-03
  -8.9334800e-03
  -8.0644100e-03
  -7.3299300e-03
  -6.2232000e-03
  -4.8088600e-03
  -3.7145200e-03
  -2.7468500e-03
  -1.6077200e-03
  -2.4062300e-04
   9.9545500e-04
   1.5563100e-03
   2.0825000e-03
   3.5614400e-03
   5.1731500e-03
   5.2186600e-03
   4.3460200e-03
   3.8242800e-03
   2.9469700e-03
   1.2631300e-03
  -4.1261300e-04
  -1.4780500e-03
  -2.3426600e-03
  -2.7249600e-03
  -2.1599400e-03
  -1.3626900e-03
  -3.1131400e-04
   1.1243600e-03
   2.4383200e-03
   3.8433900e-03
   5.4806300e-03
   6.5186700e-03
   6.5841900e-03
   6.4487600e-03
   6.3641000e-03
   5.4733200e-03
   3.4214500e-03
   8.3615500e-04
  -1.9659900e-03
  -4.7295300e-03
  -6.8523800e-03
  -8.4344700e-03
  -9.4800300e-03
  -9.1893000e-03
  -7.7480100e-03
  -6.2437200e-03
  -4.9652100e-03
  -3.6481100e-03
  -2.2695500e-03
  -9.4502000e-04
   5.8255500e-04
   2.4145700e-03
   4.3006800e-03
   5.9295000e-03
   7.2455200e-03
   8.7256300e-03
   1.0345700e-02
   1.1580100e-02
   1.2074400e-02
   1.1566900e-02
   1.0312600e-02
   9.2947600e-03
   8.3211700e-03
   6.0563900e-03
   2.8773600e-03
   1.7505400e-05
  -2.5707300e-03
  -5.2233900e-03
  -7.6466700e-03
  -9.2734900e-03
  -9.7838000e-03
  -9.6467600e-03
  -9.5778300e-03
  -9.5035600e-03
  -8.9309800e-03
  -7.9041400e-03
  -6.9738900e-03
  -6.6512400e-03
  -6.5313700e-03
  -5.3981900e-03
  -3.2343300e-03
  -1.4120200e-03
  -2.1108600e-04
   9.2037700e-04
   1.5953500e-03
   1.4928100e-03
   3.0878000e-04
  -2.3218300e-03
  -6.1286100e-03
  -1.0478400e-02
  -1.4674400e-02
  -1.9134100e-02
  -2.3741600e-02
  -2.6914800e-02
  -2.8218200e-02
  -2.8172700e-02
  -2.7148700e-02
  -2.5391600e-02
  -2.2874900e-02
  -1.9853900e-02
  -1.6980000e-02
  -1.4440600e-02
  -1.1764600e-02
  -8.8426300e-03
  -6.4298500e-03
  -5.2133200e-03
  -5.0472400e-03
  -5.1950500e-03
  -5.3039100e-03
  -5.2129500e-03
  -4.3165100e-03
  -2.5956700e-03
  -8.6290900e-04
   4.8027600e-04
   1.6740700e-03
   3.0895600e-03
   5.0066700e-03
   6.9634900e-03
   8.6217800e-03
   1.0742600e-02
   1.3558200e-02
   1.6241900e-02
   1.8280900e-02
   2.0006800e-02
   2.1776100e-02
   2.3507300e-02
   2.5081100e-02
   2.6197800e-02
   2.6510900e-02
   2.6393100e-02
   2.6422700e-02
   2.6472200e-02
   2.5804700e-02
   2.4095200e-02
   2.2124300e-02
   2.1126800e-02
   2.1325100e-02
   2.1301600e-02
   2.0193000e-02
   1.9000900e-02
   1.8846300e-02
   1.9426000e-02
   1.9690600e-02
   1.9547700e-02
   1.9538600e-02
   1.9431100e-02
   1.8558500e-02
   1.6899100e-02
   1.4927600e-02
   1.3144000e-02
   1.1606800e-02
   1.0217200e-02
   9.0713700e-03
   7.8882200e-03
   6.4836200e-03
   5.0245000e-03
   3.9323000e-03
   3.1283000e-03
   1.5919100e-03
  -7.9071300e-04
  -3.2518400e-03
  -5.7258600e-03
  -8.4198500e-03
  -1.0857800e-02
  -1.2810000e-02
  -1.4421400e-02
  -1.5238700e-02
  -1.5835600e-02
  -1.7146700e-02
  -1.8580600e-02
  -2.0180600e-02
  -2.2253900e-02
  -2.3726200e-02
  -2.4081100e-02
  -2.3900000e-02
  -2.3470000e-02
  -2.2613500e-02
  -2.1314400e-02
  -1.9847800e-02
  -1.8074200e-02
  -1.5644800e-02
  -1.3208200e-02
  -1.1279700e-02
  -9.3246500e-03
  -7.2487400e-03
  -5.0330500e-03
  -2.8792700e-03
  -1.7306000e-03
  -1.4711500e-03
  -1.4782400e-03
  -1.6876500e-03
  -2.0676400e-03
  -2.7167700e-03
  -2.9361700e-03
  -1.5245200e-03
   1.1330800e-03
   3.5500600e-03
   5.4172600e-03
   7.3009700e-03
   8.8834100e-03
   9.8482200e-03
   1.0429300e-02
   1.0329300e-02
   8.8964400e-03
   6.7580200e-03
   5.2317500e-03
   4.0569100e-03
   2.6593200e-03
   1.5144600e-03
   1.0445600e-03
   8.8968400e-04
   6.2934900e-04
   6.8699600e-04
   1.4513100e-03
   2.2044100e-03
   2.1163100e-03
   1.4728000e-03
   1.3074900e-03
   2.2776000e-03
   3.3848600e-03
   3.4308500e-03
   2.9746000e-03
   2.2712100e-03
   1.3182700e-03
   5.9962900e-04
  -4.5830500e-04
  -2.1088300e-03
  -3.5120400e-03
  -4.1150700e-03
  -4.1439300e-03
  -4.1722100e-03
  -4.1853300e-03
  -3.6685700e-03
  -2.3679700e-03
  -4.9249900e-04
   1.3343500e-03
   3.0358600e-03
   4.7829100e-03
   5.7351000e-03
   5.6483800e-03
   5.2829000e-03
   4.3850300e-03
   2.8621900e-03
   2.0078100e-03
   1.8272300e-03
   1.2283400e-03
   8.4240500e-04
   1.1069200e-03
   1.0037800e-03
   5.2424800e-04
  -1.4334300e-05
  -9.7604300e-04
  -1.9091600e-03
  -2.4654800e-03
  -3.3255200e-03
  -4.0762200e-03
  -3.5679200e-03
  -2.1896900e-03
  -1.0726000e-03
  -3.5703500e-04
   5.0214200e-04
   1.3755600e-03
   1.4063200e-03
   1.6236800e-04
  -1.7668500e-03
  -3.2936100e-03
  -4.2307700e-03
  -5.3723000e-03
  -6.5689200e-03
  -6.9799700e-03
  -7.4141400e-03
  -8.7434400e-03
  -9.7051600e-03
  -9.2377900e-03
  -7.9208800e-03
  -6.4298800e-03
  -4.9097400e-03
  -3.2323800e-03
  -1.4139200e-03
  -5.6940700e-07
   8.2765300e-04
   1.2501400e-03
   1.3073200e-03
   1.4790100e-03
   2.1553400e-03
   2.8008300e-03
   2.7478900e-03
   2.0280800e-03
   9.9081100e-04
   1.2085700e-04
  -4.4952400e-04
  -1.4957600e-03
  -3.0100000e-03
  -3.7315100e-03
  -3.4642100e-03
  -3.3544000e-03
  -3.7493900e-03
  -3.7568500e-03
  -3.0678900e-03
  -2.2823500e-03
  -1.8355000e-03
  -1.8486300e-03
  -1.8644600e-03
  -1.5842700e-03
  -1.2907700e-03
  -5.6543400e-04
   6.4795300e-04
   1.8135700e-03
   2.9883300e-03
   3.7380900e-03
   3.5321500e-03
   2.8184100e-03
   2.5455700e-03
   3.1577000e-03
   3.9740400e-03
   4.2363700e-03
   3.8927100e-03
   3.1630600e-03
   1.9909300e-03
  -1.5202000e-04
  -3.0163000e-03
  -5.4645300e-03
  -7.2025400e-03
  -8.7349700e-03
  -1.0634100e-02
  -1.2798900e-02
  -1.3783600e-02
  -1.3131600e-02
  -1.2087600e-02
  -1.0701600e-02
  -8.6345500e-03
  -6.4770000e-03
  -5.0542100e-03
  -4.6918100e-03
  -4.5054100e-03
  -4.2050600e-03
  -4.0272100e-03
  -3.4109700e-03
  -2.4246700e-03
  -1.8181100e-03
  -1.4601700e-03
  -7.5795900e-04
   4.5751000e-04
   2.7394800e-03
   6.2159800e-03
   9.8128500e-03
   1.2892000e-02
   1.5311200e-02
   1.6738600e-02
   1.7240200e-02
   1.7600300e-02
   1.8435600e-02
   1.9487400e-02
   2.0494200e-02
   2.1559000e-02
   2.2482500e-02
   2.2936800e-02
   2.2860400e-02
   2.2609000e-02
   2.2510100e-02
   2.1796800e-02
   2.0029100e-02
   1.8236200e-02
   1.6652000e-02
   1.4793000e-02
   1.2767800e-02
   1.0623200e-02
   8.7106300e-03
   7.5557000e-03
   7.0859200e-03
   6.9344300e-03
   6.5441800e-03
   5.4056500e-03
   3.3304800e-03
   9.3197400e-04
  -8.3157600e-04
  -1.9657400e-03
  -3.0089900e-03
  -3.4907400e-03
  -2.5624800e-03
  -1.2493100e-03
  -1.0471600e-03
  -1.5452300e-03
  -1.9202700e-03
  -2.4004800e-03
  -3.1928800e-03
  -4.0211100e-03
  -4.6647800e-03
  -5.4634100e-03
  -6.6831300e-03
  -7.5924600e-03
  -8.0378300e-03
  -8.5673400e-03
  -8.5082300e-03
  -7.6507200e-03
  -7.2109400e-03
  -7.4788800e-03
  -7.9897500e-03
  -8.4809800e-03
  -8.8405500e-03
  -9.1126000e-03
  -8.8524000e-03
  -8.0233500e-03
  -7.6846200e-03
  -8.3126900e-03
  -9.1612000e-03
  -9.4716500e-03
  -9.4703300e-03
  -9.2734500e-03
  -8.5074500e-03
  -7.3714600e-03
  -6.2619700e-03
  -5.0361100e-03
  -3.1465900e-03
  -7.3858600e-04
   1.6457000e-03
   3.6562200e-03
   5.1055900e-03
   6.1944700e-03
   6.8485300e-03
   6.7858400e-03
   5.9667200e-03
   4.6814600e-03
   3.2934600e-03
   1.5905900e-03
  -3.1656100e-04
  -1.6327800e-03
  -2.4055000e-03
  -3.0103900e-03
  -2.7794500e-03
  -1.7352100e-03
  -1.0505600e-03
  -9.6255700e-04
  -1.4848300e-03
  -2.4876800e-03
  -3.3694600e-03
  -4.5409200e-03
  -6.0721400e-03
  -6.9001700e-03
  -6.8321800e-03
  -6.4801000e-03
  -6.4609000e-03
  -7.5005600e-03
  -8.8784700e-03
  -8.8953000e-03
  -8.0176000e-03
  -7.7685500e-03
  -7.9581100e-03
  -7.6163400e-03
  -6.7637300e-03
  -6.1137400e-03
  -5.5732400e-03
  -4.6315900e-03
  -3.5582800e-03
  -2.7398100e-03
  -2.1861300e-03
  -1.6818100e-03
  -9.3525800e-04
  -1.5008300e-04
   1.0698600e-04
  -4.3850600e-04
  -1.7778800e-03
  -3.6258600e-03
  -5.5234000e-03
  -7.1966600e-03
  -8.5803400e-03
  -9.6125700e-03
  -1.0095900e-02
  -1.0344200e-02
  -1.0740200e-02
  -1.0661800e-02
  -9.7658400e-03
  -8.7694100e-03
  -8.2662400e-03
  -7.9071300e-03
  -7.1571300e-03
  -6.0640100e-03
  -4.8076800e-03
  -3.4231700e-03
  -1.6382800e-03
   3.2248100e-04
   1.2709100e-03
   1.1054100e-03
   6.0852100e-04
  -2.3392900e-04
  -1.3219000e-03
  -2.4853300e-03
  -3.5619600e-03
  -3.9771200e-03
  -3.7237100e-03
  -3.2203200e-03
  -2.9142000e-03
  -2.8684200e-03
  -2.3849800e-03
  -1.5028500e-03
  -7.5451900e-04
   1.4003300e-04
   1.0846000e-03
   1.7176900e-03
   2.1813100e-03
   2.3587600e-03
   2.2149100e-03
   2.0532200e-03
   1.8063800e-03
   1.3912800e-03
   1.1250300e-03
   1.0950100e-03
   1.3067800e-03
   1.8665200e-03
   2.8528800e-03
   4.0162100e-03
   4.8864000e-03
   5.7959700e-03
   6.9448700e-03
   7.8651000e-03
   8.5748900e-03
   9.1677400e-03
   9.4882000e-03
   9.5229400e-03
   9.3057600e-03
   8.8897500e-03
   8.0356600e-03
   6.8371400e-03
   5.7377700e-03
   4.6118500e-03
   3.6469600e-03
   3.4714100e-03
   3.8270300e-03
   4.1590200e-03
   4.8077400e-03
   5.7625900e-03
   5.7345400e-03
   4.4304200e-03
   3.4844000e-03
   3.5332800e-03
   3.9444300e-03
   4.5626400e-03
   5.2163300e-03
   5.5555500e-03
   5.6611700e-03
   5.9033000e-03
   5.8579100e-03
   4.9079000e-03
   3.8850100e-03
   3.7064400e-03
   3.7074100e-03
   3.0607500e-03
   1.9658900e-03
   9.6345400e-04
   3.6255500e-04
  -1.7566800e-04
  -9.2295000e-04
  -1.6580600e-03
  -2.5656800e-03
  -3.7073800e-03
  -5.0379700e-03
  -6.3606000e-03
  -6.5106800e-03
  -5.3475300e-03
  -3.9170200e-03
  -2.2554200e-03
   2.0578200e-05
   2.6351400e-03
   4.7700500e-03
   6.0015100e-03
   7.0309400e-03
   8.3832200e-03
   9.5556300e-03
   1.0168900e-02
   1.0431000e-02
   1.0589700e-02
   1.0719100e-02
   1.0756600e-02
   1.0653100e-02
   1.0161600e-02
   9.2298800e-03
   8.1788800e-03
   7.0008800e-03
   5.9870000e-03
   5.6733100e-03
   5.5116000e-03
   4.5051700e-03
   3.2858300e-03
   2.9178000e-03
   3.1443300e-03
   3.4841900e-03
   3.7109800e-03
   3.7821800e-03
   3.8374800e-03
   3.4468900e-03
   2.2512800e-03
   4.6961500e-04
  -1.9013300e-03
  -4.1443800e-03
  -5.4078200e-03
  -6.2343300e-03
  -7.4166800e-03
  -8.8091500e-03
  -9.7639500e-03
  -9.9112000e-03
  -9.6193400e-03
  -9.3906500e-03
  -8.7632200e-03
  -7.5582800e-03
  -6.7512400e-03
  -6.7065400e-03
  -6.8626800e-03
  -7.0096100e-03
  -7.0715700e-03
  -6.7076000e-03
  -6.2714600e-03
  -6.7608000e-03
  -7.6926400e-03
  -7.5865300e-03
  -7.2367900e-03
  -7.8575300e-03
  -8.4087000e-03
  -8.1687300e-03
  -7.6369400e-03
  -7.1066000e-03
  -6.1986900e-03
  -4.7482300e-03
  -3.1384000e-03
  -1.3164200e-03
   8.4771000e-04
   2.9035200e-03
   4.5913800e-03
   6.3309900e-03
   7.8198300e-03
   8.4924900e-03
   8.6215000e-03
   7.9278800e-03
   6.2674300e-03
   4.8314300e-03
   4.1847800e-03
   3.7567700e-03
   3.6278900e-03
   3.9237200e-03
   4.2768700e-03
   4.7917200e-03
   5.1884600e-03
   4.5836400e-03
   3.2431200e-03
   2.3730200e-03
   2.4297900e-03
   2.7524800e-03
   2.6834200e-03
   2.5545800e-03
   2.4960500e-03
   2.4839300e-03
   3.3662500e-03
   5.0565900e-03
   6.2391600e-03
   6.7713200e-03
   7.3660800e-03
   7.6151300e-03
   6.9973200e-03
   5.9703900e-03
   4.8361000e-03
   3.5079800e-03
   2.1291300e-03
   1.2601800e-03
   9.4136500e-04
  -1.2589100e-04
  -1.8177100e-03
  -2.3928400e-03
  -2.2740600e-03
  -2.5518300e-03
  -2.8625700e-03
  -3.0213400e-03
  -3.4050300e-03
  -4.2063100e-03
  -5.2634300e-03
  -6.5505900e-03
  -8.0852100e-03
  -9.7199400e-03
  -1.1332300e-02
  -1.2561800e-02
  -1.3548400e-02
  -1.4299500e-02
  -1.4164100e-02
  -1.3781800e-02
  -1.3796400e-02
  -1.3106300e-02
  -1.1233100e-02
  -9.0461700e-03
  -6.4029900e-03
  -3.3318600e-03
  -1.3094000e-03
  -3.6323200e-04
   5.6673700e-04
   1.3077200e-03
   1.1831100e-03
   3.8501800e-04
   2.6642800e-04
   1.1821500e-03
   1.6597500e-03
   1.2876900e-03
   8.9571800e-04
   7.0497200e-04
   6.5068500e-04
   8.0615000e-04
   1.0629100e-03
   1.1681600e-03
   1.1056200e-03
   1.1314800e-03
   1.4044900e-03
   1.9623200e-03
   2.6764300e-03
   3.3691600e-03
   4.2339600e-03
   4.9479300e-03
   5.4401000e-03
   6.9510100e-03
   9.5051100e-03
   1.1649100e-02
   1.2974300e-02
   1.4054100e-02
   1.5103500e-02
   1.5572900e-02
   1.5115800e-02
   1.4326300e-02
   1.3446400e-02
   1.2155600e-02
   1.0413000e-02
   8.2230400e-03
   5.5152700e-03
   2.8232500e-03
   7.2416600e-04
  -7.8977600e-04
  -1.5081600e-03
  -1.5216900e-03
  -1.4071900e-03
  -1.3964700e-03
  -1.4448300e-03
  -1.4599100e-03
  -1.4085800e-03
  -1.3819800e-03
  -1.4483400e-03
  -1.5141200e-03
  -1.4448500e-03
  -1.7640700e-03
  -2.9750100e-03
  -4.2613900e-03
  -4.7187300e-03
  -4.4694300e-03
  -4.1642000e-03
  -4.1134400e-03
  -4.2529100e-03
  -4.4593700e-03
  -4.6518900e-03
  -5.1294500e-03
  -6.1053700e-03
  -7.5923900e-03
  -9.0714100e-03
  -9.6433300e-03
  -9.5109200e-03
  -9.4785500e-03
  -9.4757900e-03
  -8.9915700e-03
  -8.2006300e-03
  -7.4853700e-03
  -6.9750200e-03
  -6.8182200e-03
  -6.6071000e-03
  -5.9746600e-03
  -5.2243000e-03
  -4.5160800e-03
  -3.8419700e-03
  -3.0642700e-03
  -1.8767900e-03
  -1.6205900e-04
   1.7346000e-03
   3.2608100e-03
   4.1933000e-03
   4.5094400e-03
   4.1370700e-03
   3.0205000e-03
   1.7394400e-03
   1.2240000e-03
   1.4123100e-03
   1.2247500e-03
  -4.5723000e-05
  -1.3632500e-03
  -1.6329700e-03
  -1.6331100e-03
  -2.2826100e-03
  -3.3246100e-03
  -4.0489700e-03
  -4.2454600e-03
  -4.0067600e-03
  -3.2312400e-03
  -2.5354500e-03
  -2.6423900e-03
  -2.8025200e-03
  -2.2113700e-03
  -1.4630600e-03
  -1.4527500e-03
  -2.1317800e-03
  -2.8784600e-03
  -3.5288200e-03
  -3.9949400e-03
  -4.2640300e-03
  -4.8179900e-03
  -5.4960300e-03
  -5.7100100e-03
  -5.2769100e-03
  -4.1519900e-03
  -2.8543600e-03
  -2.1560200e-03
  -2.2003300e-03
  -2.9712000e-03
  -3.8266100e-03
  -3.6443100e-03
  -2.9562300e-03
  -2.8018300e-03
  -2.5656300e-03
  -1.5408800e-03
  -2.7374500e-04
   6.1290900e-04
   1.0678800e-03
   1.5374800e-03
   2.5056500e-03
   3.6741700e-03
   4.6354200e-03
   5.3509500e-03
   5.8549200e-03
   6.2404600e-03
   6.4444400e-03
   6.5972900e-03
   6.7347700e-03
   6.7977500e-03
   7.0146600e-03
   6.9508100e-03
   6.4423200e-03
   6.1813000e-03
   6.2530100e-03
   6.2677500e-03
   6.1695100e-03
   6.1158400e-03
   6.0507600e-03
   5.5261600e-03
   4.0730800e-03
   2.3820600e-03
   1.8733000e-03
   2.2608400e-03
   2.0395800e-03
   1.0696200e-03
   1.8040600e-04
  -2.8521500e-04
  -1.3942900e-04
   6.4425900e-04
   1.4708000e-03
   1.9818400e-03
   2.4883100e-03
   2.8901900e-03
   2.8759900e-03
   2.7101400e-03
   2.6471600e-03
   2.6095300e-03
   2.5115400e-03
   2.4995200e-03
   2.9098700e-03
   3.5581500e-03
   3.8014600e-03
   3.9331800e-03
   4.3918100e-03
   4.7771700e-03
   4.7321200e-03
   4.1860700e-03
   3.6732000e-03
   3.6825100e-03
   3.7691800e-03
   3.0615200e-03
   1.6919900e-03
   9.3526600e-04
   1.0107300e-03
   1.3709600e-03
   1.9024500e-03
   2.5620500e-03
   3.4732900e-03
   4.1505100e-03
   3.9672000e-03
   3.6885500e-03
   4.1681900e-03
   5.0395100e-03
   5.8170500e-03
   6.4442700e-03
   6.4821200e-03
   5.5661700e-03
   4.3239400e-03
   3.2884500e-03
   2.2289700e-03
   1.3738700e-03
   1.1663200e-03
   1.2819300e-03
   1.2812900e-03
   1.0847000e-03
   8.6090100e-04
   3.1326200e-04
  -8.4353600e-04
  -1.6302400e-03
  -1.5717300e-03
  -1.6121300e-03
  -2.3356200e-03
  -3.3399500e-03
  -3.9555400e-03
  -4.3965000e-03
  -5.4709500e-03
  -6.7367800e-03
  -7.4655100e-03
  -8.1623700e-03
  -9.0908100e-03
  -9.6580800e-03
  -9.4157000e-03
  -8.7949500e-03
  -8.5280300e-03
  -8.3860800e-03
  -7.8255700e-03
  -6.9770100e-03
  -6.4298400e-03
  -6.2886900e-03
  -6.3502400e-03
  -6.7139700e-03
  -7.0250100e-03
  -7.0098300e-03
  -7.0087900e-03
  -6.8307500e-03
  -5.7650900e-03
  -3.8812800e-03
  -2.1567700e-03
  -1.4460700e-03
  -1.5111400e-03
  -1.7092000e-03
  -1.9060900e-03
  -1.9058100e-03
  -1.6661500e-03
  -1.5216600e-03
  -1.5411600e-03
  -2.0665600e-03
  -3.2808900e-03
  -4.4078800e-03
  -5.1137000e-03
  -5.1829300e-03
  -4.0905800e-03
  -2.7242900e-03
  -2.1777900e-03
  -1.9033300e-03
  -1.1698800e-03
  -5.1230000e-04
  -8.4655500e-04
  -1.4356800e-03
  -1.2028300e-03
  -8.7485900e-04
  -8.8748200e-04
  -4.0343600e-04
   5.6580400e-04
   1.3417100e-03
   1.9249700e-03
   2.5499900e-03
   3.3346400e-03
   4.2575100e-03
   5.1014700e-03
   5.6053500e-03
   5.6184200e-03
   5.3934900e-03
   5.3101400e-03
   4.8354200e-03
   3.5112700e-03
   2.1963000e-03
   1.3821300e-03
   4.4507700e-04
  -7.5503300e-04
  -1.4963400e-03
  -1.8723700e-03
  -2.4390400e-03
  -2.8573300e-03
  -3.2278600e-03
  -3.9226500e-03
  -3.9324600e-03
  -2.8466600e-03
  -2.0703900e-03
  -2.2911800e-03
  -2.5175200e-03
  -1.7316100e-03
  -5.4131400e-04
   1.7189000e-04
   6.8626800e-04
   1.0605300e-03
   1.1111900e-03
   1.0407600e-03
   1.0099100e-03
   1.0191700e-03
   1.0243700e-03
   1.0189300e-03
   9.7499600e-04
   5.9726600e-04
  -4.7883100e-05
  -5.6137700e-04
  -1.1339000e-03
  -1.6528100e-03
  -1.7728700e-03
  -2.0490200e-03
  -2.7520800e-03
  -3.0658200e-03
  -2.7511400e-03
  -2.6345600e-03
  -2.9554600e-03
  -3.0125100e-03
  -2.5953200e-03
  -2.3315200e-03
  -2.4979900e-03
  -2.5368300e-03
  -1.8865000e-03
  -8.3000900e-04
   1.2065600e-04
   7.6740100e-04
   9.7493500e-04
   9.3195300e-04
   9.3759200e-04
   9.7794000e-04
   1.0022000e-03
   7.8920500e-04
   1.7467500e-04
  -5.7509200e-04
  -1.2664600e-03
  -1.6666700e-03
  -1.7786900e-03
  -1.6773000e-03
  -5.8156400e-04
   1.2110800e-03
   2.1935500e-03
   2.3990500e-03
   2.4208500e-03
   2.3028500e-03
   2.1656400e-03
   2.2383700e-03
   2.7856700e-03
   3.7270100e-03
   4.5734400e-03
   4.9266200e-03
   5.2003100e-03
   5.5023900e-03
   5.4941800e-03
   6.1481800e-03
   7.4201000e-03
   7.9185800e-03
   8.4034200e-03
   9.5727300e-03
   1.0204700e-02
   1.0475000e-02
   1.1344800e-02
   1.2265200e-02
   1.2891500e-02
   1.3522500e-02
   1.4167000e-02
   1.4993500e-02
   1.5848000e-02
   1.5899700e-02
   1.5137400e-02
   1.4338400e-02
   1.3664300e-02
   1.2961300e-02
   1.2259400e-02
   1.1547400e-02
   1.0687700e-02
   9.5827800e-03
   8.1897700e-03
   6.4479200e-03
   4.4889100e-03
   2.7832100e-03
   1.4385600e-03
   7.7108100e-05
  -1.1477800e-03
  -1.8234200e-03
  -2.2436400e-03
  -2.9225200e-03
  -3.7826900e-03
  -4.6483000e-03
  -5.3488000e-03
  -5.9574700e-03
  -7.0071700e-03
  -8.4228500e-03
  -1.0089900e-02
  -1.2381600e-02
  -1.4741400e-02
  -1.6293400e-02
  -1.7246500e-02
  -1.7786800e-02
  -1.7574600e-02
  -1.6997800e-02
  -1.6924200e-02
  -1.7222000e-02
  -1.6726900e-02
  -1.5210300e-02
  -1.3745700e-02
  -1.2616500e-02
  -1.1392200e-02
  -9.8878300e-03
  -8.2207200e-03
  -6.9797900e-03
  -6.5494300e-03
  -6.4506000e-03
  -6.0885700e-03
  -5.5881600e-03
  -5.0161900e-03
  -4.4830000e-03
  -4.1103600e-03
  -3.1661400e-03
  -1.5982400e-03
  -5.1988400e-04
   7.4634500e-05
   1.4603300e-03
   3.5250900e-03
   4.9896400e-03
   5.7675900e-03
   6.3261300e-03
   6.5636500e-03
   6.4803300e-03
   6.5597600e-03
   7.1147300e-03
   7.8192800e-03
   8.6419700e-03
   9.7428900e-03
   1.0575100e-02
   1.0974000e-02
   1.1294500e-02
   1.1588600e-02
   1.1844300e-02
   1.1862200e-02
   1.1408300e-02
   1.0407100e-02
   8.9723400e-03
   7.5452800e-03
   6.1108800e-03
   4.4156800e-03
   2.9491600e-03
   1.8303200e-03
   5.8820500e-04
  -6.8455300e-04
  -1.8517000e-03
  -2.8892900e-03
  -3.9269100e-03
  -5.1690100e-03
  -6.2181900e-03
  -6.7507700e-03
  -6.9438500e-03
  -6.9939100e-03
  -6.9809600e-03
  -7.1830500e-03
  -7.7774100e-03
  -8.5225500e-03
  -9.2582000e-03
  -9.6969600e-03
  -9.6509000e-03
  -9.7592900e-03
  -1.0432100e-02
  -1.1247800e-02
  -1.1940800e-02
  -1.2344200e-02
  -1.2431500e-02
  -1.2364200e-02
  -1.1625900e-02
  -1.0306800e-02
  -9.4306600e-03
  -8.5800800e-03
  -7.3870300e-03
  -6.4543600e-03
  -5.7559300e-03
  -5.4762000e-03
  -5.5974700e-03
  -5.6632700e-03
  -5.7487100e-03
  -5.9773600e-03
  -6.0836700e-03
  -5.8890100e-03
  -5.6689900e-03
  -5.3703600e-03
  -4.7858600e-03
  -3.9789800e-03
  -2.4778600e-03
  -8.6041800e-04
  -4.6808000e-04
  -6.4985700e-04
  -1.9756700e-04
   6.6725000e-04
   1.0770500e-03
   1.2296000e-03
   2.0998100e-03
   3.3331700e-03
   3.8404300e-03
   3.7612100e-03
   3.2580100e-03
   2.1752900e-03
   1.7560600e-03
   2.4592300e-03
   3.0117800e-03
   2.8961600e-03
   2.4600000e-03
   2.4352900e-03
   2.9868200e-03
   3.0904300e-03
   2.7758500e-03
   3.0201600e-03
   3.6168600e-03
   4.1181600e-03
   4.9673800e-03
   6.1419600e-03
   6.6283000e-03
   6.3233000e-03
   6.1365300e-03
   6.1243500e-03
   5.9067800e-03
   5.8093300e-03
   6.2633900e-03
   7.0365500e-03
   7.4875900e-03
   7.6219500e-03
   7.6967100e-03
   7.8090500e-03
   8.2921200e-03
   8.7893700e-03
   8.8403700e-03
   8.7449700e-03
   8.7498500e-03
   8.8166500e-03
   8.7702800e-03
   8.4803700e-03
   7.7945800e-03
   6.7718600e-03
   6.0049200e-03
   5.6355800e-03
   5.0403000e-03
   4.0601000e-03
   3.4436700e-03
   3.4704300e-03
   3.5877900e-03
   3.5468600e-03
   3.6727700e-03
   3.9252100e-03
   3.8391600e-03
   3.4941700e-03
   3.2061500e-03
   3.2004900e-03
   3.4299400e-03
   3.6023300e-03
   3.6196500e-03
   2.9889400e-03
   1.6329500e-03
   7.6308400e-04
   8.3249700e-04
   9.6528500e-04
   4.9093100e-04
  -2.2537900e-04
  -5.7346200e-04
  -7.4973500e-04
  -6.9551200e-04
  -9.6699400e-05
   4.9054200e-04
   7.0426600e-04
   8.4499500e-04
   1.0389400e-03
   1.3364900e-03
   1.6701100e-03
   1.7491800e-03
   1.4542000e-03
   1.0786800e-03
   1.0468700e-03
   8.0228300e-04
  -4.3822400e-04
  -1.6859900e-03
  -1.8566500e-03
  -1.6227700e-03
  -1.9997300e-03
  -2.7901200e-03
  -3.3339600e-03
  -3.7964800e-03
  -4.4759000e-03
  -5.2919200e-03
  -5.6657900e-03
  -5.6619000e-03
  -6.3094700e-03
  -7.2084000e-03
  -7.4407100e-03
  -7.2837300e-03
  -6.9382900e-03
  -6.1726400e-03
  -5.2830500e-03
  -4.6713600e-03
  -3.9909300e-03
  -3.0929700e-03
  -2.5307800e-03
  -2.6766500e-03
  -3.0385300e-03
  -2.9365000e-03
  -2.8011400e-03
  -3.1606800e-03
  -3.5138900e-03
  -3.5945100e-03
  -3.7320300e-03
  -3.9188800e-03
  -3.8464100e-03
  -3.5851100e-03
  -3.3539500e-03
  -2.7968000e-03
  -1.8894500e-03
  -1.3376400e-03
  -1.3332700e-03
  -1.4611600e-03
  -1.3952000e-03
  -1.1781200e-03
  -1.5378600e-03
  -2.5834300e-03
  -2.6952700e-03
  -1.1628100e-03
   5.1433200e-04
   1.4550500e-03
   2.3478800e-03
   3.4896300e-03
   4.4439800e-03
   4.8963300e-03
   4.9695500e-03
   4.8979900e-03
   4.6969600e-03
   4.5599700e-03
   4.5000700e-03
   4.1932000e-03
   4.0311100e-03
   4.4872700e-03
   5.3395200e-03
   6.3784900e-03
   7.0104800e-03
   6.8854600e-03
   6.3677200e-03
   5.5686500e-03
   4.9779900e-03
   4.7370500e-03
   4.2397800e-03
   4.0249400e-03
   4.6099600e-03
   5.0960500e-03
   5.0848200e-03
   4.7799400e-03
   4.3273200e-03
   4.4167300e-03
   4.9383300e-03
   4.7737800e-03
   3.9198300e-03
   3.3080200e-03
   3.0049500e-03
   2.6279500e-03
   2.3901700e-03
   2.4361000e-03
   2.5185100e-03
   2.5123700e-03
   2.5103300e-03
   2.4709400e-03
   2.2395400e-03
   1.7479800e-03
   8.6634800e-04
  -2.4569000e-05
  -3.4665100e-04
  -7.1122900e-04
  -1.7928900e-03
  -2.8288600e-03
  -3.0567000e-03
  -2.8865700e-03
  -2.8589600e-03
  -3.1055800e-03
  -3.4945300e-03
  -3.7738000e-03
  -4.0308100e-03
  -4.3466900e-03
  -4.4369000e-03
  -4.1485000e-03
  -3.7856800e-03
  -3.6229200e-03
  -3.8093000e-03
  -4.3467100e-03
  -4.4266600e-03
  -3.7253200e-03
  -3.5819700e-03
  -4.7281900e-03
  -5.9382800e-03
  -6.0020700e-03
  -5.1214400e-03
  -4.3716500e-03
  -4.1745700e-03
  -3.9053000e-03
  -3.4703700e-03
  -3.2521300e-03
  -3.4479300e-03
  -4.5299100e-03
  -5.8583400e-03
  -5.8775700e-03
  -4.8973900e-03
  -4.3774200e-03
  -4.3724700e-03
  -4.0597100e-03
  -3.6488700e-03
  -3.5447800e-03
  -3.2016300e-03
  -2.3208700e-03
  -1.3504100e-03
  -4.1142200e-04
   7.0997000e-04
   1.7774700e-03
   2.6601500e-03
   3.4795300e-03
   4.1507100e-03
   4.9233400e-03
   5.8937400e-03
   6.4396600e-03
   6.8888500e-03
   7.9267800e-03
   8.6362800e-03
   8.1248300e-03
   7.1232700e-03
   6.4193900e-03
   5.6718400e-03
   4.7138200e-03
   3.9108400e-03
   3.2584100e-03
   2.7410000e-03
   2.2382700e-03
   1.5526300e-03
   1.1305400e-03
   1.1634300e-03
   1.1908900e-03
   1.3153400e-03
   2.0941300e-03
   2.7451800e-03
   2.4125700e-03
   1.7989700e-03
   1.4068200e-03
   1.0482800e-03
   5.0076700e-04
  -2.2542200e-04
  -9.7793700e-04
  -1.4848500e-03
  -1.5088400e-03
  -1.4385900e-03
  -2.2005500e-03
  -3.6319100e-03
  -3.7867400e-03
  -2.2739500e-03
  -1.3975200e-03
  -2.1302300e-03
  -2.6792900e-03
  -2.0811900e-03
  -1.7578500e-03
  -2.4308900e-03
  -3.3196400e-03
  -3.9052800e-03
  -4.1432500e-03
  -4.3289300e-03
  -4.8301600e-03
  -5.6027400e-03
  -6.2758300e-03
  -6.6483200e-03
  -6.7490000e-03
  -6.7204100e-03
  -6.7156700e-03
  -6.7292500e-03
  -6.7253500e-03
  -6.7160600e-03
  -6.7135100e-03
  -6.7148600e-03
  -6.7107000e-03
  -6.7030700e-03
  -6.6961700e-03
  -6.6852300e-03
  -6.6646700e-03
  -6.6333900e-03
  -6.8942200e-03
  -7.5629700e-03
  -8.0175900e-03
  -8.0069000e-03
  -7.9675600e-03
  -7.9221600e-03
  -7.4624000e-03
  -6.9182400e-03
  -6.5302400e-03
  -6.4937100e-03
  -6.7246300e-03
  -6.8958700e-03
  -6.8118600e-03
  -6.8891900e-03
  -7.4773900e-03
  -7.7788700e-03
  -7.2002900e-03
  -6.6163900e-03
  -6.7945200e-03
  -7.4072700e-03
  -7.3494900e-03
  -6.1327900e-03
  -4.6668900e-03
  -3.6359900e-03
  -2.6502400e-03
  -1.6335700e-03
  -9.0170800e-04
  -1.6415300e-04
   7.1626500e-04
   1.4735000e-03
   2.1889500e-03
   3.0351700e-03
   3.9494600e-03
   5.0060700e-03
   6.1406600e-03
   6.7731100e-03
   6.7706500e-03
   6.6299300e-03
   6.6229400e-03
   7.0559900e-03
   7.9198100e-03
   8.4601600e-03
   8.3621100e-03
   7.9607400e-03
   7.9037400e-03
   8.5455000e-03
   9.1572200e-03
   9.1521600e-03
   9.0395100e-03
   9.4275600e-03
   1.0313400e-02
   1.1232400e-02
   1.1678800e-02
   1.1643400e-02
   1.1469500e-02
   1.1636800e-02
   1.2112800e-02
   1.1987800e-02
   1.0826000e-02
   9.2808300e-03
   8.1545600e-03
   7.3426300e-03
   6.5030000e-03
   5.9656200e-03
   5.9018400e-03
   5.9596700e-03
   5.9223900e-03
   5.8885100e-03
   5.6334200e-03
   4.9388500e-03
   4.3868400e-03
   4.3880100e-03
   4.4629600e-03
   4.1412300e-03
   3.5720400e-03
   3.1513100e-03
   3.0387400e-03
   3.0697000e-03
   3.0857900e-03
   2.8621000e-03
   2.0182700e-03
   9.6972300e-04
   1.6157400e-04
  -8.7346300e-04
  -1.8458600e-03
  -2.0734200e-03
  -2.1725000e-03
  -2.6350000e-03
  -2.7847400e-03
  -2.8464400e-03
  -3.5725700e-03
  -4.5048600e-03
  -5.3880000e-03
  -6.2102400e-03
  -6.6626600e-03
  -7.0633100e-03
  -7.8062400e-03
  -8.5416900e-03
  -8.7526800e-03
  -8.5890100e-03
  -8.2430500e-03
  -7.5443100e-03
  -6.5720600e-03
  -5.4797300e-03
  -4.2723300e-03
  -2.8533300e-03
  -1.3710700e-03
  -3.5119700e-04
   9.4525300e-05
   4.0980800e-04
   8.1439700e-04
   1.2874000e-03
   1.9450800e-03
   2.7254800e-03
   3.4366600e-03
   4.1203900e-03
   4.8461100e-03
   5.5355300e-03
   5.7447600e-03
   5.4564800e-03
   5.5466700e-03
   6.0219900e-03
   5.9621500e-03
   5.2705900e-03
   4.7591700e-03
   4.6781900e-03
   4.3787000e-03
   3.6989700e-03
   3.0340700e-03
   2.5580100e-03
   2.1620400e-03
   1.6200500e-03
   1.1507000e-03
   9.1318300e-04
   7.6272600e-04
   8.4532400e-04
   9.5079400e-04
   5.3172700e-04
  -7.5605300e-05
   1.3310700e-04
   8.2720600e-04
   9.5551400e-04
   7.7801600e-04
   7.2320400e-04
   6.5764200e-04
   4.7899400e-04
   1.8104000e-05
  -5.7456900e-04
  -8.6166800e-04
  -1.0178100e-03
  -1.5273800e-03
  -2.2351600e-03
  -2.7694400e-03
  -3.0140200e-03
  -3.1536900e-03
  -3.3517900e-03
  -3.2502200e-03
  -2.9367000e-03
  -2.8171300e-03
  -2.7077100e-03
  -2.5698000e-03
  -2.5392600e-03
  -2.5186300e-03
  -2.4616100e-03
  -2.4138900e-03
  -2.3840000e-03
  -2.3442700e-03
  -2.2493600e-03
  -2.3221100e-03
  -2.7868900e-03
  -3.1528500e-03
  -3.0500000e-03
  -2.8604100e-03
  -3.0126300e-03
  -3.4411200e-03
  -3.4949200e-03
  -2.9935200e-03
  -2.6137400e-03
  -2.6283400e-03
  -2.6083300e-03
  -2.2251100e-03
  -1.7833200e-03
  -1.6189100e-03
  -1.4873100e-03
  -1.3375500e-03
  -1.4160500e-03
  -1.5760200e-03
  -1.6002800e-03
  -1.5416000e-03
  -1.5445400e-03
  -1.7124500e-03
  -1.8987600e-03
  -1.8410300e-03
  -1.6664400e-03
  -1.7387200e-03
  -1.9935100e-03
  -2.0215700e-03
  -1.6677000e-03
  -1.2608200e-03
  -1.1525300e-03
  -1.1595200e-03
  -8.4444600e-04
  -1.8802000e-04
   3.0450500e-04
   3.4118100e-04
   4.9620600e-04
   1.1816900e-03
   1.7285700e-03
   1.7232500e-03
   1.5729300e-03
   1.5335800e-03
   1.5266700e-03
   1.4942900e-03
   1.4640700e-03
   1.4397700e-03
   1.4065400e-03
   1.3854900e-03
   1.3106100e-03
   1.0694100e-03
   9.2006800e-04
   1.0484100e-03
   1.2796100e-03
   1.6359600e-03
   1.9778300e-03
   2.0642900e-03
   2.0134500e-03
   1.9624400e-03
   1.8651000e-03
   1.6829700e-03
   1.5779700e-03
   1.6072600e-03
   1.5990800e-03
   1.5160600e-03
   1.4078000e-03
   1.1900100e-03
   8.6171800e-04
   5.3827600e-04
   2.5058700e-04
  -4.6083900e-05
  -2.5113500e-04
  -1.3942600e-04
   3.5832100e-05
  -1.9406200e-05
  -5.9807100e-05
   6.7256700e-06
   2.6044300e-05
   4.9292400e-06
  -1.5491100e-05
  -1.3803400e-04
  -4.3320700e-04
  -7.5271600e-04
  -8.9219100e-04
  -9.1846500e-04
  -1.1190100e-03
  -1.4678100e-03
  -1.6445800e-03
  -1.5811500e-03
  -1.5307500e-03
  -1.6705000e-03
  -1.8329100e-03
  -1.7875700e-03
  -1.5707200e-03
  -1.3666400e-03
  -1.2857200e-03
  -1.2488200e-03
  -1.1432800e-03
  -1.0423600e-03
  -1.0063300e-03
  -9.7791900e-04
  -9.3269300e-04
  -8.8658800e-04
  -8.3608300e-04
  -8.1181700e-04
  -9.3710200e-04
  -1.1884200e-03
  -1.3174900e-03
  -1.2768400e-03
  -1.2670600e-03
  -1.3057500e-03
  -1.2477000e-03
  -1.0790900e-03
  -9.2951000e-04
  -8.3323400e-04
  -6.7287600e-04
  -4.2152700e-04
  -1.9285600e-04
  -3.7094600e-05
   1.3497600e-04
   3.4377800e-04
   4.7391100e-04
   5.7729100e-04
   7.9739300e-04
   9.8532400e-04
   9.9197800e-04
   9.3761100e-04
   9.1978600e-04
   9.0743300e-04
   9.5372700e-04
   1.0794100e-03
   1.0878300e-03
   9.9438700e-04
   1.0133100e-03
   1.0398200e-03
   9.3717200e-04
   8.6569600e-04
   9.2892200e-04
   1.0272300e-03
   1.0463800e-03
   9.9650500e-04
   9.4643000e-04
   9.2880500e-04
   9.2622200e-04
   9.1738600e-04
   9.2950700e-04
   9.3370600e-04
   8.7551300e-04
   7.7418800e-04
   6.7933200e-04
   6.2238400e-04
   5.9425400e-04
   5.6884600e-04
   5.3609200e-04
   4.9138400e-04
   4.1102700e-04
   2.8597300e-04
   1.8334200e-04
   1.5620900e-04
   1.6015400e-04
   1.7227400e-04
   2.2228500e-04
   2.9359100e-04
   3.2696900e-04
   3.1772200e-04
   3.0439700e-04
   2.7869400e-04
   2.3780700e-04
   2.1107600e-04
   1.8559300e-04
   1.2624400e-04
   6.8474400e-05
   4.8104300e-05
   1.5542500e-05
  -3.9112700e-05
  -6.7517400e-05
  -6.7418800e-05
  -6.6427600e-05
  -7.1627900e-05
  -7.6039300e-05
  -7.8007700e-05
  -8.0371400e-05
  -8.3260100e-05
  -8.5976600e-05
  -8.8669700e-05
  -9.1229400e-05
  -9.3676000e-05
  -9.5709400e-05
  -9.7406500e-05
  -9.7025600e-05
  -9.7499900e-05
  -1.1651600e-04
  -1.5438600e-04
  -1.7734100e-04
  -1.7107600e-04
  -1.5672100e-04
  -1.4795600e-04
  -1.4081100e-04
  -1.3004500e-04
  -1.2496200e-04
  -1.3878800e-04
  -1.4738100e-04
  -1.2683600e-04
  -1.0251900e-04
  -9.4811700e-05
  -9.1551500e-05
  -8.2171600e-05
  -6.6493600e-05
  -4.7480400e-05
  -3.3422200e-05
  -2.6716100e-05
  -1.7465000e-05
  -4.2704900e-06
   2.6485700e-06
  -4.3224300e-07
  -5.8213600e-06
  -6.6561500e-06
  -6.0984400e-06
  -7.9739000e-06
  -1.0399000e-05
  -1.1860200e-05
  -1.4292700e-05
  -1.7800300e-05
  -2.0039400e-05
  -1.9857500e-05
  -1.7332700e-05
  -1.5058300e-05
  -1.4798200e-05
  -1.5215500e-05
  -1.5561300e-05
  -1.6000600e-05
  -1.6349600e-05
  -1.6458100e-05
  -1.6358700e-05
  -1.6054400e-05
  -1.5535600e-05
  -1.4811500e-05
  -1.3867700e-05
  -1.2700500e-05
