1-ImperialValley-02.dat 0.01000 1.45784 4000
2-Chi-ChiTaiwan-06.dat 0.00500 2.38467 13012
3-Northridge-01.dat 0.01000 2.42721 2999
4-Chi-ChiTaiwan-04.dat 0.00500 3.85619 19000
5-SuperstitionHills-02.dat 0.01000 3.17126 2212
6-Coalinga-01.dat 0.01000 3.25738 4000
7-Northridge-01.dat 0.01000 2.56905 3999
8-SuperstitionHills-02.dat 0.00500 1.07103 8000
9-ImperialValley-06.dat 0.01000 1.27086 9992
10-ImperialValley-06.dat 0.00500 0.85628 7800
11-ImperialValley-06.dat 0.01000 1.65400 6374
12-Northridge-01.dat 0.00500 1.47705 11066
13-Northridge-01.dat 0.02000 1.50867 2000
14-Northridge-01.dat 0.02000 2.13572 3250
15-Chi-ChiTaiwan.dat 0.00500 1.61000 18000
16-Northridge-01.dat 0.01000 1.20264 2999
17-Landers.dat 0.02000 2.05607 2500
18-LomaPrieta.dat 0.00500 2.49748 7949
19-SuperstitionHills-02.dat 0.01000 2.30697 2205
20-HectorMine.dat 0.02000 1.85679 3000
21-Northridge-01.dat 0.00500 1.72054 8966
22-Chi-ChiTaiwan.dat 0.00500 1.91367 18000
23-KernCounty.dat 0.01000 2.11800 5416
24-ImperialValley-02.dat 0.01000 1.09340 4000
25-LomaPrieta.dat 0.00500 2.89318 7990
26-KobeJapan.dat 0.01000 1.32205 4096
27-MorganHill.dat 0.00500 2.25723 7996
28-TaiwanSMART1(40).dat 0.01000 2.16434 2900
29-ImperialValley-06.dat 0.00500 1.54133 7564
30-LomaPrieta.dat 0.02000 1.54064 2501
31-LomaPrieta.dat 0.00500 0.70069 5001
32-Northridge-01.dat 0.01000 3.18970 4000
33-LomaPrieta.dat 0.00500 2.63562 7991
34-Chi-ChiTaiwan.dat 0.00500 1.34892 18000
35-Northridge-01.dat 0.01000 2.51608 4000
36-Landers.dat 0.02000 2.05488 2500
37-LomaPrieta.dat 0.00500 2.07743 7991
38-KernCounty.dat 0.01000 2.05463 5416
39-IrpiniaItaly-02.dat 0.00240 1.54466 20626
40-Coalinga-01.dat 0.01000 2.64859 4000
