-0.000006
-0.000006
-0.000005
-0.000005
-0.000005
-0.000005
-0.000005
-0.000005
-0.000005
-0.000005
-0.000006
-0.000006
-0.000005
-0.000004
-0.000003
-0.000004
-0.000004
-0.000005
-0.000007
-0.000007
-0.000006
-0.000004
-0.000006
-0.000008
-0.000008
-0.000008
-0.000007
-0.000005
-0.000004
-0.000003
-0.000006
-0.000007
-0.000004
-0.000005
-0.000007
-0.000006
-0.000007
-0.000008
-0.000007
-0.000004
-0.000004
-0.000006
-0.000005
-0.000014
-0.000021
-0.000013
0.000002
0.000008
0.000000
-0.000003
-0.000007
-0.000013
-0.000001
0.000013
0.000014
0.000008
0.000000
-0.000016
-0.000037
-0.000044
-0.000014
0.000023
0.000012
-0.000018
-0.000016
0.000014
0.000026
0.000022
0.000024
0.000026
0.000021
-0.000009
-0.000031
-0.000020
-0.000007
-0.000029
-0.000068
-0.000064
-0.000033
-0.000016
-0.000023
-0.000017
0.000025
0.000065
0.000051
-0.000014
-0.000039
-0.000028
-0.000018
0.000010
0.000057
0.000085
0.000037
-0.000020
-0.000034
0.000006
0.000037
-0.000012
-0.000073
-0.000061
0.000002
0.000011
-0.000050
-0.000055
-0.000021
-0.000027
-0.000014
0.000002
0.000010
0.000013
0.000003
0.000025
0.000071
0.000049
-0.000082
-0.000125
-0.000012
0.000060
0.000020
-0.000001
0.000024
0.000038
0.000015
-0.000042
-0.000068
-0.000051
-0.000006
0.000012
-0.000048
-0.000080
-0.000033
-0.000043
-0.000045
0.000020
0.000019
-0.000071
-0.000121
-0.000068
-0.000011
-0.000003
0.000016
0.000035
0.000043
0.000014
-0.000066
-0.000131
-0.000056
0.000141
0.000260
0.000252
0.000173
0.000052
-0.000016
0.000030
0.000079
0.000048
0.000021
0.000038
0.000064
0.000100
0.000088
-0.000018
-0.000074
-0.000010
0.000013
-0.000043
-0.000131
-0.000216
-0.000189
-0.000031
0.000080
0.000070
0.000033
0.000032
0.000036
-0.000004
-0.000042
-0.000052
-0.000049
-0.000073
-0.000094
-0.000053
0.000014
-0.000013
-0.000074
0.000003
0.000045
0.000009
0.000003
-0.000045
-0.000100
-0.000082
-0.000200
-0.000293
-0.000172
0.000046
0.000103
0.000033
-0.000017
-0.000021
-0.000023
-0.000080
-0.000142
-0.000067
0.000045
-0.000087
-0.000234
-0.000153
-0.000044
-0.000049
-0.000026
0.000027
0.000017
-0.000008
-0.000047
-0.000146
-0.000166
0.000030
0.000171
0.000152
0.000127
0.000074
0.000019
0.000065
0.000181
0.000205
0.000136
0.000068
0.000005
-0.000003
0.000091
0.000131
0.000025
0.000009
0.000097
0.000134
0.000032
-0.000091
-0.000089
0.000019
0.000096
0.000066
0.000024
0.000002
0.000009
-0.000017
-0.000022
-0.000002
-0.000027
-0.000068
-0.000014
0.000118
0.000095
-0.000075
-0.000229
-0.000188
0.000081
0.000217
0.000094
-0.000009
0.000117
0.000231
0.000179
0.000008
-0.000106
-0.000010
0.000139
0.000111
0.000009
0.000051
0.000111
0.000120
0.000120
0.000163
0.000226
0.000129
-0.000123
-0.000210
-0.000059
0.000091
0.000076
0.000003
0.000083
0.000210
0.000155
0.000023
-0.000055
-0.000009
0.000099
0.000121
0.000008
-0.000114
-0.000073
0.000085
0.000108
0.000032
-0.000009
-0.000020
-0.000034
-0.000012
0.000014
0.000006
0.000001
-0.000033
-0.000069
-0.000027
0.000018
-0.000010
-0.000045
-0.000030
-0.000002
-0.000020
0.000000
0.000101
-0.000014
-0.000399
-0.000428
-0.000071
0.000117
0.000029
-0.000065
-0.000041
0.000084
0.000172
0.000086
-0.000028
0.000027
0.000072
0.000053
0.000007
-0.000071
-0.000072
0.000011
0.000088
0.000113
-0.000027
-0.000134
-0.000103
-0.000100
-0.000143
-0.000085
0.000047
0.000117
0.000153
0.000137
0.000069
-0.000017
0.000030
0.000112
0.000141
0.000086
-0.000079
-0.000104
-0.000084
-0.000197
-0.000260
-0.000115
0.000079
0.000130
0.000039
-0.000049
-0.000024
0.000032
0.000037
-0.000012
-0.000085
-0.000146
-0.000086
0.000042
0.000182
0.000204
0.000052
-0.000059
-0.000052
-0.000031
-0.000015
-0.000015
0.000028
0.000081
0.000093
0.000071
0.000078
0.000066
-0.000017
-0.000090
-0.000103
-0.000032
0.000063
0.000014
-0.000120
-0.000165
-0.000004
0.000251
0.000302
0.000135
-0.000016
0.000015
0.000094
0.000025
-0.000108
-0.000114
-0.000053
-0.000036
-0.000083
-0.000087
-0.000050
-0.000023
0.000049
0.000077
0.000064
0.000075
0.000084
-0.000025
-0.000167
-0.000101
0.000119
0.000200
0.000033
-0.000126
-0.000076
0.000078
0.000057
-0.000023
-0.000003
-0.000003
0.000019
0.000047
0.000068
0.000052
0.000016
0.000045
-0.000077
-0.000430
-0.000477
-0.000156
0.000114
0.000084
-0.000093
-0.000190
-0.000148
-0.000075
-0.000039
-0.000020
-0.000036
0.000005
0.000077
0.000121
0.000130
0.000056
-0.000060
-0.000141
-0.000145
-0.000037
0.000104
0.000151
0.000115
0.000091
0.000050
-0.000096
-0.000219
-0.000147
0.000043
0.000082
-0.000073
-0.000154
-0.000094
-0.000103
-0.000173
-0.000083
0.000146
0.000206
0.000058
-0.000026
0.000021
0.000041
-0.000134
-0.000227
-0.000086
0.000140
0.000176
0.000037
0.000058
0.000117
-0.000029
-0.000294
-0.000249
-0.000066
-0.000055
-0.000152
-0.000245
-0.000177
-0.000026
0.000049
0.000009
0.000049
0.000111
0.000120
0.000079
0.000010
-0.000022
-0.000027
-0.000057
-0.000123
-0.000119
-0.000028
0.000054
0.000077
-0.000004
-0.000084
-0.000023
0.000044
0.000009
-0.000057
-0.000100
-0.000146
-0.000192
-0.000185
-0.000165
-0.000138
-0.000130
-0.000188
-0.000295
-0.000399
-0.000403
-0.000257
-0.000080
0.000001
-0.000023
-0.000095
-0.000217
-0.000234
-0.000096
-0.000010
-0.000024
-0.000011
0.000092
0.000147
0.000086
0.000074
0.000174
0.000250
0.000163
0.000088
0.000034
-0.000136
-0.000272
-0.000249
-0.000209
-0.000289
-0.000579
-0.000636
-0.000273
0.000086
0.000156
-0.000051
-0.000342
-0.000563
-0.000544
-0.000213
0.000319
0.000833
0.000890
0.000391
-0.000268
-0.000713
-0.000846
-0.000770
-0.000709
-0.000804
-0.000983
-0.001127
-0.001194
-0.001152
-0.000927
-0.000523
-0.000275
-0.000489
-0.001171
-0.001800
-0.001821
-0.001356
-0.000940
-0.000788
-0.000713
-0.000593
-0.000422
-0.000096
0.000341
0.000597
0.000563
0.000386
0.000336
0.000686
0.001622
0.002755
0.003337
0.003119
0.002281
0.000993
-0.000319
-0.001178
-0.001539
-0.001708
-0.001911
-0.001981
-0.001754
-0.001409
-0.001004
-0.000556
-0.000537
-0.001392
-0.002780
-0.003811
-0.003794
-0.002719
-0.001124
0.000492
0.001545
0.001681
0.001079
0.000247
-0.000140
0.000179
0.000923
0.001775
0.002735
0.003753
0.004257
0.004013
0.003297
0.002463
0.001591
0.000720
0.000289
0.000845
0.002467
0.004361
0.005647
0.006058
0.005478
0.003974
0.001978
0.000110
-0.001371
-0.002559
-0.003461
-0.003934
-0.003832
-0.003208
-0.002287
-0.001321
-0.000433
0.000424
0.001172
0.001777
0.002368
0.002971
0.003337
0.003387
0.003020
0.002362
0.001950
0.001933
0.002010
0.002031
0.002124
0.002129
0.001829
0.001050
-0.000305
-0.001997
-0.003545
-0.004551
-0.004606
-0.003492
-0.001863
-0.000752
-0.000633
-0.001328
-0.002414
-0.003264
-0.003622
-0.003635
-0.003494
-0.003362
-0.003309
-0.003574
-0.004278
-0.005325
-0.006457
-0.006982
-0.006111
-0.003533
0.000394
0.004741
0.008277
0.009735
0.008522
0.005067
0.000720
-0.002950
-0.004994
-0.005115
-0.003555
-0.001047
0.001552
0.003707
0.005308
0.006463
0.007147
0.007207
0.006548
0.005183
0.003377
0.001208
-0.001021
-0.002510
-0.002881
-0.002646
-0.002375
-0.002530
-0.003471
-0.005091
-0.006957
-0.008629
-0.009527
-0.009099
-0.007386
-0.005235
-0.003573
-0.002800
-0.002986
-0.003690
-0.003730
-0.001959
0.001948
0.007289
0.012781
0.017103
0.019403
0.019471
0.017639
0.014913
0.012230
0.009886
0.007934
0.006553
0.005755
0.005666
0.006654
0.008892
0.011455
0.012610
0.011159
0.007190
0.001761
-0.003669
-0.007696
-0.009262
-0.008281
-0.005570
-0.002804
-0.001450
-0.001968
-0.004075
-0.006836
-0.009151
-0.010148
-0.009313
-0.006613
-0.002780
0.000930
0.003786
0.005296
0.005156
0.003835
0.002264
0.000966
0.000076
-0.000118
0.000803
0.002709
0.004931
0.006478
0.006630
0.005509
0.003412
0.000239
-0.004038
-0.008545
-0.011619
-0.012031
-0.009707
-0.005216
0.000433
0.005623
0.008513
0.007923
0.004206
-0.001174
-0.006818
-0.011613
-0.014352
-0.013691
-0.009368
-0.002657
0.004346
0.009288
0.010239
0.006546
-0.000814
-0.009491
-0.016422
-0.019238
-0.017447
-0.012319
-0.005905
-0.000281
0.002728
0.002107
-0.001581
-0.006471
-0.010422
-0.011566
-0.009505
-0.005479
-0.001393
0.001421
0.002994
0.003874
0.004321
0.004236
0.003339
0.001772
-0.000093
-0.001759
-0.002529
-0.001712
0.000760
0.004137
0.007093
0.008234
0.006948
0.003370
-0.001471
-0.006293
-0.010039
-0.012345
-0.013083
-0.011797
-0.008306
-0.003371
0.001448
0.004136
0.003168
-0.001364
-0.007690
-0.013317
-0.015967
-0.014411
-0.009047
-0.001717
0.005335
0.010716
0.013683
0.014253
0.013099
0.011044
0.008718
0.006297
0.003636
0.000586
-0.002450
-0.004650
-0.005325
-0.003899
-0.000337
0.004462
0.009370
0.013571
0.016439
0.017310
0.015565
0.011335
0.005756
0.000465
-0.003235
-0.005118
-0.005523
-0.005115
-0.004777
-0.005027
-0.005735
-0.006127
-0.005325
-0.003318
-0.000887
0.000967
0.001455
0.000305
-0.002144
-0.005234
-0.008374
-0.011368
-0.014085
-0.015619
-0.014332
-0.009327
-0.001353
0.007361
0.013750
0.015590
0.012615
0.006420
-0.000440
-0.005216
-0.006687
-0.005492
-0.002758
0.001082
0.005783
0.010541
0.014099
0.015356
0.013672
0.009318
0.003612
-0.001477
-0.003956
-0.002789
0.001436
0.006380
0.009180
0.007968
0.002663
-0.005046
-0.012553
-0.017470
-0.018221
-0.014354
-0.006900
0.001883
0.009289
0.013108
0.012108
0.006321
-0.002645
-0.012420
-0.019934
-0.022499
-0.019222
-0.011035
0.000011
0.011680
0.021675
0.028232
0.030531
0.028608
0.023605
0.017291
0.011157
0.006593
0.005022
0.006612
0.009711
0.011910
0.011225
0.007166
0.000929
-0.005471
-0.010386
-0.013261
-0.014586
-0.015180
-0.015194
-0.014085
-0.011629
-0.008121
-0.004080
-0.000223
0.002716
0.004127
0.003465
0.000898
-0.002021
-0.003305
-0.002286
0.000264
0.003162
0.005564
0.007253
0.008243
0.008599
0.008577
0.007971
0.005930
0.001903
-0.003491
-0.009176
-0.014403
-0.018802
-0.022059
-0.023624
-0.022727
-0.018415
-0.010477
-0.000509
0.008533
0.013696
0.013867
0.010329
0.005987
0.003910
0.005416
0.009469
0.013521
0.014980
0.012886
0.008601
0.004131
0.000622
-0.001828
-0.003544
-0.004476
-0.004507
-0.003991
-0.003128
-0.001554
0.000645
0.002393
0.002605
0.000983
-0.001792
-0.004489
-0.005903
-0.005341
-0.003075
-0.000254
0.002174
0.003905
0.005470
0.007507
0.009893
0.011727
0.011898
0.009692
0.005375
0.000365
-0.003357
-0.003983
-0.000954
0.004512
0.010021
0.013071
0.012067
0.006715
-0.002533
-0.014556
-0.027067
-0.037313
-0.043136
-0.043514
-0.038557
-0.029436
-0.017960
-0.006155
0.003548
0.008506
0.007267
0.000602
-0.008630
-0.016442
-0.019228
-0.015258
-0.005429
0.006914
0.017365
0.022920
0.023398
0.020844
0.017822
0.016037
0.016012
0.017607
0.020301
0.023521
0.026872
0.030085
0.032877
0.034434
0.033732
0.029849
0.022170
0.011166
-0.001488
-0.012653
-0.018384
-0.016620
-0.008375
0.003119
0.013925
0.020866
0.022542
0.019852
0.015232
0.010951
0.008186
0.006797
0.006013
0.005375
0.005015
0.005466
0.007469
0.011384
0.016864
0.022938
0.028373
0.031913
0.032452
0.030061
0.026244
0.022988
0.022113
0.023983
0.027689
0.031828
0.034781
0.035546
0.033800
0.029606
0.022826
0.013054
-0.000059
-0.016023
-0.033351
-0.050312
-0.065030
-0.075922
-0.082417
-0.085055
-0.084988
-0.083660
-0.082315
-0.081651
-0.081936
-0.082714
-0.082767
-0.080486
-0.074489
-0.064283
-0.050757
-0.035914
-0.021937
-0.010466
-0.002124
0.003629
0.008232
0.013152
0.019325
0.027103
0.036471
0.047138
0.058560
0.069848
0.079388
0.085405
0.086701
0.082940
0.074989
0.064780
0.054677
0.046679
0.042065
0.040828
0.042040
0.044359
0.045843
0.045071
0.041597
0.036018
0.029726
0.024022
0.019839
0.017797
0.017775
0.018872
0.019879
0.019828
0.017768
0.012731
0.004272
-0.007227
-0.020237
-0.032710
-0.042646
-0.048626
-0.050660
-0.050106
-0.049049
-0.049663
-0.053510
-0.061051
-0.071759
-0.084350
-0.097270
-0.109025
-0.118206
-0.123291
-0.123476
-0.119317
-0.112793
-0.106970
-0.104842
-0.107836
-0.115362
-0.125057
-0.133180
-0.135373
-0.128599
-0.112627
-0.090102
-0.066211
-0.047260
-0.038316
-0.041773
-0.056482
-0.077995
-0.099758
-0.115516
-0.121866
-0.119013
-0.109529
-0.096507
-0.082723
-0.069580
-0.056435
-0.041922
-0.025596
-0.008205
0.008500
0.022436
0.032233
0.038214
0.042416
0.047674
0.056760
0.071298
0.090735
0.112889
0.134529
0.152044
0.162642
0.165664
0.162688
0.156623
0.150715
0.147704
0.148872
0.154317
0.162983
0.172140
0.177933
0.177012
0.168211
0.152327
0.130887
0.105045
0.075805
0.044869
0.014954
-0.010492
-0.027815
-0.033864
-0.027821
-0.012457
0.006226
0.020701
0.023969
0.012024
-0.014798
-0.052248
-0.093691
-0.132173
-0.161980
-0.179545
-0.183941
-0.176780
-0.161058
-0.139732
-0.115845
-0.092462
-0.071571
-0.053872
-0.039355
-0.028155
-0.020334
-0.015620
-0.013001
-0.010557
-0.005492
0.004994
0.022700
0.047578
0.077164
0.107017
0.132189
0.148873
0.155678
0.153799
0.146000
0.135795
0.126407
0.119379
0.114606
0.111043
0.107077
0.101171
0.093047
0.083928
0.075621
0.070540
0.070537
0.075759
0.084777
0.095166
0.104339
0.110420
0.112009
0.107408
0.094139
0.070063
0.035232
-0.007376
-0.053213
-0.097598
-0.136288
-0.165773
-0.183744
-0.189465
-0.183500
-0.167084
-0.142228
-0.111925
-0.079442
-0.048123
-0.022021
-0.005010
0.001094
-0.002571
-0.011683
-0.020262
-0.022971
-0.017037
-0.002847
0.016362
0.035652
0.050000
0.056210
0.053809
0.044732
0.032100
0.018931
0.007756
-0.000127
-0.004997
-0.008020
-0.010027
-0.010960
-0.010239
-0.007393
-0.002102
0.005988
0.016894
0.029868
0.043245
0.054277
0.059791
0.057733
0.048592
0.035353
0.021865
0.011269
0.005861
0.007019
0.014610
0.027702
0.044687
0.063224
0.081034
0.096437
0.108089
0.114971
0.115928
0.109157
0.093047
0.067771
0.036137
0.003271
-0.024459
-0.041203
-0.043440
-0.031263
-0.008741
0.017079
0.038226
0.048274
0.043966
0.025351
-0.004273
-0.039162
-0.073385
-0.102238
-0.122289
-0.130658
-0.124827
-0.103622
-0.068793
-0.025348
0.019833
0.059198
0.085891
0.095270
0.086379
0.062773
0.031594
0.001987
-0.017972
-0.023709
-0.014764
0.005427
0.030524
0.053310
0.068019
0.071596
0.063824
0.046802
0.024070
-0.000641
-0.024386
-0.045146
-0.061464
-0.072333
-0.077081
-0.075348
-0.067241
-0.053613
-0.036176
-0.017689
-0.001274
0.010620
0.016408
0.015457
0.008494
-0.002487
-0.014764
-0.025703
-0.033191
-0.035969
-0.033941
-0.028270
-0.021333
-0.015765
-0.014159
-0.018824
-0.030637
-0.048512
-0.070396
-0.093988
-0.116620
-0.136071
-0.151208
-0.161892
-0.168990
-0.174154
-0.179069
-0.184711
-0.191158
-0.197938
-0.204329
-0.209156
-0.210981
-0.208395
-0.200229
-0.186152
-0.167035
-0.145247
-0.124207
-0.107225
-0.096862
-0.094487
-0.099617
-0.109745
-0.121273
-0.130585
-0.134173
-0.129080
-0.113963
-0.089259
-0.056975
-0.020519
0.016240
0.050157
0.079333
0.102935
0.121149
0.135130
0.146387
0.156362
0.166460
0.177504
0.189467
0.201936
0.214239
0.225488
0.234783
0.241042
0.243233
0.241217
0.235604
0.227531
0.218728
0.211030
0.204719
0.197660
0.186548
0.168603
0.143033
0.112097
0.080335
0.052526
0.031727
0.018450
0.010958
0.006047
0.000305
-0.008660
-0.021659
-0.037866
-0.055288
-0.071475
-0.084087
-0.091589
-0.093563
-0.090781
-0.084909
-0.078138
-0.072191
-0.067651
-0.064465
-0.062398
-0.060940
-0.059697
-0.058870
-0.058501
-0.058605
-0.059281
-0.060465
-0.061703
-0.062481
-0.062065
-0.059216
-0.052985
-0.043718
-0.032969
-0.022735
-0.014859
-0.010898
-0.011411
-0.015529
-0.021563
-0.027562
-0.031661
-0.032147
-0.027805
-0.018565
-0.005689
0.009002
0.023858
0.037594
0.049800
0.060668
0.070720
0.080786
0.091179
0.101248
0.109452
0.113864
0.112737
0.104992
0.090954
0.072654
0.053003
0.034478
0.018877
0.007247
-0.000468
-0.005601
-0.009977
-0.015300
-0.022411
-0.030909
-0.039338
-0.045770
-0.048585
-0.047003
-0.041703
-0.034717
-0.028632
-0.025534
-0.026562
-0.031571
-0.039144
-0.046562
-0.050847
-0.050153
-0.044046
-0.032923
-0.017961
-0.000676
0.017012
0.033217
0.046303
0.054510
0.056881
0.053693
0.046430
0.037699
0.030108
0.024877
0.021382
0.018033
0.013303
0.006115
-0.003430
-0.013891
-0.023371
-0.030264
-0.033589
-0.033560
-0.031434
-0.028331
-0.024261
-0.018660
-0.010896
-0.000724
0.011348
0.024457
0.037326
0.048311
0.056062
0.060144
0.061026
0.059716
0.057944
0.057753
0.060487
0.066565
0.075446
0.085878
0.096381
0.105356
0.111702
0.114804
0.114445
0.110690
0.103539
0.092766
0.078290
0.060413
0.040383
0.020701
0.004521
-0.005272
-0.007490
-0.003820
0.001770
0.004702
0.000982
-0.011529
-0.032267
-0.058312
-0.085224
-0.108236
-0.123504
-0.129216
-0.126250
-0.117691
-0.107443
-0.099047
-0.094598
-0.094345
-0.097068
-0.100439
-0.101755
-0.099136
-0.091945
-0.081032
-0.068509
-0.056781
-0.048256
-0.044705
-0.046124
-0.051157
-0.057753
-0.063569
-0.066253
-0.064251
-0.057236
-0.046093
-0.032274
-0.017663
-0.004432
0.005807
0.012349
0.015149
0.014573
0.011179
0.005773
-0.000820
-0.007963
-0.014941
-0.020942
-0.025221
-0.027208
-0.026575
-0.023784
-0.019863
-0.015964
-0.013065
-0.011789
-0.012186
-0.013225
-0.013832
-0.013599
-0.012134
-0.009167
-0.005187
-0.001582
0.000057
-0.000948
-0.004132
-0.007999
-0.010279
-0.008775
-0.002321
0.008930
0.023570
0.039312
0.053261
0.062903
0.066766
0.064497
0.057095
0.046754
0.036145
0.027893
0.024238
0.026424
0.034200
0.045769
0.058368
0.069140
0.076242
0.079032
0.077894
0.074310
0.070295
0.067264
0.065718
0.065714
0.066941
0.069093
0.071960
0.075335
0.078971
0.082473
0.084870
0.084655
0.079993
0.069501
0.052984
0.031450
0.007355
-0.016146
-0.036337
-0.051492
-0.060879
-0.064519
-0.063258
-0.058696
-0.053003
-0.048106
-0.044661
-0.042084
-0.039419
-0.035879
-0.030878
-0.024371
-0.017010
-0.009974
-0.004255
-0.000365
0.001562
0.001499
-0.000488
-0.003854
-0.007543
-0.010416
-0.011303
-0.009242
-0.003903
0.003950
0.012228
0.017963
0.018009
0.010259
-0.005211
-0.025684
-0.046658
-0.063371
-0.072194
-0.071568
-0.062470
-0.048191
-0.033092
-0.021593
-0.016786
-0.019131
-0.026887
-0.036851
-0.045049
-0.048116
-0.044829
-0.036211
-0.024839
-0.014082
-0.006994
-0.005212
-0.008539
-0.014996
-0.021551
-0.025406
-0.024985
-0.020265
-0.012685
-0.004662
0.001458
0.004267
0.003899
0.001720
-0.000265
-0.000527
0.001550
0.005289
0.008823
0.010116
0.007915
0.002581
-0.004250
-0.010538
-0.014319
-0.014174
-0.009492
-0.000656
0.011412
0.025583
0.040468
0.054203
0.064552
0.069547
0.068118
0.060660
0.049578
0.038850
0.032220
0.031685
0.037351
0.047572
0.059387
0.068978
0.072996
0.070000
0.060340
0.045778
0.029462
0.014957
0.004724
-0.000070
0.000644
0.005524
0.012147
0.018147
0.022109
0.023315
0.021899
0.018734
0.014508
0.009526
0.003952
-0.002008
-0.008039
-0.013769
-0.018898
-0.023113
-0.026264
-0.028584
-0.030059
-0.030143
-0.028586
-0.025665
-0.021894
-0.017961
-0.014329
-0.011220
-0.008907
-0.007346
-0.006084
-0.005011
-0.004696
-0.005826
-0.008445
-0.011805
-0.014829
-0.016303
-0.015486
-0.012706
-0.008770
-0.004666
-0.001635
-0.000601
-0.001955
-0.005759
-0.011199
-0.016763
-0.021376
-0.024526
-0.025793
-0.024896
-0.022179
-0.018403
-0.014302
-0.010618
-0.008203
-0.007750
-0.009456
-0.012714
-0.016645
-0.020667
-0.024274
-0.026584
-0.026673
-0.024041
-0.018973
-0.012704
-0.006522
-0.001093
0.003144
0.006131
0.008132
0.009475
0.010451
0.011315
0.012180
0.013053
0.014170
0.015953
0.018706
0.022519
0.026940
0.030689
0.031897
0.029094
0.021614
0.009755
-0.004829
-0.019563
-0.032000
-0.040560
-0.045022
-0.046124
-0.045111
-0.043239
-0.041527
-0.040480
-0.039675
-0.038346
-0.036410
-0.034252
-0.032112
-0.030554
-0.029822
-0.029544
-0.028776
-0.026539
-0.022271
-0.015952
-0.007830
0.001806
0.012640
0.023987
0.034632
0.043274
0.049176
0.052170
0.052390
0.050464
0.047257
0.043552
0.039853
0.036383
0.033391
0.030955
0.028547
0.025524
0.021967
0.017979
0.013377
0.008193
0.003162
-0.000543
-0.002365
-0.002557
-0.001471
0.000398
0.002451
0.003810
0.003453
0.000928
-0.003603
-0.009467
-0.015295
-0.019285
-0.019981
-0.017170
-0.012230
-0.007567
-0.005641
-0.007747
-0.013651
-0.021841
-0.029962
-0.035837
-0.038226
-0.037063
-0.033404
-0.029149
-0.026403
-0.026661
-0.030168
-0.036026
-0.042499
-0.047496
-0.049133
-0.046203
-0.038837
-0.028945
-0.019592
-0.013382
-0.012011
-0.016321
-0.025250
-0.036225
-0.046329
-0.052983
-0.054254
-0.049504
-0.039746
-0.027378
-0.015346
-0.006060
-0.000946
-0.000535
-0.004320
-0.010481
-0.016621
-0.021094
-0.023540
-0.024128
-0.023347
-0.021997
-0.020451
-0.018297
-0.014474
-0.007960
0.001107
0.011081
0.019398
0.023790
0.023054
0.017037
0.007237
-0.003501
-0.012123
-0.016010
-0.013754
-0.005703
0.006650
0.021259
0.035532
0.047027
0.054165
0.056026
0.052314
0.043961
0.033606
0.023679
0.015498
0.009754
0.006673
0.005746
0.005927
0.006379
0.006883
0.007507
0.008277
0.008933
0.008600
0.006138
0.000938
-0.006423
-0.014397
-0.020857
-0.023694
-0.021672
-0.014671
-0.003994
0.008123
0.019393
0.028004
0.032918
0.034180
0.032520
0.028994
0.024850
0.021342
0.019650
0.020494
0.024099
0.030103
0.037536
0.045160
0.051719
0.056072
0.057725
0.056945
0.054309
0.050508
0.046306
0.042463
0.039401
0.037234
0.036199
0.036345
0.037510
0.039553
0.042291
0.045563
0.048894
0.051906
0.054447
0.056312
0.057248
0.057063
0.055562
0.052609
0.048383
0.043348
0.037943
0.032879
0.029207
0.027628
0.028346
0.031169
0.035157
0.038518
0.039146
0.035423
0.027053
0.015275
0.002111
-0.010111
-0.018961
-0.023347
-0.023796
-0.021825
-0.019203
-0.017269
-0.016655
-0.017573
-0.019853
-0.022674
-0.025148
-0.026824
-0.027333
-0.026207
-0.023306
-0.018942
-0.014169
-0.010426
-0.008794
-0.009789
-0.013160
-0.017809
-0.021998
-0.023876
-0.022266
-0.017317
-0.009895
-0.001338
0.006629
0.012517
0.015613
0.015761
0.013256
0.008892
0.003837
-0.000903
-0.004545
-0.006670
-0.007258
-0.006745
-0.005843
-0.005307
-0.005843
-0.007713
-0.010987
-0.015419
-0.020284
-0.024718
-0.028027
-0.029923
-0.030640
-0.030758
-0.031110
-0.032617
-0.035715
-0.040239
-0.045332
-0.049781
-0.052225
-0.051766
-0.048254
-0.042332
-0.035523
-0.029948
-0.027284
-0.027956
-0.031524
-0.036517
-0.040213
-0.039762
-0.033736
-0.022556
-0.008346
0.005928
0.017382
0.024174
0.025590
0.022792
0.018296
0.014378
0.012312
0.012056
0.012579
0.012663
0.011499
0.009099
0.006396
0.004839
0.005511
0.008379
0.012521
0.016516
0.018676
0.017942
0.014180
0.008227
0.001846
-0.002663
-0.003519
-0.000202
0.006307
0.013909
0.019909
0.021877
0.018635
0.010936
0.000853
-0.009122
-0.016732
-0.020905
-0.022128
-0.021776
-0.020941
-0.020389
-0.020521
-0.021134
-0.021722
-0.021719
-0.020829
-0.019154
-0.016811
-0.013841
-0.010422
-0.006863
-0.003642
-0.001158
0.000761
0.002491
0.004032
0.005152
0.005864
0.006258
0.006483
0.006728
0.006996
0.007189
0.006951
0.005729
0.003141
-0.000445
-0.003987
-0.006363
-0.006579
-0.004260
-0.000157
0.004200
0.007422
0.008359
0.006607
0.003007
-0.000836
-0.003350
-0.003196
0.000273
0.006315
0.012959
0.017884
0.019145
0.015837
0.008524
-0.000969
-0.010295
-0.017515
-0.021460
-0.021615
-0.018609
-0.014029
-0.009491
-0.005963
-0.003984
-0.003612
-0.004671
-0.006969
-0.010063
-0.013264
-0.015804
-0.016916
-0.015829
-0.012042
-0.006072
0.000728
0.006725
0.010431
0.011024
0.008412
0.003427
-0.002246
-0.006894
-0.009424
-0.009743
-0.008105
-0.005079
-0.001624
0.001556
0.004304
0.006885
0.009685
0.013198
0.017691
0.023007
0.028575
0.033581
0.037273
0.039460
0.040023
0.039027
0.037069
0.034833
0.032920
0.031477
0.030530
0.030165
0.030367
0.030844
0.030929
0.030192
0.028697
0.026723
0.024616
0.022541
0.020457
0.018222
0.015687
0.012734
0.009331
0.005737
0.002296
-0.000504
-0.002488
-0.003794
-0.004345
-0.004026
-0.002930
-0.000779
0.002218
0.005150
0.007209
0.007884
0.006955
0.004557
0.001094
-0.002882
-0.006609
-0.009402
-0.011009
-0.011698
-0.011864
-0.011764
-0.011513
-0.011285
-0.011383
-0.012010
-0.013408
-0.015836
-0.019004
-0.022264
-0.024897
-0.026172
-0.025760
-0.023767
-0.020751
-0.017650
-0.015348
-0.014516
-0.015495
-0.018074
-0.021554
-0.024802
-0.026376
-0.025197
-0.020955
-0.013918
-0.005211
0.003433
0.010011
0.013091
0.012086
0.007223
-0.000466
-0.009298
-0.017453
-0.023525
-0.026963
-0.027686
-0.026135
-0.023647
-0.021621
-0.021140
-0.022680
-0.026138
-0.030928
-0.036204
-0.041184
-0.045372
-0.048677
-0.051110
-0.052773
-0.053644
-0.053812
-0.053216
-0.051619
-0.048920
-0.044908
-0.039612
-0.033410
-0.026748
-0.020192
-0.014564
-0.010845
-0.009477
-0.010229
-0.012466
-0.015083
-0.016663
-0.015906
-0.012010
-0.005039
0.004070
0.013792
0.022268
0.027812
0.029760
0.029125
0.027428
0.026146
0.026371
0.028588
0.032595
0.037196
0.040872
0.042611
0.042002
0.039300
0.035374
0.031190
0.027408
0.024231
0.021444
0.018521
0.014946
0.010540
0.005466
0.000097
-0.004945
-0.008672
-0.009996
-0.008330
-0.003837
0.002894
0.010855
0.018611
0.024797
0.028409
0.028999
0.026516
0.021748
0.016265
0.011855
0.010041
0.011443
0.016282
0.023854
0.032130
0.039033
0.042884
0.042540
0.037574
0.028458
0.017052
0.006036
-0.002213
-0.006380
-0.006201
-0.002329
0.003801
0.010230
0.015079
0.017121
0.015900
0.012022
0.006900
0.001890
-0.001904
-0.003659
-0.003359
-0.001721
0.000164
0.000917
-0.000192
-0.002560
-0.005071
-0.006849
-0.007160
-0.005604
-0.002391
0.001706
0.005759
0.008785
0.010292
0.010540
0.009819
0.008227
0.005992
0.003797
0.002388
0.002019
0.002789
0.004746
0.007563
0.010458
0.012196
0.011531
0.007914
0.001804
-0.005760
-0.013358
-0.019138
-0.021993
-0.022019
-0.019884
-0.016492
-0.013037
-0.010519
-0.009452
-0.009783
-0.011229
-0.013665
-0.016523
-0.018629
-0.018939
-0.016858
-0.012249
-0.005701
0.001546
0.007656
0.010792
0.010117
0.006053
-0.000128
-0.006573
-0.011285
-0.012869
-0.010932
-0.006188
-0.000158
0.005660
0.010139
0.012470
0.012106
0.009388
0.005695
0.002413
0.000628
0.001133
0.004096
0.008913
0.014134
0.017787
0.018732
0.017002
0.013164
0.008211
0.003466
-0.000078
-0.002092
-0.003049
-0.003947
-0.005778
-0.009089
-0.014121
-0.020770
-0.028137
-0.034901
-0.039885
-0.042381
-0.042064
-0.039055
-0.033953
-0.028072
-0.022996
-0.019798
-0.018867
-0.019914
-0.022161
-0.024395
-0.025302
-0.024065
-0.020730
-0.015919
-0.010229
-0.004415
0.000650
0.004315
0.006582
0.007353
0.006551
0.004582
0.002378
0.000666
-0.000321
-0.000234
0.001126
0.003273
0.005244
0.006333
0.006271
0.005273
0.003802
0.002298
0.001404
0.001164
0.001045
0.000508
-0.000579
-0.002046
-0.003578
-0.004660
-0.004632
-0.003027
0.000117
0.004455
0.009284
0.013666
0.016905
0.018688
0.019093
0.018743
0.018042
0.017282
0.016998
0.017545
0.018851
0.020646
0.022470
0.023831
0.024556
0.024560
0.023793
0.022405
0.020559
0.018345
0.015875
0.013189
0.010288
0.007432
0.004993
0.003212
0.002192
0.001995
0.002426
0.002785
0.002480
0.001401
-0.000594
-0.003737
-0.007699
-0.011582
-0.014436
-0.016047
-0.016493
-0.015748
-0.013926
-0.011471
-0.009205
-0.007822
-0.007510
-0.008137
-0.009267
-0.010400
-0.011000
-0.010496
-0.008561
-0.005315
-0.001076
0.003621
0.008055
0.011446
0.013106
0.012683
0.010488
0.007064
0.002932
-0.001138
-0.004407
-0.006419
-0.007070
-0.006386
-0.004634
-0.002555
-0.000701
0.000717
0.001490
0.001278
0.000011
-0.001740
-0.003092
-0.003124
-0.001646
0.000935
0.004207
0.007509
0.009774
0.010200
0.008822
0.005793
0.001609
-0.002714
-0.006105
-0.007934
-0.008171
-0.007210
-0.005639
-0.003966
-0.002676
-0.002034
-0.001516
-0.000731
0.000336
0.001770
0.003562
0.005650
0.007676
0.009065
0.009407
0.008593
0.006797
0.004498
0.002322
0.000797
0.000300
0.000721
0.001622
0.002447
0.002686
0.002083
0.000634
-0.001134
-0.002335
-0.002220
-0.000427
0.002980
0.007550
0.012663
0.017372
0.020571
0.021533
0.020388
0.017735
0.014052
0.009860
0.005853
0.002725
0.000634
-0.000545
-0.000802
-0.000234
0.000799
0.001609
0.001608
0.000543
-0.001545
-0.004449
-0.007759
-0.010742
-0.012622
-0.013127
-0.012334
-0.010427
-0.007859
-0.005188
-0.002796
-0.000741
0.000966
0.002348
0.003835
0.005681
0.007694
0.009874
0.012328
0.014611
0.015950
0.015803
0.013948
0.010367
0.005490
0.000300
-0.004672
-0.009230
-0.013034
-0.015937
-0.018180
-0.020078
-0.021732
-0.022937
-0.023643
-0.023962
-0.023856
-0.023307
-0.022729
-0.022614
-0.022664
-0.022470
-0.021904
-0.020852
-0.019149
-0.016689
-0.013997
-0.012004
-0.011076
-0.010873
-0.010835
-0.010354
-0.009005
-0.006539
-0.002933
0.001141
0.004675
0.006947
0.007811
0.007322
0.005672
0.003671
0.002718
0.003542
0.005820
0.009097
0.012644
0.015400
0.016449
0.015369
0.012218
0.007749
0.002914
-0.001688
-0.005525
-0.008291
-0.009874
-0.010385
-0.009929
-0.008511
-0.006413
-0.004281
-0.002615
-0.001581
-0.001167
-0.001207
-0.001445
-0.001515
-0.000893
0.000937
0.003864
0.007333
0.010957
0.014322
0.016963
0.018595
0.019216
0.019005
0.018137
0.016884
0.015691
0.014759
0.014069
0.013453
0.012703
0.011862
0.011095
0.010483
0.009822
0.008888
0.007350
0.004982
0.002002
-0.001370
-0.004894
-0.007942
-0.009666
-0.009464
-0.007552
-0.004424
-0.000519
0.003315
0.006349
0.008320
0.009107
0.008594
0.007596
0.007063
0.007164
0.007844
0.009311
0.011363
0.013421
0.014924
0.015462
0.014960
0.013557
0.011522
0.009229
0.007023
0.004953
0.002780
0.000334
-0.002211
-0.004626
-0.006963
-0.009093
-0.010742
-0.011795
-0.012187
-0.012044
-0.011301
-0.009755
-0.007437
-0.004591
-0.001461
0.001787
0.004725
0.006972
0.008558
0.009617
0.010049
0.009868
0.009265
0.008368
0.007219
0.005589
0.003123
-0.000142
-0.003927
-0.007814
-0.011589
-0.015237
-0.018339
-0.020352
-0.021022
-0.020729
-0.019736
-0.018051
-0.015734
-0.013002
-0.009703
-0.005585
-0.000732
0.004540
0.009632
0.014105
0.017416
0.019092
0.019202
0.018131
0.016356
0.014337
0.012426
0.011081
0.010413
0.010120
0.009875
0.009517
0.008985
0.008256
0.007269
0.005948
0.004475
0.003188
0.002179
0.001274
0.000478
-0.000050
-0.000339
-0.000417
-0.000400
-0.000491
-0.000648
-0.000882
-0.001321
-0.001672
-0.001448
-0.000550
0.000741
0.002481
0.004419
0.005878
0.006367
0.005715
0.004116
0.002101
0.000344
-0.000541
-0.000024
0.001988
0.004957
0.008240
0.011350
0.013751
0.014818
0.014428
0.013138
0.011572
0.010047
0.008484
0.006966
0.005839
0.005092
0.004300
0.003218
0.001804
-0.000052
-0.002738
-0.006219
-0.010016
-0.013784
-0.017150
-0.019806
-0.021704
-0.022624
-0.022383
-0.021063
-0.019002
-0.016484
-0.013739
-0.011123
-0.009007
-0.007435
-0.006261
-0.005416
-0.004694
-0.003812
-0.002552
-0.000812
0.001189
0.002998
0.004274
0.004817
0.004529
0.003236
0.001071
-0.001548
-0.004019
-0.006135
-0.007714
-0.008398
-0.008398
-0.008311
-0.008423
-0.008870
-0.009856
-0.011367
-0.012966
-0.014182
-0.014619
-0.014092
-0.012647
-0.010553
-0.008244
-0.005971
-0.004043
-0.002689
-0.001922
-0.001511
-0.001128
-0.000548
0.000448
0.002099
0.004369
0.006875
0.009345
0.011832
0.014163
0.015741
0.015974
0.014758
0.012353
0.008884
0.004824
0.000742
-0.002990
-0.006033
-0.008107
-0.009174
-0.009696
-0.010229
-0.011325
-0.012974
-0.014995
-0.017286
-0.019645
-0.021611
-0.022798
-0.023248
-0.023151
-0.022369
-0.020544
-0.017510
-0.013351
-0.008252
-0.002688
0.002598
0.006773
0.009328
0.010245
0.009970
0.009290
0.009035
0.009875
0.012199
0.015647
0.019251
0.021826
0.022769
0.021953
0.019369
0.015350
0.010618
0.005984
0.002324
0.000347
0.000155
0.001543
0.003965
0.006296
0.007615
0.007775
0.006813
0.004766
0.002086
-0.000420
-0.001860
-0.001690
-0.000092
0.002460
0.005269
0.007459
0.008051
0.006621
0.003643
-0.000045
-0.003666
-0.006347
-0.006991
-0.005418
-0.002374
0.001240
0.004585
0.006728
0.006973
0.005220
0.001856
-0.002363
-0.006430
-0.009391
-0.010632
-0.010098
-0.008248
-0.005987
-0.004216
-0.003573
-0.004278
-0.006406
-0.009891
-0.013850
-0.016945
-0.018220
-0.017468
-0.014956
-0.010891
-0.005890
-0.000997
0.002749
0.004791
0.005015
0.003549
0.001098
-0.001451
-0.003345
-0.004123
-0.003603
-0.001918
0.000515
0.002980
0.004615
0.004743
0.003261
0.000271
-0.004007
-0.008856
-0.013296
-0.016625
-0.018360
-0.018265
-0.016463
-0.013483
-0.010003
-0.006738
-0.004261
-0.002844
-0.002419
-0.002723
-0.003391
-0.003609
-0.002773
-0.001030
0.001476
0.004775
0.008007
0.010016
0.010196
0.008599
0.005761
0.002348
-0.000997
-0.003357
-0.003988
-0.002944
-0.001001
0.001129
0.002922
0.003832
0.003557
0.002002
-0.000451
-0.003183
-0.005806
-0.007848
-0.008817
-0.008545
-0.007124
-0.004714
-0.001735
0.001190
0.003542
0.004989
0.005470
0.005209
0.004778
0.004744
0.005539
0.007191
0.009564
0.012317
0.014639
0.015998
0.016581
0.016284
0.015063
0.013425
0.011947
0.010803
0.009937
0.009316
0.008708
0.007792
0.006337
0.004423
0.002366
0.000675
-0.000239
-0.000210
0.000556
0.001725
0.003049
0.004082
0.004374
0.003658
0.001885
-0.000469
-0.002736
-0.004494
-0.005582
-0.005917
-0.005503
-0.004790
-0.004040
-0.003286
-0.002859
-0.003028
-0.003650
-0.004573
-0.005727
-0.006707
-0.007098
-0.006889
-0.006259
-0.005308
-0.004138
-0.003098
-0.002575
-0.002742
-0.003485
-0.004496
-0.005454
-0.006277
-0.006846
-0.007001
-0.006886
-0.006739
-0.006792
-0.007075
-0.007439
-0.007645
-0.007514
-0.007134
-0.006694
-0.006395
-0.006577
-0.007395
-0.008289
-0.008994
-0.009574
-0.009851
-0.009572
-0.008849
-0.007973
-0.007017
-0.005934
-0.004640
-0.003094
-0.001589
-0.000358
0.000546
0.001160
0.001514
0.001661
0.001789
0.002236
0.003073
0.004067
0.005062
0.006005
0.006975
0.007698
0.007863
0.007529
0.006962
0.006431
0.006029
0.005649
0.005279
0.005061
0.004829
0.004319
0.003566
0.002790
0.002164
0.001749
0.001860
0.002583
0.003648
0.004794
0.005980
0.006999
0.007712
0.008092
0.007997
0.007461
0.006743
0.005980
0.005246
0.004733
0.004603
0.004968
0.005779
0.006653
0.007152
0.006842
0.005729
0.004422
0.003457
0.003175
0.003933
0.005714
0.008070
0.010209
0.011185
0.010533
0.008368
0.005171
0.001520
-0.001725
-0.003782
-0.004377
-0.004141
-0.003929
-0.004131
-0.004816
-0.005836
-0.006852
-0.007706
-0.008014
-0.007353
-0.006111
-0.004974
-0.004037
-0.003411
-0.003408
-0.003885
-0.004539
-0.005313
-0.006006
-0.006316
-0.006085
-0.005220
-0.003812
-0.002190
-0.000933
-0.000338
-0.000259
-0.000607
-0.001386
-0.002301
-0.002998
-0.003191
-0.002916
-0.002548
-0.002054
-0.001461
-0.000941
-0.000322
0.000501
0.001445
0.002253
0.002622
0.002520
0.001870
0.000560
-0.001196
-0.002962
-0.004303
-0.004776
-0.004165
-0.002726
-0.000727
0.001340
0.002809
0.003513
0.003585
0.003331
0.003253
0.003667
0.004583
0.005762
0.006947
0.007828
0.008371
0.008879
0.009632
0.010767
0.012355
0.014167
0.015629
0.016365
0.016343
0.015765
0.014889
0.013940
0.013207
0.012899
0.012738
0.012327
0.011471
0.010177
0.008490
0.006449
0.004461
0.003071
0.002463
0.002519
0.002866
0.003204
0.003445
0.003543
0.003337
0.002683
0.002136
0.001951
0.001543
0.000889
0.000587
0.000759
0.001121
0.001360
0.001358
0.001188
0.000734
-0.000283
-0.001921
-0.003906
-0.005929
-0.007875
-0.009730
-0.011370
-0.012250
-0.012229
-0.011734
-0.011243
-0.010901
-0.010680
-0.010678
-0.010870
-0.011090
-0.010990
-0.010345
-0.009232
-0.007821
-0.006278
-0.004819
-0.003679
-0.003151
-0.003227
-0.003530
-0.003749
-0.003932
-0.004170
-0.004479
-0.005007
-0.005762
-0.006572
-0.007210
-0.007364
-0.006929
-0.006125
-0.005008
-0.003752
-0.002974
-0.002907
-0.003474
-0.004553
-0.005949
-0.007360
-0.008469
-0.009072
-0.009055
-0.008556
-0.007608
-0.006325
-0.004960
-0.003673
-0.002543
-0.001376
-0.000038
0.001210
0.002115
0.002820
0.003529
0.004237
0.004798
0.005191
0.005402
0.005334
0.005063
0.004713
0.004189
0.003594
0.003015
0.002407
0.001811
0.001209
0.000322
-0.000865
-0.002055
-0.003124
-0.004037
-0.004578
-0.004720
-0.004603
-0.004263
-0.003864
-0.003523
-0.003251
-0.002968
-0.002571
-0.001982
-0.001165
0.000015
0.001416
0.002874
0.004232
0.005321
0.005944
0.006070
0.005735
0.005277
0.005019
0.004934
0.005474
0.006832
0.008729
0.010759
0.012583
0.013922
0.014322
0.013639
0.011980
0.009509
0.006725
0.004245
0.002454
0.001428
0.001048
0.001234
0.001577
0.001455
0.000917
-0.000163
-0.001988
-0.004269
-0.006252
-0.007765
-0.008326
-0.008020
-0.006753
-0.004866
-0.003153
-0.002200
-0.002090
-0.002427
-0.002863
-0.003205
-0.003333
-0.003166
-0.002607
-0.001559
-0.000124
0.001375
0.002665
0.003791
0.004812
0.005677
0.006462
0.007138
0.007675
0.008037
0.008127
0.008033
0.007875
0.007513
0.006948
0.006535
0.006490
0.006808
0.007535
0.008654
0.010001
0.011090
0.011284
0.010519
0.009011
0.006962
0.004681
0.002630
0.001197
0.000502
0.000494
0.000914
0.001287
0.001276
0.000832
0.000078
-0.000878
-0.001796
-0.002637
-0.003642
-0.004472
-0.004772
-0.004724
-0.004349
-0.003542
-0.002593
-0.001688
-0.000888
-0.000442
-0.000506
-0.001003
-0.001913
-0.003086
-0.004152
-0.004802
-0.004740
-0.003834
-0.002291
-0.000558
0.000911
0.001639
0.001343
0.000156
-0.001495
-0.003198
-0.004552
-0.005167
-0.004812
-0.003623
-0.002148
-0.000887
-0.000254
-0.000536
-0.001778
-0.003744
-0.005913
-0.007655
-0.008728
-0.009025
-0.008463
-0.007273
-0.005806
-0.004291
-0.002913
-0.001945
-0.001654
-0.001805
-0.002244
-0.003018
-0.003968
-0.004750
-0.005123
-0.004967
-0.004120
-0.002542
-0.000540
0.001351
0.002609
0.002800
0.001867
0.000204
-0.001529
-0.002752
-0.003022
-0.002073
-0.000177
0.002035
0.003933
0.004952
0.004796
0.003599
0.001790
-0.000089
-0.001407
-0.001786
-0.001235
0.000014
0.001485
0.002750
0.003422
0.003499
0.003116
0.002286
0.001138
-0.000075
-0.001018
-0.001371
-0.001133
-0.000475
0.000396
0.001184
0.001510
0.001214
0.000344
-0.000943
-0.002472
-0.003958
-0.005125
-0.005864
-0.006179
-0.006140
-0.005947
-0.005812
-0.005907
-0.006312
-0.006910
-0.007440
-0.007744
-0.007807
-0.007542
-0.006794
-0.005578
-0.004241
-0.003086
-0.002081
-0.001233
-0.000701
-0.000455
-0.000264
-0.000037
0.000204
0.000463
0.000650
0.000664
0.000606
0.000585
0.000424
0.000103
-0.000119
-0.000100
0.000098
0.000349
0.000752
0.001492
0.002472
0.003476
0.004345
0.005077
0.005768
0.006288
0.006438
0.006324
0.006146
0.005785
0.005199
0.004707
0.004321
0.003862
0.003340
0.002859
0.002528
0.002238
0.001795
0.001233
0.000720
0.000348
0.000165
0.000197
0.000421
0.000712
0.000945
0.001054
0.001031
0.000910
0.000675
0.000329
-0.000008
-0.000185
-0.000155
-0.000027
0.000125
0.000260
0.000245
-0.000011
-0.000480
-0.000968
-0.001276
-0.001461
-0.001600
-0.001652
-0.001599
-0.001417
-0.001124
-0.000804
-0.000449
-0.000083
0.000246
0.000531
0.000789
0.001051
0.001343
0.001604
0.001807
0.002049
0.002354
0.002631
0.002804
0.002843
0.002722
0.002450
0.002079
0.001668
0.001257
0.000909
0.000670
0.000551
0.000531
0.000552
0.000557
0.000537
0.000486
0.000386
0.000205
-0.000043
-0.000280
-0.000439
-0.000502
-0.000482
-0.000362
-0.000160
0.000045
0.000179
0.000195
0.000107
-0.000061
-0.000285
-0.000526
-0.000731
-0.000847
-0.000877
-0.000866
-0.000848
-0.000828
-0.000803
-0.000777
-0.000761
-0.000759
-0.000762
-0.000770
-0.000770
-0.000744
-0.000689
-0.000619
-0.000545
-0.000464
-0.000363
-0.000253
-0.000148
-0.000061
-0.000005
0.000018
0.000032
0.000065
0.000127
0.000214
0.000305
0.000385
0.000439
0.000452
0.000425
0.000374
0.000316
0.000266
0.000231
0.000210
0.000195
0.000175
0.000133
0.000060
-0.000034
-0.000131
-0.000222
-0.000297
-0.000343
-0.000361
-0.000359
-0.000350
-0.000346
-0.000347
-0.000348
-0.000346
-0.000343
-0.000337
-0.000321
-0.000299
-0.000278
-0.000261
-0.000250
-0.000243
-0.000236
-0.000226
-0.000212
-0.000197
-0.000186
-0.000180
-0.000181
-0.000186
-0.000195
-0.000205
-0.000214
-0.000221
-0.000225
-0.000227
-0.000225
-0.000220
-0.000211
-0.000201
-0.000192
-0.000183
-0.000174
-0.000166
-0.000157
-0.000148
-0.000139
-0.000129
-0.000119
-0.000109
-0.000099
-0.000090
-0.000082
-0.000075
-0.000068
-0.000063
-0.000058
-0.000053
-0.000048
-0.000043
-0.000038
-0.000034
-0.000029
-0.000025
-0.000020
-0.000016
-0.000011
-0.000006
-0.000001
0.000004
0.000009
0.000013
0.000018
0.000022
0.000027
0.000031
0.000036
0.000041
0.000045
0.000050
0.000054
0.000058
0.000063
0.000067
0.000071
0.000075
