-0.000001
-0.000001
-0.000001
-0.000001
0.000000
-0.000001
-0.000002
-0.000002
-0.000003
-0.000003
0.000002
0.000004
-0.000002
-0.000003
0.000003
-0.000002
-0.000008
-0.000009
-0.000015
-0.000017
-0.000009
-0.000009
-0.000007
0.000002
0.000004
-0.000016
-0.000032
-0.000038
-0.000034
-0.000036
-0.000037
-0.000047
-0.000060
-0.000057
0.000017
0.000119
0.000102
0.000010
0.000000
0.000085
0.000105
0.000004
-0.000066
-0.000062
-0.000074
-0.000082
-0.000069
-0.000061
-0.000110
-0.000193
-0.000152
0.000096
0.000149
0.000046
0.000033
-0.000040
-0.000140
-0.000156
-0.000167
-0.000031
0.000108
-0.000013
-0.000128
-0.000009
0.000140
0.000103
-0.000023
-0.000030
0.000099
0.000071
-0.000101
-0.000257
-0.000223
-0.000174
-0.000137
0.000263
0.000515
0.000185
-0.000230
-0.000076
0.000150
0.000127
0.000004
-0.000064
-0.000111
-0.000264
-0.000324
-0.000409
-0.000641
-0.000696
-0.000498
-0.000301
-0.000148
-0.000241
-0.000251
-0.000195
-0.000017
0.000062
-0.000154
-0.000208
-0.000215
-0.000236
-0.000398
-0.000483
-0.000006
0.000344
0.000124
0.000025
0.000340
0.000606
0.000283
-0.000140
-0.000110
0.000294
0.000651
0.000373
-0.000344
-0.000606
-0.000589
-0.000715
-0.000868
-0.000798
-0.000330
0.000069
0.000141
0.000552
0.000840
0.000623
0.000683
0.000780
0.000400
-0.000036
-0.000233
-0.000452
-0.000512
-0.000539
-0.000296
0.000115
-0.000089
-0.000297
0.000084
0.000367
0.000203
-0.000017
-0.000139
-0.000513
-0.000633
-0.000194
-0.000002
0.000140
-0.000199
-0.000935
-0.001296
-0.000994
-0.000075
0.000561
0.000703
0.000499
-0.000101
-0.000297
-0.000411
-0.000528
-0.000378
-0.000342
0.000045
0.000635
0.000642
0.000219
0.000080
0.000194
-0.000516
-0.001110
-0.000294
0.000220
0.000156
0.000480
0.000467
0.000153
0.000420
0.000925
0.000186
-0.000844
-0.000379
-0.000018
-0.000746
-0.001202
-0.000322
0.000678
0.001040
0.001047
0.000598
0.000613
0.000764
0.000125
-0.000313
-0.000462
-0.000288
-0.000051
-0.000337
-0.000421
0.000152
0.000971
0.000824
-0.000313
-0.000682
-0.000139
0.000052
-0.000505
-0.001108
-0.000669
0.000058
0.000927
0.000989
-0.000265
-0.001237
-0.000710
0.000325
0.000472
-0.000230
0.000102
0.001661
0.001948
0.000793
-0.000635
-0.001290
-0.001019
-0.000542
-0.000156
-0.000754
-0.001067
-0.000051
0.000972
0.001387
0.001288
0.000949
0.000583
0.000755
0.001328
0.000404
-0.001639
-0.002370
-0.001751
-0.001309
-0.001801
-0.001472
0.000216
0.001508
0.001359
0.000506
0.000513
0.001002
0.001291
0.000910
-0.000213
-0.001484
-0.001547
-0.000896
-0.000486
0.000311
0.001270
0.000927
0.000125
0.000619
0.000976
0.000371
-0.000552
-0.000631
0.000068
0.000021
-0.000149
-0.000222
-0.000018
0.000001
-0.001148
-0.002322
-0.003394
-0.003136
-0.000820
0.002249
0.005105
0.006046
0.004579
0.001227
-0.001217
-0.000479
0.001712
0.002126
0.000448
-0.001053
-0.000527
0.001316
0.001968
0.000581
-0.001800
-0.002763
-0.001668
-0.000091
0.000518
0.001508
0.004542
0.006291
0.003111
-0.003228
-0.007627
-0.005571
0.000551
0.004139
0.001754
-0.003036
-0.004718
-0.003402
-0.001482
-0.002069
-0.005545
-0.005373
0.001467
0.007879
0.007072
0.001323
-0.001242
0.002159
0.005523
0.002649
-0.005113
-0.010119
-0.007567
0.000295
0.006163
0.004168
-0.002194
-0.005434
-0.004320
-0.002932
-0.004016
-0.004184
-0.001020
0.002767
0.003684
0.000806
-0.003580
-0.005865
-0.002621
0.003251
0.003273
-0.002428
-0.006752
-0.005284
0.000667
0.005459
0.004504
-0.001503
-0.006626
-0.006444
-0.000803
0.005358
0.006048
0.001899
-0.002239
-0.002980
-0.002088
-0.001481
-0.001844
-0.001940
-0.000162
0.004818
0.009965
0.009852
0.003994
-0.003776
-0.009509
-0.013354
-0.014627
-0.011932
-0.004472
0.005145
0.010179
0.006948
-0.000725
-0.004923
-0.000328
0.009599
0.014579
0.009717
-0.000496
-0.007978
-0.008830
-0.004965
-0.000677
0.000647
0.001013
0.003338
0.005689
0.004398
-0.001387
-0.007677
-0.011203
-0.011114
-0.008280
-0.004249
0.000307
0.005609
0.013230
0.023139
0.028788
0.023632
0.009815
-0.004053
-0.008970
-0.005002
-0.000351
-0.002667
-0.009879
-0.011363
-0.002938
0.007662
0.010343
0.003145
-0.002689
0.004449
0.021331
0.032120
0.024332
0.002461
-0.016130
-0.017025
-0.004498
0.005560
0.001961
-0.013411
-0.025723
-0.019991
-0.000674
0.014582
0.013237
-0.000187
-0.009444
-0.003927
0.013133
0.028824
0.033689
0.028980
0.022946
0.022485
0.027043
0.030386
0.027373
0.019900
0.013704
0.011604
0.009068
-0.001974
-0.023535
-0.049303
-0.070893
-0.081929
-0.076934
-0.052697
-0.013484
0.030076
0.067443
0.092524
0.105388
0.108240
0.100506
0.080122
0.051327
0.025708
0.009969
-0.003974
-0.028479
-0.063498
-0.095655
-0.111937
-0.112174
-0.108227
-0.111043
-0.116287
-0.108303
-0.078115
-0.036411
-0.002732
0.010799
0.006309
-0.003605
-0.002164
0.022939
0.068557
0.112342
0.131635
0.122792
0.101707
0.093371
0.111995
0.143675
0.158243
0.136963
0.091047
0.053565
0.048456
0.065095
0.068407
0.035217
-0.022662
-0.072093
-0.086670
-0.068571
-0.042171
-0.030023
-0.033382
-0.032667
-0.011862
0.022273
0.049344
0.055142
0.043847
0.032301
0.032735
0.041355
0.041941
0.019590
-0.029427
-0.092820
-0.147192
-0.170333
-0.153795
-0.113145
-0.079843
-0.074365
-0.091041
-0.107375
-0.109652
-0.103340
-0.101605
-0.105802
-0.096902
-0.055732
0.012991
0.084179
0.132672
0.148254
0.140301
0.125020
0.112018
0.103322
0.096478
0.087589
0.076507
0.071640
0.078862
0.087661
0.079618
0.046953
-0.002673
-0.052209
-0.086589
-0.104620
-0.112976
-0.112872
-0.099166
-0.069219
-0.033194
-0.013941
-0.029819
-0.075817
-0.127970
-0.164339
-0.178380
-0.176342
-0.165641
-0.145055
-0.110893
-0.065370
-0.014875
0.030905
0.063354
0.083532
0.099097
0.116769
0.134700
0.140987
0.123123
0.078201
0.010650
-0.064641
-0.120769
-0.138971
-0.125949
-0.103120
-0.087160
-0.083051
-0.085987
-0.089401
-0.092585
-0.097168
-0.100237
-0.097322
-0.088370
-0.077861
-0.074875
-0.084541
-0.101318
-0.114284
-0.118538
-0.118277
-0.117865
-0.114831
-0.099538
-0.063211
-0.007264
0.056441
0.113161
0.151806
0.170527
0.173697
0.164004
0.140629
0.105435
0.068060
0.044196
0.045561
0.072129
0.109722
0.140119
0.154811
0.159777
0.165104
0.173228
0.179757
0.180944
0.174832
0.159364
0.134519
0.102427
0.064341
0.024334
-0.010493
-0.035141
-0.048852
-0.053248
-0.048710
-0.035460
-0.016714
0.002348
0.016075
0.020424
0.014855
0.005195
-0.001839
-0.002467
0.006982
0.026055
0.043219
0.042231
0.015962
-0.027475
-0.072962
-0.105181
-0.117387
-0.118728
-0.124028
-0.136960
-0.142025
-0.119236
-0.064746
0.005007
0.064066
0.099598
0.118580
0.133547
0.147084
0.150760
0.137157
0.106937
0.068581
0.031974
-0.001973
-0.038941
-0.084093
-0.134048
-0.174013
-0.189831
-0.182348
-0.165682
-0.156370
-0.158311
-0.154379
-0.119402
-0.045332
0.048906
0.132614
0.184925
0.203564
0.198624
0.182846
0.166500
0.151412
0.129150
0.091094
0.042659
-0.000940
-0.029174
-0.038680
-0.031707
-0.017937
-0.005718
0.006927
0.032414
0.078030
0.134343
0.186636
0.226289
0.251570
0.263313
0.260805
0.244714
0.217327
0.182671
0.141594
0.084412
0.003712
-0.091495
-0.185699
-0.282098
-0.383733
-0.467971
-0.509338
-0.508859
-0.486429
-0.458776
-0.431944
-0.405394
-0.368552
-0.305140
-0.214578
-0.118813
-0.037854
0.029132
0.089513
0.146174
0.198108
0.240781
0.266533
0.267562
0.249194
0.229018
0.215577
0.208090
0.204295
0.197531
0.179590
0.148868
0.113797
0.082332
0.058600
0.046192
0.047578
0.060507
0.079931
0.101122
0.121411
0.139439
0.151309
0.151498
0.135314
0.101668
0.051941
-0.009034
-0.074434
-0.139166
-0.199785
-0.251755
-0.291232
-0.317545
-0.333082
-0.344349
-0.353419
-0.355343
-0.345431
-0.326692
-0.306758
-0.284672
-0.248252
-0.191138
-0.123683
-0.059888
-0.007046
0.027972
0.045632
0.058366
0.080424
0.114498
0.155898
0.196730
0.230548
0.256694
0.277104
0.291140
0.295837
0.290413
0.279742
0.272661
0.274299
0.279583
0.273761
0.238543
0.169873
0.084538
-0.000874
-0.083000
-0.164097
-0.242546
-0.308896
-0.351724
-0.367961
-0.365118
-0.355598
-0.347170
-0.338957
-0.321895
-0.284867
-0.222603
-0.147580
-0.090180
-0.066548
-0.061084
-0.056527
-0.048489
-0.033031
-0.007493
0.024903
0.060972
0.101059
0.144243
0.185909
0.220368
0.244490
0.261081
0.275993
0.293069
0.313574
0.334162
0.348267
0.354628
0.353994
0.346587
0.330906
0.296639
0.235615
0.161759
0.097572
0.046579
-0.000514
-0.046219
-0.090748
-0.132144
-0.161472
-0.177844
-0.188678
-0.203362
-0.222324
-0.240481
-0.255200
-0.259654
-0.252388
-0.237133
-0.220058
-0.206622
-0.197792
-0.189342
-0.181180
-0.174718
-0.169100
-0.167035
-0.176055
-0.199074
-0.228430
-0.253572
-0.270155
-0.273061
-0.252185
-0.204624
-0.140115
-0.069526
0.003495
0.079298
0.158008
0.236897
0.309024
0.368426
0.413635
0.447436
0.473231
0.492504
0.502973
0.500908
0.486803
0.463550
0.433409
0.401421
0.369276
0.327836
0.262995
0.173788
0.074745
-0.015230
-0.081950
-0.126147
-0.157502
-0.187147
-0.222917
-0.260043
-0.284140
-0.286140
-0.266607
-0.231032
-0.182438
-0.120116
-0.050341
0.004709
0.023085
0.009266
-0.010102
-0.018758
-0.021295
-0.026517
-0.037390
-0.056177
-0.084233
-0.116634
-0.142230
-0.150648
-0.136774
-0.102166
-0.053905
-0.001147
0.051025
0.099362
0.137317
0.162556
0.181508
0.201064
0.219451
0.233420
0.242890
0.249132
0.249980
0.239813
0.214234
0.171856
0.114159
0.047520
-0.015414
-0.063094
-0.094769
-0.113744
-0.122304
-0.123184
-0.121114
-0.119809
-0.116379
-0.101228
-0.071346
-0.037016
-0.010390
0.003546
0.007064
0.007264
0.004830
-0.008917
-0.033282
-0.056795
-0.070816
-0.074875
-0.073725
-0.072838
-0.075549
-0.081459
-0.087774
-0.092773
-0.094704
-0.088236
-0.067821
-0.036020
-0.004242
0.016040
0.025476
0.031118
0.035503
0.041173
0.051653
0.066061
0.081769
0.095367
0.104738
0.112859
0.124046
0.136661
0.144646
0.143773
0.134155
0.122963
0.118013
0.120197
0.125788
0.128297
0.121070
0.099668
0.064859
0.021375
-0.023632
-0.064877
-0.096840
-0.115276
-0.123700
-0.134282
-0.155660
-0.187237
-0.223529
-0.258786
-0.288078
-0.305737
-0.305719
-0.287108
-0.257784
-0.225020
-0.189767
-0.152627
-0.115669
-0.085429
-0.066010
-0.059627
-0.067973
-0.085894
-0.101445
-0.105149
-0.097021
-0.086019
-0.083413
-0.094496
-0.114412
-0.132709
-0.142335
-0.142527
-0.136315
-0.126120
-0.114169
-0.102012
-0.090233
-0.075145
-0.053908
-0.026511
0.004233
0.032527
0.053758
0.068358
0.078822
0.085065
0.086777
0.084748
0.080980
0.076780
0.070127
0.059060
0.046323
0.034799
0.025295
0.023511
0.035062
0.057574
0.083335
0.106778
0.127621
0.149116
0.172840
0.195327
0.208352
0.208315
0.199139
0.184808
0.169123
0.154298
0.139081
0.121443
0.103540
0.089856
0.082654
0.079985
0.078420
0.075996
0.071742
0.061554
0.040742
0.010681
-0.023555
-0.056439
-0.084208
-0.109813
-0.137210
-0.162228
-0.179408
-0.189535
-0.197748
-0.208170
-0.219385
-0.226526
-0.224675
-0.207810
-0.170306
-0.117121
-0.063486
-0.022344
0.004335
0.021417
0.032540
0.042105
0.058392
0.085240
0.118899
0.153661
0.182905
0.202712
0.213256
0.213506
0.198864
0.167899
0.125442
0.084990
0.059458
0.049974
0.049997
0.056086
0.067770
0.081958
0.094224
0.099895
0.093248
0.074513
0.053505
0.036280
0.019774
-0.001224
-0.027085
-0.055804
-0.084509
-0.107693
-0.120642
-0.124388
-0.124752
-0.126784
-0.134322
-0.147009
-0.159832
-0.168156
-0.166927
-0.148700
-0.110917
-0.062374
-0.015488
0.024663
0.056222
0.076047
0.083249
0.079032
0.065520
0.046736
0.029864
0.021776
0.023511
0.030638
0.039405
0.049253
0.062010
0.078155
0.094800
0.109916
0.121916
0.129530
0.135549
0.145126
0.157350
0.165849
0.165814
0.153734
0.126389
0.089095
0.055584
0.034688
0.024511
0.018675
0.015901
0.018037
0.026622
0.040867
0.055747
0.065841
0.068277
0.063721
0.052354
0.035808
0.021973
0.015355
0.011123
0.002152
-0.015581
-0.041568
-0.070777
-0.095843
-0.114076
-0.126612
-0.132762
-0.129117
-0.113740
-0.092206
-0.075135
-0.066358
-0.062181
-0.059064
-0.055502
-0.050571
-0.044733
-0.039145
-0.031385
-0.019496
-0.005550
0.006136
0.013284
0.016999
0.019913
0.020926
0.017079
0.006844
-0.008139
-0.023142
-0.034002
-0.039760
-0.041681
-0.041872
-0.041960
-0.044254
-0.051051
-0.062297
-0.075650
-0.086801
-0.093306
-0.092947
-0.086644
-0.079122
-0.074189
-0.072938
-0.074505
-0.077071
-0.075898
-0.067310
-0.054850
-0.043776
-0.037717
-0.040614
-0.050495
-0.059861
-0.063192
-0.060606
-0.053303
-0.041790
-0.026429
-0.008355
0.011625
0.034121
0.059323
0.084838
0.109323
0.130916
0.148624
0.161005
0.162980
0.151619
0.128069
0.095913
0.058509
0.020380
-0.013556
-0.039952
-0.056637
-0.062611
-0.060451
-0.056616
-0.053783
-0.046397
-0.032442
-0.019621
-0.012763
-0.010578
-0.013366
-0.022660
-0.037503
-0.053233
-0.066022
-0.077319
-0.086733
-0.087233
-0.075304
-0.057222
-0.044547
-0.046204
-0.058926
-0.071689
-0.077814
-0.077095
-0.073189
-0.068445
-0.062535
-0.056148
-0.051561
-0.048564
-0.044710
-0.036866
-0.023033
-0.005551
0.010526
0.023497
0.035387
0.049230
0.065303
0.079917
0.089694
0.092912
0.087952
0.076185
0.060754
0.045341
0.034810
0.030364
0.028559
0.026206
0.021798
0.017278
0.017139
0.021076
0.025490
0.029163
0.031892
0.032812
0.033679
0.035980
0.040055
0.048986
0.064563
0.081621
0.093625
0.099508
0.102504
0.106996
0.114486
0.122278
0.125528
0.122434
0.111874
0.093137
0.068542
0.042035
0.018220
0.000736
-0.010025
-0.015281
-0.016644
-0.018628
-0.025640
-0.036606
-0.048574
-0.061287
-0.075547
-0.092033
-0.110242
-0.126332
-0.137041
-0.142491
-0.144189
-0.142596
-0.138658
-0.131348
-0.117660
-0.096863
-0.071842
-0.048609
-0.032325
-0.022328
-0.015727
-0.012244
-0.011174
-0.009733
-0.009145
-0.013867
-0.024386
-0.037169
-0.047114
-0.050808
-0.048516
-0.042223
-0.033461
-0.024146
-0.013412
-0.000074
0.013948
0.027255
0.040344
0.052623
0.064082
0.075707
0.085279
0.090685
0.091889
0.089640
0.083638
0.074490
0.064154
0.055543
0.048436
0.039319
0.029833
0.025792
0.029167
0.037282
0.048093
0.058843
0.067989
0.076544
0.083195
0.085542
0.083134
0.074211
0.059375
0.042106
0.026104
0.014380
0.008508
0.007393
0.010081
0.015908
0.021018
0.021438
0.016852
0.009233
-0.000380
-0.010726
-0.019285
-0.022210
-0.018846
-0.011236
-0.002223
0.005172
0.009605
0.011249
0.012050
0.011254
0.005379
-0.004359
-0.013147
-0.019080
-0.023562
-0.029574
-0.038750
-0.049158
-0.057364
-0.061058
-0.061152
-0.059551
-0.057468
-0.054417
-0.050917
-0.049409
-0.049106
-0.048524
-0.049294
-0.051451
-0.052716
-0.051063
-0.046746
-0.042419
-0.037759
-0.030346
-0.019377
-0.006763
0.007506
0.022568
0.034035
0.038808
0.037620
0.030966
0.019520
0.005748
-0.006367
-0.014496
-0.019454
-0.022714
-0.026053
-0.030867
-0.035777
-0.038254
-0.037698
-0.035975
-0.035318
-0.037807
-0.043888
-0.050525
-0.053076
-0.047816
-0.033994
-0.014659
0.004347
0.019511
0.032592
0.045847
0.057355
0.062733
0.058312
0.043568
0.023193
0.004907
-0.007177
-0.014767
-0.019961
-0.024376
-0.030825
-0.039629
-0.045780
-0.043342
-0.035341
-0.028460
-0.025809
-0.026821
-0.027547
-0.024291
-0.017813
-0.013639
-0.015881
-0.024106
-0.034567
-0.041763
-0.043043
-0.041084
-0.038459
-0.037328
-0.037584
-0.036575
-0.033162
-0.029163
-0.027126
-0.029635
-0.034430
-0.036391
-0.036258
-0.038394
-0.042167
-0.045357
-0.049556
-0.056215
-0.063803
-0.070870
-0.074560
-0.069842
-0.051758
-0.019884
0.019390
0.057706
0.089216
0.112220
0.126881
0.135801
0.140721
0.139864
0.132548
0.120709
0.107104
0.094300
0.081807
0.066707
0.048066
0.028165
0.010205
-0.006241
-0.020280
-0.027429
-0.024639
-0.013372
0.001330
0.014635
0.026423
0.037725
0.046148
0.049175
0.045605
0.037158
0.028446
0.022471
0.018721
0.017469
0.019847
0.025582
0.033197
0.039480
0.044434
0.053502
0.070710
0.093318
0.115253
0.130649
0.136669
0.131116
0.114099
0.091504
0.071351
0.056442
0.044556
0.034167
0.025053
0.018680
0.017189
0.021720
0.031542
0.042049
0.047220
0.044074
0.032187
0.016026
0.004293
0.001736
0.006400
0.014458
0.021809
0.025121
0.026902
0.030554
0.036877
0.044797
0.051116
0.052247
0.044341
0.025936
0.001658
-0.022701
-0.043413
-0.060231
-0.074016
-0.083482
-0.086061
-0.079051
-0.063678
-0.045330
-0.028950
-0.018508
-0.014300
-0.013004
-0.011955
-0.009265
-0.006041
-0.005170
-0.009591
-0.018872
-0.027653
-0.032674
-0.034248
-0.034455
-0.036148
-0.039924
-0.045848
-0.053440
-0.060433
-0.063312
-0.059466
-0.047334
-0.029214
-0.011622
0.000457
0.006274
0.007744
0.006512
0.003955
-0.000628
-0.008761
-0.020762
-0.036189
-0.053266
-0.068494
-0.078810
-0.081106
-0.073998
-0.060997
-0.047793
-0.039460
-0.037305
-0.038697
-0.042269
-0.050161
-0.062296
-0.074090
-0.080154
-0.079251
-0.073354
-0.063526
-0.050251
-0.034063
-0.015364
0.003248
0.019339
0.031895
0.040496
0.044171
0.043552
0.041538
0.041652
0.045189
0.049915
0.052003
0.050644
0.048035
0.047319
0.049304
0.051845
0.052301
0.047206
0.035037
0.017861
0.000834
-0.010780
-0.015485
-0.015211
-0.013270
-0.011609
-0.011626
-0.012169
-0.010118
-0.005684
-0.002083
0.000056
0.001624
0.001926
-0.001368
-0.008783
-0.017786
-0.025082
-0.029313
-0.031943
-0.033942
-0.036024
-0.035984
-0.032838
-0.029251
-0.028112
-0.029714
-0.033735
-0.038988
-0.042862
-0.043619
-0.039928
-0.031206
-0.018258
-0.004263
0.007424
0.015726
0.021911
0.027017
0.030956
0.034534
0.038567
0.042254
0.047119
0.053464
0.059758
0.064907
0.067857
0.069248
0.070822
0.071906
0.073145
0.075162
0.076624
0.075493
0.071246
0.064660
0.056570
0.047680
0.038421
0.029984
0.024405
0.021735
0.022261
0.025794
0.028042
0.025072
0.016894
0.007171
-0.001780
-0.010802
-0.018623
-0.022671
-0.021323
-0.016213
-0.009381
-0.001293
0.007279
0.015930
0.024796
0.032955
0.038260
0.040224
0.039957
0.036367
0.029018
0.021200
0.015634
0.011952
0.007664
-0.000175
-0.010783
-0.021679
-0.030463
-0.036574
-0.041122
-0.044094
-0.044463
-0.041042
-0.032506
-0.020381
-0.007332
0.004563
0.011869
0.012454
0.006579
-0.005906
-0.023117
-0.040367
-0.055645
-0.066800
-0.071765
-0.073336
-0.073639
-0.073256
-0.073177
-0.069967
-0.060207
-0.045136
-0.028768
-0.016161
-0.007690
-0.000597
0.006839
0.012946
0.016323
0.017238
0.015778
0.012677
0.009161
0.007717
0.009219
0.010315
0.009062
0.006225
0.002510
-0.000721
-0.001227
0.002729
0.009309
0.016350
0.024199
0.032639
0.040693
0.048008
0.052237
0.049685
0.038717
0.021683
0.001478
-0.017527
-0.032069
-0.042364
-0.047478
-0.046805
-0.042048
-0.035428
-0.028678
-0.024131
-0.022509
-0.023064
-0.024748
-0.025175
-0.021697
-0.015389
-0.010132
-0.007873
-0.008107
-0.008945
-0.009300
-0.008838
-0.006744
-0.003591
-0.001072
0.001956
0.007442
0.012868
0.015765
0.016802
0.016250
0.013367
0.009856
0.008505
0.010670
0.014676
0.017308
0.016578
0.013530
0.009925
0.005884
0.000698
-0.007165
-0.016388
-0.022279
-0.022975
-0.021049
-0.018535
-0.015452
-0.010819
-0.004095
0.003140
0.008292
0.010443
0.011929
0.014846
0.018825
0.021516
0.020006
0.014673
0.007031
-0.003061
-0.014701
-0.027024
-0.038365
-0.045653
-0.047587
-0.046402
-0.044222
-0.038791
-0.028860
-0.015279
-0.000180
0.013437
0.025137
0.034431
0.040244
0.042265
0.040111
0.033327
0.023414
0.012826
0.003346
-0.004564
-0.009943
-0.012372
-0.011803
-0.010369
-0.010934
-0.012331
-0.011013
-0.005586
0.003227
0.012857
0.019723
0.020113
0.014227
0.005924
-0.001010
-0.005321
-0.008902
-0.013915
-0.019665
-0.024673
-0.027502
-0.028273
-0.028421
-0.028386
-0.027821
-0.026079
-0.022058
-0.014673
-0.004864
0.004701
0.012375
0.017111
0.019500
0.021304
0.023759
0.028191
0.033468
0.035699
0.033029
0.026571
0.017899
0.010422
0.007295
0.006546
0.005946
0.005865
0.005821
0.004808
0.002704
-0.001816
-0.007159
-0.009976
-0.010079
-0.008655
-0.006781
-0.004912
-0.002154
0.001670
0.004443
0.005139
0.003531
0.000520
-0.002836
-0.006164
-0.008918
-0.010036
-0.009741
-0.008238
-0.003469
0.003567
0.009668
0.013375
0.015462
0.015776
0.012881
0.005829
-0.003792
-0.012144
-0.016739
-0.017738
-0.017626
-0.018311
-0.019928
-0.022670
-0.026189
-0.029080
-0.030799
-0.031588
-0.032166
-0.031640
-0.027267
-0.019346
-0.011112
-0.003760
0.003443
0.008779
0.010939
0.010707
0.009197
0.007321
0.004537
0.001133
-0.000729
0.000962
0.007220
0.015456
0.023142
0.029685
0.034391
0.037464
0.039571
0.037976
0.031756
0.022357
0.011675
0.002606
-0.002680
-0.005402
-0.006971
-0.007221
-0.007698
-0.010181
-0.013629
-0.016511
-0.018360
-0.019854
-0.020574
-0.019842
-0.020349
-0.023053
-0.025034
-0.024688
-0.022541
-0.017956
-0.012441
-0.005316
0.004083
0.014742
0.025603
0.034759
0.041761
0.048348
0.054855
0.060475
0.064568
0.065758
0.063252
0.057781
0.050306
0.042358
0.035853
0.030833
0.026308
0.020477
0.014373
0.010376
0.008862
0.008704
0.010060
0.013551
0.018668
0.025751
0.033637
0.038537
0.038534
0.034789
0.029007
0.022207
0.014196
0.004797
-0.005342
-0.015281
-0.023096
-0.026945
-0.029030
-0.028910
-0.024441
-0.017495
-0.009350
-0.000133
0.008211
0.014402
0.019369
0.021824
0.021341
0.018812
0.014775
0.009592
0.003590
-0.004082
-0.011770
-0.017348
-0.022268
-0.026234
-0.028047
-0.030731
-0.036224
-0.041448
-0.045187
-0.047002
-0.045529
-0.041396
-0.036213
-0.030818
-0.025968
-0.021177
-0.016784
-0.014750
-0.014416
-0.014734
-0.017139
-0.022117
-0.026779
-0.030256
-0.033906
-0.038300
-0.042954
-0.047320
-0.049801
-0.049934
-0.046265
-0.039001
-0.031937
-0.026462
-0.021136
-0.016379
-0.012625
-0.010349
-0.010481
-0.013363
-0.017595
-0.022856
-0.029048
-0.033834
-0.035547
-0.033710
-0.029542
-0.025688
-0.023578
-0.022594
-0.022030
-0.020175
-0.015442
-0.008994
-0.003047
0.002084
0.006296
0.009614
0.012559
0.016072
0.019960
0.021982
0.022143
0.022247
0.022240
0.021913
0.022304
0.022019
0.019668
0.016738
0.016398
0.018716
0.020990
0.021339
0.019491
0.016302
0.011718
0.007316
0.004444
0.002836
0.004123
0.008283
0.012354
0.015207
0.017440
0.017905
0.016185
0.013631
0.009602
0.004323
0.000011
-0.002136
-0.003565
-0.005542
-0.008647
-0.010673
-0.009617
-0.007363
-0.004821
-0.000767
0.005429
0.013291
0.020922
0.025940
0.028327
0.028965
0.029595
0.031051
0.031957
0.031320
0.030446
0.029394
0.027538
0.024973
0.021513
0.017230
0.011457
0.004464
-0.001685
-0.006299
-0.009902
-0.011917
-0.012057
-0.011387
-0.010967
-0.010812
-0.010201
-0.008481
-0.006187
-0.003956
-0.000359
0.004595
0.009042
0.011927
0.012322
0.010371
0.007968
0.005357
0.002240
-0.000377
-0.001487
-0.001124
0.000844
0.003246
0.004882
0.005409
0.005183
0.004894
0.004635
0.003834
0.002037
-0.000988
-0.003964
-0.005283
-0.005556
-0.005339
-0.003793
-0.001701
-0.000605
-0.001418
-0.004998
-0.010586
-0.017285
-0.024449
-0.029482
-0.031177
-0.030160
-0.028092
-0.026786
-0.025659
-0.022726
-0.017017
-0.009214
-0.001793
0.003770
0.007454
0.007934
0.005831
0.003489
0.001219
-0.000029
0.000519
0.000619
0.000404
0.001205
0.003700
0.008041
0.014113
0.020169
0.024910
0.028877
0.031695
0.033477
0.033857
0.032295
0.028282
0.021044
0.011330
0.001777
-0.007095
-0.014781
-0.019887
-0.022773
-0.024584
-0.023884
-0.020653
-0.016054
-0.010183
-0.004100
0.001120
0.005728
0.008529
0.008609
0.007017
0.004006
0.000306
-0.003149
-0.006935
-0.011130
-0.013027
-0.010928
-0.007465
-0.003930
0.000189
0.004040
0.007512
0.010949
0.013842
0.016061
0.016942
0.016839
0.016026
0.014329
0.010586
0.005450
0.000071
-0.005756
-0.010722
-0.014093
-0.016198
-0.015696
-0.011495
-0.004831
0.001406
0.007576
0.013966
0.018663
0.021796
0.023452
0.023089
0.020776
0.016129
0.009393
0.002402
-0.003010
-0.005110
-0.004035
-0.001796
0.000285
0.002980
0.007408
0.011894
0.015123
0.015310
0.011254
0.004493
-0.002744
-0.009371
-0.014380
-0.018340
-0.021993
-0.025332
-0.028057
-0.029450
-0.029093
-0.027074
-0.024881
-0.021597
-0.016016
-0.009234
-0.002203
0.004919
0.011435
0.015973
0.017181
0.016165
0.014103
0.011718
0.008921
0.006862
0.006908
0.007757
0.008720
0.009104
0.008005
0.006832
0.006046
0.004832
0.003080
-0.000061
-0.004104
-0.007865
-0.011478
-0.014940
-0.016986
-0.018348
-0.020626
-0.022392
-0.022766
-0.023150
-0.021660
-0.016528
-0.010177
-0.005960
-0.003763
-0.002449
-0.002733
-0.003762
-0.004489
-0.004323
-0.003475
-0.002557
-0.001941
-0.001117
-0.000847
-0.000768
0.000648
0.002023
0.001373
-0.000938
-0.003562
-0.006517
-0.011036
-0.016833
-0.020934
-0.022173
-0.021593
-0.019567
-0.016115
-0.012638
-0.010134
-0.008752
-0.007265
-0.004709
-0.002646
-0.002062
-0.001094
0.001665
0.004579
0.007650
0.011509
0.014784
0.017380
0.019238
0.020077
0.019461
0.016654
0.011898
0.006675
0.002176
0.000307
0.002474
0.007254
0.013554
0.019790
0.025857
0.030618
0.032972
0.033108
0.032355
0.030829
0.028022
0.024574
0.021142
0.018724
0.018299
0.018547
0.017122
0.013709
0.009279
0.005952
0.004435
0.004334
0.004615
0.003765
0.002576
0.001540
-0.000973
-0.004458
-0.005621
-0.003032
0.000924
0.004714
0.007139
0.007291
0.006374
0.004542
0.001587
-0.001568
-0.003693
-0.004488
-0.004422
-0.004008
-0.004354
-0.006510
-0.008312
-0.007599
-0.006598
-0.007337
-0.008883
-0.010033
-0.011522
-0.012768
-0.012962
-0.011903
-0.009098
-0.005031
0.000287
0.006499
0.011486
0.014154
0.014114
0.010813
0.004779
-0.002170
-0.008220
-0.012715
-0.015129
-0.015464
-0.016929
-0.018269
-0.016059
-0.011611
-0.007080
-0.002543
0.002088
0.006420
0.008754
0.008216
0.005122
0.000911
-0.003060
-0.006678
-0.009763
-0.011387
-0.010604
-0.008363
-0.006447
-0.005808
-0.005564
-0.004357
-0.003752
-0.003978
-0.003558
-0.003387
-0.004049
-0.004009
-0.002720
-0.001155
0.000944
0.002628
0.002043
0.000119
-0.002139
-0.004451
-0.004894
-0.002811
0.000170
0.002686
0.003880
0.003232
0.000789
-0.003300
-0.007393
-0.010221
-0.012770
-0.015732
-0.018270
-0.019606
-0.020499
-0.019487
-0.016227
-0.013238
-0.011955
-0.011349
-0.009020
-0.005976
-0.004202
-0.004346
-0.005378
-0.006233
-0.008193
-0.011084
-0.012605
-0.013840
-0.015527
-0.017428
-0.019422
-0.020609
-0.020441
-0.018796
-0.014893
-0.009539
-0.004225
0.000819
0.004894
0.007812
0.010407
0.013107
0.013766
0.012972
0.012884
0.012282
0.008783
0.003285
-0.000392
-0.001555
-0.002894
-0.004820
-0.004967
-0.002530
0.001317
0.006947
0.013149
0.016924
0.018710
0.019834
0.020594
0.021059
0.021460
0.023687
0.027155
0.028477
0.027398
0.026022
0.025691
0.026324
0.027962
0.030060
0.030340
0.028825
0.027200
0.025203
0.022139
0.018565
0.015891
0.015301
0.015929
0.016476
0.017047
0.017482
0.016229
0.013789
0.011773
0.011077
0.012546
0.015374
0.017552
0.018349
0.018167
0.017782
0.017863
0.017658
0.016451
0.014913
0.012974
0.009745
0.006409
0.004339
0.002401
0.000867
0.000408
0.001015
0.001706
0.002149
0.003094
0.004912
0.004695
0.000650
-0.004795
-0.009758
-0.014674
-0.018951
-0.020899
-0.020595
-0.019724
-0.019117
-0.018009
-0.016439
-0.015093
-0.014013
-0.013364
-0.013557
-0.014505
-0.015550
-0.016203
-0.015557
-0.013395
-0.011622
-0.011488
-0.011790
-0.011495
-0.010407
-0.008872
-0.008597
-0.009645
-0.011548
-0.013558
-0.014832
-0.015063
-0.014785
-0.015279
-0.017021
-0.018541
-0.018241
-0.016866
-0.016536
-0.016018
-0.013769
-0.011594
-0.010896
-0.010531
-0.009373
-0.007859
-0.008042
-0.009782
-0.011193
-0.011878
-0.011255
-0.009928
-0.009241
-0.008947
-0.007784
-0.006761
-0.007728
-0.010465
-0.013391
-0.014893
-0.014674
-0.014652
-0.015613
-0.017068
-0.018161
-0.019101
-0.019416
-0.017660
-0.014444
-0.012008
-0.010391
-0.009062
-0.007762
-0.005367
-0.002945
-0.002025
-0.002030
-0.000716
0.002361
0.006025
0.008668
0.009970
0.010738
0.011253
0.011181
0.009322
0.005612
0.001866
-0.000222
-0.002081
-0.004680
-0.006272
-0.005623
-0.003419
-0.000464
0.003716
0.008194
0.011522
0.013028
0.013339
0.013408
0.013371
0.013566
0.013989
0.014669
0.014902
0.013049
0.009867
0.007003
0.005245
0.004548
0.004149
0.004374
0.005354
0.006183
0.007200
0.008399
0.008912
0.008808
0.009191
0.010593
0.012873
0.015353
0.016766
0.016935
0.017228
0.017744
0.017965
0.018395
0.018876
0.018744
0.018697
0.020304
0.022081
0.022642
0.022255
0.020448
0.017464
0.014717
0.012422
0.010869
0.010693
0.012022
0.013812
0.015260
0.015775
0.015434
0.013407
0.009478
0.005552
0.002786
0.001359
0.001751
0.002753
0.002121
0.000248
-0.001712
-0.002772
-0.002828
-0.002415
-0.002158
-0.003760
-0.007242
-0.010982
-0.013911
-0.015746
-0.016265
-0.015245
-0.012789
-0.010412
-0.009501
-0.009958
-0.010637
-0.011618
-0.012831
-0.013629
-0.013945
-0.013735
-0.013008
-0.012556
-0.012143
-0.011069
-0.009312
-0.007552
-0.006056
-0.005175
-0.004939
-0.005072
-0.006512
-0.008863
-0.010375
-0.011045
-0.011354
-0.011310
-0.011017
-0.011057
-0.012638
-0.014815
-0.015015
-0.013201
-0.010607
-0.008906
-0.008289
-0.006467
-0.002068
0.003015
0.005400
0.005245
0.003633
0.000112
-0.003970
-0.007365
-0.008848
-0.008004
-0.006101
-0.003888
-0.001391
0.001588
0.004691
0.007057
0.008341
0.009531
0.011706
0.014115
0.014942
0.014555
0.013307
0.011586
0.010094
0.009065
0.007345
0.004116
0.000038
-0.003832
-0.006254
-0.006565
-0.005523
-0.004391
-0.002751
-0.001214
-0.000471
-0.000458
-0.000477
-0.000267
0.000054
0.000580
0.001216
0.002377
0.002908
0.002452
0.001052
-0.001749
-0.004080
-0.004568
-0.004511
-0.004788
-0.005090
-0.005297
-0.005199
-0.003970
-0.002117
-0.001772
-0.003351
-0.005007
-0.004395
-0.003676
-0.004060
-0.004947
-0.006649
-0.008359
-0.008846
-0.008392
-0.007690
-0.006830
-0.006703
-0.007747
-0.009473
-0.009269
-0.007355
-0.006192
-0.006282
-0.006553
-0.006388
-0.006048
-0.005842
-0.005738
-0.005746
-0.006335
-0.007452
-0.007818
-0.006360
-0.004603
-0.003703
-0.002472
-0.001313
-0.001507
-0.002475
-0.001761
0.000864
0.002632
0.002775
0.002845
0.004153
0.006621
0.008495
0.009225
0.009705
0.010652
0.012146
0.014177
0.016314
0.017952
0.019419
0.021214
0.022528
0.022564
0.021892
0.021721
0.022052
0.021204
0.019543
0.018278
0.016888
0.015135
0.012684
0.009986
0.008737
0.009716
0.011964
0.014493
0.015642
0.015260
0.014530
0.012297
0.008940
0.006841
0.005453
0.005253
0.006699
0.007639
0.006481
0.004089
0.002215
0.001386
0.001599
0.002355
0.003624
0.005379
0.006668
0.006803
0.005687
0.003507
0.001796
0.000480
-0.001844
-0.004907
-0.007423
-0.008158
-0.007450
-0.005962
-0.003509
-0.000765
0.001225
0.002049
0.001434
0.000163
-0.000647
-0.000751
-0.002373
-0.004999
-0.006599
-0.008197
-0.010271
-0.011831
-0.012969
-0.014067
-0.014613
-0.014464
-0.014306
-0.014325
-0.014247
-0.013617
-0.011657
-0.009539
-0.008826
-0.008633
-0.007897
-0.007336
-0.008109
-0.009729
-0.011790
-0.013667
-0.013839
-0.013251
-0.012337
-0.011308
-0.010700
-0.010084
-0.008595
-0.006842
-0.006222
-0.005992
-0.005663
-0.005474
-0.005883
-0.007714
-0.009537
-0.009803
-0.009120
-0.008630
-0.008565
-0.008370
-0.007418
-0.005523
-0.003119
-0.001783
-0.001495
-0.002073
-0.003050
-0.003839
-0.004650
-0.004346
-0.002668
-0.000875
-0.000238
0.000519
0.002371
0.003814
0.003998
0.003480
0.001976
0.000072
-0.001364
-0.001621
-0.000352
-0.000594
-0.003025
-0.005061
-0.005623
-0.006462
-0.009364
-0.012138
-0.012631
-0.010799
-0.007343
-0.004650
-0.003024
-0.000588
0.001484
0.002726
0.002965
0.001421
-0.001317
-0.003869
-0.004955
-0.004531
-0.003326
-0.001978
-0.000384
0.001880
0.004437
0.005971
0.007535
0.009062
0.009233
0.008260
0.006883
0.006248
0.006200
0.005852
0.006207
0.006865
0.007117
0.007359
0.007943
0.008435
0.008392
0.009115
0.010481
0.011716
0.012878
0.013546
0.013560
0.013734
0.014027
0.014370
0.015195
0.015250
0.015144
0.015072
0.013944
0.011140
0.008238
0.006409
0.006196
0.007747
0.008938
0.010380
0.012978
0.014944
0.015360
0.015719
0.016076
0.015551
0.014479
0.013149
0.011900
0.011922
0.012916
0.013479
0.013108
0.011565
0.010019
0.009088
0.007743
0.006235
0.004419
0.002697
0.000806
-0.001259
-0.002279
-0.001332
-0.000187
-0.000239
-0.000289
-0.000320
-0.000677
-0.000569
-0.000838
-0.002087
-0.003673
-0.005993
-0.007957
-0.008462
-0.008605
-0.009123
-0.009510
-0.009922
-0.009658
-0.008380
-0.007838
-0.008203
-0.008424
-0.008606
-0.009331
-0.010558
-0.012078
-0.012723
-0.011876
-0.010168
-0.008708
-0.008588
-0.009132
-0.009231
-0.009543
-0.009911
-0.009154
-0.007729
-0.006829
-0.007687
-0.009557
-0.010712
-0.011189
-0.010667
-0.008768
-0.006791
-0.005585
-0.005455
-0.005728
-0.005754
-0.004941
-0.002996
-0.000395
0.000867
-0.000995
-0.004297
-0.007869
-0.010399
-0.010814
-0.010616
-0.012202
-0.014491
-0.016764
-0.019015
-0.020473
-0.021770
-0.023389
-0.024590
-0.023990
-0.021509
-0.017391
-0.012485
-0.007013
-0.001938
0.001285
0.001814
0.000829
0.000861
0.001050
0.000021
-0.000252
0.001365
0.002665
0.002331
0.001619
0.000993
0.000234
0.000142
0.001069
0.003269
0.005794
0.007443
0.008800
0.009136
0.008968
0.009952
0.011533
0.011812
0.011144
0.010496
0.009013
0.006220
0.003422
0.001751
0.001034
0.001326
0.001501
0.002044
0.003321
0.003824
0.003724
0.004399
0.005217
0.005937
0.007593
0.008884
0.009033
0.009328
0.009724
0.008845
0.007452
0.005504
0.003469
0.001909
0.000977
0.001244
0.003121
0.005817
0.008720
0.012018
0.014498
0.015563
0.016122
0.016654
0.016934
0.017015
0.015870
0.013338
0.011560
0.009978
0.007475
0.005381
0.005416
0.006945
0.008778
0.009270
0.008286
0.007432
0.006696
0.005301
0.003729
0.001915
0.000058
-0.000119
0.000735
-0.000191
-0.001972
-0.002623
-0.002652
-0.002776
-0.003331
-0.003748
-0.003149
-0.001797
0.000092
0.002533
0.004153
0.004353
0.004347
0.004264
0.003636
0.003264
0.003447
0.003789
0.003295
0.002150
0.000986
-0.000018
-0.001152
-0.002145
-0.001476
0.000524
0.002556
0.005573
0.009318
0.011496
0.012074
0.011658
0.009545
0.006738
0.003903
0.000752
-0.001458
-0.003755
-0.007555
-0.011804
-0.015044
-0.017107
-0.017557
-0.016001
-0.013764
-0.011437
-0.009126
-0.007206
-0.005915
-0.004963
-0.005177
-0.005532
-0.005301
-0.005878
-0.008025
-0.010955
-0.012842
-0.012704
-0.011295
-0.010773
-0.011010
-0.010224
-0.008082
-0.005873
-0.004862
-0.005308
-0.006276
-0.007189
-0.006964
-0.005764
-0.006042
-0.007198
-0.007575
-0.007546
-0.008479
-0.009683
-0.009911
-0.009110
-0.007357
-0.005475
-0.003956
-0.002337
-0.000585
0.001234
0.003128
0.003386
0.002578
0.003182
0.003784
0.002586
0.001022
0.000018
-0.000437
-0.000699
-0.001612
-0.002973
-0.004347
-0.005651
-0.006211
-0.006214
-0.006319
-0.006331
-0.006236
-0.005638
-0.004204
-0.003485
-0.003109
-0.001663
-0.000984
-0.001619
-0.001795
-0.001212
-0.000397
0.000216
0.000516
0.000779
0.002149
0.004060
0.005346
0.006283
0.007219
0.008425
0.008818
0.008592
0.009212
0.009153
0.007978
0.007315
0.007074
0.006141
0.005018
0.003907
0.002881
0.002070
0.000974
0.000274
0.000000
-0.000167
0.000090
0.000734
0.001551
0.003062
0.004138
0.003957
0.003262
0.001439
-0.000345
0.000029
0.001012
-0.000044
-0.001094
-0.000542
0.000636
0.001848
0.002508
0.003325
0.004685
0.005635
0.004952
0.003387
0.001707
0.000819
0.000289
-0.000044
0.000493
0.001059
0.001426
0.002131
0.002980
0.002776
0.002218
0.002462
0.002456
0.002106
0.001959
0.001073
-0.000339
-0.000848
-0.000974
-0.001963
-0.002460
-0.001964
-0.001892
-0.002183
-0.002496
-0.003360
-0.004324
-0.005771
-0.006771
-0.006127
-0.004791
-0.003465
-0.001313
0.001983
0.004922
0.007322
0.008661
0.007862
0.006230
0.004873
0.003873
0.003785
0.005104
0.005777
0.004693
0.003335
0.002992
0.002944
0.003022
0.003791
0.004370
0.005002
0.005922
0.006456
0.006665
0.005145
0.003234
0.002167
0.001655
0.002018
0.003395
0.005109
0.005586
0.004535
0.003663
0.003810
0.004643
0.005589
0.004788
0.001733
-0.001344
-0.003110
-0.004849
-0.007616
-0.010013
-0.010304
-0.009012
-0.007695
-0.006845
-0.005821
-0.004392
-0.003111
-0.002473
-0.002559
-0.003276
-0.004777
-0.005859
-0.006240
-0.005951
-0.005443
-0.005302
-0.005056
-0.004785
-0.004833
-0.005542
-0.007469
-0.009041
-0.008489
-0.007071
-0.005247
-0.003911
-0.003390
-0.002919
-0.002058
-0.001731
-0.001511
-0.001300
-0.002714
-0.005273
-0.007006
-0.007971
-0.008899
-0.009943
-0.009685
-0.008338
-0.007525
-0.007244
-0.005955
-0.003845
-0.002489
-0.001827
-0.001242
-0.001112
-0.001638
-0.002185
-0.002497
-0.002508
-0.002090
-0.000898
0.001080
0.001282
0.000191
0.000503
0.001858
0.002462
0.002348
0.002387
0.001913
0.000977
-0.000002
-0.000342
0.000607
0.002908
0.005846
0.008963
0.010324
0.009752
0.009369
0.010234
0.010575
0.010281
0.009831
0.008560
0.006762
0.005561
0.004819
0.004152
0.003715
0.003225
0.003044
0.002589
0.002248
0.002355
0.002531
0.002897
0.002987
0.003513
0.004933
0.006666
0.007134
0.006593
0.006509
0.005718
0.003669
0.001691
0.001274
0.002561
0.003685
0.004509
0.005191
0.004881
0.004237
0.003846
0.003921
0.003520
0.002277
0.001967
0.003812
0.006863
0.007884
0.007783
0.008185
0.008239
0.007375
0.006079
0.004833
0.003586
0.001957
0.000542
-0.000513
-0.001760
-0.002642
-0.002505
-0.002018
-0.002062
-0.002025
-0.000985
0.000310
0.000254
-0.001270
-0.001882
-0.001161
-0.001307
-0.002203
-0.002601
-0.002535
-0.002448
-0.002769
-0.002822
-0.002093
-0.002131
-0.003091
-0.004276
-0.005950
-0.007212
-0.007077
-0.005498
-0.003836
-0.002424
-0.001068
0.000825
0.002304
0.001763
0.000528
-0.000034
-0.000746
-0.001786
-0.002908
-0.004482
-0.006462
-0.008456
-0.009725
-0.009784
-0.009100
-0.007958
-0.007380
-0.007683
-0.007822
-0.007274
-0.006202
-0.004733
-0.003421
-0.003900
-0.005126
-0.005775
-0.006069
-0.006194
-0.006592
-0.006823
-0.006205
-0.005805
-0.006000
-0.005988
-0.005516
-0.004230
-0.002387
-0.001024
-0.000330
0.000334
0.000528
0.000194
0.000396
0.001311
0.002451
0.002867
0.002633
0.002834
0.004427
0.005941
0.005726
0.004777
0.004723
0.005256
0.005462
0.005126
0.004023
0.003116
0.003188
0.003612
0.003643
0.003532
0.003798
0.003836
0.003583
0.003037
0.001951
0.000812
0.000409
0.000494
0.000456
0.000230
0.000527
0.001657
0.002630
0.002811
0.002441
0.001999
0.001517
0.001261
0.001564
0.001507
0.000724
0.000100
-0.000146
-0.000324
-0.000413
0.000215
0.001554
0.002716
0.002702
0.001827
0.001374
0.001164
0.000403
-0.000378
-0.000797
-0.001019
-0.001043
-0.001087
-0.001243
-0.001089
-0.000640
-0.000451
-0.000360
0.000005
0.000210
0.000351
0.000146
-0.000548
-0.001021
-0.001363
-0.001653
-0.001670
-0.001795
-0.002327
-0.002643
-0.002755
-0.003603
-0.004207
-0.003717
-0.003373
-0.003510
-0.003268
-0.002554
-0.002321
-0.002952
-0.003531
-0.003439
-0.003025
-0.002780
-0.002703
-0.002368
-0.001950
-0.001528
-0.000966
-0.000845
-0.000907
-0.000861
-0.000739
-0.000479
-0.000280
-0.000265
-0.000328
-0.000271
-0.000177
-0.000091
0.000180
0.000637
0.000861
0.000563
0.000250
0.000227
0.000090
-0.000060
0.000195
0.000588
0.000958
0.001312
0.001630
0.001795
0.001664
0.001580
0.001769
0.001925
0.001851
0.001688
0.001606
0.001492
0.001432
0.001599
0.001753
0.001748
0.001755
0.001857
0.002015
0.002084
0.002085
0.002069
0.002031
0.002008
0.002042
0.002080
0.002005
0.002000
0.002055
0.001967
0.001845
0.001815
0.001818
0.001763
0.001547
0.001341
0.001275
0.001266
0.001268
0.001274
0.001312
0.001366
0.001269
0.001049
0.000867
0.000749
0.000595
0.000482
0.000515
0.000508
0.000390
0.000293
0.000255
0.000209
0.000141
0.000109
0.000145
0.000206
0.000227
0.000135
0.000001
-0.000071
-0.000159
-0.000278
-0.000362
-0.000378
-0.000383
-0.000391
-0.000382
-0.000407
-0.000440
-0.000456
-0.000455
-0.000444
-0.000470
-0.000514
-0.000546
-0.000565
-0.000588
-0.000617
-0.000630
-0.000617
-0.000594
-0.000581
-0.000580
-0.000573
-0.000566
-0.000558
-0.000542
-0.000528
-0.000510
-0.000493
-0.000482
-0.000470
-0.000467
-0.000469
-0.000462
-0.000445
-0.000426
-0.000411
-0.000398
-0.000382
-0.000358
-0.000336
-0.000320
-0.000309
-0.000300
-0.000292
-0.000280
-0.000269
-0.000260
-0.000249
-0.000240
-0.000232
-0.000223
-0.000211
-0.000198
-0.000186
-0.000176
-0.000168
-0.000160
-0.000152
-0.000145
-0.000137
-0.000130
-0.000123
-0.000116
-0.000109
-0.000100
-0.000093
-0.000085
-0.000077
-0.000070
-0.000063
-0.000056
-0.000050
-0.000043
-0.000037
-0.000031
-0.000025
-0.000019
-0.000013
-0.000007
-0.000001
0.000004
0.000010
0.000015
0.000020
0.000025
0.000030
0.000035
0.000040
