0.000000
0.000000
0.000001
0.000001
0.000000
0.000000
-0.000001
-0.000001
-0.000002
-0.000004
-0.000006
-0.000006
-0.000004
-0.000002
-0.000006
-0.000007
-0.000003
0.000002
0.000013
0.000019
0.000005
-0.000012
-0.000018
-0.000014
-0.000013
-0.000010
0.000007
0.000020
0.000011
-0.000014
-0.000039
-0.000029
-0.000009
0.000001
-0.000021
-0.000087
-0.000144
-0.000085
0.000011
0.000035
0.000031
0.000036
0.000044
0.000096
0.000095
-0.000037
-0.000155
-0.000168
-0.000084
-0.000022
-0.000075
-0.000100
-0.000042
0.000010
-0.000019
-0.000105
-0.000086
-0.000025
0.000057
0.000127
-0.000027
-0.000235
-0.000132
0.000058
-0.000054
-0.000121
0.000036
0.000096
-0.000044
-0.000128
-0.000058
-0.000028
-0.000158
-0.000235
-0.000279
-0.000375
-0.000370
-0.000147
-0.000097
-0.000137
0.000175
0.000378
0.000055
-0.000117
-0.000022
-0.000208
-0.000177
0.000114
0.000263
0.000125
-0.000201
-0.000437
-0.000359
-0.000299
-0.000304
-0.000194
-0.000107
-0.000066
0.000107
0.000448
0.000355
-0.000104
-0.000380
-0.000027
0.000291
-0.000036
-0.000457
-0.000112
0.000248
0.000021
0.000143
0.000379
0.000260
0.000142
0.000097
0.000083
0.000085
-0.000169
-0.000078
0.000362
0.000039
-0.000709
-0.000658
-0.000256
-0.000695
-0.001322
-0.001295
-0.000537
0.000175
0.000335
0.000372
0.000362
-0.000056
-0.000085
0.000194
-0.000173
-0.000431
-0.000419
-0.000329
-0.000528
-0.000802
-0.000475
0.000120
0.000214
-0.000309
-0.000381
0.000239
0.000726
0.001248
0.001563
0.000655
-0.000642
-0.000485
0.000376
0.000182
-0.000534
-0.001100
-0.000910
0.000112
0.000859
0.000700
0.000439
0.000391
-0.000245
-0.001047
-0.001116
-0.000900
-0.000835
-0.000408
0.000020
-0.000072
0.000160
0.000406
0.000322
-0.000192
-0.000511
-0.000638
-0.000573
-0.000123
0.000361
0.000750
0.000800
0.000416
0.000501
0.000544
-0.000329
-0.001051
-0.000429
0.000119
-0.000250
-0.000316
-0.000264
0.000070
0.001247
0.001744
0.000183
-0.001093
-0.000482
-0.000123
-0.001051
-0.001538
-0.000751
-0.000083
0.000548
0.001341
0.000808
-0.000114
-0.000279
-0.000284
-0.000375
-0.000646
-0.000368
-0.000033
0.000332
0.000511
0.000267
0.000267
0.000121
-0.000574
-0.000995
-0.000546
-0.000173
0.000094
0.000707
0.001142
0.000964
0.000701
0.000643
0.000675
0.000238
-0.000815
-0.001823
-0.002012
-0.002012
-0.001538
-0.000230
0.000614
0.000359
0.000507
0.000948
0.000838
0.000655
0.001028
0.001162
0.000553
-0.000277
-0.000498
-0.000580
-0.000268
0.000372
0.000920
0.001617
0.001909
0.001481
0.000330
-0.000418
-0.000700
-0.001424
-0.002753
-0.003423
-0.002796
-0.002247
-0.002516
-0.001762
-0.000924
-0.000758
0.000314
0.002205
0.002929
0.002416
0.002600
0.002947
0.003028
0.003584
0.003054
-0.000194
-0.003319
-0.004227
-0.004606
-0.004436
-0.003126
-0.001129
0.000657
0.001558
0.001184
-0.000231
-0.001660
-0.002803
-0.002871
-0.002605
-0.003740
-0.005366
-0.005339
-0.003901
-0.002433
-0.001468
-0.001927
-0.002794
-0.001897
0.000105
0.001608
0.003276
0.005704
0.006663
0.004273
-0.000572
-0.004693
-0.006122
-0.004627
-0.001326
0.000930
0.000334
-0.002393
-0.004038
-0.004156
-0.004938
-0.005495
-0.004627
-0.003189
-0.002288
-0.001997
-0.001908
-0.001837
-0.000497
0.002770
0.006174
0.005492
0.001770
-0.000301
0.000562
0.002522
0.003794
0.003199
0.000638
-0.001955
-0.002854
-0.002732
-0.002189
-0.000410
0.001855
0.003022
0.000732
-0.004171
-0.008078
-0.008382
-0.006695
-0.005561
-0.004800
-0.003779
-0.001571
0.002742
0.008109
0.011450
0.010177
0.007226
0.005972
0.005136
0.004160
0.003491
0.003431
0.003453
0.001799
-0.001671
-0.003945
-0.004581
-0.005488
-0.005873
-0.002855
0.002934
0.008600
0.011674
0.011378
0.008689
0.003662
-0.002583
-0.006663
-0.007452
-0.006295
-0.004122
-0.002749
-0.002501
-0.000797
0.005677
0.016360
0.026457
0.029933
0.024166
0.011385
-0.002472
-0.012058
-0.016387
-0.015630
-0.010799
-0.005914
-0.002901
-0.000599
0.002579
0.005599
0.007883
0.008692
0.006254
0.001051
-0.003742
-0.006040
-0.006341
-0.005767
-0.003915
-0.001428
0.001138
0.004572
0.009892
0.017163
0.023904
0.026871
0.022653
0.011216
-0.001715
-0.010545
-0.017088
-0.022701
-0.023644
-0.017856
-0.008938
-0.001361
0.002032
0.002214
0.002633
0.005106
0.010734
0.016615
0.018141
0.015758
0.014023
0.014112
0.015979
0.018415
0.017922
0.011075
-0.001615
-0.016402
-0.028559
-0.033918
-0.031300
-0.022398
-0.008882
0.008759
0.027719
0.043108
0.051312
0.053677
0.052324
0.047026
0.036789
0.021546
0.003976
-0.012793
-0.029057
-0.044174
-0.056015
-0.062630
-0.062200
-0.054211
-0.040919
-0.027134
-0.017806
-0.012909
-0.007532
0.004420
0.024043
0.046867
0.068654
0.087619
0.102284
0.109154
0.105984
0.094395
0.078049
0.061214
0.048464
0.040644
0.035552
0.034797
0.042431
0.054383
0.058882
0.047338
0.023018
-0.002429
-0.019167
-0.024726
-0.022707
-0.018586
-0.017194
-0.022017
-0.029464
-0.031818
-0.023654
-0.003670
0.021976
0.041029
0.047159
0.043700
0.037395
0.029645
0.015630
-0.009160
-0.044242
-0.082433
-0.112067
-0.122445
-0.110603
-0.084506
-0.059836
-0.049145
-0.052601
-0.061697
-0.067358
-0.064837
-0.057822
-0.053906
-0.052116
-0.043149
-0.022704
0.004655
0.028194
0.041030
0.044850
0.044330
0.042605
0.042304
0.044394
0.046023
0.040505
0.023120
-0.003087
-0.027630
-0.041858
-0.048138
-0.055035
-0.065598
-0.073905
-0.071536
-0.054184
-0.026016
0.002457
0.023105
0.032462
0.028436
0.009591
-0.019632
-0.050938
-0.076655
-0.089382
-0.085923
-0.070411
-0.052014
-0.037982
-0.030575
-0.026277
-0.020257
-0.013255
-0.011352
-0.018044
-0.030859
-0.044836
-0.056986
-0.069175
-0.083173
-0.094615
-0.096615
-0.085943
-0.067984
-0.053203
-0.046405
-0.045961
-0.049118
-0.053305
-0.054601
-0.049090
-0.035001
-0.015620
0.001683
0.008741
0.002855
-0.016069
-0.046719
-0.082381
-0.115623
-0.141703
-0.155340
-0.151845
-0.130911
-0.095416
-0.050438
-0.002009
0.046703
0.092506
0.131171
0.162094
0.184310
0.195686
0.198173
0.194589
0.184468
0.170491
0.160432
0.159096
0.165159
0.171376
0.163908
0.131161
0.076479
0.015292
-0.037907
-0.075147
-0.093835
-0.095118
-0.084201
-0.068244
-0.055624
-0.050091
-0.046931
-0.039488
-0.026383
-0.007343
0.016550
0.041612
0.063575
0.080261
0.093324
0.105509
0.118519
0.130313
0.135765
0.129512
0.110767
0.087613
0.069106
0.057636
0.052242
0.049500
0.043040
0.028051
0.004880
-0.023801
-0.052126
-0.071181
-0.076819
-0.070501
-0.055982
-0.038596
-0.021579
-0.003964
0.016519
0.041686
0.068510
0.089074
0.097445
0.089339
0.061823
0.020714
-0.019948
-0.048025
-0.059646
-0.057389
-0.046984
-0.032969
-0.014868
0.007084
0.027777
0.043979
0.057458
0.072412
0.092760
0.117205
0.137689
0.147155
0.146646
0.137466
0.117597
0.092176
0.070695
0.057840
0.054213
0.056948
0.061178
0.063922
0.066228
0.072171
0.079739
0.082564
0.079520
0.074954
0.074794
0.082692
0.095737
0.105572
0.109195
0.111153
0.112290
0.105751
0.078565
0.018205
-0.075817
-0.189036
-0.302486
-0.399265
-0.466198
-0.499086
-0.502749
-0.482615
-0.440904
-0.383176
-0.319896
-0.261351
-0.212310
-0.167810
-0.113716
-0.044697
0.024037
0.072115
0.096240
0.106951
0.110835
0.106933
0.095522
0.079375
0.064534
0.057981
0.063569
0.085039
0.121789
0.163641
0.193863
0.199866
0.181505
0.148972
0.116084
0.094983
0.090014
0.097533
0.110280
0.120381
0.122763
0.115064
0.096052
0.071635
0.052527
0.041080
0.030572
0.014219
-0.011191
-0.045955
-0.088179
-0.133348
-0.175588
-0.208801
-0.229594
-0.238811
-0.239687
-0.238149
-0.239390
-0.240222
-0.232655
-0.211576
-0.173605
-0.120699
-0.064472
-0.018207
0.014002
0.033977
0.043119
0.041608
0.030627
0.016174
0.006391
0.002972
0.003514
0.008642
0.020048
0.037527
0.060054
0.081410
0.091215
0.077501
0.034864
-0.027285
-0.087368
-0.130341
-0.158733
-0.183753
-0.209938
-0.232221
-0.243259
-0.241164
-0.232186
-0.224550
-0.221981
-0.223124
-0.220996
-0.206512
-0.171430
-0.112829
-0.043790
0.013462
0.051583
0.081909
0.114206
0.150483
0.191526
0.233947
0.270302
0.292552
0.295206
0.279575
0.255090
0.234821
0.226385
0.229288
0.237394
0.245764
0.252081
0.254581
0.255141
0.256779
0.258242
0.256893
0.251571
0.240033
0.215902
0.174700
0.119465
0.059495
0.000328
-0.057780
-0.110993
-0.153545
-0.185810
-0.212968
-0.236954
-0.254609
-0.259440
-0.248217
-0.225448
-0.201489
-0.184963
-0.178007
-0.181305
-0.196664
-0.221764
-0.244150
-0.250423
-0.234734
-0.204827
-0.172524
-0.144376
-0.122831
-0.103454
-0.081948
-0.056802
-0.030593
-0.009398
0.008066
0.027799
0.050150
0.076702
0.113433
0.158896
0.202522
0.233337
0.247168
0.249818
0.250001
0.246907
0.233853
0.210141
0.180016
0.145060
0.105466
0.065449
0.029958
0.000958
-0.021293
-0.035672
-0.037517
-0.023094
0.003491
0.032835
0.055637
0.065879
0.064729
0.057637
0.045934
0.027210
0.005601
-0.012031
-0.021520
-0.022158
-0.014520
0.000757
0.023228
0.049551
0.071461
0.081721
0.079066
0.067717
0.048815
0.019511
-0.019671
-0.062428
-0.100659
-0.132123
-0.158198
-0.180011
-0.199375
-0.211903
-0.207856
-0.185853
-0.155743
-0.121634
-0.079337
-0.030973
0.014026
0.047759
0.064572
0.064163
0.050666
0.025848
-0.012434
-0.064917
-0.125479
-0.181414
-0.222202
-0.246104
-0.254719
-0.248027
-0.229437
-0.205725
-0.181366
-0.155526
-0.121833
-0.075826
-0.023710
0.020791
0.051167
0.073438
0.100504
0.139784
0.184628
0.222112
0.249681
0.273659
0.297900
0.318891
0.326249
0.313119
0.286548
0.258108
0.230270
0.200400
0.169936
0.139252
0.106816
0.072971
0.037340
-0.000348
-0.037161
-0.070792
-0.096110
-0.106704
-0.103025
-0.092978
-0.086383
-0.090016
-0.102318
-0.113779
-0.116243
-0.107730
-0.086941
-0.055349
-0.021608
0.001491
0.004570
-0.010457
-0.031443
-0.052011
-0.076119
-0.105175
-0.131320
-0.142930
-0.128506
-0.086588
-0.030741
0.023566
0.068275
0.102193
0.124832
0.136471
0.137917
0.131131
0.117216
0.095386
0.066885
0.037108
0.012452
-0.000392
0.000946
0.013721
0.035261
0.063766
0.096865
0.130716
0.162974
0.192312
0.216991
0.237258
0.252655
0.260587
0.255356
0.226413
0.165718
0.074293
-0.035150
-0.138229
-0.212260
-0.251078
-0.265564
-0.268995
-0.265440
-0.250724
-0.220661
-0.175416
-0.121896
-0.073791
-0.039773
-0.015165
0.009454
0.040278
0.075010
0.100837
0.109475
0.104570
0.095048
0.086613
0.080028
0.073732
0.066115
0.053400
0.031143
0.000203
-0.030697
-0.052345
-0.065120
-0.075476
-0.089590
-0.106681
-0.121589
-0.130639
-0.132308
-0.125982
-0.111605
-0.089116
-0.061309
-0.033422
-0.008123
0.014909
0.033989
0.043764
0.037804
0.014034
-0.019966
-0.053950
-0.082862
-0.105496
-0.125199
-0.144712
-0.164028
-0.182074
-0.196774
-0.204323
-0.200911
-0.182913
-0.148359
-0.103166
-0.057769
-0.018198
0.014653
0.041364
0.061796
0.076393
0.083929
0.081539
0.069142
0.054196
0.047380
0.055346
0.076693
0.102181
0.121198
0.129737
0.133826
0.141724
0.156369
0.174527
0.189907
0.197593
0.196571
0.191754
0.187602
0.181324
0.170822
0.156880
0.140508
0.123639
0.109796
0.101920
0.099505
0.098554
0.095644
0.089629
0.080813
0.065336
0.037558
0.000758
-0.036873
-0.069374
-0.094239
-0.115328
-0.137931
-0.162522
-0.186019
-0.207096
-0.224187
-0.229265
-0.206868
-0.152771
-0.089155
-0.046693
-0.038320
-0.051611
-0.062555
-0.055420
-0.032812
-0.006053
0.016914
0.032785
0.042025
0.045960
0.046067
0.047110
0.057041
0.073625
0.084632
0.084558
0.076034
0.063164
0.049382
0.035837
0.021439
0.007377
-0.000520
0.000229
0.005452
0.008036
0.006898
0.008846
0.020991
0.044496
0.076489
0.109072
0.134948
0.149904
0.151173
0.140992
0.127611
0.120091
0.119778
0.122412
0.120175
0.108709
0.094992
0.089519
0.094387
0.104534
0.111738
0.110520
0.102547
0.092845
0.083603
0.071852
0.053965
0.029207
0.003381
-0.015329
-0.025339
-0.030340
-0.036802
-0.050823
-0.071419
-0.093263
-0.111246
-0.122212
-0.127345
-0.131590
-0.136168
-0.136068
-0.128771
-0.116948
-0.103769
-0.093547
-0.089177
-0.087637
-0.082807
-0.070524
-0.051484
-0.032447
-0.020238
-0.017357
-0.024000
-0.035310
-0.044878
-0.049468
-0.051108
-0.051875
-0.054222
-0.059940
-0.067585
-0.073423
-0.074419
-0.070347
-0.062832
-0.055503
-0.050672
-0.048710
-0.049214
-0.051667
-0.055500
-0.060003
-0.063101
-0.063894
-0.062426
-0.058564
-0.052398
-0.046714
-0.043965
-0.041069
-0.033665
-0.019902
0.001014
0.026225
0.050810
0.071537
0.085573
0.092766
0.096422
0.100957
0.107557
0.112423
0.107099
0.087409
0.059775
0.035407
0.022009
0.019421
0.020509
0.017301
0.005967
-0.011414
-0.029074
-0.046457
-0.068058
-0.092005
-0.110230
-0.115715
-0.106867
-0.088295
-0.068464
-0.051543
-0.036617
-0.021099
-0.003203
0.013375
0.024647
0.030099
0.028645
0.020286
0.006837
-0.009012
-0.020745
-0.020969
-0.008624
0.008484
0.019453
0.021702
0.020371
0.021224
0.023147
0.019375
0.002424
-0.024413
-0.045416
-0.048472
-0.034830
-0.017092
-0.007419
-0.007613
-0.010987
-0.010838
-0.003785
0.005907
0.010155
0.006288
-0.003321
-0.015158
-0.025530
-0.032952
-0.039615
-0.048313
-0.057842
-0.064759
-0.066128
-0.062401
-0.055023
-0.043584
-0.029897
-0.018532
-0.011634
-0.007594
-0.003503
-0.001186
-0.003560
-0.007708
-0.008213
-0.001771
0.009468
0.022070
0.033496
0.041942
0.044938
0.041438
0.035182
0.029006
0.021347
0.011091
-0.001729
-0.015851
-0.027603
-0.034441
-0.036433
-0.039073
-0.046513
-0.055389
-0.060758
-0.061970
-0.062415
-0.064103
-0.064935
-0.062457
-0.058612
-0.056207
-0.055710
-0.056836
-0.055545
-0.047019
-0.032091
-0.016090
-0.002931
0.006154
0.013215
0.019323
0.024569
0.030257
0.037068
0.040421
0.035589
0.025304
0.015431
0.011134
0.014170
0.019242
0.022047
0.023963
0.027585
0.033411
0.040073
0.045140
0.046888
0.044343
0.037002
0.026710
0.017199
0.010469
0.007041
0.007206
0.008874
0.010161
0.010616
0.009947
0.010092
0.012990
0.018320
0.023926
0.027871
0.029101
0.027913
0.025999
0.023995
0.023809
0.028711
0.036649
0.043329
0.047122
0.049432
0.051989
0.055299
0.058788
0.061789
0.063726
0.062194
0.054240
0.040418
0.022482
0.003896
-0.011407
-0.023833
-0.034625
-0.042329
-0.045568
-0.045082
-0.043078
-0.038699
-0.030947
-0.022031
-0.015551
-0.014280
-0.019140
-0.029875
-0.044381
-0.058956
-0.072201
-0.082493
-0.086075
-0.082038
-0.074273
-0.067330
-0.063062
-0.060305
-0.058336
-0.058701
-0.063341
-0.071136
-0.080784
-0.089942
-0.094082
-0.092471
-0.088817
-0.083756
-0.076503
-0.069514
-0.064053
-0.058474
-0.051435
-0.043669
-0.036299
-0.029687
-0.023526
-0.018939
-0.015978
-0.011175
-0.003621
0.005389
0.015369
0.025304
0.034690
0.043968
0.052659
0.057689
0.057173
0.052818
0.047286
0.042381
0.036301
0.026681
0.015507
0.007163
0.004002
0.005685
0.011295
0.019913
0.029135
0.036675
0.042631
0.046714
0.047710
0.046173
0.043364
0.039413
0.035994
0.035018
0.036657
0.039981
0.043908
0.046754
0.047366
0.042940
0.031758
0.017548
0.005165
-0.004326
-0.011764
-0.016981
-0.019321
-0.017787
-0.012213
-0.003116
0.008797
0.020520
0.027985
0.029987
0.027210
0.021185
0.014694
0.009138
0.004547
0.000135
-0.003641
-0.004625
-0.002659
-0.001255
-0.002091
-0.002167
0.000394
0.004741
0.008705
0.009516
0.006771
0.001525
-0.004653
-0.009754
-0.013197
-0.015133
-0.013411
-0.006113
0.004813
0.015412
0.026545
0.041159
0.058837
0.076801
0.091426
0.102690
0.112482
0.120494
0.127578
0.133592
0.137345
0.137682
0.132459
0.118504
0.095208
0.066151
0.036951
0.010951
-0.010915
-0.028926
-0.043192
-0.055019
-0.066385
-0.075433
-0.078146
-0.072560
-0.058595
-0.040629
-0.023875
-0.012164
-0.006651
-0.002859
0.003270
0.008656
0.007030
-0.003415
-0.018447
-0.032339
-0.042361
-0.049005
-0.051609
-0.051064
-0.047034
-0.038203
-0.025451
-0.010611
0.002823
0.013261
0.022908
0.031791
0.037273
0.036997
0.029125
0.014863
-0.002265
-0.017046
-0.026683
-0.034208
-0.043613
-0.053802
-0.059322
-0.055827
-0.043608
-0.027732
-0.014798
-0.009119
-0.010253
-0.013792
-0.014233
-0.009863
-0.001403
0.010842
0.025630
0.039205
0.049418
0.058491
0.068710
0.079441
0.089475
0.095312
0.094254
0.086885
0.075827
0.065188
0.057624
0.053831
0.054492
0.059146
0.063382
0.061456
0.051180
0.035449
0.019211
0.005593
-0.004306
-0.010971
-0.016319
-0.021027
-0.023324
-0.021878
-0.017353
-0.010764
-0.003495
0.002465
0.007272
0.010183
0.008638
0.002773
-0.004504
-0.011315
-0.017860
-0.024678
-0.032978
-0.042140
-0.050395
-0.057467
-0.063515
-0.066878
-0.067648
-0.065153
-0.057583
-0.046798
-0.035581
-0.025065
-0.015524
-0.006270
0.003223
0.011644
0.017357
0.018355
0.015624
0.011021
0.005153
-0.002017
-0.011588
-0.023238
-0.035388
-0.046469
-0.055541
-0.062391
-0.064691
-0.058501
-0.044127
-0.026054
-0.009231
0.004127
0.013813
0.021104
0.025985
0.025470
0.019087
0.010690
0.003666
0.002735
0.010100
0.023184
0.037900
0.050644
0.056631
0.054683
0.047835
0.039231
0.031523
0.025840
0.020986
0.015556
0.009240
0.001420
-0.007112
-0.015096
-0.021018
-0.023067
-0.021982
-0.021317
-0.024331
-0.031636
-0.043785
-0.059856
-0.075293
-0.085426
-0.087693
-0.083859
-0.078542
-0.073877
-0.070082
-0.066339
-0.061179
-0.055205
-0.050053
-0.046328
-0.043251
-0.038880
-0.030579
-0.017910
-0.003405
0.010214
0.021807
0.032390
0.044703
0.058518
0.071857
0.081907
0.085211
0.081588
0.073543
0.064187
0.055472
0.047365
0.036840
0.021952
0.004667
-0.012063
-0.026014
-0.035403
-0.040950
-0.043768
-0.042984
-0.037933
-0.028180
-0.014170
0.001924
0.017418
0.029564
0.037331
0.038833
0.033740
0.025361
0.016059
0.004015
-0.011247
-0.025651
-0.033975
-0.034217
-0.027191
-0.015334
-0.000540
0.016280
0.033712
0.051371
0.066954
0.078765
0.087717
0.093477
0.094443
0.088111
0.074977
0.059759
0.046513
0.035703
0.025087
0.013298
0.001239
-0.008431
-0.014731
-0.019859
-0.024620
-0.028446
-0.030655
-0.029789
-0.024726
-0.014133
0.002271
0.021301
0.039507
0.054087
0.064514
0.072264
0.077960
0.080089
0.076698
0.067985
0.056376
0.043241
0.028280
0.011902
-0.004533
-0.021893
-0.040029
-0.054912
-0.063567
-0.066253
-0.064204
-0.057969
-0.049177
-0.040472
-0.031898
-0.022448
-0.013567
-0.004577
0.005006
0.015338
0.026041
0.033404
0.034634
0.030043
0.020497
0.007521
-0.006204
-0.018533
-0.027144
-0.032491
-0.038362
-0.046225
-0.052300
-0.053022
-0.047974
-0.039733
-0.031920
-0.025483
-0.020050
-0.015636
-0.012832
-0.011979
-0.012732
-0.014218
-0.016852
-0.019629
-0.020816
-0.020781
-0.020335
-0.019553
-0.020182
-0.021774
-0.022740
-0.023878
-0.026130
-0.028265
-0.028816
-0.027520
-0.024325
-0.019827
-0.014747
-0.008590
-0.002624
0.002099
0.006944
0.012429
0.017282
0.020893
0.023000
0.025101
0.028847
0.032377
0.033826
0.033345
0.031270
0.027491
0.022506
0.013925
-0.000657
-0.017875
-0.033495
-0.046201
-0.054977
-0.061488
-0.067245
-0.070896
-0.071573
-0.069897
-0.066756
-0.062204
-0.056288
-0.048812
-0.039921
-0.030846
-0.022001
-0.012729
-0.002296
0.010324
0.023810
0.034064
0.039817
0.041169
0.038044
0.031448
0.024124
0.018279
0.014489
0.012073
0.008544
0.003441
-0.000695
0.000301
0.007867
0.019114
0.030290
0.039646
0.047188
0.050301
0.047908
0.042310
0.034801
0.026530
0.019525
0.013724
0.009591
0.009177
0.011293
0.014142
0.017892
0.022157
0.025741
0.030152
0.035164
0.037677
0.037935
0.038676
0.041399
0.046497
0.052158
0.057996
0.065303
0.073733
0.083047
0.091499
0.096254
0.095646
0.090504
0.081287
0.065923
0.043180
0.014116
-0.017467
-0.045844
-0.067985
-0.081784
-0.085615
-0.081473
-0.073409
-0.064097
-0.053373
-0.040995
-0.026137
-0.010178
0.002606
0.010620
0.014505
0.015159
0.014391
0.012625
0.009454
0.004406
-0.003344
-0.013120
-0.022668
-0.030796
-0.037232
-0.041633
-0.046067
-0.051807
-0.055415
-0.055268
-0.052266
-0.046870
-0.041396
-0.035582
-0.027176
-0.017080
-0.007567
0.000447
0.006837
0.012279
0.016314
0.017881
0.016869
0.013807
0.008624
0.002922
-0.001661
-0.006671
-0.013052
-0.020119
-0.026022
-0.028927
-0.029023
-0.027102
-0.024467
-0.022378
-0.020800
-0.018273
-0.013888
-0.008477
-0.003701
0.000444
0.004149
0.006414
0.005499
0.003218
0.001842
0.000643
0.000079
-0.000009
0.000302
0.000553
-0.001055
-0.004658
-0.010128
-0.017656
-0.027446
-0.038575
-0.048133
-0.052711
-0.050842
-0.044329
-0.035842
-0.026517
-0.016842
-0.006672
0.002183
0.008222
0.012039
0.012979
0.011275
0.007779
0.003000
-0.000683
-0.001506
-0.000099
0.002029
0.002350
0.001580
0.002303
0.002464
0.000464
-0.002358
-0.004653
-0.005685
-0.006625
-0.009476
-0.012602
-0.013218
-0.011046
-0.005887
0.001563
0.009081
0.016184
0.022986
0.028768
0.032813
0.033149
0.029817
0.025779
0.021200
0.015123
0.007665
-0.001509
-0.009950
-0.015297
-0.017492
-0.017973
-0.018046
-0.018207
-0.017797
-0.016798
-0.015495
-0.013810
-0.013295
-0.014069
-0.013709
-0.011858
-0.009296
-0.006370
-0.003274
-0.000668
0.000145
0.000041
0.001718
0.005594
0.007513
0.005023
-0.000318
-0.006130
-0.009909
-0.010094
-0.007460
-0.003100
0.001921
0.008494
0.017685
0.026796
0.034304
0.040619
0.044975
0.046267
0.045495
0.042564
0.037826
0.033417
0.028436
0.022217
0.014102
0.003482
-0.007300
-0.016018
-0.023446
-0.028785
-0.030727
-0.029160
-0.024118
-0.015937
-0.005748
0.005767
0.018491
0.030633
0.041019
0.049222
0.054660
0.057303
0.058283
0.055601
0.049325
0.043217
0.039313
0.036340
0.032540
0.026478
0.019323
0.013534
0.008819
0.004865
0.003689
0.004555
0.006083
0.009181
0.011365
0.010690
0.007821
0.003429
-0.001560
-0.006745
-0.011472
-0.015111
-0.017131
-0.018111
-0.017858
-0.014732
-0.010892
-0.008973
-0.007174
-0.005880
-0.005921
-0.005521
-0.005077
-0.005251
-0.005100
-0.004381
-0.003238
-0.001687
-0.000285
0.000686
0.000753
-0.000439
-0.000842
0.000454
0.000986
0.000242
-0.000269
-0.000768
-0.001601
-0.003982
-0.008260
-0.013817
-0.019486
-0.023709
-0.025961
-0.027489
-0.029670
-0.031297
-0.031533
-0.031205
-0.029922
-0.027381
-0.024680
-0.021227
-0.017386
-0.015240
-0.015542
-0.018293
-0.023322
-0.029778
-0.035380
-0.037152
-0.034084
-0.029389
-0.024437
-0.019147
-0.014124
-0.009427
-0.005112
-0.003379
-0.004055
-0.005155
-0.007562
-0.012602
-0.020700
-0.029715
-0.037364
-0.042294
-0.044523
-0.043987
-0.041666
-0.037903
-0.031861
-0.024632
-0.018155
-0.012797
-0.008803
-0.005923
-0.002459
0.000431
0.001289
0.001232
0.000992
0.000745
0.000710
0.000843
0.001400
0.003804
0.007769
0.011105
0.014035
0.016543
0.018005
0.018814
0.018237
0.016328
0.013467
0.009856
0.006859
0.003775
0.000521
-0.001741
-0.004014
-0.006016
-0.006473
-0.005151
-0.002982
0.000042
0.004416
0.010000
0.015554
0.019331
0.020654
0.020418
0.018658
0.017151
0.016262
0.014738
0.014024
0.015192
0.018900
0.024853
0.030838
0.035187
0.037322
0.037301
0.035777
0.033306
0.029878
0.025830
0.023373
0.022220
0.021022
0.020816
0.021664
0.023999
0.026734
0.028064
0.028296
0.026347
0.022008
0.015654
0.008320
0.003235
-0.000311
-0.002957
-0.003544
-0.002203
0.000558
0.003517
0.004180
0.002837
0.002168
0.002537
0.003209
0.004205
0.005115
0.006129
0.007981
0.009674
0.010787
0.010874
0.009073
0.006935
0.003711
-0.000725
-0.005695
-0.010967
-0.015377
-0.017136
-0.016597
-0.015462
-0.014433
-0.014385
-0.014512
-0.011898
-0.006678
-0.002043
0.001649
0.003275
0.002331
0.000854
0.000367
0.000072
-0.000763
-0.002881
-0.005281
-0.005919
-0.005003
-0.004113
-0.002271
0.001517
0.004991
0.006748
0.005576
0.001813
-0.002812
-0.006770
-0.010237
-0.013632
-0.015344
-0.014341
-0.011194
-0.006186
-0.000876
0.003549
0.007357
0.010127
0.011494
0.010721
0.007110
0.001825
-0.003894
-0.010166
-0.016595
-0.020689
-0.021430
-0.020190
-0.016824
-0.013096
-0.010831
-0.009288
-0.007991
-0.006873
-0.005879
-0.005121
-0.004519
-0.003670
-0.003317
-0.003704
-0.003851
-0.003627
-0.004884
-0.006814
-0.008457
-0.010323
-0.012362
-0.015169
-0.017204
-0.016506
-0.012906
-0.009018
-0.006592
-0.006281
-0.008328
-0.012100
-0.015251
-0.016497
-0.015528
-0.013653
-0.011559
-0.009579
-0.010156
-0.012775
-0.015187
-0.015144
-0.013299
-0.011509
-0.010491
-0.009586
-0.007042
-0.003857
-0.001373
0.002443
0.006755
0.008033
0.006595
0.004222
0.001132
-0.002125
-0.003426
-0.003093
-0.002027
-0.000537
0.000714
0.001799
0.003511
0.005009
0.006231
0.008030
0.009960
0.011932
0.014271
0.016408
0.017206
0.016710
0.015281
0.011924
0.006244
-0.000882
-0.008230
-0.014010
-0.017121
-0.018786
-0.020487
-0.020925
-0.017618
-0.011294
-0.004588
0.000795
0.005058
0.008450
0.011091
0.013649
0.015184
0.014818
0.013181
0.011582
0.012620
0.015521
0.017148
0.017626
0.018698
0.021355
0.024436
0.026968
0.028615
0.029359
0.028192
0.025512
0.022841
0.021335
0.020697
0.021329
0.022648
0.023538
0.023918
0.023319
0.021766
0.018024
0.011400
0.004117
-0.000952
-0.004050
-0.006084
-0.006627
-0.006198
-0.004942
-0.003633
-0.003336
-0.002720
-0.001142
0.000024
-0.000245
-0.001981
-0.003858
-0.005350
-0.006949
-0.007156
-0.006462
-0.007449
-0.009351
-0.010388
-0.009806
-0.008994
-0.009647
-0.011421
-0.012500
-0.012258
-0.011360
-0.009435
-0.006575
-0.004338
-0.002176
0.000069
0.002122
0.003866
0.004381
0.004383
0.003634
0.002115
0.001164
0.000794
0.000456
-0.000311
-0.001923
-0.003116
-0.002817
-0.002385
-0.002550
-0.002220
-0.001320
-0.000611
0.000736
0.002980
0.005427
0.007184
0.007632
0.007286
0.006674
0.005782
0.004913
0.003961
0.004995
0.006764
0.006288
0.005502
0.006920
0.009093
0.009421
0.007442
0.004914
0.003029
0.001828
-0.000227
-0.002812
-0.004960
-0.006670
-0.007252
-0.007450
-0.008610
-0.010459
-0.011960
-0.013603
-0.017127
-0.021044
-0.023412
-0.024280
-0.024187
-0.023544
-0.022118
-0.020278
-0.019240
-0.017733
-0.015282
-0.013610
-0.012534
-0.010652
-0.010329
-0.012151
-0.013764
-0.014474
-0.014629
-0.013376
-0.011487
-0.009833
-0.007140
-0.003583
-0.000298
0.002929
0.006928
0.011028
0.013953
0.015708
0.015471
0.011777
0.005920
-0.000367
-0.005707
-0.010137
-0.013737
-0.015188
-0.013672
-0.011298
-0.010256
-0.009019
-0.006000
-0.003249
-0.002471
-0.003012
-0.003442
-0.003273
-0.002934
-0.002776
-0.002521
-0.001082
0.002478
0.007578
0.011702
0.012851
0.011682
0.009879
0.008670
0.008970
0.010106
0.011593
0.013509
0.015347
0.017142
0.018298
0.018636
0.018880
0.018492
0.016156
0.012649
0.010399
0.010530
0.012350
0.014235
0.015015
0.015847
0.016722
0.016924
0.017349
0.016689
0.013583
0.010416
0.009088
0.007674
0.004986
0.002981
0.002688
0.003175
0.004201
0.005526
0.007281
0.008620
0.009565
0.011935
0.014510
0.014897
0.013746
0.012538
0.010650
0.007763
0.004759
0.002474
0.001112
0.001221
0.002382
0.004003
0.004955
0.005052
0.006038
0.006779
0.005397
0.003909
0.004274
0.004107
0.001262
-0.002606
-0.005181
-0.006305
-0.006686
-0.007143
-0.007600
-0.008611
-0.009302
-0.008426
-0.007942
-0.009384
-0.010162
-0.009192
-0.008816
-0.010349
-0.011620
-0.011897
-0.011184
-0.010033
-0.009270
-0.008648
-0.009277
-0.010134
-0.009105
-0.007699
-0.007653
-0.007416
-0.006001
-0.003611
-0.001920
-0.002791
-0.005050
-0.006317
-0.006944
-0.008585
-0.010235
-0.010485
-0.009613
-0.008334
-0.007837
-0.007691
-0.006536
-0.003844
0.000787
0.004734
0.006144
0.006944
0.008110
0.007407
0.004024
0.000711
-0.000863
-0.001407
-0.002854
-0.005682
-0.007314
-0.006330
-0.004959
-0.002930
-0.000104
0.001938
0.003352
0.004245
0.004645
0.004171
0.002883
0.001924
0.001838
0.002071
0.002328
0.003017
0.003125
0.002331
0.002355
0.002996
0.003480
0.003200
0.001972
0.000842
-0.000774
-0.004120
-0.007661
-0.009303
-0.009313
-0.008997
-0.008718
-0.007881
-0.006124
-0.003808
-0.001536
0.000830
0.001678
0.001108
0.000743
0.000053
-0.001336
-0.001824
-0.001427
-0.000773
-0.000620
-0.001634
-0.002534
-0.002773
-0.003361
-0.005368
-0.006676
-0.005732
-0.002928
0.000399
0.003019
0.005109
0.007444
0.009555
0.011081
0.010597
0.007002
0.002766
-0.001439
-0.005902
-0.010328
-0.013220
-0.012649
-0.010040
-0.007379
-0.005969
-0.005478
-0.003897
-0.001018
0.001440
0.002047
0.001348
0.000914
0.002023
0.003975
0.005863
0.008346
0.011980
0.014984
0.016942
0.017657
0.016717
0.015705
0.015165
0.013981
0.012298
0.010775
0.009106
0.007679
0.006902
0.006073
0.004578
0.003268
0.001829
0.000797
0.000116
-0.000858
-0.000805
0.001184
0.004047
0.006583
0.009118
0.010756
0.011402
0.011938
0.011206
0.008946
0.007152
0.007102
0.008280
0.008993
0.008768
0.008369
0.008755
0.009028
0.007500
0.004302
0.001027
-0.002073
-0.004490
-0.006283
-0.007814
-0.007771
-0.006349
-0.005043
-0.004580
-0.004264
-0.004269
-0.004176
-0.003718
-0.004196
-0.005620
-0.006539
-0.006979
-0.007389
-0.008728
-0.011097
-0.012881
-0.013024
-0.012881
-0.014545
-0.016703
-0.017927
-0.017911
-0.016357
-0.012986
-0.009591
-0.006970
-0.004634
-0.001451
0.001357
0.002476
0.003822
0.006812
0.009745
0.010451
0.009227
0.007101
0.004635
0.001093
-0.003683
-0.007868
-0.009367
-0.008297
-0.005926
-0.003033
-0.000537
0.001385
0.002894
0.003035
0.001660
0.000066
-0.000938
-0.001001
-0.000994
-0.002149
-0.003122
-0.003508
-0.003854
-0.004565
-0.006353
-0.008838
-0.010044
-0.008601
-0.005629
-0.003143
-0.001311
-0.000049
0.001992
0.006026
0.009946
0.011407
0.010327
0.008131
0.006446
0.004713
0.002877
0.001341
-0.000076
-0.001927
-0.003277
-0.004225
-0.006374
-0.009003
-0.010306
-0.010111
-0.009469
-0.008635
-0.006524
-0.002530
0.001422
0.003265
0.004336
0.006282
0.007723
0.007081
0.004554
0.000304
-0.003906
-0.006079
-0.006618
-0.005992
-0.005204
-0.005223
-0.005054
-0.004514
-0.003632
-0.001951
-0.000722
-0.000707
-0.002219
-0.003991
-0.004157
-0.002804
-0.001683
-0.001444
-0.001182
-0.000681
0.000386
0.001773
0.002450
0.002694
0.003095
0.004147
0.006057
0.007895
0.009337
0.010472
0.011183
0.011696
0.011259
0.009844
0.008650
0.008410
0.008584
0.008770
0.008413
0.007775
0.007468
0.006637
0.005072
0.003533
0.001385
-0.001038
-0.002719
-0.004074
-0.005036
-0.005063
-0.003927
-0.002039
-0.000641
-0.000597
-0.001110
-0.001097
-0.001128
-0.002329
-0.004050
-0.004421
-0.002712
-0.000255
0.001621
0.003101
0.003650
0.003685
0.003167
0.001120
-0.002279
-0.005766
-0.008203
-0.009095
-0.009723
-0.010475
-0.010671
-0.010169
-0.009283
-0.009085
-0.009129
-0.007573
-0.005017
-0.003623
-0.003152
-0.002245
-0.001831
-0.001816
-0.001663
-0.001242
-0.000806
-0.001504
-0.002712
-0.002522
-0.002647
-0.003608
-0.003620
-0.003312
-0.003048
-0.001819
-0.000328
0.000848
0.002626
0.003809
0.003853
0.004397
0.005156
0.004883
0.003576
0.001447
-0.000645
-0.001115
-0.000327
0.000347
0.000943
0.001742
0.002946
0.005203
0.007431
0.008518
0.009335
0.009924
0.009355
0.008417
0.005995
0.002559
0.000407
-0.000429
-0.000330
-0.000004
0.000453
0.000668
0.000872
0.001230
0.001400
0.001335
0.001080
0.000418
-0.000164
-0.000068
-0.000113
-0.001278
-0.003042
-0.005060
-0.006944
-0.007779
-0.008218
-0.008221
-0.006439
-0.004025
-0.002093
-0.000188
0.001582
0.003253
0.004785
0.005093
0.004384
0.003627
0.002693
0.001754
0.001180
0.001024
0.001934
0.004507
0.006180
0.006638
0.006778
0.005700
0.003694
0.001477
-0.000487
-0.003217
-0.005585
-0.005562
-0.004440
-0.003274
-0.002078
-0.000869
0.001250
0.003535
0.003767
0.002573
0.002885
0.003352
0.001925
-0.000100
-0.001835
-0.002678
-0.002210
-0.002407
-0.002939
-0.002852
-0.002882
-0.003190
-0.003805
-0.004562
-0.004845
-0.004470
-0.004217
-0.004225
-0.003648
-0.002464
-0.000628
0.002445
0.004987
0.006588
0.008307
0.009644
0.009988
0.009931
0.009686
0.007817
0.005323
0.002782
0.000597
-0.000702
-0.001106
-0.000850
-0.000165
0.000218
0.000659
0.002217
0.003813
0.004827
0.005746
0.006819
0.007240
0.007443
0.007028
0.004785
0.002391
0.000461
-0.000806
-0.001373
-0.002660
-0.005422
-0.008766
-0.011088
-0.011548
-0.010492
-0.009617
-0.009384
-0.009629
-0.010022
-0.010070
-0.009358
-0.009147
-0.009224
-0.007908
-0.006915
-0.007559
-0.008608
-0.008146
-0.006392
-0.004729
-0.003563
-0.002505
-0.001893
-0.000766
0.001469
0.003446
0.004748
0.005208
0.004662
0.003133
0.001995
0.001440
0.000485
-0.000327
-0.001592
-0.003078
-0.003973
-0.004469
-0.003931
-0.002409
-0.002086
-0.002737
-0.003178
-0.002270
-0.000057
0.002039
0.002142
0.001374
0.000981
-0.000174
-0.001782
-0.003119
-0.004277
-0.005090
-0.006642
-0.008839
-0.009118
-0.007426
-0.005156
-0.002948
-0.001374
0.000359
0.003250
0.006583
0.009116
0.010310
0.010568
0.011387
0.011735
0.010193
0.008094
0.005947
0.004197
0.002512
0.000359
-0.001172
-0.002622
-0.003925
-0.004640
-0.005870
-0.006974
-0.006335
-0.004570
-0.001821
0.002170
0.006000
0.009901
0.013686
0.016520
0.017993
0.017985
0.015805
0.012933
0.010473
0.008124
0.005847
0.003031
0.001096
0.001609
0.003427
0.005419
0.006870
0.008456
0.011083
0.013674
0.014849
0.015732
0.016967
0.016489
0.013487
0.008551
0.002432
-0.002732
-0.005557
-0.007724
-0.010061
-0.011525
-0.012012
-0.011328
-0.009980
-0.008939
-0.007837
-0.006766
-0.006646
-0.007016
-0.007444
-0.008318
-0.008621
-0.007643
-0.006844
-0.006151
-0.005227
-0.004250
-0.002622
-0.000201
0.000980
0.000844
0.001295
0.001082
0.000044
-0.000863
-0.002681
-0.004644
-0.004527
-0.004090
-0.004236
-0.003354
-0.001759
-0.000335
0.000931
0.001415
0.000940
0.000535
0.000165
-0.001437
-0.004359
-0.007325
-0.008535
-0.007597
-0.007262
-0.007971
-0.007946
-0.006715
-0.004660
-0.002223
-0.000659
-0.000609
-0.000291
0.000706
0.001418
0.001627
0.000746
-0.000083
0.000894
0.001851
0.001580
0.001495
0.001967
0.002031
0.001538
0.000873
0.000332
0.000423
0.000789
0.000090
-0.000963
-0.001567
-0.001851
-0.001210
-0.000068
0.001587
0.004063
0.006661
0.008740
0.009728
0.008773
0.006505
0.003983
0.002038
0.000013
-0.001401
-0.000901
0.000355
0.001574
0.002769
0.003454
0.003424
0.003143
0.003010
0.002944
0.002464
0.001420
0.000810
0.001847
0.004230
0.007016
0.009464
0.011103
0.012198
0.011786
0.009186
0.005828
0.003536
0.001823
-0.000138
-0.002111
-0.004413
-0.005869
-0.005284
-0.004282
-0.003779
-0.003864
-0.004778
-0.005349
-0.006012
-0.007246
-0.007983
-0.008143
-0.007864
-0.007426
-0.007798
-0.008732
-0.009630
-0.010243
-0.010344
-0.010501
-0.012228
-0.014465
-0.014889
-0.014119
-0.012812
-0.010302
-0.007995
-0.006412
-0.003876
-0.002020
-0.001205
0.000483
0.001997
0.001647
0.001860
0.003440
0.004829
0.006153
0.005954
0.004569
0.004136
0.004356
0.004534
0.004662
0.004152
0.002949
0.002385
0.002861
0.003200
0.002823
0.002311
0.002548
0.003556
0.005479
0.007547
0.008321
0.008465
0.009679
0.009477
0.007189
0.005678
0.005413
0.005840
0.006841
0.007554
0.007158
0.006932
0.006690
0.005889
0.005115
0.003766
0.001693
0.000033
-0.001232
-0.001751
-0.001480
-0.000985
0.000390
0.001329
0.001538
0.001964
0.003138
0.004633
0.005777
0.005433
0.004116
0.003109
0.001564
-0.000187
-0.001140
-0.001487
-0.001403
-0.000723
-0.000413
0.000350
0.001661
0.001724
0.001749
0.000937
-0.000997
-0.002887
-0.003974
-0.003978
-0.003470
-0.004398
-0.006226
-0.006358
-0.005725
-0.005626
-0.005154
-0.004675
-0.004711
-0.003924
-0.003122
-0.002341
-0.001666
-0.002424
-0.003829
-0.005956
-0.008987
-0.011147
-0.011370
-0.010634
-0.010179
-0.010095
-0.010314
-0.011056
-0.010843
-0.009615
-0.008705
-0.008405
-0.008322
-0.007914
-0.007756
-0.008021
-0.008128
-0.007900
-0.007592
-0.007281
-0.006219
-0.004452
-0.003581
-0.002545
-0.001730
-0.002246
-0.002392
-0.001491
-0.000083
0.001282
0.002006
0.001637
0.001673
0.001960
0.001409
0.000578
0.001439
0.002764
0.003863
0.004711
0.005084
0.005646
0.006947
0.008428
0.008603
0.008693
0.009953
0.010535
0.010858
0.011641
0.010710
0.008601
0.007053
0.005848
0.004491
0.003657
0.002917
0.002164
0.001276
-0.000294
-0.001702
-0.001310
0.000154
0.001694
0.002767
0.003519
0.004430
0.005714
0.006593
0.006798
0.007279
0.007713
0.007568
0.006810
0.005000
0.003324
0.002583
0.002076
0.002398
0.001684
-0.001290
-0.004168
-0.005317
-0.005523
-0.006506
-0.007510
-0.006842
-0.005181
-0.003783
-0.003638
-0.004090
-0.003604
-0.001672
0.001046
0.002096
0.001101
-0.000357
-0.000745
0.000292
0.001341
0.001774
0.001767
0.001594
0.000722
-0.000802
-0.001645
-0.001574
-0.001752
-0.000726
0.001899
0.003429
0.003575
0.004065
0.005184
0.005908
0.005534
0.005443
0.006530
0.007087
0.006035
0.004767
0.005101
0.005420
0.005193
0.004836
0.003847
0.002269
0.001822
0.002564
0.003318
0.003901
0.003791
0.004010
0.005053
0.005861
0.006639
0.007741
0.007838
0.007931
0.007657
0.005461
0.002486
0.000628
0.000042
-0.000579
-0.001309
-0.001966
-0.002371
-0.002656
-0.003227
-0.002754
-0.001209
-0.000429
-0.000447
-0.001519
-0.003317
-0.004209
-0.004260
-0.003970
-0.004599
-0.006283
-0.007653
-0.008389
-0.009642
-0.011288
-0.012313
-0.013024
-0.013208
-0.013248
-0.013213
-0.011869
-0.010018
-0.009228
-0.009318
-0.009382
-0.008861
-0.007816
-0.007012
-0.005153
-0.003268
-0.003775
-0.005256
-0.005983
-0.005757
-0.005829
-0.006391
-0.006383
-0.005166
-0.003951
-0.003471
-0.002096
-0.000115
0.000584
-0.000053
-0.000940
-0.000534
0.000948
0.001312
0.001796
0.002478
0.002690
0.003472
0.005058
0.006706
0.007356
0.007701
0.008137
0.008421
0.007431
0.004781
0.002735
0.001754
0.000487
0.000312
0.000828
0.000628
0.000954
0.001651
0.002354
0.003003
0.003082
0.002733
0.002310
0.001372
0.000157
-0.000063
0.000560
0.001146
0.001860
0.002561
0.003118
0.003594
0.003925
0.005051
0.005693
0.004869
0.003907
0.003483
0.004577
0.005777
0.004700
0.002776
0.002126
0.002815
0.003515
0.003362
0.002619
0.002585
0.003828
0.005460
0.006689
0.006996
0.006686
0.006747
0.005972
0.003635
0.001583
0.000870
0.000905
0.000287
-0.001148
-0.001852
-0.001086
-0.000031
0.000363
0.000946
0.001234
0.000788
0.001393
0.002043
0.000928
-0.000425
-0.000623
-0.000224
-0.000265
-0.000326
0.000120
0.000993
0.002154
0.002549
0.002339
0.002032
0.001206
0.000182
-0.000666
-0.001301
-0.001392
-0.001605
-0.002554
-0.003291
-0.003659
-0.004016
-0.003830
-0.002595
-0.001712
-0.002411
-0.003277
-0.003011
-0.002636
-0.003302
-0.004781
-0.006040
-0.006266
-0.005437
-0.004829
-0.004640
-0.004324
-0.003931
-0.003334
-0.002721
-0.002231
-0.001622
-0.000837
-0.000608
-0.001554
-0.002513
-0.002846
-0.002568
-0.001625
-0.000980
-0.001564
-0.002166
-0.001812
-0.001602
-0.002159
-0.002627
-0.002889
-0.003407
-0.003770
-0.003685
-0.002948
-0.002493
-0.002450
-0.001822
-0.000647
0.000431
0.001303
0.001724
0.001418
0.000878
0.000953
0.001566
0.001939
0.001923
0.001585
0.001258
0.000936
0.000570
0.000588
0.000586
0.000020
-0.000561
-0.000744
-0.000724
-0.001039
-0.001646
-0.002103
-0.001851
-0.001106
-0.000607
-0.000317
0.000013
0.000642
0.001676
0.002243
0.001717
0.001152
0.001048
0.001191
0.001398
0.001419
0.001406
0.001547
0.001872
0.002130
0.002174
0.001959
0.001554
0.001348
0.001418
0.001644
0.001695
0.001497
0.001664
0.002230
0.002459
0.002461
0.002608
0.002553
0.002170
0.001790
0.001512
0.001290
0.001140
0.000942
0.000733
0.000464
0.000206
0.000204
0.000179
-0.000013
-0.000095
-0.000050
-0.000047
-0.000148
-0.000270
-0.000248
-0.000028
0.000209
0.000390
0.000542
0.000516
0.000430
0.000431
0.000449
0.000359
0.000175
-0.000040
-0.000160
-0.000254
-0.000441
-0.000589
-0.000563
-0.000534
-0.000539
-0.000490
-0.000369
-0.000190
-0.000081
-0.000052
-0.000019
-0.000001
-0.000037
-0.000069
-0.000092
-0.000126
-0.000176
-0.000219
-0.000190
-0.000237
-0.000432
-0.000603
-0.000651
-0.000679
-0.000769
-0.000847
-0.000873
-0.000838
-0.000749
-0.000649
-0.000551
-0.000456
-0.000387
-0.000351
-0.000345
-0.000366
-0.000395
-0.000424
-0.000425
-0.000398
-0.000371
-0.000351
-0.000329
-0.000298
-0.000273
-0.000268
-0.000268
-0.000244
-0.000218
-0.000212
-0.000209
-0.000199
-0.000188
-0.000171
-0.000149
-0.000135
-0.000115
-0.000087
-0.000058
-0.000047
-0.000058
-0.000063
-0.000047
-0.000029
-0.000027
-0.000026
-0.000020
-0.000014
-0.000012
-0.000011
-0.000003
0.000005
0.000009
0.000007
0.000003
-0.000003
-0.000008
-0.000009
-0.000007
-0.000004
-0.000001
0.000003
0.000008
0.000012
0.000014
0.000016
0.000019
0.000021
0.000023
0.000024
0.000025
0.000027
0.000029
0.000031
0.000032
0.000034
0.000035
0.000037
0.000038
0.000039
0.000040
0.000041
0.000042
0.000043
0.000044
0.000045
0.000045
0.000046
0.000047
0.000047
0.000048
0.000048
0.000049
0.000049
0.000049
0.000050
