-0.000761
-0.000754
-0.000747
-0.000740
-0.000733
-0.000726
-0.000719
-0.000711
-0.000704
-0.000697
-0.000689
-0.000682
-0.000674
-0.000666
-0.000658
-0.000651
-0.000644
-0.000637
-0.000630
-0.000622
-0.000613
-0.000605
-0.000598
-0.000596
-0.000596
-0.000595
-0.000590
-0.000583
-0.000575
-0.000565
-0.000553
-0.000541
-0.000530
-0.000519
-0.000506
-0.000492
-0.000482
-0.000476
-0.000473
-0.000469
-0.000459
-0.000437
-0.000407
-0.000380
-0.000361
-0.000353
-0.000357
-0.000372
-0.000397
-0.000423
-0.000444
-0.000454
-0.000456
-0.000453
-0.000447
-0.000438
-0.000422
-0.000395
-0.000363
-0.000337
-0.000328
-0.000331
-0.000329
-0.000306
-0.000256
-0.000182
-0.000097
-0.000018
0.000044
0.000087
0.000124
0.000172
0.000239
0.000321
0.000403
0.000464
0.000495
0.000512
0.000527
0.000536
0.000536
0.000530
0.000513
0.000482
0.000443
0.000401
0.000351
0.000283
0.000202
0.000132
0.000080
0.000006
-0.000139
-0.000368
-0.000653
-0.000933
-0.001126
-0.001180
-0.001115
-0.000980
-0.000814
-0.000643
-0.000492
-0.000394
-0.000361
-0.000363
-0.000379
-0.000409
-0.000435
-0.000435
-0.000420
-0.000394
-0.000324
-0.000215
-0.000122
-0.000075
-0.000056
-0.000003
0.000106
0.000225
0.000306
0.000301
0.000111
-0.000297
-0.000779
-0.001176
-0.001437
-0.001571
-0.001610
-0.001599
-0.001579
-0.001567
-0.001550
-0.001490
-0.001367
-0.001209
-0.001113
-0.001129
-0.001207
-0.001282
-0.001324
-0.001333
-0.001352
-0.001459
-0.001680
-0.001949
-0.002101
-0.001986
-0.001594
-0.001011
-0.000331
0.000357
0.000972
0.001446
0.001742
0.001879
0.001930
0.001996
0.002153
0.002429
0.002811
0.003230
0.003565
0.003736
0.003746
0.003619
0.003392
0.003132
0.002864
0.002541
0.002134
0.001677
0.001246
0.000897
0.000617
0.000324
-0.000075
-0.000604
-0.001204
-0.001764
-0.002163
-0.002308
-0.002144
-0.001679
-0.001043
-0.000399
0.000200
0.000741
0.001188
0.001540
0.001840
0.002104
0.002320
0.002473
0.002532
0.002449
0.002159
0.001616
0.000843
-0.000024
-0.000769
-0.001339
-0.001880
-0.002494
-0.003159
-0.003785
-0.004308
-0.004731
-0.005026
-0.005150
-0.005161
-0.005123
-0.004988
-0.004719
-0.004380
-0.004069
-0.003872
-0.003860
-0.004041
-0.004328
-0.004533
-0.004448
-0.003960
-0.003128
-0.002189
-0.001475
-0.001236
-0.001427
-0.001851
-0.002407
-0.003016
-0.003562
-0.003981
-0.004249
-0.004329
-0.004236
-0.004056
-0.003780
-0.003311
-0.002592
-0.001662
-0.000637
0.000408
0.001468
0.002553
0.003608
0.004518
0.005277
0.005949
0.006471
0.006652
0.006318
0.005536
0.004556
0.003558
0.002677
0.002081
0.001853
0.001953
0.002365
0.003116
0.004220
0.005568
0.006958
0.008255
0.009353
0.010097
0.010327
0.009991
0.009210
0.008212
0.007214
0.006389
0.005856
0.005686
0.005889
0.006403
0.007150
0.008055
0.008961
0.009661
0.009985
0.009799
0.009018
0.007625
0.005741
0.003678
0.001735
0.000008
-0.001559
-0.003012
-0.004228
-0.005069
-0.005566
-0.005778
-0.005705
-0.005320
-0.004640
-0.003771
-0.002848
-0.001998
-0.001389
-0.001112
-0.001058
-0.001023
-0.000834
-0.000426
0.000177
0.000890
0.001549
0.001964
0.002071
0.001941
0.001682
0.001243
0.000438
-0.000784
-0.002269
-0.003773
-0.005087
-0.006109
-0.006795
-0.007131
-0.007128
-0.006828
-0.006303
-0.005583
-0.004623
-0.003330
-0.001742
-0.000080
0.001428
0.002750
0.004108
0.005652
0.007289
0.008882
0.010310
0.011427
0.012055
0.012075
0.011546
0.010644
0.009540
0.008390
0.007347
0.006544
0.006054
0.005868
0.005987
0.006419
0.007040
0.007617
0.007925
0.007801
0.007189
0.006145
0.004781
0.003191
0.001446
-0.000363
-0.002069
-0.003471
-0.004430
-0.004876
-0.004795
-0.004181
-0.003115
-0.001803
-0.000355
0.001232
0.002836
0.004172
0.004928
0.004979
0.004423
0.003434
0.002154
0.000689
-0.000759
-0.001947
-0.002784
-0.003301
-0.003561
-0.003594
-0.003406
-0.003024
-0.002497
-0.001887
-0.001298
-0.000839
-0.000557
-0.000404
-0.000258
-0.000005
0.000415
0.001001
0.001746
0.002664
0.003802
0.005163
0.006613
0.007925
0.008884
0.009352
0.009305
0.008835
0.008063
0.007093
0.006047
0.005004
0.003914
0.002705
0.001394
0.000147
-0.000781
-0.001159
-0.000923
-0.000199
0.000846
0.002096
0.003494
0.004949
0.006317
0.007539
0.008631
0.009594
0.010353
0.010783
0.010822
0.010499
0.009916
0.009195
0.008436
0.007653
0.006842
0.006075
0.005384
0.004688
0.003880
0.002919
0.001866
0.000827
-0.000107
-0.000852
-0.001390
-0.001842
-0.002318
-0.002808
-0.003240
-0.003555
-0.003735
-0.003798
-0.003777
-0.003662
-0.003392
-0.002888
-0.002100
-0.001039
0.000275
0.001808
0.003449
0.005002
0.006244
0.007046
0.007449
0.007686
0.008047
0.008719
0.009747
0.011041
0.012419
0.013683
0.014723
0.015520
0.016100
0.016431
0.016428
0.016010
0.015040
0.013379
0.011021
0.008099
0.004823
0.001403
-0.002005
-0.005308
-0.008406
-0.011145
-0.013369
-0.014997
-0.016028
-0.016517
-0.016544
-0.016178
-0.015487
-0.014597
-0.013665
-0.012807
-0.012111
-0.011628
-0.011298
-0.010974
-0.010484
-0.009715
-0.008643
-0.007276
-0.005643
-0.003810
-0.001859
0.000126
0.002031
0.003685
0.004872
0.005481
0.005586
0.005320
0.004744
0.003807
0.002566
0.001286
0.000258
-0.000294
-0.000189
0.000611
0.001935
0.003460
0.004800
0.005585
0.005636
0.005019
0.003819
0.002114
0.000064
-0.002169
-0.004498
-0.006876
-0.009158
-0.011013
-0.012051
-0.012036
-0.010951
-0.009002
-0.006558
-0.003954
-0.001384
0.001092
0.003498
0.005877
0.008149
0.010117
0.011591
0.012459
0.012713
0.012404
0.011632
0.010535
0.009292
0.008088
0.007053
0.006228
0.005570
0.004972
0.004289
0.003413
0.002330
0.001129
-0.000110
-0.001410
-0.002792
-0.004208
-0.005548
-0.006711
-0.007650
-0.008340
-0.008754
-0.008866
-0.008674
-0.008238
-0.007689
-0.007151
-0.006624
-0.006149
-0.005909
-0.006038
-0.006519
-0.007232
-0.007966
-0.008471
-0.008581
-0.008250
-0.007506
-0.006391
-0.004947
-0.003195
-0.001211
0.000782
0.002598
0.004213
0.005567
0.006549
0.007123
0.007310
0.007169
0.006831
0.006468
0.006201
0.006080
0.006097
0.006253
0.006512
0.006741
0.006824
0.006742
0.006491
0.006021
0.005239
0.004157
0.002945
0.001842
0.001017
0.000476
0.000151
-0.000023
-0.000106
-0.000173
-0.000323
-0.000633
-0.001120
-0.001750
-0.002461
-0.003194
-0.003906
-0.004580
-0.005216
-0.005801
-0.006300
-0.006756
-0.007311
-0.008143
-0.009367
-0.010970
-0.012773
-0.014509
-0.016012
-0.017164
-0.017795
-0.017812
-0.017266
-0.016139
-0.014434
-0.012371
-0.010268
-0.008339
-0.006570
-0.004814
-0.002990
-0.001205
0.000328
0.001540
0.002486
0.003196
0.003717
0.004148
0.004582
0.005000
0.005231
0.005123
0.004653
0.003862
0.002806
0.001578
0.000305
-0.000893
-0.002038
-0.003212
-0.004389
-0.005446
-0.006241
-0.006651
-0.006605
-0.006086
-0.005104
-0.003691
-0.001900
0.000130
0.002144
0.004048
0.005967
0.007944
0.009937
0.011967
0.014022
0.015983
0.017644
0.018874
0.019746
0.020340
0.020642
0.020619
0.020216
0.019319
0.017881
0.015975
0.013614
0.010787
0.007587
0.004177
0.000723
-0.002612
-0.005684
-0.008409
-0.010781
-0.012875
-0.014799
-0.016610
-0.018235
-0.019412
-0.019817
-0.019251
-0.017783
-0.015736
-0.013360
-0.010668
-0.007659
-0.004403
-0.000914
0.002810
0.006698
0.010571
0.014221
0.017608
0.020847
0.024029
0.027087
0.029773
0.031783
0.032906
0.033051
0.032252
0.030654
0.028420
0.025674
0.022519
0.019060
0.015361
0.011506
0.007701
0.004175
0.001045
-0.001661
-0.003955
-0.005771
-0.007044
-0.007846
-0.008325
-0.008601
-0.008762
-0.008864
-0.008944
-0.009039
-0.009208
-0.009468
-0.009767
-0.010029
-0.010175
-0.010080
-0.009628
-0.008807
-0.007727
-0.006561
-0.005374
-0.004126
-0.002809
-0.001487
-0.000256
0.000844
0.001848
0.002730
0.003407
0.003833
0.003997
0.003890
0.003452
0.002610
0.001409
0.000010
-0.001372
-0.002563
-0.003483
-0.004065
-0.004247
-0.003989
-0.003331
-0.002423
-0.001450
-0.000549
0.000265
0.001060
0.001878
0.002711
0.003522
0.004351
0.005319
0.006492
0.007832
0.009258
0.010714
0.012196
0.013624
0.014838
0.015797
0.016584
0.017232
0.017717
0.018013
0.018020
0.017600
0.016828
0.015966
0.015253
0.014817
0.014665
0.014722
0.014869
0.014959
0.014842
0.014414
0.013664
0.012696
0.011596
0.010366
0.009027
0.007655
0.006370
0.005299
0.004538
0.004148
0.004161
0.004711
0.005926
0.007632
0.009482
0.011263
0.012929
0.014516
0.016039
0.017436
0.018498
0.018963
0.018675
0.017610
0.015871
0.013646
0.011151
0.008527
0.005859
0.003266
0.000920
-0.001013
-0.002414
-0.003237
-0.003405
-0.002900
-0.001965
-0.000880
0.000293
0.001515
0.002605
0.003300
0.003395
0.002862
0.001852
0.000630
-0.000548
-0.001517
-0.002189
-0.002537
-0.002609
-0.002439
-0.001952
-0.000963
0.000696
0.002928
0.005387
0.007817
0.010119
0.012261
0.014244
0.016084
0.017628
0.018593
0.018801
0.018255
0.017077
0.015421
0.013433
0.011267
0.009096
0.007137
0.005569
0.004432
0.003571
0.002673
0.001538
0.000205
-0.001249
-0.002819
-0.004550
-0.006432
-0.008269
-0.009696
-0.010319
-0.009864
-0.008307
-0.005943
-0.003195
-0.000356
0.002458
0.005248
0.008104
0.011097
0.014018
0.016487
0.018222
0.019073
0.019036
0.018268
0.017015
0.015480
0.013763
0.011869
0.009740
0.007362
0.004950
0.002803
0.001051
-0.000382
-0.001672
-0.002852
-0.003840
-0.004614
-0.005194
-0.005610
-0.005977
-0.006473
-0.007219
-0.008241
-0.009472
-0.010734
-0.011812
-0.012661
-0.013330
-0.013779
-0.013887
-0.013560
-0.012743
-0.011419
-0.009577
-0.007318
-0.004912
-0.002576
-0.000354
0.001824
0.004050
0.006370
0.008679
0.010745
0.012385
0.013508
0.014022
0.013908
0.013284
0.012185
0.010534
0.008319
0.005703
0.003009
0.000450
-0.001985
-0.004274
-0.006302
-0.007959
-0.009174
-0.009925
-0.010178
-0.009879
-0.008965
-0.007419
-0.005324
-0.002807
0.000021
0.003097
0.006330
0.009515
0.012458
0.015092
0.017294
0.018926
0.020056
0.020918
0.021739
0.022592
0.023438
0.024448
0.025882
0.027768
0.029880
0.031877
0.033494
0.034603
0.035140
0.035027
0.034194
0.032696
0.030763
0.028693
0.026681
0.024697
0.022723
0.020879
0.019203
0.017533
0.015568
0.013116
0.010252
0.007145
0.003964
0.000910
-0.001867
-0.004375
-0.006718
-0.008965
-0.010970
-0.012445
-0.013136
-0.012889
-0.011739
-0.010081
-0.008495
-0.007449
-0.007151
-0.007537
-0.008379
-0.009403
-0.010382
-0.011156
-0.011629
-0.011756
-0.011583
-0.011315
-0.011260
-0.011685
-0.012613
-0.013851
-0.015200
-0.016443
-0.017297
-0.017453
-0.016749
-0.015367
-0.013660
-0.011878
-0.010174
-0.008671
-0.007559
-0.007030
-0.007172
-0.007964
-0.009286
-0.010869
-0.012435
-0.013879
-0.015109
-0.015915
-0.015908
-0.014730
-0.012319
-0.008832
-0.004544
0.000122
0.004768
0.009363
0.014021
0.018709
0.023336
0.027763
0.031542
0.034160
0.035435
0.035579
0.035036
0.034162
0.033080
0.031694
0.029887
0.027642
0.024962
0.021892
0.018617
0.015364
0.012269
0.009238
0.006115
0.002974
-0.000037
-0.002886
-0.005500
-0.007780
-0.009798
-0.011722
-0.013657
-0.015596
-0.017470
-0.019269
-0.021036
-0.022791
-0.024390
-0.025557
-0.026057
-0.025811
-0.024919
-0.023563
-0.021927
-0.020257
-0.018778
-0.017561
-0.016565
-0.015728
-0.014945
-0.014063
-0.012900
-0.011410
-0.009821
-0.008420
-0.007357
-0.006674
-0.006303
-0.006036
-0.005696
-0.005253
-0.004685
-0.003921
-0.002879
-0.001543
-0.000015
0.001520
0.002877
0.003954
0.004704
0.005099
0.005226
0.005317
0.005421
0.005380
0.005024
0.004226
0.002907
0.001154
-0.000726
-0.002133
-0.002381
-0.001061
0.001524
0.004395
0.006656
0.007909
0.008264
0.008170
0.008208
0.008978
0.010833
0.013445
0.016002
0.017696
0.018062
0.017090
0.015072
0.012492
0.010005
0.008236
0.007549
0.008011
0.009436
0.011526
0.013952
0.016403
0.018675
0.020632
0.021821
0.021632
0.019757
0.016378
0.012099
0.007562
0.003188
-0.000905
-0.004806
-0.008657
-0.012434
-0.015930
-0.018859
-0.020977
-0.022172
-0.022571
-0.022526
-0.022375
-0.022305
-0.022377
-0.022559
-0.022776
-0.022914
-0.022861
-0.022560
-0.022007
-0.021212
-0.020201
-0.019042
-0.017897
-0.016835
-0.015548
-0.013638
-0.010986
-0.007661
-0.003849
0.000060
0.003668
0.006843
0.009647
0.012183
0.014368
0.015991
0.016880
0.016764
0.015283
0.012381
0.008370
0.003559
-0.001771
-0.007245
-0.012488
-0.017276
-0.021664
-0.025781
-0.029509
-0.032593
-0.034862
-0.036238
-0.036693
-0.036156
-0.034607
-0.032219
-0.029356
-0.026414
-0.023540
-0.020688
-0.017850
-0.015096
-0.012538
-0.010383
-0.008835
-0.007951
-0.007658
-0.007808
-0.008139
-0.008266
-0.007631
-0.005849
-0.003094
0.000149
0.003434
0.006536
0.009437
0.012222
0.014944
0.017540
0.019757
0.021286
0.021987
0.021935
0.021353
0.020512
0.019641
0.018929
0.018489
0.018331
0.018414
0.018684
0.018995
0.019111
0.018726
0.017588
0.015623
0.012936
0.009773
0.006445
0.003190
0.000046
-0.003025
-0.005992
-0.008673
-0.010812
-0.012197
-0.012732
-0.012503
-0.011853
-0.011339
-0.011643
-0.013324
-0.016522
-0.020889
-0.025737
-0.030469
-0.034790
-0.038720
-0.042462
-0.046227
-0.049948
-0.053281
-0.055750
-0.057003
-0.057022
-0.056032
-0.054358
-0.052285
-0.050026
-0.047767
-0.045669
-0.043818
-0.042134
-0.040464
-0.038813
-0.037307
-0.036056
-0.035181
-0.034780
-0.034846
-0.035194
-0.035496
-0.035522
-0.035262
-0.034786
-0.034174
-0.033525
-0.033014
-0.032853
-0.033135
-0.033848
-0.035037
-0.036836
-0.039399
-0.042906
-0.047410
-0.052634
-0.058084
-0.063315
-0.068148
-0.072666
-0.076944
-0.080845
-0.083983
-0.086008
-0.086874
-0.086905
-0.086636
-0.086555
-0.086926
-0.087719
-0.088569
-0.088680
-0.086644
-0.081183
-0.071971
-0.059342
-0.043927
-0.026349
-0.007373
0.011939
0.030569
0.047769
0.062594
0.074128
0.081956
0.085854
0.085725
0.081731
0.074508
0.065167
0.054541
0.042730
0.029440
0.014569
-0.001309
-0.017006
-0.031243
-0.043421
-0.053812
-0.063008
-0.071357
-0.078711
-0.084776
-0.089455
-0.092792
-0.094963
-0.096324
-0.097260
-0.098030
-0.098667
-0.098992
-0.098695
-0.097639
-0.096034
-0.094080
-0.091855
-0.089508
-0.087271
-0.085378
-0.084126
-0.083776
-0.084336
-0.085549
-0.087001
-0.088121
-0.088303
-0.087136
-0.084558
-0.080864
-0.076403
-0.071391
-0.066084
-0.060749
-0.055374
-0.049779
-0.043875
-0.037718
-0.031464
-0.025322
-0.019557
-0.014429
-0.009784
-0.004998
0.000417
0.006511
0.012980
0.019471
0.025797
0.031763
0.037138
0.041793
0.045836
0.049575
0.052928
0.055316
0.056033
0.054648
0.051214
0.046069
0.039663
0.032509
0.025136
0.018002
0.011424
0.005514
0.000232
-0.004425
-0.007990
-0.009737
-0.009176
-0.006294
-0.001538
0.004495
0.011273
0.018388
0.025401
0.031827
0.037455
0.042376
0.046656
0.049894
0.051175
0.049641
0.045006
0.037527
0.027747
0.016195
0.003220
-0.010903
-0.025516
-0.039747
-0.052981
-0.064856
-0.075199
-0.083899
-0.090908
-0.096204
-0.099857
-0.102138
-0.103491
-0.104432
-0.105414
-0.106702
-0.108304
-0.110072
-0.111809
-0.113339
-0.114510
-0.115197
-0.115345
-0.115042
-0.114538
-0.114173
-0.114231
-0.114824
-0.115853
-0.117201
-0.118845
-0.120898
-0.123515
-0.126760
-0.130548
-0.134669
-0.138960
-0.143500
-0.148762
-0.155120
-0.162353
-0.169763
-0.176582
-0.182391
-0.186889
-0.189518
-0.189342
-0.185396
-0.176659
-0.162551
-0.143384
-0.119757
-0.092283
-0.062599
-0.033233
-0.006428
0.016400
0.034840
0.049407
0.061247
0.071249
0.079879
0.087413
0.093940
0.099422
0.103955
0.107759
0.110921
0.113325
0.114775
0.115140
0.114466
0.112914
0.110610
0.107518
0.103605
0.098969
0.093619
0.087368
0.079858
0.070962
0.061105
0.050965
0.041047
0.031281
0.021397
0.011503
0.001895
-0.007224
-0.015600
-0.022942
-0.029002
-0.033529
-0.036306
-0.037315
-0.036834
-0.035394
-0.033628
-0.032050
-0.030627
-0.028885
-0.026867
-0.025183
-0.024440
-0.024982
-0.026803
-0.029634
-0.033125
-0.037084
-0.041397
-0.045855
-0.050152
-0.054012
-0.057318
-0.060092
-0.062353
-0.063948
-0.064547
-0.063724
-0.061213
-0.057184
-0.052151
-0.046708
-0.041082
-0.035111
-0.028583
-0.021529
-0.014271
-0.006963
0.000613
0.008518
0.016507
0.024225
0.031517
0.038578
0.045878
0.053906
0.062969
0.073043
0.083745
0.094595
0.105253
0.115484
0.125104
0.133923
0.141836
0.148928
0.155349
0.161198
0.166391
0.170697
0.173874
0.175868
0.176982
0.178142
0.180348
0.183680
0.187492
0.191085
0.194205
0.197027
0.199695
0.202218
0.204635
0.207020
0.209429
0.211745
0.213729
0.215171
0.215909
0.215805
0.214655
0.212273
0.208674
0.203971
0.198143
0.191002
0.182355
0.172083
0.160278
0.147368
0.133909
0.120382
0.107399
0.095643
0.085462
0.076768
0.069204
0.062476
0.056513
0.051529
0.047821
0.045542
0.044662
0.045017
0.046474
0.048951
0.052407
0.056738
0.061715
0.067129
0.072915
0.079021
0.085391
0.092076
0.099112
0.106349
0.113588
0.120707
0.127581
0.134076
0.140111
0.145595
0.150415
0.154403
0.157402
0.159262
0.159966
0.159739
0.158915
0.157801
0.156712
0.155910
0.155447
0.154845
0.153063
0.148809
0.141094
0.129424
0.113467
0.092736
0.067179
0.037834
0.007333
-0.021089
-0.045136
-0.063803
-0.077328
-0.086920
-0.094308
-0.100992
-0.107794
-0.114772
-0.121838
-0.129126
-0.136920
-0.145359
-0.154259
-0.163519
-0.173388
-0.183991
-0.195153
-0.206648
-0.218308
-0.229982
-0.241415
-0.252200
-0.261669
-0.269416
-0.275978
-0.282121
-0.288165
-0.294157
-0.299988
-0.305136
-0.309014
-0.311385
-0.312128
-0.311107
-0.308273
-0.303672
-0.297371
-0.289218
-0.278877
-0.265791
-0.249411
-0.229180
-0.203854
-0.171562
-0.131639
-0.085593
-0.036663
0.011025
0.053385
0.087516
0.112701
0.130326
0.142896
0.152606
0.160848
0.168324
0.175199
0.181299
0.186252
0.189729
0.191677
0.192266
0.191815
0.190757
0.189537
0.188464
0.187669
0.187132
0.186747
0.186433
0.186259
0.186329
0.186626
0.187188
0.188137
0.189385
0.190703
0.191965
0.192996
0.193401
0.192324
0.188757
0.181998
0.171702
0.157890
0.140947
0.121560
0.100331
0.077816
0.054831
0.032739
0.013129
-0.003126
-0.016093
-0.026279
-0.034327
-0.040936
-0.046689
-0.052011
-0.057247
-0.062830
-0.069309
-0.076809
-0.084798
-0.092461
-0.099242
-0.105238
-0.110831
-0.116209
-0.120787
-0.123479
-0.123358
-0.120089
-0.114142
-0.106625
-0.098757
-0.091174
-0.083923
-0.076808
-0.069886
-0.063544
-0.058328
-0.054683
-0.052722
-0.052169
-0.052460
-0.052978
-0.053271
-0.053178
-0.052690
-0.051874
-0.050993
-0.050500
-0.050915
-0.052572
-0.055438
-0.059259
-0.063729
-0.068643
-0.073973
-0.079789
-0.085985
-0.092234
-0.098156
-0.103635
-0.108949
-0.114358
-0.119862
-0.125258
-0.130286
-0.134776
-0.138743
-0.142343
-0.145664
-0.148611
-0.150896
-0.152197
-0.152290
-0.150874
-0.147774
-0.143290
-0.137922
-0.131980
-0.125021
-0.116312
-0.105751
-0.093840
-0.081262
-0.068425
-0.055425
-0.042262
-0.028914
-0.015373
-0.001899
0.010975
0.022583
0.032489
0.040772
0.047816
0.054012
0.059416
0.063814
0.066986
0.068850
0.069555
0.069516
0.069301
0.069439
0.070322
0.072121
0.074763
0.077973
0.081386
0.084709
0.087822
0.090650
0.093110
0.095104
0.096502
0.097142
0.096798
0.095283
0.092577
0.088772
0.084003
0.078485
0.072502
0.066228
0.059698
0.052878
0.045777
0.038464
0.030952
0.023291
0.015717
0.008512
0.001817
-0.004392
-0.010255
-0.015941
-0.021525
-0.026955
-0.032112
-0.036897
-0.041293
-0.045369
-0.049229
-0.052891
-0.056299
-0.059418
-0.062204
-0.064601
-0.066635
-0.068405
-0.069926
-0.070984
-0.071163
-0.070077
-0.067578
-0.063776
-0.058932
-0.053273
-0.046527
-0.038242
-0.028801
-0.019030
-0.009303
0.000306
0.009742
0.018924
0.027762
0.036168
0.044074
0.051479
0.058501
0.065250
0.071664
0.077682
0.083377
0.088739
0.093626
0.097837
0.101288
0.104102
0.106464
0.108450
0.109887
0.110446
0.109824
0.107678
0.103747
0.098024
0.090690
0.082009
0.072142
0.061176
0.049243
0.036687
0.024102
0.012152
0.001360
-0.007930
-0.015552
-0.021500
-0.025668
-0.027897
-0.028191
-0.026832
-0.024335
-0.021082
-0.017224
-0.012969
-0.008605
-0.004350
-0.000414
0.002990
0.005674
0.007564
0.008757
0.009393
0.009590
0.009494
0.009224
0.008740
0.007991
0.007035
0.005911
0.004638
0.003371
0.002331
0.001652
0.001292
0.001111
0.001051
0.001090
0.001118
0.001004
0.000681
0.000166
-0.000372
-0.000607
-0.000283
0.000617
0.001897
0.003338
0.004893
0.006597
0.008425
0.010226
0.011820
0.013153
0.014220
0.014992
0.015411
0.015450
0.015149
0.014604
0.013927
0.013218
0.012580
0.012215
0.012350
0.013109
0.014466
0.016272
0.018321
0.020404
0.022318
0.023791
0.024525
0.024292
0.022997
0.020712
0.017771
0.014688
0.011683
0.008741
0.006031
0.003849
0.002424
0.002062
0.003090
0.005675
0.009705
0.014799
0.020679
0.027200
0.034083
0.041089
0.048247
0.055494
0.062495
0.068810
0.074151
0.078551
0.082171
0.085149
0.087577
0.089503
0.090917
0.091784
0.092105
0.091953
0.091419
0.090533
0.089294
0.087736
0.085884
0.083742
0.081305
0.078638
0.075901
0.073137
0.070234
0.067081
0.063689
0.060213
0.056817
0.053545
0.050222
0.046630
0.042737
0.038579
0.034190
0.029739
0.025500
0.021678
0.018253
0.014951
0.011417
0.007438
0.003132
-0.001199
-0.005307
-0.009164
-0.012910
-0.016681
-0.020585
-0.024758
-0.029331
-0.034336
-0.039570
-0.044741
-0.049733
-0.054589
-0.059416
-0.064359
-0.069525
-0.074886
-0.080270
-0.085439
-0.090258
-0.094646
-0.098310
-0.100918
-0.102378
-0.102739
-0.102048
-0.100126
-0.096734
-0.091857
-0.085702
-0.078624
-0.071054
-0.063332
-0.055538
-0.047649
-0.039675
-0.031524
-0.023059
-0.014324
-0.005608
0.002650
0.010039
0.016369
0.021771
0.026539
0.030909
0.034917
0.038413
0.041045
0.042512
0.042839
0.042321
0.041341
0.040148
0.038861
0.037611
0.036485
0.035474
0.034601
0.033952
0.033625
0.033731
0.034362
0.035532
0.037148
0.039055
0.041091
0.043133
0.045115
0.047017
0.048801
0.050408
0.051763
0.052764
0.053303
0.053351
0.052904
0.051862
0.050115
0.047646
0.044270
0.039758
0.034250
0.028056
0.021329
0.014146
0.006631
-0.001092
-0.009026
-0.017330
-0.025955
-0.034522
-0.042595
-0.049883
-0.056301
-0.061841
-0.066501
-0.070184
-0.072818
-0.074511
-0.075517
-0.076131
-0.076558
-0.076923
-0.077323
-0.077820
-0.078413
-0.079015
-0.079508
-0.079816
-0.079889
-0.079680
-0.079089
-0.077980
-0.076214
-0.073559
-0.069762
-0.064722
-0.058539
-0.051438
-0.043605
-0.035191
-0.026516
-0.017944
-0.009625
-0.001638
0.005903
0.012806
0.018856
0.023883
0.027797
0.030650
0.032652
0.034136
0.035457
0.036811
0.038200
0.039591
0.041020
0.042601
0.044365
0.046193
0.047885
0.049223
0.049998
0.049924
0.048704
0.046177
0.042425
0.037787
0.032587
0.027020
0.021285
0.015569
0.009943
0.004503
-0.000564
-0.004941
-0.008361
-0.010795
-0.012358
-0.013219
-0.013589
-0.013685
-0.013678
-0.013632
-0.013518
-0.013280
-0.012859
-0.012194
-0.011217
-0.009914
-0.008428
-0.006990
-0.005775
-0.004887
-0.004359
-0.004141
-0.004103
-0.004072
-0.003937
-0.003692
-0.003335
-0.002776
-0.001853
-0.000546
0.000988
0.002730
0.004802
0.007282
0.010194
0.013510
0.017160
0.021104
0.025418
0.030197
0.035433
0.040930
0.046491
0.052150
0.058044
0.064187
0.070273
0.075859
0.080724
0.084848
0.088288
0.090988
0.092816
0.093677
0.093575
0.092647
0.091161
0.089430
0.087661
0.085959
0.084383
0.082948
0.081612
0.080262
0.078779
0.077106
0.075299
0.073483
0.071765
0.070118
0.068345
0.066226
0.063657
0.060668
0.057331
0.053671
0.049696
0.045461
0.041098
0.036765
0.032577
0.028640
0.025068
0.021957
0.019369
0.017363
0.016037
0.015499
0.015791
0.016841
0.018468
0.020506
0.022878
0.025540
0.028406
0.031301
0.034088
0.036790
0.039469
0.042150
0.044821
0.047382
0.049618
0.051262
0.052084
0.051854
0.050376
0.047581
0.043515
0.038368
0.032462
0.025978
0.018737
0.010714
0.002280
-0.006147
-0.014238
-0.021677
-0.028203
-0.033725
-0.038360
-0.042318
-0.045740
-0.048691
-0.051211
-0.053236
-0.054685
-0.055605
-0.056069
-0.056085
-0.055631
-0.054670
-0.053079
-0.050666
-0.047287
-0.042987
-0.037983
-0.032339
-0.025979
-0.018919
-0.011344
-0.003573
0.004133
0.011638
0.018749
0.025294
0.031326
0.036925
0.042051
0.046821
0.051547
0.056293
0.060904
0.065311
0.069569
0.073743
0.077738
0.081351
0.084586
0.087614
0.090538
0.093344
0.095972
0.098415
0.100715
0.102800
0.104526
0.105818
0.106619
0.106850
0.106496
0.105637
0.104382
0.102834
0.101092
0.099179
0.097056
0.094839
0.092766
0.090897
0.089160
0.087579
0.086269
0.085330
0.084786
0.084569
0.084567
0.084681
0.084884
0.085223
0.085758
0.086439
0.087109
0.087630
0.087936
0.088045
0.088056
0.088104
0.088257
0.088483
0.088721
0.088913
0.089030
0.089072
0.089052
0.088947
0.088643
0.087848
0.086314
0.084124
0.081549
0.078848
0.076186
0.073623
0.071107
0.068576
0.066072
0.063718
0.061650
0.060021
0.058987
0.058730
0.059330
0.060647
0.062418
0.064382
0.066306
0.068040
0.069584
0.071021
0.072416
0.073830
0.075325
0.076849
0.078276
0.079547
0.080639
0.081502
0.082169
0.082781
0.083439
0.084142
0.084802
0.085286
0.085472
0.085273
0.084661
0.083689
0.082447
0.080998
0.079316
0.077307
0.074863
0.071913
0.068396
0.064315
0.059818
0.055134
0.050444
0.045715
0.040767
0.035556
0.030184
0.024798
0.019571
0.014696
0.010354
0.006628
0.003364
0.000295
-0.002767
-0.005831
-0.008765
-0.011383
-0.013577
-0.015399
-0.017010
-0.018575
-0.020174
-0.021781
-0.023292
-0.024587
-0.025617
-0.026405
-0.027022
-0.027510
-0.027894
-0.028278
-0.028781
-0.029382
-0.030028
-0.030728
-0.031450
-0.032085
-0.032536
-0.032727
-0.032576
-0.032063
-0.031277
-0.030275
-0.029036
-0.027495
-0.025589
-0.023293
-0.020702
-0.018033
-0.015496
-0.013192
-0.011076
-0.009067
-0.007165
-0.005413
-0.003840
-0.002480
-0.001361
-0.000472
0.000214
0.000699
0.000955
0.000952
0.000746
0.000422
-0.000031
-0.000705
-0.001700
-0.003050
-0.004717
-0.006662
-0.008887
-0.011442
-0.014286
-0.017211
-0.020026
-0.022661
-0.025144
-0.027549
-0.029953
-0.032404
-0.034910
-0.037354
-0.039564
-0.041434
-0.042904
-0.043930
-0.044570
-0.044955
-0.045146
-0.045154
-0.045047
-0.044950
-0.044999
-0.045270
-0.045782
-0.046535
-0.047513
-0.048677
-0.050056
-0.051700
-0.053529
-0.055400
-0.057238
-0.059039
-0.060838
-0.062717
-0.064747
-0.066897
-0.069046
-0.071056
-0.072882
-0.074565
-0.076135
-0.077540
-0.078661
-0.079365
-0.079598
-0.079457
-0.079133
-0.078807
-0.078590
-0.078519
-0.078565
-0.078673
-0.078789
-0.078905
-0.079050
-0.079096
-0.078815
-0.078149
-0.077248
-0.076360
-0.075727
-0.075487
-0.075509
-0.075539
-0.075507
-0.075497
-0.075604
-0.075836
-0.076119
-0.076354
-0.076430
-0.076226
-0.075665
-0.074755
-0.073568
-0.072130
-0.070312
-0.068014
-0.065323
-0.062432
-0.059528
-0.056731
-0.054080
-0.051545
-0.049027
-0.046408
-0.043663
-0.040873
-0.038181
-0.035742
-0.033661
-0.031958
-0.030594
-0.029564
-0.028847
-0.028352
-0.028034
-0.027937
-0.028148
-0.028725
-0.029658
-0.030937
-0.032579
-0.034528
-0.036705
-0.039144
-0.041881
-0.044817
-0.047794
-0.050697
-0.053523
-0.056319
-0.059094
-0.061787
-0.064315
-0.066633
-0.068772
-0.070835
-0.072887
-0.074868
-0.076646
-0.078101
-0.079198
-0.079965
-0.080447
-0.080699
-0.080796
-0.080809
-0.080774
-0.080664
-0.080426
-0.080038
-0.079511
-0.078865
-0.078092
-0.077166
-0.076093
-0.074947
-0.073833
-0.072782
-0.071753
-0.070699
-0.069661
-0.068766
-0.068121
-0.067740
-0.067531
-0.067437
-0.067542
-0.068003
-0.068894
-0.070053
-0.071244
-0.072417
-0.073657
-0.075042
-0.076510
-0.077938
-0.079314
-0.080660
-0.081919
-0.082973
-0.083761
-0.084429
-0.085186
-0.086091
-0.087079
-0.088061
-0.089018
-0.089975
-0.090915
-0.091797
-0.092601
-0.093373
-0.094178
-0.094963
-0.095584
-0.095903
-0.095898
-0.095663
-0.095288
-0.094796
-0.094161
-0.093381
-0.092506
-0.091515
-0.090289
-0.088660
-0.086535
-0.083996
-0.081264
-0.078593
-0.076153
-0.073999
-0.072101
-0.070434
-0.069010
-0.067842
-0.066922
-0.066262
-0.065921
-0.065982
-0.066442
-0.067194
-0.068130
-0.069164
-0.070195
-0.071170
-0.072127
-0.073178
-0.074444
-0.075968
-0.077663
-0.079339
-0.080936
-0.082535
-0.084117
-0.085575
-0.086866
-0.087959
-0.088771
-0.089144
-0.088962
-0.088314
-0.087369
-0.086186
-0.084644
-0.082552
-0.079816
-0.076496
-0.072757
-0.068803
-0.064798
-0.060803
-0.056786
-0.052692
-0.048535
-0.044426
-0.040420
-0.036447
-0.032404
-0.028221
-0.023900
-0.019580
-0.015493
-0.011691
-0.008038
-0.004457
-0.001005
0.002164
0.004848
0.006897
0.008304
0.009199
0.009776
0.010159
0.010365
0.010408
0.010336
0.010160
0.009860
0.009441
0.009004
0.008710
0.008637
0.008760
0.009055
0.009532
0.010207
0.010996
0.011740
0.012360
0.012904
0.013475
0.014026
0.014343
0.014281
0.013831
0.013044
0.011994
0.010770
0.009418
0.007961
0.006501
0.005106
0.003685
0.002145
0.000523
-0.001041
-0.002416
-0.003604
-0.004785
-0.006235
-0.008048
-0.010118
-0.012440
-0.015047
-0.017801
-0.020483
-0.022937
-0.025112
-0.027036
-0.028732
-0.030139
-0.031114
-0.031552
-0.031453
-0.030833
-0.029766
-0.028462
-0.027139
-0.025905
-0.024766
-0.023694
-0.022689
-0.021775
-0.020967
-0.020293
-0.019793
-0.019480
-0.019288
-0.019051
-0.018620
-0.017966
-0.017113
-0.016089
-0.014938
-0.013762
-0.012723
-0.011934
-0.011388
-0.011089
-0.011089
-0.011443
-0.012191
-0.013345
-0.014901
-0.016826
-0.019013
-0.021343
-0.023763
-0.026163
-0.028328
-0.030157
-0.031713
-0.033048
-0.034194
-0.035236
-0.036279
-0.037386
-0.038528
-0.039617
-0.040581
-0.041397
-0.042071
-0.042562
-0.042791
-0.042770
-0.042599
-0.042389
-0.042186
-0.041959
-0.041653
-0.041203
-0.040499
-0.039490
-0.038272
-0.036905
-0.035346
-0.033623
-0.031767
-0.029616
-0.027047
-0.024198
-0.021254
-0.018330
-0.015600
-0.013232
-0.011237
-0.009536
-0.008026
-0.006530
-0.004889
-0.003151
-0.001453
0.000160
0.001610
0.002750
0.003496
0.003928
0.004313
0.004862
0.005562
0.006313
0.007049
0.007742
0.008415
0.009134
0.009897
0.010607
0.011208
0.011707
0.012095
0.012323
0.012338
0.012160
0.011886
0.011616
0.011345
0.010911
0.010118
0.008881
0.007240
0.005299
0.003148
0.000844
-0.001576
-0.004160
-0.007017
-0.010208
-0.013667
-0.017195
-0.020604
-0.023816
-0.026764
-0.029345
-0.031447
-0.033008
-0.034079
-0.034759
-0.035136
-0.035249
-0.035114
-0.034768
-0.034263
-0.033669
-0.033085
-0.032569
-0.032010
-0.031261
-0.030332
-0.029372
-0.028536
-0.027782
-0.026976
-0.026140
-0.025367
-0.024688
-0.024036
-0.023326
-0.022597
-0.021968
-0.021529
-0.021346
-0.021459
-0.021898
-0.022620
-0.023459
-0.024267
-0.025034
-0.025783
-0.026483
-0.027014
-0.027268
-0.027259
-0.027091
-0.026875
-0.026644
-0.026385
-0.026122
-0.025901
-0.025759
-0.025748
-0.025920
-0.026287
-0.026819
-0.027456
-0.028139
-0.028805
-0.029320
-0.029492
-0.029135
-0.028098
-0.026314
-0.023845
-0.020858
-0.017522
-0.013995
-0.010413
-0.006703
-0.002575
0.002213
0.007681
0.013593
0.019666
0.025740
0.031702
0.037426
0.042808
0.047813
0.052491
0.056916
0.061142
0.065217
0.069246
0.073445
0.078009
0.082954
0.088124
0.093293
0.098289
0.103109
0.107948
0.112880
0.117722
0.122275
0.126466
0.130280
0.133672
0.136546
0.138893
0.140822
0.142410
0.143660
0.144557
0.145110
0.145366
0.145315
0.144908
0.144143
0.143051
0.141656
0.139875
0.137576
0.134747
0.131457
0.127717
0.123482
0.118734
0.113527
0.107997
0.102347
0.096769
0.091389
0.086351
0.081829
0.077992
0.074976
0.072870
0.071695
0.071358
0.071692
0.072509
0.073679
0.075177
0.077064
0.079431
0.082320
0.085679
0.089383
0.093276
0.097223
0.101124
0.104849
0.108261
0.111313
0.114053
0.116585
0.118986
0.121264
0.123313
0.124971
0.126125
0.126729
0.126798
0.126292
0.125135
0.123289
0.120735
0.117433
0.113322
0.108369
0.102470
0.095596
0.088005
0.080033
0.071853
0.063513
0.055044
0.046575
0.038344
0.030636
0.023702
0.017652
0.012356
0.007537
0.002938
-0.001603
-0.006151
-0.010583
-0.014656
-0.018154
-0.020969
-0.023128
-0.024799
-0.026231
-0.027564
-0.028798
-0.029902
-0.030856
-0.031661
-0.032304
-0.032745
-0.032927
-0.032814
-0.032426
-0.031800
-0.030974
-0.030080
-0.029292
-0.028682
-0.028239
-0.027946
-0.027781
-0.027699
-0.027609
-0.027480
-0.027436
-0.027630
-0.028094
-0.028766
-0.029545
-0.030338
-0.031082
-0.031746
-0.032251
-0.032487
-0.032392
-0.031945
-0.031122
-0.029980
-0.028692
-0.027354
-0.025943
-0.024423
-0.022809
-0.021153
-0.019363
-0.017238
-0.014767
-0.012128
-0.009474
-0.006878
-0.004360
-0.001950
0.000301
0.002322
0.004015
0.005269
0.005996
0.006195
0.006009
0.005704
0.005581
0.005807
0.006317
0.006973
0.007683
0.008436
0.009219
0.009962
0.010717
0.011694
0.012983
0.014501
0.016106
0.017673
0.019131
0.020468
0.021697
0.022804
0.023710
0.024301
0.024573
0.024661
0.024647
0.024537
0.024366
0.024195
0.024078
0.024076
0.024225
0.024433
0.024557
0.024543
0.024423
0.024260
0.024112
0.024017
0.023990
0.024078
0.024380
0.024987
0.025906
0.027018
0.028147
0.029164
0.030054
0.030882
0.031637
0.032241
0.032644
0.032851
0.032896
0.032739
0.032311
0.031637
0.030784
0.029805
0.028771
0.027748
0.026690
0.025541
0.024350
0.023226
0.022269
0.021611
0.021368
0.021557
0.022171
0.023204
0.024563
0.026104
0.027739
0.029438
0.031188
0.032937
0.034625
0.036258
0.037833
0.039288
0.040633
0.041986
0.043468
0.045167
0.047127
0.049267
0.051403
0.053415
0.055268
0.056948
0.058460
0.059822
0.060977
0.061784
0.062091
0.061813
0.060995
0.059732
0.058069
0.055900
0.053156
0.049985
0.046490
0.042614
0.038249
0.033344
0.027989
0.022530
0.017425
0.012715
0.008152
0.003682
-0.000580
-0.004535
-0.008117
-0.011353
-0.014408
-0.017420
-0.020361
-0.023216
-0.026027
-0.028764
-0.031365
-0.033835
-0.036194
-0.038463
-0.040744
-0.043094
-0.045366
-0.047400
-0.049199
-0.050864
-0.052469
-0.053988
-0.055398
-0.056778
-0.058192
-0.059654
-0.061193
-0.062847
-0.064617
-0.066439
-0.068202
-0.069824
-0.071252
-0.072449
-0.073411
-0.074160
-0.074647
-0.074746
-0.074334
-0.073431
-0.072231
-0.070870
-0.069378
-0.067766
-0.066078
-0.064390
-0.062677
-0.060884
-0.059099
-0.057431
-0.055880
-0.054502
-0.053430
-0.052743
-0.052451
-0.052524
-0.052891
-0.053455
-0.054115
-0.054794
-0.055439
-0.055951
-0.056200
-0.056106
-0.055589
-0.054481
-0.052637
-0.050053
-0.046872
-0.043348
-0.039782
-0.036318
-0.032865
-0.029250
-0.025370
-0.021262
-0.017082
-0.013026
-0.009273
-0.005913
-0.002875
0.000011
0.002886
0.005669
0.008121
0.010097
0.011577
0.012573
0.013179
0.013550
0.013762
0.013895
0.014174
0.014815
0.015844
0.017064
0.018260
0.019462
0.020782
0.022230
0.023736
0.025210
0.026548
0.027706
0.028740
0.029748
0.030762
0.031651
0.032240
0.032489
0.032471
0.032272
0.031845
0.031140
0.030286
0.029457
0.028737
0.028129
0.027591
0.027073
0.026574
0.026150
0.025898
0.025865
0.025950
0.026013
0.025995
0.025904
0.025780
0.025664
0.025584
0.025549
0.025551
0.025560
0.025508
0.025372
0.025244
0.025210
0.025289
0.025493
0.025815
0.026186
0.026513
0.026742
0.026913
0.027124
0.027448
0.027877
0.028313
0.028561
0.028456
0.028036
0.027483
0.026984
0.026652
0.026503
0.026444
0.026360
0.026215
0.026035
0.025864
0.025736
0.025688
0.025785
0.026110
0.026722
0.027577
0.028562
0.029604
0.030654
0.031652
0.032596
0.033548
0.034568
0.035660
0.036750
0.037710
0.038421
0.038837
0.038993
0.038976
0.038882
0.038776
0.038589
0.038182
0.037461
0.036359
0.034813
0.032818
0.030385
0.027412
0.023809
0.019662
0.015201
0.010687
0.006314
0.002142
-0.001901
-0.005904
-0.009916
-0.013986
-0.018103
-0.022095
-0.025722
-0.028827
-0.031468
-0.033808
-0.035895
-0.037708
-0.039260
-0.040519
-0.041441
-0.042075
-0.042548
-0.042981
-0.043418
-0.043833
-0.044235
-0.044663
-0.045146
-0.045653
-0.046093
-0.046346
-0.046338
-0.046114
-0.045761
-0.045326
-0.044833
-0.044312
-0.043835
-0.043477
-0.043256
-0.043060
-0.042732
-0.042259
-0.041750
-0.041327
-0.041105
-0.041148
-0.041406
-0.041749
-0.042047
-0.042186
-0.042070
-0.041626
-0.040830
-0.039738
-0.038449
-0.037067
-0.035623
-0.034111
-0.032560
-0.030993
-0.029391
-0.027763
-0.026124
-0.024397
-0.022432
-0.020113
-0.017456
-0.014625
-0.011896
-0.009526
-0.007610
-0.006035
-0.004565
-0.003034
-0.001400
0.000279
0.001879
0.003267
0.004379
0.005253
0.006031
0.006907
0.008051
0.009534
0.011301
0.013194
0.015069
0.016883
0.018708
0.020644
0.022702
0.024795
0.026788
0.028578
0.030121
0.031394
0.032371
0.033026
0.033291
0.033102
0.032510
0.031593
0.030327
0.028657
0.026594
0.024222
0.021708
0.019279
0.017069
0.015029
0.013069
0.011161
0.009389
0.007805
0.006342
0.004967
0.003693
0.002448
0.001168
-0.000105
-0.001322
-0.002449
-0.003342
-0.003828
-0.003848
-0.003509
-0.003019
-0.002573
-0.002291
-0.002196
-0.002247
-0.002371
-0.002503
-0.002644
-0.002900
-0.003361
-0.004024
-0.004865
-0.005852
-0.006893
-0.007883
-0.008755
-0.009498
-0.010163
-0.010862
-0.011672
-0.012566
-0.013469
-0.014348
-0.015293
-0.016446
-0.017884
-0.019598
-0.021528
-0.023636
-0.025906
-0.028304
-0.030707
-0.032936
-0.034861
-0.036440
-0.037666
-0.038511
-0.038911
-0.038760
-0.037987
-0.036642
-0.034875
-0.032874
-0.030803
-0.028767
-0.026818
-0.025012
-0.023452
-0.022255
-0.021481
-0.021105
-0.021079
-0.021402
-0.022071
-0.023049
-0.024313
-0.025895
-0.027846
-0.030007
-0.032065
-0.034120
-0.036538
-0.039400
-0.042499
-0.045539
-0.048342
-0.050816
-0.052797
-0.054139
-0.054825
-0.054842
-0.054161
-0.052805
-0.050904
-0.048646
-0.045918
-0.042418
-0.038187
-0.033513
-0.028628
-0.023742
-0.019060
-0.014637
-0.010385
-0.006172
-0.001892
0.002483
0.006790
0.010819
0.014548
0.018142
0.021801
0.025531
0.029202
0.032775
0.036245
0.039562
0.042714
0.045735
0.048584
0.051155
0.053362
0.055184
0.056658
0.057777
0.058490
0.058778
0.058759
0.058645
0.058532
0.058385
0.058150
0.057828
0.057487
0.057202
0.057015
0.056927
0.056879
0.056760
0.056440
0.055832
0.054982
0.054022
0.053080
0.052238
0.051497
0.050720
0.049719
0.048391
0.046775
0.045024
0.043298
0.041687
0.040171
0.038727
0.037398
0.036201
0.035081
0.033970
0.032847
0.031747
0.030692
0.029645
0.028561
0.027410
0.026188
0.024911
0.023610
0.022358
0.021205
0.020075
0.018825
0.017359
0.015660
0.013789
0.011877
0.010043
0.008312
0.006674
0.005134
0.003696
0.002364
0.001178
0.000206
-0.000488
-0.000889
-0.001010
-0.000813
-0.000223
0.000799
0.002179
0.003738
0.005251
0.006562
0.007662
0.008602
0.009435
0.010250
0.011155
0.012200
0.013316
0.014347
0.015285
0.016250
0.017285
0.018386
0.019601
0.020910
0.022219
0.023520
0.024875
0.026279
0.027617
0.028717
0.029516
0.030081
0.030517
0.030832
0.030902
0.030642
0.030011
0.028828
0.026933
0.024383
0.021198
0.017327
0.012991
0.008566
0.004269
0.000227
-0.003433
-0.006662
-0.009538
-0.012249
-0.015000
-0.017901
-0.020833
-0.023535
-0.025801
-0.027450
-0.028300
-0.028288
-0.027536
-0.026285
-0.024772
-0.023132
-0.021337
-0.019260
-0.016816
-0.014056
-0.011188
-0.008444
-0.005969
-0.003786
-0.001834
-0.000015
0.001691
0.003224
0.004566
0.005758
0.006823
0.007800
0.008773
0.009867
0.011140
0.012452
0.013597
0.014479
0.015077
0.015392
0.015425
0.015188
0.014728
0.014075
0.013235
0.012227
0.011137
0.010136
0.009341
0.008732
0.008120
0.007334
0.006423
0.005569
0.004926
0.004559
0.004486
0.004743
0.005327
0.006136
0.007026
0.007862
0.008532
0.009029
0.009493
0.010094
0.010939
0.012044
0.013379
0.014913
0.016571
0.018250
0.019909
0.021579
0.023294
0.025038
0.026735
0.028266
0.029533
0.030501
0.031107
0.031237
0.030835
0.029961
0.028763
0.027475
0.026355
0.025484
0.024753
0.023998
0.023064
0.021848
0.020411
0.018933
0.017536
0.016220
0.014888
0.013437
0.011819
0.010090
0.008337
0.006601
0.004945
0.003485
0.002299
0.001385
0.000684
0.000145
-0.000248
-0.000500
-0.000583
-0.000414
0.000012
0.000563
0.001070
0.001397
0.001447
0.001191
0.000661
-0.000162
-0.001328
-0.002830
-0.004602
-0.006542
-0.008553
-0.010565
-0.012534
-0.014379
-0.015979
-0.017255
-0.018238
-0.019070
-0.019922
-0.020910
-0.022074
-0.023363
-0.024670
-0.025969
-0.027373
-0.028889
-0.030423
-0.032004
-0.033695
-0.035449
-0.037168
-0.038774
-0.040243
-0.041592
-0.042866
-0.044111
-0.045328
-0.046421
-0.047288
-0.047930
-0.048383
-0.048705
-0.049043
-0.049545
-0.050232
-0.050997
-0.051674
-0.052149
-0.052387
-0.052429
-0.052349
-0.052202
-0.051934
-0.051464
-0.050793
-0.049954
-0.048963
-0.047835
-0.046574
-0.045166
-0.043676
-0.042246
-0.040950
-0.039793
-0.038771
-0.037839
-0.036903
-0.035883
-0.034765
-0.033624
-0.032556
-0.031614
-0.030754
-0.029897
-0.029029
-0.028221
-0.027571
-0.027143
-0.026934
-0.026887
-0.026886
-0.026794
-0.026517
-0.026038
-0.025391
-0.024611
-0.023709
-0.022737
-0.021789
-0.020924
-0.020100
-0.019186
-0.018175
-0.017169
-0.016112
-0.014900
-0.013634
-0.012462
-0.011400
-0.010334
-0.009154
-0.007888
-0.006661
-0.005591
-0.004809
-0.004436
-0.004501
-0.004931
-0.005602
-0.006451
-0.007493
-0.008674
-0.009883
-0.011117
-0.012455
-0.013958
-0.015597
-0.017291
-0.019052
-0.020966
-0.023077
-0.025275
-0.027313
-0.028973
-0.030163
-0.030877
-0.031129
-0.030922
-0.030284
-0.029279
-0.027862
-0.025934
-0.023476
-0.020507
-0.017053
-0.013215
-0.009158
-0.004995
-0.000798
0.003357
0.007411
0.011326
0.014962
0.018161
0.020919
0.023297
0.025341
0.027141
0.028819
0.030440
0.032008
0.033497
0.034818
0.035832
0.036414
0.036533
0.036299
0.035808
0.035024
0.033799
0.031978
0.029492
0.026437
0.023086
0.019712
0.016459
0.013348
0.010330
0.007352
0.004484
0.001943
-0.000159
-0.001914
-0.003500
-0.005060
-0.006638
-0.008207
-0.009726
-0.011169
-0.012510
-0.013709
-0.014760
-0.015726
-0.016654
-0.017556
-0.018461
-0.019355
-0.020080
-0.020421
-0.020243
-0.019591
-0.018616
-0.017413
-0.016040
-0.014585
-0.013140
-0.011771
-0.010547
-0.009519
-0.008698
-0.008152
-0.008016
-0.008377
-0.009238
-0.010588
-0.012340
-0.014289
-0.016283
-0.018313
-0.020419
-0.022595
-0.024740
-0.026788
-0.028795
-0.030818
-0.032857
-0.034893
-0.036905
-0.038888
-0.040887
-0.042968
-0.045131
-0.047314
-0.049437
-0.051356
-0.052870
-0.053851
-0.054302
-0.054288
-0.053862
-0.053029
-0.051803
-0.050228
-0.048297
-0.045994
-0.043401
-0.040661
-0.037899
-0.035149
-0.032396
-0.029705
-0.027210
-0.025032
-0.023217
-0.021726
-0.020510
-0.019504
-0.018595
-0.017726
-0.016955
-0.016415
-0.016190
-0.016196
-0.016288
-0.016425
-0.016642
-0.016981
-0.017503
-0.018243
-0.019137
-0.020035
-0.020789
-0.021391
-0.021947
-0.022482
-0.022912
-0.023125
-0.023047
-0.022693
-0.022182
-0.021644
-0.021087
-0.020495
-0.019928
-0.019427
-0.018982
-0.018599
-0.018282
-0.017986
-0.017681
-0.017384
-0.017083
-0.016749
-0.016411
-0.016159
-0.016093
-0.016228
-0.016483
-0.016756
-0.016990
-0.017214
-0.017493
-0.017875
-0.018376
-0.018992
-0.019744
-0.020662
-0.021739
-0.022942
-0.024211
-0.025447
-0.026564
-0.027571
-0.028511
-0.029393
-0.030210
-0.030947
-0.031564
-0.032061
-0.032538
-0.033025
-0.033428
-0.033762
-0.034147
-0.034595
-0.034995
-0.035203
-0.035126
-0.034749
-0.034084
-0.033159
-0.032035
-0.030789
-0.029494
-0.028201
-0.026933
-0.025689
-0.024460
-0.023234
-0.022041
-0.020937
-0.019916
-0.018911
-0.017865
-0.016807
-0.015868
-0.015173
-0.014782
-0.014714
-0.014928
-0.015304
-0.015764
-0.016328
-0.017003
-0.017744
-0.018495
-0.019218
-0.019897
-0.020537
-0.021153
-0.021758
-0.022323
-0.022739
-0.022915
-0.022872
-0.022703
-0.022482
-0.022169
-0.021685
-0.021026
-0.020218
-0.019267
-0.018132
-0.016784
-0.015276
-0.013687
-0.012053
-0.010414
-0.008840
-0.007430
-0.006239
-0.005216
-0.004248
-0.003239
-0.002181
-0.001126
-0.000079
0.001019
0.002257
0.003661
0.005177
0.006767
0.008433
0.010169
0.011903
0.013499
0.014921
0.016250
0.017511
0.018673
0.019751
0.020737
0.021563
0.022200
0.022703
0.023153
0.023602
0.024024
0.024331
0.024428
0.024308
0.024037
0.023618
0.023040
0.022393
0.021751
0.021081
0.020306
0.019373
0.018283
0.017093
0.015912
0.014813
0.013802
0.012963
0.012462
0.012439
0.012915
0.013756
0.014786
0.015903
0.017147
0.018629
0.020375
0.022313
0.024341
0.026371
0.028351
0.030263
0.032108
0.033858
0.035497
0.037068
0.038579
0.039957
0.041126
0.042049
0.042707
0.043100
0.043270
0.043254
0.043069
0.042777
0.042447
0.042048
0.041508
0.040821
0.040009
0.039080
0.038088
0.037122
0.036250
0.035497
0.034849
0.034307
0.033890
0.033560
0.033249
0.032939
0.032636
0.032313
0.031968
0.031639
0.031323
0.030958
0.030450
0.029778
0.029046
0.028371
0.027793
0.027340
0.027038
0.026882
0.026837
0.026854
0.026890
0.026914
0.026915
0.026895
0.026865
0.026835
0.026815
0.026807
0.026816
0.026892
0.027102
0.027475
0.027963
0.028461
0.028912
0.029317
0.029656
0.029860
0.029860
0.029670
0.029368
0.028986
0.028421
0.027474
0.026041
0.024151
0.021852
0.019287
0.016718
0.014257
0.011864
0.009582
0.007518
0.005748
0.004407
0.003624
0.003372
0.003551
0.004083
0.004861
0.005733
0.006590
0.007477
0.008576
0.009968
0.011529
0.013010
0.014301
0.015534
0.016750
0.017832
0.018710
0.019409
0.019990
0.020476
0.020849
0.021097
0.021230
0.021270
0.021199
0.020957
0.020474
0.019774
0.019002
0.018235
0.017471
0.016763
0.016171
0.015671
0.015147
0.014484
0.013663
0.012719
0.011669
0.010525
0.009322
0.008148
0.007092
0.006199
0.005458
0.004842
0.004349
0.003962
0.003615
0.003284
0.003032
0.003016
0.003380
0.004165
0.005299
0.006635
0.007985
0.009253
0.010486
0.011700
0.012836
0.013837
0.014690
0.015419
0.016070
0.016689
0.017304
0.017860
0.018237
0.018426
0.018551
0.018745
0.019054
0.019426
0.019772
0.020024
0.020167
0.020283
0.020531
0.020959
0.021502
0.022152
0.022956
0.023937
0.025083
0.026363
0.027773
0.029280
0.030761
0.032066
0.033096
0.033798
0.034179
0.034308
0.034285
0.034210
0.034149
0.034135
0.034166
0.034223
0.034281
0.034317
0.034274
0.034039
0.033578
0.032990
0.032322
0.031533
0.030593
0.029538
0.028468
0.027482
0.026650
0.026026
0.025602
0.025296
0.025090
0.025032
0.025106
0.025211
0.025217
0.025075
0.024835
0.024578
0.024339
0.024092
0.023826
0.023577
0.023385
0.023268
0.023225
0.023280
0.023454
0.023652
0.023716
0.023544
0.023119
0.022496
0.021760
0.020998
0.020254
0.019472
0.018523
0.017404
0.016214
0.015012
0.013768
0.012424
0.011080
0.009931
0.009058
0.008420
0.007921
0.007510
0.007187
0.006967
0.006914
0.007131
0.007598
0.008175
0.008761
0.009323
0.009868
0.010415
0.010982
0.011576
0.012167
0.012682
0.013053
0.013246
0.013231
0.013014
0.012686
0.012364
0.012108
0.011841
0.011457
0.010971
0.010458
0.009941
0.009371
0.008694
0.008017
0.007514
0.007206
0.006988
0.006736
0.006372
0.005877
0.005324
0.004816
0.004382
0.004008
0.003704
0.003490
0.003367
0.003317
0.003314
0.003329
0.003341
0.003338
0.003284
0.003128
0.002870
0.002587
0.002406
0.002422
0.002617
0.002894
0.003156
0.003381
0.003608
0.003850
0.004087
0.004339
0.004631
0.004938
0.005243
0.005573
0.005967
0.006443
0.006995
0.007578
0.008105
0.008494
0.008719
0.008843
0.008968
0.009090
0.009148
0.009172
0.009208
0.009207
0.009081
0.008780
0.008306
0.007686
0.006927
0.006043
0.005112
0.004257
0.003601
0.003202
0.003042
0.003052
0.003189
0.003492
0.004002
0.004681
0.005443
0.006205
0.006920
0.007592
0.008287
0.009062
0.009902
0.010749
0.011544
0.012209
0.012660
0.012828
0.012710
0.012406
0.012023
0.011607
0.011165
0.010687
0.010165
0.009602
0.008999
0.008336
0.007568
0.006696
0.005780
0.004844
0.003901
0.003033
0.002299
0.001639
0.001012
0.000452
-0.000032
-0.000469
-0.000847
-0.001103
-0.001161
-0.001020
-0.000766
-0.000503
-0.000289
-0.000097
0.000113
0.000337
0.000581
0.000888
0.001290
0.001773
0.002258
0.002652
0.002894
0.002942
0.002781
0.002531
0.002364
0.002353
0.002471
0.002649
0.002816
0.002929
0.002975
0.002988
0.003046
0.003203
0.003444
0.003794
0.004334
0.005116
0.006134
0.007320
0.008527
0.009567
0.010384
0.011065
0.011648
0.012103
0.012408
0.012572
0.012619
0.012500
0.012116
0.011413
0.010416
0.009207
0.007886
0.006528
0.005096
0.003493
0.001746
-0.000016
-0.001687
-0.003278
-0.004919
-0.006703
-0.008614
-0.010542
-0.012353
-0.013974
-0.015436
-0.016834
-0.018144
-0.015648
-0.016602
-0.017345
-0.017968
-0.018487
-0.018833
-0.018932
-0.018770
-0.018391
-0.017872
-0.017289
-0.016664
-0.015964
-0.015147
-0.014198
-0.013138
-0.012028
-0.010967
-0.010005
-0.009123
-0.008351
-0.007760
-0.007341
-0.007043
-0.006828
-0.006612
-0.006275
-0.005865
-0.005537
-0.005326
-0.005199
-0.005128
-0.005054
-0.004917
-0.004724
-0.004498
-0.004230
-0.003953
-0.003733
-0.003612
-0.003559
-0.003483
-0.003299
-0.002967
-0.002499
-0.001937
-0.001335
-0.000735
-0.000165
0.000376
0.000933
0.001582
0.002324
0.003075
0.003709
0.004163
0.004470
0.004666
0.004759
0.004761
0.004694
0.004585
0.004454
0.004295
0.004055
0.003675
0.003148
0.002599
0.002150
0.001751
0.001311
0.000840
0.000394
-0.000020
-0.000492
-0.001078
-0.001717
-0.002353
-0.002982
-0.003614
-0.004223
-0.004752
-0.005149
-0.005384
-0.005429
-0.005309
-0.005107
-0.004876
-0.004632
-0.004416
-0.004280
-0.004247
-0.004308
-0.004454
-0.004704
-0.005050
-0.005428
-0.005767
-0.006024
-0.006192
-0.006291
-0.006354
-0.006411
-0.006458
-0.006448
-0.006319
-0.006049
-0.005649
-0.005140
-0.004516
-0.003799
-0.003057
-0.002364
-0.001761
-0.001257
-0.000865
-0.000591
-0.000306
0.000147
0.000733
0.001290
0.001666
0.001705
0.001333
0.000659
-0.000171
-0.001084
-0.002019
-0.002887
-0.003602
-0.004144
-0.004583
-0.005012
-0.005483
-0.005971
-0.006415
-0.006767
-0.007017
-0.007202
-0.007407
-0.007717
-0.008169
-0.008757
-0.009459
-0.010277
-0.011214
-0.012257
-0.013375
-0.014529
-0.015702
-0.016981
-0.018501
-0.020228
-0.022005
-0.023734
-0.025482
-0.027400
-0.029479
-0.031574
-0.033546
-0.035356
-0.037045
-0.038650
-0.040178
-0.041630
-0.042977
-0.044150
-0.045042
-0.045585
-0.045819
-0.045754
-0.045363
-0.044684
-0.043802
-0.042777
-0.041616
-0.040298
-0.038821
-0.037212
-0.035514
-0.033740
-0.031904
-0.030089
-0.028383
-0.026805
-0.025353
-0.024043
-0.022909
-0.021996
-0.021335
-0.020916
-0.020685
-0.020566
-0.020491
-0.020409
-0.020298
-0.020156
-0.020002
-0.019905
-0.019968
-0.020225
-0.020623
-0.021086
-0.021596
-0.022195
-0.022897
-0.023648
-0.024356
-0.024967
-0.025485
-0.025882
-0.026123
-0.026226
-0.026203
-0.026028
-0.025681
-0.025175
-0.024551
-0.023864
-0.023152
-0.022410
-0.021605
-0.020720
-0.019786
-0.018863
-0.017973
-0.017081
-0.016129
-0.015091
-0.013999
-0.012907
-0.011860
-0.010881
-0.009988
-0.009204
-0.008540
-0.007996
-0.007605
-0.007399
-0.007348
-0.007402
-0.007525
-0.007699
-0.007908
-0.008134
-0.008343
-0.008482
-0.008551
-0.008601
-0.008656
-0.008709
-0.008770
-0.008840
-0.008896
-0.008937
-0.008979
-0.009012
-0.009011
-0.008962
-0.008889
-0.008837
-0.008844
-0.008911
-0.008993
-0.009037
-0.009011
-0.008934
-0.008852
-0.008780
-0.008705
-0.008608
-0.008457
-0.008228
-0.007959
-0.007700
-0.007422
-0.007073
-0.006641
-0.006149
-0.005624
-0.005072
-0.004480
-0.003845
-0.003174
-0.002481
-0.001784
-0.001097
-0.000431
0.000196
0.000759
0.001261
0.001735
0.002215
0.002721
0.003251
0.003779
0.004256
0.004632
0.004887
0.005071
0.005266
0.005529
0.005859
0.006219
0.006582
0.006919
0.007190
0.007401
0.007614
0.007879
0.008194
0.008521
0.008819
0.009078
0.009294
0.009458
0.009569
0.009635
0.009671
0.009704
0.009765
0.009855
0.009952
0.010025
0.010040
0.009957
0.009782
0.009559
0.009311
0.009027
0.008685
0.008279
0.007834
0.007384
0.006951
0.006535
0.006134
0.005764
0.005428
0.005102
0.004769
0.004429
0.004076
0.003704
0.003317
0.002932
0.002579
0.002288
0.002072
0.001915
0.001793
0.001689
0.001587
0.001468
0.001325
0.001167
0.001015
0.000892
0.000807
0.000758
0.000733
0.000720
0.000708
0.000690
0.000665
0.000635
0.000603
0.000573
0.000546
0.000523
0.000504
0.000487
0.000471
0.000456
0.000440
0.000425
0.000409
0.000394
0.000371
0.000335
0.000289
0.000241
0.000191
0.000143
0.000105
0.000082
0.000072
0.000065
0.000058
0.000061
0.000078
0.000101
0.000120
0.000126
0.000122
0.000115
0.000113
0.000120
0.000137
0.000161
0.000193
0.000233
0.000276
0.000312
0.000341
0.000372
0.000412
0.000464
0.000527
0.000596
0.000666
0.000733
0.000795
0.000851
0.000903
0.000951
0.000998
0.001042
0.001081
0.001114
0.001142
0.001169
0.001191
0.001210
0.001224
0.001232
0.001230
0.001220
0.001207
0.001204
0.001211
0.001225
0.001239
0.001250
0.001261
0.001275
0.001292
0.001312
0.001333
0.001353
0.001373
0.001394
0.001419
0.001447
0.001479
0.001514
0.001553
0.001594
0.001635
0.001677
0.001722
0.001772
0.001829
0.001890
0.001954
0.002018
0.002082
0.002145
0.002209
0.002272
0.002336
0.002399
0.002462
0.002524
0.002586
0.002645
0.002702
0.002756
0.002809
0.002863
0.002917
0.002971
0.003026
0.003080
0.003134
0.003187
0.003240
0.003292
0.003344
0.003399
0.003453
0.003508
0.003563
0.003618
0.003672
0.003727
0.003783
0.003838
0.003893
0.003948
0.004002
0.004057
0.004111
0.004164
0.004218
0.004270
0.004322
0.004373
0.004423
0.004473
0.004522
0.004571
0.004618
0.004665
0.004712
0.004757
0.004802
0.004846
0.004889
0.004932
0.004973
0.005014
0.005055
0.005094
0.005133
0.005171
0.005208
0.005244
0.005280
0.005315
0.005350
0.005384
0.005417
0.005449
0.005481
0.005512
0.005542
0.005572
0.005601
0.005630
0.005658
0.005685
0.005712
0.005738
0.005763
0.005788
0.005812
0.005836
0.005859
0.005881
0.005903
0.005924
0.005944
