-0.007021
-0.008262
-0.005187
0.001265
0.001590
0.001777
0.001819
0.001817
0.001800
0.001770
0.001731
0.001685
0.001638
0.001590
0.001531
0.001452
0.001366
0.001293
0.001232
0.001173
0.001121
0.001087
0.001076
0.001087
0.001108
0.001126
0.001137
0.001142
0.001139
0.001123
0.001087
0.001028
0.000952
0.000846
0.000696
0.000537
0.000402
0.000296
0.000227
0.000211
0.000268
0.000399
0.000559
0.000707
0.000845
0.001000
0.001164
0.001302
0.001406
0.001492
0.001568
0.001625
0.001651
0.001653
0.001654
0.001664
0.001665
0.001642
0.001609
0.001589
0.001589
0.001594
0.001588
0.001564
0.001520
0.001463
0.001410
0.001372
0.001342
0.001313
0.001284
0.001247
0.001190
0.001102
0.000977
0.000810
0.000614
0.000425
0.000253
0.000078
-0.000105
-0.000275
-0.000430
-0.000577
-0.000716
-0.000813
-0.000833
-0.000794
-0.000745
-0.000708
-0.000678
-0.000641
-0.000574
-0.000463
-0.000314
-0.000086
0.000241
0.000575
0.000825
0.000987
0.001083
0.001111
0.001079
0.001046
0.001082
0.001147
0.001129
0.000985
0.000764
0.000529
0.000297
0.000054
-0.000203
-0.000419
-0.000503
-0.000425
-0.000235
-0.000002
0.000243
0.000522
0.000883
0.001314
0.001666
0.001803
0.001783
0.001722
0.001605
0.001374
0.001004
0.000476
-0.000157
-0.000748
-0.001199
-0.001521
-0.001762
-0.001935
-0.002011
-0.001927
-0.001694
-0.001484
-0.001392
-0.001263
-0.000970
-0.000621
-0.000414
-0.000384
-0.000409
-0.000383
-0.000231
0.000169
0.000770
0.001231
0.001367
0.001396
0.001579
0.001934
0.002268
0.002442
0.002486
0.002435
0.002250
0.001952
0.001644
0.001432
0.001373
0.001426
0.001435
0.001248
0.000864
0.000423
0.000030
-0.000370
-0.000826
-0.001246
-0.001559
-0.001853
-0.002265
-0.002736
-0.003036
-0.003082
-0.002937
-0.002589
-0.002062
-0.001495
-0.000992
-0.000554
-0.000182
0.000084
0.000251
0.000362
0.000455
0.000557
0.000715
0.000958
0.001177
0.001137
0.000669
-0.000123
-0.000922
-0.001547
-0.001983
-0.002114
-0.001883
-0.001507
-0.001209
-0.001019
-0.000861
-0.000634
-0.000260
0.000256
0.000831
0.001343
0.001623
0.001512
0.001063
0.000557
0.000246
0.000172
0.000218
0.000217
0.000045
-0.000169
-0.000147
0.000177
0.000608
0.000898
0.000934
0.000787
0.000649
0.000730
0.001229
0.002132
0.003017
0.003432
0.003293
0.002840
0.002369
0.002027
0.001760
0.001406
0.000893
0.000354
0.000070
0.000196
0.000450
0.000371
-0.000198
-0.001124
-0.002166
-0.002937
-0.003121
-0.002821
-0.002360
-0.001911
-0.001351
-0.000475
0.000605
0.001463
0.001679
0.001123
0.000032
-0.001159
-0.002041
-0.002361
-0.002217
-0.002006
-0.001857
-0.001507
-0.000861
-0.000123
0.000596
0.001282
0.001825
0.002092
0.002078
0.001869
0.001588
0.001427
0.001482
0.001588
0.001528
0.001376
0.001548
0.002247
0.003003
0.003399
0.003687
0.004111
0.004416
0.004331
0.004012
0.003880
0.003914
0.003490
0.002322
0.000711
-0.001096
-0.002894
-0.004284
-0.004990
-0.005094
-0.004847
-0.004530
-0.004428
-0.004357
-0.003650
-0.001953
0.000388
0.002559
0.003933
0.004475
0.004555
0.004519
0.004363
0.003823
0.002656
0.001072
-0.000164
-0.000687
-0.000889
-0.001111
-0.001262
-0.001190
-0.000844
-0.000172
0.000666
0.001342
0.001618
0.001381
0.000697
-0.000059
-0.000781
-0.001726
-0.002291
-0.001721
-0.000563
0.000437
0.001331
0.002186
0.002661
0.002512
0.002024
0.001801
0.002074
0.002651
0.003390
0.004067
0.004128
0.003193
0.001672
0.000697
0.000886
0.001566
0.002185
0.003107
0.004221
0.004646
0.004124
0.003236
0.002569
0.002289
0.002284
0.002450
0.002665
0.002669
0.002146
0.000993
-0.000619
-0.002394
-0.003943
-0.004940
-0.005402
-0.005534
-0.005439
-0.005185
-0.004930
-0.004875
-0.005016
-0.005117
-0.005135
-0.005184
-0.005004
-0.004258
-0.003027
-0.001418
0.000666
0.003012
0.005038
0.006432
0.007179
0.007281
0.006665
0.005158
0.002545
-0.000910
-0.004105
-0.005892
-0.005960
-0.004996
-0.003888
-0.002844
-0.001768
-0.000926
-0.000519
-0.000186
0.000512
0.001740
0.003401
0.004939
0.005543
0.005001
0.003782
0.002284
0.000669
-0.001016
-0.002780
-0.004311
-0.004998
-0.004687
-0.003604
-0.001868
0.000131
0.001709
0.002317
0.001954
0.001248
0.000761
0.000642
0.000664
0.000388
-0.000387
-0.001392
-0.002098
-0.002235
-0.002048
-0.001879
-0.001905
-0.002102
-0.002137
-0.001935
-0.001847
-0.001831
-0.001522
-0.001159
-0.001062
-0.000715
0.000537
0.002418
0.003696
0.003491
0.002224
0.001029
0.000787
0.001746
0.004042
0.007560
0.011005
0.012840
0.012915
0.011863
0.009799
0.006567
0.002295
-0.002447
-0.006738
-0.009937
-0.011997
-0.012900
-0.012342
-0.010493
-0.008097
-0.005799
-0.003812
-0.002110
-0.000614
0.000834
0.002185
0.003400
0.004809
0.006435
0.007709
0.008084
0.007413
0.005855
0.003957
0.002354
0.001011
-0.000465
-0.002294
-0.004201
-0.005550
-0.006096
-0.006086
-0.005781
-0.005315
-0.004912
-0.004756
-0.004868
-0.005150
-0.005495
-0.005882
-0.006118
-0.006058
-0.005843
-0.005557
-0.005151
-0.004486
-0.003424
-0.001963
-0.000207
0.001489
0.002709
0.003317
0.003425
0.003123
0.002215
0.000514
-0.001720
-0.004056
-0.006314
-0.008207
-0.009182
-0.008752
-0.006728
-0.003757
-0.001198
0.000481
0.002051
0.004073
0.006366
0.008467
0.010062
0.011081
0.011795
0.012367
0.012450
0.012090
0.011651
0.011001
0.009817
0.007953
0.005305
0.001868
-0.001929
-0.005567
-0.009016
-0.012098
-0.014232
-0.015085
-0.014718
-0.013259
-0.010512
-0.006643
-0.002113
0.002904
0.007852
0.011745
0.014004
0.014527
0.013597
0.011991
0.010436
0.009093
0.008062
0.007645
0.007747
0.008033
0.008036
0.007094
0.004944
0.001916
-0.001269
-0.003843
-0.005521
-0.006778
-0.008228
-0.009988
-0.012062
-0.014531
-0.017301
-0.020043
-0.022270
-0.023255
-0.022230
-0.019199
-0.014803
-0.009748
-0.004800
-0.000613
0.002415
0.003849
0.003310
0.001333
-0.000834
-0.002375
-0.002707
-0.001278
0.001844
0.005744
0.008948
0.010181
0.009044
0.006178
0.002551
-0.001144
-0.004617
-0.007681
-0.009906
-0.011030
-0.011121
-0.010521
-0.009467
-0.007764
-0.005354
-0.002458
0.000683
0.003551
0.005606
0.007003
0.008483
0.010537
0.013052
0.015326
0.016523
0.016036
0.013398
0.008528
0.002121
-0.004187
-0.008897
-0.011642
-0.013027
-0.013589
-0.013255
-0.012164
-0.010941
-0.010013
-0.009374
-0.008833
-0.008022
-0.006669
-0.004663
-0.001797
0.001967
0.006133
0.009977
0.013125
0.015433
0.016760
0.017483
0.018037
0.018335
0.018102
0.016705
0.013783
0.009921
0.006054
0.002776
0.000438
-0.000948
-0.002041
-0.003518
-0.005459
-0.007499
-0.009289
-0.010642
-0.011131
-0.010152
-0.007456
-0.003359
0.001299
0.005261
0.007475
0.007493
0.005505
0.002351
-0.000990
-0.003484
-0.004481
-0.004083
-0.002665
-0.000707
0.001488
0.003485
0.004248
0.002994
0.000604
-0.001398
-0.002698
-0.003823
-0.005345
-0.007395
-0.009916
-0.012549
-0.014246
-0.014286
-0.012609
-0.009625
-0.005880
-0.001855
0.002098
0.005842
0.008945
0.010912
0.011384
0.010524
0.009070
0.007278
0.004902
0.001937
-0.001484
-0.005246
-0.008937
-0.012045
-0.014122
-0.014774
-0.014289
-0.013798
-0.014020
-0.014845
-0.016194
-0.017715
-0.018758
-0.018764
-0.017417
-0.014949
-0.011926
-0.009062
-0.006597
-0.004242
-0.001941
0.000195
0.002366
0.004731
0.006943
0.008743
0.010272
0.011566
0.012685
0.013839
0.014462
0.013601
0.011145
0.007761
0.004203
0.000935
-0.001555
-0.002843
-0.002845
-0.001859
-0.000500
0.001060
0.002941
0.005068
0.007589
0.010548
0.013524
0.016028
0.017607
0.017923
0.016550
0.013174
0.008225
0.002509
-0.003247
-0.008526
-0.012638
-0.014940
-0.015372
-0.014182
-0.011717
-0.008090
-0.003789
-0.000277
0.001157
0.000560
-0.001344
-0.004089
-0.007014
-0.009180
-0.009971
-0.009205
-0.006795
-0.002880
0.002138
0.007739
0.012770
0.016154
0.017487
0.016566
0.013621
0.009266
0.004472
-0.000034
-0.004286
-0.008458
-0.013052
-0.018091
-0.022600
-0.025409
-0.025659
-0.023394
-0.019628
-0.015708
-0.012289
-0.009261
-0.006393
-0.003813
-0.002046
-0.001064
-0.000151
0.001120
0.002559
0.003867
0.004823
0.005268
0.005432
0.005391
0.004855
0.003815
0.002275
0.000127
-0.002630
-0.005571
-0.007687
-0.007919
-0.005392
0.000177
0.008089
0.016539
0.022891
0.025863
0.026374
0.025421
0.022938
0.018696
0.013344
0.007649
0.001633
-0.004420
-0.009537
-0.012987
-0.014937
-0.015577
-0.014391
-0.010960
-0.005502
0.000674
0.005766
0.008374
0.007782
0.004208
-0.001325
-0.007371
-0.012638
-0.016110
-0.017352
-0.016635
-0.014558
-0.011492
-0.007592
-0.003634
-0.000490
0.001880
0.003668
0.004567
0.003834
0.001329
-0.001901
-0.004900
-0.007169
-0.008375
-0.008135
-0.006525
-0.004329
-0.002379
-0.001602
-0.002573
-0.005566
-0.010368
-0.015563
-0.019615
-0.021517
-0.020669
-0.017174
-0.011851
-0.005934
-0.000891
0.002080
0.002585
0.000817
-0.002920
-0.008382
-0.014995
-0.021659
-0.026882
-0.029610
-0.029854
-0.028119
-0.025084
-0.021406
-0.017399
-0.013368
-0.009831
-0.006930
-0.004612
-0.003030
-0.002220
-0.001826
-0.001616
-0.001589
-0.001482
-0.000906
0.000678
0.003498
0.007357
0.011986
0.016599
0.019963
0.021549
0.022007
0.022390
0.023239
0.024291
0.024869
0.024338
0.022056
0.017448
0.010516
0.002565
-0.004089
-0.008160
-0.009994
-0.010046
-0.008143
-0.004105
0.001555
0.008014
0.014861
0.021462
0.026413
0.028845
0.029391
0.028925
0.027446
0.024536
0.020005
0.014155
0.007425
0.000072
-0.007052
-0.012261
-0.014897
-0.015963
-0.016360
-0.016214
-0.015657
-0.015236
-0.015787
-0.017846
-0.020883
-0.023751
-0.025590
-0.026099
-0.025297
-0.023505
-0.021621
-0.020371
-0.019474
-0.018078
-0.015443
-0.011378
-0.006395
-0.001174
0.003658
0.007239
0.008429
0.006860
0.003261
-0.001636
-0.007101
-0.012042
-0.015569
-0.017203
-0.016817
-0.014968
-0.012615
-0.010827
-0.010286
-0.010650
-0.011040
-0.010810
-0.009658
-0.007462
-0.003983
0.000775
0.006483
0.012943
0.019069
0.023281
0.025036
0.024334
0.021306
0.016489
0.010624
0.004534
-0.000701
-0.004331
-0.006294
-0.006386
-0.004302
-0.000448
0.004228
0.009062
0.013591
0.016959
0.018088
0.016129
0.011194
0.004426
-0.002756
-0.008483
-0.010799
-0.009188
-0.005023
-0.000176
0.004784
0.010733
0.017845
0.024025
0.027166
0.027454
0.026271
0.024718
0.023323
0.022103
0.020818
0.019241
0.017233
0.014705
0.011473
0.007369
0.001847
-0.005738
-0.014383
-0.021944
-0.027304
-0.030351
-0.031203
-0.030106
-0.027264
-0.023085
-0.018380
-0.014104
-0.010681
-0.007730
-0.005090
-0.003146
-0.002153
-0.001937
-0.002035
-0.001575
0.000712
0.005664
0.012960
0.022072
0.032355
0.041147
0.045881
0.047140
0.046790
0.045250
0.041705
0.035683
0.027428
0.017701
0.007656
-0.002106
-0.011971
-0.022104
-0.031240
-0.037644
-0.040693
-0.040548
-0.037386
-0.031540
-0.024465
-0.018363
-0.014571
-0.013594
-0.015168
-0.017687
-0.018996
-0.017762
-0.013751
-0.007987
-0.002489
0.000890
0.000976
-0.002407
-0.007983
-0.013546
-0.017157
-0.017226
-0.012506
-0.004006
0.005050
0.012426
0.017446
0.019519
0.018549
0.015335
0.011814
0.010890
0.014013
0.020114
0.027300
0.034507
0.041373
0.047244
0.051546
0.054322
0.056518
0.059718
0.064831
0.072003
0.080661
0.089255
0.096365
0.101617
0.105219
0.107269
0.108218
0.108430
0.107276
0.104273
0.099648
0.093942
0.087864
0.081777
0.075250
0.067659
0.059224
0.050785
0.042879
0.035760
0.029640
0.024423
0.019366
0.013124
0.004365
-0.007460
-0.021424
-0.035883
-0.049783
-0.062678
-0.074570
-0.085742
-0.096103
-0.105198
-0.112942
-0.119745
-0.125905
-0.131367
-0.135686
-0.138314
-0.139162
-0.138544
-0.136958
-0.134741
-0.132003
-0.128888
-0.125553
-0.121948
-0.117929
-0.113156
-0.106936
-0.098639
-0.089012
-0.080064
-0.072110
-0.063419
-0.052945
-0.041269
-0.029640
-0.018702
-0.008260
0.001927
0.011558
0.020199
0.027928
0.034787
0.040215
0.043578
0.045093
0.045813
0.046959
0.049411
0.053408
0.058592
0.064088
0.068786
0.072411
0.076103
0.081647
0.090274
0.101045
0.111230
0.119655
0.127395
0.135101
0.142217
0.148229
0.153185
0.157383
0.160984
0.163689
0.164674
0.163182
0.159110
0.152769
0.144064
0.131853
0.115338
0.095154
0.071288
0.042608
0.010207
-0.023700
-0.059292
-0.095015
-0.126452
-0.150815
-0.166597
-0.174362
-0.177950
-0.180615
-0.182608
-0.183393
-0.183319
-0.182675
-0.180751
-0.176262
-0.168516
-0.158234
-0.147418
-0.137467
-0.128120
-0.118680
-0.109134
-0.100200
-0.092701
-0.086738
-0.081814
-0.077911
-0.075618
-0.075069
-0.075563
-0.076236
-0.076583
-0.076530
-0.076314
-0.075677
-0.073438
-0.068567
-0.061292
-0.052858
-0.044417
-0.036394
-0.028335
-0.019208
-0.008859
0.001500
0.011195
0.021193
0.033267
0.049414
0.070656
0.095262
0.119786
0.142476
0.163599
0.182336
0.196538
0.205224
0.209284
0.210073
0.207723
0.201464
0.191267
0.178163
0.163338
0.147839
0.132817
0.118468
0.104001
0.090089
0.078615
0.069638
0.060944
0.049434
0.032599
0.011059
-0.012304
-0.035243
-0.055086
-0.069138
-0.077426
-0.082294
-0.085670
-0.087717
-0.088143
-0.087495
-0.086938
-0.087280
-0.088569
-0.090552
-0.092550
-0.093427
-0.092356
-0.088585
-0.080571
-0.067054
-0.046724
-0.019103
0.010929
0.037256
0.058650
0.075786
0.087488
0.090929
0.084488
0.070222
0.053017
0.036956
0.023546
0.013212
0.005797
0.000048
-0.005249
-0.010849
-0.017838
-0.026804
-0.037725
-0.051088
-0.066695
-0.082825
-0.098972
-0.116096
-0.132868
-0.146568
-0.156799
-0.164444
-0.169594
-0.171857
-0.170697
-0.165760
-0.156738
-0.143533
-0.127690
-0.111232
-0.094058
-0.074826
-0.053223
-0.030502
-0.009345
0.007834
0.020799
0.030377
0.037233
0.041779
0.044178
0.044852
0.044928
0.046058
0.049647
0.056458
0.067654
0.084720
0.107463
0.132770
0.157354
0.181132
0.203782
0.222748
0.236812
0.246346
0.252061
0.255342
0.257200
0.257488
0.255680
0.251435
0.244479
0.234517
0.221791
0.206866
0.189966
0.170435
0.146710
0.114580
0.073804
0.033800
-0.001191
-0.035471
-0.070212
-0.101983
-0.127162
-0.145781
-0.160510
-0.172912
-0.182624
-0.189149
-0.192596
-0.192913
-0.189686
-0.181850
-0.167561
-0.145496
-0.115926
-0.081186
-0.043567
-0.003613
0.036175
0.071381
0.101396
0.130466
0.161328
0.189848
0.209545
0.219329
0.222710
0.222549
0.219092
0.211846
0.202176
0.192376
0.182880
0.172530
0.160799
0.147959
0.134034
0.119076
0.103885
0.088103
0.068927
0.045015
0.017919
-0.011437
-0.044268
-0.081378
-0.120666
-0.159687
-0.196357
-0.228530
-0.256125
-0.278582
-0.293771
-0.302016
-0.305406
-0.303948
-0.296820
-0.285441
-0.272680
-0.259713
-0.245303
-0.228004
-0.208089
-0.187223
-0.166601
-0.147032
-0.128364
-0.108048
-0.083930
-0.057338
-0.030934
-0.004121
0.025726
0.058308
0.091444
0.122669
0.149147
0.170291
0.186489
0.196510
0.199554
0.196273
0.187197
0.172556
0.153408
0.131564
0.107049
0.080641
0.057970
0.042270
0.030495
0.019400
0.008724
-0.000206
-0.007025
-0.012756
-0.018544
-0.025211
-0.032715
-0.039519
-0.044006
-0.046301
-0.048134
-0.050512
-0.052242
-0.051574
-0.047741
-0.040672
-0.030449
-0.017798
-0.002899
0.014623
0.032906
0.048526
0.059680
0.066865
0.070133
0.068144
0.060478
0.048050
0.032238
0.014508
-0.003751
-0.021676
-0.039088
-0.055628
-0.071010
-0.085954
-0.101106
-0.115652
-0.128267
-0.138624
-0.147289
-0.153419
-0.155515
-0.152252
-0.141371
-0.121875
-0.094598
-0.063495
-0.035335
-0.013619
0.003329
0.017769
0.029265
0.036645
0.040785
0.043932
0.047795
0.053085
0.059910
0.068313
0.078630
0.091386
0.105438
0.118896
0.131656
0.143315
0.151856
0.155598
0.154204
0.147848
0.136896
0.122109
0.105206
0.089949
0.079582
0.074318
0.072443
0.071774
0.071091
0.069678
0.065476
0.056024
0.040111
0.018065
-0.006506
-0.029525
-0.050841
-0.071136
-0.089095
-0.102578
-0.111159
-0.117194
-0.123243
-0.130269
-0.137993
-0.145214
-0.152290
-0.160625
-0.168930
-0.175251
-0.178363
-0.178422
-0.176955
-0.174502
-0.171073
-0.166480
-0.160656
-0.154051
-0.147267
-0.140036
-0.130644
-0.119027
-0.107396
-0.097276
-0.088819
-0.081105
-0.074831
-0.071641
-0.071511
-0.074025
-0.077686
-0.080794
-0.082566
-0.082703
-0.081044
-0.077085
-0.070254
-0.059861
-0.045772
-0.026875
-0.003769
0.018422
0.035607
0.047103
0.052758
0.050386
0.037907
0.017564
-0.005232
-0.026919
-0.048662
-0.072258
-0.095576
-0.115042
-0.129490
-0.140513
-0.149426
-0.155919
-0.160286
-0.163650
-0.166767
-0.169953
-0.173042
-0.175592
-0.177209
-0.177934
-0.177660
-0.176526
-0.174964
-0.172737
-0.169571
-0.164942
-0.158685
-0.151034
-0.141851
-0.130959
-0.118203
-0.102794
-0.083460
-0.059655
-0.033119
-0.006170
0.020789
0.047112
0.071707
0.094237
0.113909
0.129929
0.143172
0.155413
0.167061
0.177092
0.184521
0.189180
0.191569
0.191908
0.189886
0.184581
0.174512
0.158888
0.136929
0.106756
0.070000
0.031822
-0.005256
-0.040241
-0.070927
-0.095785
-0.115921
-0.132319
-0.142909
-0.144666
-0.136570
-0.119620
-0.096272
-0.070718
-0.047488
-0.028599
-0.011628
0.006016
0.022493
0.034877
0.042364
0.045993
0.047109
0.046248
0.043667
0.038932
0.032836
0.028247
0.026859
0.029288
0.036150
0.046840
0.060007
0.073922
0.087487
0.101443
0.114873
0.126284
0.136392
0.146058
0.156008
0.165798
0.174206
0.181840
0.190175
0.197999
0.201626
0.198307
0.187063
0.168320
0.144155
0.115904
0.084210
0.051374
0.019013
-0.011293
-0.038750
-0.063691
-0.085260
-0.103601
-0.119385
-0.133197
-0.146205
-0.158038
-0.166189
-0.167910
-0.163249
-0.154956
-0.143951
-0.129978
-0.112565
-0.090585
-0.064568
-0.036708
-0.009772
0.015541
0.040641
0.066232
0.091989
0.117084
0.141541
0.165631
0.187750
0.205484
0.218263
0.226741
0.232180
0.236984
0.241566
0.245164
0.247636
0.248567
0.249018
0.249263
0.248713
0.247927
0.246406
0.243705
0.239455
0.232836
0.224303
0.215062
0.204789
0.192071
0.176785
0.159608
0.141296
0.121100
0.099021
0.078689
0.062076
0.048262
0.036941
0.026998
0.017307
0.008893
0.002480
-0.003252
-0.009189
-0.014839
-0.020598
-0.025985
-0.030527
-0.035227
-0.039780
-0.043615
-0.045974
-0.046024
-0.042293
-0.033730
-0.021506
-0.005341
0.014011
0.034522
0.054566
0.071796
0.083966
0.091506
0.097467
0.101154
0.100374
0.095664
0.088929
0.082483
0.077693
0.076199
0.078055
0.081246
0.085508
0.090509
0.096282
0.102925
0.109343
0.115130
0.120653
0.125584
0.128554
0.128841
0.126405
0.120129
0.108797
0.094364
0.081028
0.070315
0.059765
0.049324
0.039430
0.028905
0.018291
0.008290
-0.001579
-0.012704
-0.024738
-0.035993
-0.045026
-0.051695
-0.058158
-0.066362
-0.075896
-0.087262
-0.100566
-0.113821
-0.126189
-0.136717
-0.145037
-0.151172
-0.152619
-0.148737
-0.142306
-0.135508
-0.130176
-0.127799
-0.128754
-0.132345
-0.137820
-0.144954
-0.153291
-0.160587
-0.164301
-0.164250
-0.159979
-0.150886
-0.136650
-0.117763
-0.095784
-0.071064
-0.043368
-0.013487
0.015538
0.042667
0.068851
0.093139
0.113319
0.128519
0.140814
0.151636
0.160457
0.166686
0.171419
0.175470
0.178533
0.180845
0.182427
0.183690
0.185112
0.185874
0.185803
0.184836
0.181674
0.176414
0.168805
0.156769
0.139536
0.118744
0.096367
0.071841
0.043660
0.014689
-0.012948
-0.043119
-0.078309
-0.113446
-0.142088
-0.164049
-0.180372
-0.191785
-0.200309
-0.206630
-0.210255
-0.210363
-0.207291
-0.202202
-0.196512
-0.191288
-0.187220
-0.184956
-0.184069
-0.183512
-0.182375
-0.179375
-0.173168
-0.163374
-0.149865
-0.134142
-0.117822
-0.099888
-0.078715
-0.054353
-0.028888
-0.002741
0.025373
0.054382
0.082840
0.110241
0.134613
0.154613
0.170351
0.179793
0.179946
0.170139
0.150096
0.117752
0.073471
0.026252
-0.013841
-0.047725
-0.079723
-0.109086
-0.134251
-0.155308
-0.172180
-0.185458
-0.197096
-0.207939
-0.217725
-0.225971
-0.232653
-0.238312
-0.244285
-0.252138
-0.262168
-0.273513
-0.284760
-0.294340
-0.300838
-0.302253
-0.294889
-0.277164
-0.251478
-0.220759
-0.186551
-0.150175
-0.111524
-0.067464
-0.018765
0.028539
0.070933
0.111500
0.153140
0.190159
0.216666
0.232481
0.237813
0.230412
0.207825
0.173009
0.131211
0.086071
0.041605
-0.000786
-0.042292
-0.081518
-0.114301
-0.138025
-0.154321
-0.166303
-0.174706
-0.179342
-0.180393
-0.177504
-0.170874
-0.161391
-0.149819
-0.136027
-0.119535
-0.100208
-0.077938
-0.053148
-0.025435
0.004597
0.034080
0.061391
0.087105
0.111993
0.134229
0.152590
0.168629
0.183198
0.195352
0.203646
0.207346
0.206996
0.203675
0.198109
0.190815
0.181792
0.171783
0.160736
0.147917
0.134613
0.121497
0.108619
0.096442
0.084350
0.071789
0.060305
0.052151
0.047968
0.046540
0.046511
0.047646
0.049708
0.051269
0.050272
0.044827
0.033429
0.016504
-0.003588
-0.025645
-0.049789
-0.075904
-0.103279
-0.129146
-0.150854
-0.168400
-0.182184
-0.191975
-0.197990
-0.200690
-0.200271
-0.196666
-0.189775
-0.180929
-0.172579
-0.164642
-0.155541
-0.144177
-0.129913
-0.112328
-0.089408
-0.058761
-0.020054
0.023361
0.066989
0.109554
0.153789
0.200845
0.245574
0.282476
0.310345
0.331323
0.348015
0.359676
0.363978
0.361007
0.351321
0.334740
0.312759
0.286445
0.255360
0.219211
0.177270
0.126489
0.064041
-0.004949
-0.067873
-0.117653
-0.160340
-0.202952
-0.243940
-0.278601
-0.303657
-0.319092
-0.327627
-0.330933
-0.326392
-0.309757
-0.280905
-0.242560
-0.198844
-0.157301
-0.121178
-0.085696
-0.047997
-0.010045
0.026149
0.059854
0.090520
0.117426
0.141739
0.164410
0.182714
0.195234
0.204184
0.212525
0.222100
0.232972
0.243880
0.253554
0.261061
0.265261
0.265918
0.262862
0.255380
0.241911
0.221361
0.195821
0.167453
0.134895
0.094253
0.045366
-0.004371
-0.050033
-0.094266
-0.138454
-0.181354
-0.222015
-0.257010
-0.283457
-0.303270
-0.317991
-0.326226
-0.326954
-0.320549
-0.307982
-0.290534
-0.269610
-0.245324
-0.217491
-0.188940
-0.163641
-0.142588
-0.124583
-0.108943
-0.095089
-0.081954
-0.069315
-0.058867
-0.051651
-0.046148
-0.040978
-0.035761
-0.030483
-0.025101
-0.019116
-0.011886
-0.003318
0.006174
0.016343
0.026580
0.035971
0.043994
0.050621
0.055626
0.058337
0.058308
0.054952
0.048288
0.039723
0.031311
0.024224
0.018224
0.013168
0.009253
0.006265
0.003230
-0.000726
-0.006177
-0.014255
-0.024994
-0.037460
-0.051606
-0.066941
-0.081191
-0.091774
-0.097689
-0.100053
-0.100462
-0.098531
-0.093539
-0.085875
-0.076834
-0.067788
-0.059081
-0.051232
-0.044419
-0.038473
-0.033389
-0.028714
-0.024162
-0.019390
-0.013994
-0.007917
-0.001391
0.004906
0.010839
0.017462
0.026088
0.037463
0.050805
0.063868
0.075984
0.087725
0.098474
0.107267
0.113994
0.119073
0.121984
0.121073
0.113906
0.098355
0.075246
0.049242
0.024473
0.000593
-0.025035
-0.052810
-0.079010
-0.099112
-0.112578
-0.121980
-0.128355
-0.130813
-0.128811
-0.122953
-0.114899
-0.106151
-0.097086
-0.087459
-0.077379
-0.067421
-0.057994
-0.049069
-0.040603
-0.033738
-0.029350
-0.026218
-0.022568
-0.017170
-0.009884
-0.001330
0.008162
0.019272
0.032955
0.047607
0.060526
0.072125
0.084409
0.096739
0.106407
0.112672
0.118003
0.124544
0.131641
0.138373
0.144572
0.149923
0.154626
0.158046
0.159187
0.157289
0.150262
0.133992
0.103577
0.062779
0.024291
-0.004553
-0.024570
-0.038157
-0.046957
-0.051860
-0.053360
-0.051137
-0.043583
-0.030732
-0.015111
0.002730
0.022914
0.043665
0.063490
0.080894
0.094864
0.106126
0.115423
0.122862
0.128505
0.132567
0.135615
0.137089
0.135678
0.131059
0.124470
0.118058
0.111528
0.103235
0.092653
0.079630
0.064553
0.048509
0.032550
0.017696
0.005148
-0.005575
-0.014570
-0.021065
-0.024841
-0.026415
-0.027229
-0.027867
-0.028493
-0.028995
-0.029914
-0.030877
-0.031015
-0.030286
-0.027660
-0.022171
-0.013119
-0.001479
0.011211
0.025000
0.039810
0.054487
0.068384
0.080948
0.091002
0.099025
0.105921
0.111701
0.116275
0.119297
0.119803
0.117879
0.115221
0.113261
0.111493
0.108547
0.104674
0.100639
0.096201
0.091357
0.086935
0.082197
0.076886
0.070960
0.064617
0.059252
0.055101
0.052714
0.051856
0.051009
0.049564
0.047350
0.043173
0.036530
0.027733
0.017528
0.007474
-0.001774
-0.010484
-0.018871
-0.026963
-0.033819
-0.038838
-0.042667
-0.045257
-0.045707
-0.043162
-0.037838
-0.030043
-0.018647
-0.003402
0.014611
0.033392
0.050931
0.066685
0.079781
0.090661
0.100042
0.107353
0.113115
0.118100
0.122452
0.126100
0.127625
0.126119
0.122622
0.117215
0.109446
0.099396
0.086665
0.070663
0.053065
0.035487
0.017597
-0.000282
-0.018207
-0.035822
-0.052070
-0.066328
-0.077614
-0.085683
-0.091278
-0.095174
-0.097280
-0.097714
-0.096892
-0.094747
-0.092186
-0.089359
-0.086005
-0.081945
-0.076347
-0.068423
-0.057450
-0.042386
-0.023100
-0.002201
0.017970
0.035933
0.051285
0.064211
0.073429
0.078657
0.080971
0.080792
0.078549
0.075200
0.070750
0.065204
0.059750
0.055289
0.051248
0.047184
0.042798
0.037496
0.031832
0.025940
0.020200
0.015281
0.012032
0.011400
0.012800
0.015928
0.020105
0.024111
0.028414
0.032894
0.036513
0.039366
0.041008
0.041746
0.042432
0.042497
0.041689
0.039647
0.036512
0.032888
0.028179
0.022868
0.018095
0.013012
0.006835
0.000109
-0.006971
-0.014834
-0.024166
-0.034665
-0.044787
-0.054439
-0.064107
-0.073723
-0.083925
-0.093967
-0.101956
-0.107153
-0.110471
-0.112787
-0.114022
-0.114033
-0.112635
-0.110208
-0.107155
-0.102615
-0.096152
-0.088530
-0.079746
-0.069643
-0.059110
-0.050139
-0.043529
-0.038247
-0.033504
-0.029270
-0.026277
-0.024556
-0.023675
-0.023561
-0.024188
-0.025892
-0.028730
-0.032722
-0.037169
-0.040951
-0.043736
-0.045331
-0.045313
-0.042700
-0.037388
-0.030320
-0.022442
-0.014420
-0.006332
0.001406
0.008305
0.014361
0.019695
0.024809
0.029675
0.033676
0.036111
0.037479
0.038802
0.039582
0.039746
0.039253
0.037519
0.034860
0.030729
0.024667
0.017535
0.009676
0.002078
-0.004076
-0.009321
-0.013821
-0.016695
-0.017998
-0.017643
-0.015511
-0.012897
-0.010101
-0.006554
-0.003100
-0.000150
0.002312
0.003900
0.004806
0.005680
0.006486
0.006980
0.007292
0.007436
0.007443
0.007327
0.007437
0.008137
0.009281
0.010920
0.013689
0.017173
0.021255
0.025806
0.029898
0.033502
0.036415
0.038312
0.039802
0.040352
0.038596
0.035958
0.032420
0.026458
0.018342
0.008264
-0.001921
-0.010581
-0.018467
-0.026037
-0.032840
-0.038778
-0.044220
-0.048568
-0.051307
-0.052724
-0.053097
-0.052233
-0.049546
-0.045503
-0.040674
-0.035547
-0.030700
-0.027265
-0.025528
-0.024506
-0.024780
-0.025885
-0.026642
-0.027331
-0.028050
-0.027958
-0.027014
-0.026313
-0.026258
-0.026830
-0.027847
-0.029759
-0.032977
-0.037056
-0.041527
-0.045823
-0.049399
-0.052659
-0.055958
-0.058949
-0.062254
-0.065236
-0.066965
-0.068606
-0.069968
-0.070435
-0.070196
-0.069065
-0.067014
-0.063730
-0.059228
-0.054399
-0.049286
-0.043459
-0.037874
-0.032975
-0.027836
-0.022441
-0.017648
-0.013226
-0.009260
-0.006539
-0.004796
-0.003987
-0.004159
-0.004980
-0.006295
-0.007842
-0.009261
-0.011235
-0.013563
-0.015175
-0.017153
-0.019383
-0.021204
-0.023003
-0.024238
-0.024450
-0.023145
-0.020541
-0.017197
-0.013296
-0.009056
-0.004503
-0.000742
0.002816
0.006151
0.007695
0.008120
0.007908
0.006760
0.004911
0.003166
0.001328
-0.000619
-0.003140
-0.006825
-0.010324
-0.012848
-0.014055
-0.013561
-0.012093
-0.009882
-0.006096
-0.000890
0.004250
0.008368
0.011879
0.014531
0.016067
0.016618
0.015693
0.013639
0.010685
0.006939
0.001419
-0.007280
-0.016484
-0.023399
-0.028355
-0.032806
-0.037439
-0.041242
-0.043940
-0.046645
-0.049865
-0.052848
-0.056022
-0.059480
-0.062143
-0.064839
-0.067379
-0.069349
-0.071005
-0.072088
-0.072908
-0.072871
-0.072923
-0.074095
-0.075187
-0.075369
-0.075416
-0.076241
-0.076639
-0.076465
-0.076057
-0.074750
-0.072827
-0.069421
-0.064692
-0.058945
-0.050648
-0.039316
-0.025449
-0.010455
0.003429
0.014132
0.022102
0.028967
0.034976
0.038741
0.039940
0.038861
0.035272
0.029566
0.020148
0.007362
-0.006133
-0.019338
-0.032334
-0.045459
-0.056870
-0.064587
-0.069957
-0.075139
-0.079562
-0.081944
-0.083824
-0.085058
-0.084812
-0.084473
-0.083547
-0.081688
-0.080041
-0.078398
-0.075949
-0.072904
-0.070050
-0.067637
-0.064314
-0.059927
-0.055273
-0.049743
-0.044075
-0.038073
-0.031529
-0.027026
-0.024059
-0.021946
-0.021150
-0.020043
-0.019108
-0.018671
-0.018274
-0.018646
-0.018799
-0.017760
-0.016542
-0.015226
-0.012487
-0.009001
-0.005073
-0.000354
0.003884
0.008626
0.014834
0.020696
0.025658
0.030148
0.035013
0.039288
0.042425
0.046240
0.049306
0.051659
0.053672
0.053913
0.053644
0.053236
0.051862
0.049426
0.045684
0.040313
0.034199
0.028792
0.023610
0.018132
0.013702
0.011358
0.010088
0.009560
0.010308
0.012147
0.014385
0.016216
0.018158
0.020159
0.021486
0.022130
0.023045
0.023946
0.024299
0.025436
0.027291
0.029322
0.030985
0.032044
0.033132
0.033638
0.033565
0.033249
0.032122
0.030628
0.028377
0.025704
0.022715
0.018711
0.014159
0.008164
0.001335
-0.005693
-0.013122
-0.019411
-0.024477
-0.029212
-0.033426
-0.036880
-0.039463
-0.041076
-0.041456
-0.041252
-0.040637
-0.039331
-0.037831
-0.036972
-0.036610
-0.036590
-0.037794
-0.039026
-0.040010
-0.041152
-0.042024
-0.042650
-0.041928
-0.039747
-0.037768
-0.035280
-0.032185
-0.029379
-0.025791
-0.021788
-0.017979
-0.013984
-0.009819
-0.004950
0.001334
0.008643
0.015779
0.021437
0.026349
0.031129
0.035030
0.037779
0.038443
0.036769
0.034320
0.032414
0.029693
0.025063
0.019617
0.014661
0.011813
0.009955
0.007810
0.006348
0.005668
0.004689
0.002687
0.000323
-0.002598
-0.007792
-0.014776
-0.021583
-0.028592
-0.035670
-0.042147
-0.048044
-0.052723
-0.054618
-0.054693
-0.054352
-0.051823
-0.046813
-0.040168
-0.031888
-0.022607
-0.012970
-0.003151
0.005969
0.014360
0.021302
0.026312
0.030763
0.034285
0.036616
0.037837
0.038274
0.038595
0.038032
0.037144
0.036837
0.036015
0.034223
0.032104
0.029970
0.027562
0.024585
0.020978
0.017152
0.013609
0.009878
0.006818
0.004784
0.003545
0.003457
0.003161
0.002903
0.003545
0.004325
0.005717
0.007910
0.010215
0.012816
0.016424
0.021194
0.025705
0.029386
0.032944
0.036265
0.039292
0.042004
0.043196
0.042874
0.041829
0.039899
0.037617
0.035021
0.032065
0.029208
0.026718
0.025115
0.023555
0.021571
0.019315
0.016407
0.012884
0.007778
0.001343
-0.004405
-0.008841
-0.012990
-0.017502
-0.021421
-0.024760
-0.027706
-0.029746
-0.031345
-0.032735
-0.033865
-0.034281
-0.034051
-0.033908
-0.033608
-0.033109
-0.033074
-0.033400
-0.033855
-0.035068
-0.036869
-0.038873
-0.040644
-0.042010
-0.043080
-0.043477
-0.043615
-0.043479
-0.042569
-0.041008
-0.039008
-0.035920
-0.031855
-0.027595
-0.022796
-0.017729
-0.012439
-0.006118
0.000551
0.006884
0.012317
0.016339
0.019896
0.023177
0.025968
0.028158
0.029263
0.030037
0.031166
0.031569
0.031505
0.031929
0.032246
0.032709
0.034307
0.036530
0.038534
0.040511
0.042648
0.045215
0.047598
0.049748
0.052425
0.055180
0.058087
0.060634
0.062491
0.063424
0.063070
0.062786
0.062158
0.060185
0.057430
0.053511
0.048092
0.042210
0.036558
0.031209
0.026036
0.021235
0.017759
0.015993
0.015535
0.015819
0.016613
0.017998
0.019548
0.020880
0.021712
0.021964
0.022281
0.023122
0.024280
0.025278
0.025767
0.026119
0.026590
0.027359
0.027965
0.027955
0.027566
0.026426
0.025006
0.022453
0.019333
0.016472
0.012523
0.008504
0.004012
-0.001396
-0.006387
-0.011601
-0.017134
-0.021719
-0.025389
-0.028161
-0.029775
-0.030551
-0.030512
-0.029472
-0.026958
-0.023542
-0.019925
-0.016544
-0.013208
-0.010185
-0.008598
-0.007422
-0.006981
-0.007453
-0.007796
-0.008555
-0.009310
-0.009207
-0.008306
-0.006702
-0.004014
-0.000159
0.004831
0.010365
0.015945
0.021752
0.027042
0.031773
0.036346
0.040489
0.043696
0.046162
0.047850
0.048613
0.049010
0.049101
0.048973
0.048588
0.048071
0.047487
0.046707
0.046009
0.044878
0.043022
0.040772
0.037942
0.035074
0.032706
0.030700
0.029100
0.027923
0.027045
0.025874
0.024351
0.022845
0.021240
0.019633
0.017722
0.015242
0.012497
0.009911
0.008091
0.006376
0.004523
0.002730
0.000569
-0.001669
-0.004309
-0.007402
-0.010584
-0.013917
-0.017225
-0.020500
-0.023617
-0.026132
-0.028265
-0.030224
-0.031511
-0.032258
-0.032957
-0.033412
-0.033602
-0.033783
-0.034014
-0.034559
-0.035775
-0.037629
-0.039922
-0.042410
-0.045032
-0.047914
-0.050700
-0.053044
-0.055141
-0.056712
-0.057914
-0.059143
-0.059789
-0.059908
-0.059679
-0.058905
-0.056894
-0.053608
-0.049147
-0.043357
-0.036907
-0.029455
-0.021761
-0.015303
-0.010087
-0.006103
-0.003061
-0.000728
0.000756
0.001093
0.000743
0.000848
0.001738
0.003450
0.005858
0.008800
0.011862
0.014264
0.015913
0.016829
0.016713
0.015212
0.012313
0.008360
0.003214
-0.002700
-0.008445
-0.013990
-0.020030
-0.026256
-0.031572
-0.035868
-0.039257
-0.042002
-0.044242
-0.045485
-0.046033
-0.046275
-0.045811
-0.044747
-0.043546
-0.042414
-0.041062
-0.039194
-0.037293
-0.035485
-0.033777
-0.032457
-0.031186
-0.029441
-0.027016
-0.024435
-0.021942
-0.019072
-0.015974
-0.012675
-0.008937
-0.005086
-0.001013
0.003157
0.006750
0.009967
0.013159
0.016445
0.019535
0.022377
0.025447
0.028777
0.031876
0.034147
0.035310
0.035699
0.035513
0.034409
0.031668
0.027764
0.023511
0.018028
0.011725
0.005874
0.001015
-0.003015
-0.006451
-0.008610
-0.009576
-0.009979
-0.009707
-0.009069
-0.007609
-0.005422
-0.002971
0.000334
0.004005
0.007880
0.012246
0.016874
0.021147
0.024930
0.028249
0.031629
0.035302
0.037972
0.039710
0.041230
0.042432
0.043588
0.044546
0.044510
0.043340
0.041868
0.040105
0.037448
0.034354
0.031118
0.027179
0.022548
0.018066
0.014318
0.011389
0.009284
0.008549
0.009137
0.010378
0.012550
0.015940
0.019711
0.023376
0.026953
0.030512
0.034051
0.037198
0.040384
0.043622
0.046218
0.048657
0.051081
0.052944
0.054869
0.057061
0.059309
0.061270
0.062520
0.063746
0.065043
0.066032
0.066209
0.065450
0.064274
0.062572
0.060315
0.058398
0.056960
0.055125
0.052629
0.049186
0.044578
0.039258
0.033143
0.025642
0.018118
0.011117
0.003541
-0.004526
-0.012097
-0.018722
-0.024880
-0.030755
-0.036231
-0.041385
-0.046459
-0.050305
-0.052509
-0.053485
-0.052198
-0.049135
-0.045485
-0.040980
-0.036100
-0.031365
-0.026635
-0.022109
-0.017747
-0.013750
-0.009874
-0.006186
-0.002542
0.001697
0.005935
0.010024
0.013895
0.017512
0.021186
0.024656
0.027562
0.030682
0.034499
0.037880
0.039712
0.040723
0.042629
0.044610
0.045670
0.045768
0.045440
0.045157
0.044956
0.045185
0.044811
0.044090
0.043764
0.042930
0.041493
0.039851
0.037679
0.034472
0.030518
0.026410
0.021819
0.016885
0.011745
0.006785
0.002300
-0.002421
-0.006822
-0.010434
-0.013123
-0.014787
-0.016111
-0.016809
-0.017170
-0.018007
-0.018684
-0.019225
-0.020093
-0.021216
-0.022318
-0.023674
-0.025273
-0.026108
-0.026349
-0.026287
-0.026080
-0.025942
-0.025006
-0.023220
-0.021319
-0.019872
-0.018894
-0.018129
-0.017741
-0.017730
-0.017839
-0.017985
-0.018273
-0.018565
-0.019026
-0.019767
-0.020899
-0.022267
-0.023313
-0.024903
-0.027133
-0.029050
-0.030542
-0.031522
-0.031773
-0.031503
-0.030874
-0.029271
-0.026466
-0.022450
-0.017716
-0.013056
-0.007991
-0.002419
0.003040
0.008131
0.012311
0.015531
0.017925
0.019047
0.019136
0.017939
0.015814
0.013555
0.011142
0.009653
0.009212
0.008943
0.009162
0.010116
0.011209
0.013036
0.015416
0.017688
0.020048
0.021737
0.023239
0.024600
0.024673
0.023883
0.022559
0.019637
0.015593
0.011691
0.008005
0.004675
0.001957
0.000529
-0.000019
0.000088
0.001615
0.004180
0.007201
0.010592
0.014549
0.018656
0.022392
0.025764
0.028424
0.029695
0.029767
0.029923
0.029278
0.027636
0.026319
0.024180
0.021234
0.018673
0.015905
0.012475
0.009016
0.005596
0.002481
-0.000160
-0.002340
-0.003808
-0.004614
-0.004873
-0.005074
-0.005545
-0.005883
-0.006092
-0.006742
-0.007205
-0.007924
-0.009388
-0.010861
-0.012393
-0.013924
-0.015296
-0.016147
-0.016673
-0.016768
-0.016370
-0.015752
-0.014019
-0.011276
-0.008133
-0.004280
0.000201
0.005040
0.010169
0.014811
0.019426
0.024875
0.030193
0.034630
0.037881
0.040319
0.042112
0.043051
0.043634
0.043235
0.041021
0.037626
0.033884
0.029687
0.025194
0.020796
0.017051
0.015067
0.014167
0.013509
0.013979
0.015627
0.017486
0.019506
0.021915
0.024075
0.025847
0.027576
0.028972
0.029727
0.029810
0.029841
0.029761
0.029124
0.028735
0.028158
0.027445
0.027366
0.027357
0.028011
0.029011
0.029566
0.030464
0.031141
0.031745
0.032671
0.032672
0.031089
0.027955
0.024196
0.019486
0.013721
0.006914
-0.001747
-0.010289
-0.017411
-0.023583
-0.029016
-0.033721
-0.037502
-0.040309
-0.041623
-0.041897
-0.041316
-0.039099
-0.035807
-0.032096
-0.027540
-0.022506
-0.018097
-0.013479
-0.008726
-0.005161
-0.002248
0.000465
0.002623
0.004105
0.005191
0.005941
0.006860
0.007687
0.008327
0.009484
0.009792
0.009917
0.011060
0.012261
0.014020
0.016337
0.018514
0.020572
0.022229
0.023752
0.024798
0.025624
0.026731
0.026900
0.026045
0.024241
0.021780
0.018993
0.015366
0.011154
0.006315
0.000741
-0.004672
-0.009238
-0.012813
-0.015743
-0.018354
-0.020762
-0.023066
-0.024900
-0.026127
-0.027303
-0.028376
-0.029111
-0.030233
-0.031700
-0.032398
-0.032311
-0.031961
-0.030895
-0.029360
-0.027586
-0.025427
-0.022963
-0.019983
-0.016887
-0.013884
-0.010723
-0.007718
-0.005199
-0.003004
-0.000854
0.001353
0.003482
0.005417
0.006696
0.007527
0.007982
0.007818
0.007434
0.006759
0.005984
0.005223
0.004124
0.002904
0.002026
0.001570
0.001722
0.002177
0.002641
0.003492
0.004294
0.004901
0.005768
0.006888
0.008349
0.009769
0.010783
0.011570
0.012421
0.013368
0.013894
0.013912
0.013026
0.011008
0.008333
0.004872
0.000997
-0.002851
-0.006795
-0.010533
-0.013649
-0.016040
-0.018430
-0.021224
-0.023625
-0.025351
-0.026346
-0.026684
-0.026769
-0.026852
-0.027002
-0.026399
-0.025252
-0.024262
-0.023014
-0.021738
-0.020709
-0.019898
-0.019378
-0.018690
-0.017878
-0.017202
-0.016329
-0.015453
-0.014624
-0.013840
-0.013223
-0.012362
-0.011494
-0.010881
-0.010826
-0.011414
-0.011877
-0.012036
-0.012239
-0.012618
-0.013252
-0.014328
-0.015591
-0.016919
-0.018408
-0.019821
-0.020877
-0.021834
-0.022695
-0.023206
-0.023670
-0.023817
-0.023212
-0.022071
-0.020863
-0.019410
-0.017416
-0.015387
-0.013757
-0.012110
-0.010620
-0.009946
-0.009581
-0.009097
-0.008640
-0.008008
-0.007308
-0.006693
-0.005597
-0.004292
-0.003296
-0.002382
-0.001576
-0.001179
-0.000822
-0.000191
0.000495
0.001034
0.001200
0.001242
0.001064
0.000343
-0.000932
-0.002968
-0.005777
-0.008819
-0.011671
-0.014409
-0.017344
-0.020047
-0.022234
-0.024254
-0.025935
-0.027139
-0.027996
-0.029003
-0.030369
-0.031536
-0.032598
-0.033803
-0.034941
-0.036288
-0.037547
-0.038562
-0.039568
-0.040268
-0.040809
-0.041357
-0.041831
-0.041981
-0.041512
-0.040622
-0.039853
-0.039476
-0.039206
-0.038886
-0.038810
-0.038593
-0.038011
-0.037562
-0.037269
-0.037303
-0.037636
-0.037923
-0.037886
-0.037728
-0.037809
-0.037946
-0.037938
-0.037493
-0.036594
-0.035097
-0.032549
-0.029224
-0.025594
-0.021390
-0.016608
-0.011740
-0.007109
-0.002557
0.001882
0.005648
0.008159
0.009416
0.010046
0.010269
0.010077
0.009546
0.008647
0.007497
0.006722
0.006325
0.006081
0.005785
0.005239
0.004833
0.004556
0.004680
0.004940
0.005174
0.005884
0.006933
0.008160
0.009454
0.010762
0.012019
0.012927
0.013249
0.013353
0.012906
0.011866
0.010676
0.008970
0.007172
0.005546
0.004029
0.003043
0.002642
0.002570
0.002699
0.003187
0.004112
0.005204
0.006538
0.008233
0.009884
0.011498
0.013446
0.015820
0.018577
0.021433
0.024208
0.027076
0.029690
0.031910
0.033890
0.035176
0.035787
0.035784
0.035022
0.033583
0.031397
0.028489
0.025259
0.021764
0.018001
0.014182
0.010049
0.006310
0.003400
0.001023
-0.000708
-0.002073
-0.003222
-0.004090
-0.004523
-0.004408
-0.003751
-0.002585
-0.001107
0.000720
0.002584
0.003861
0.004842
0.005577
0.005840
0.005829
0.005333
0.004388
0.003050
0.001256
-0.000815
-0.003036
-0.005163
-0.007240
-0.009406
-0.011719
-0.013900
-0.015454
-0.016396
-0.017213
-0.017998
-0.018205
-0.017846
-0.017254
-0.016444
-0.015454
-0.013893
-0.011730
-0.009490
-0.007067
-0.004614
-0.001907
0.001633
0.005328
0.008446
0.011445
0.014634
0.017439
0.019830
0.021799
0.023284
0.024284
0.024548
0.024253
0.023271
0.021671
0.019513
0.016530
0.012794
0.008580
0.004204
-0.000059
-0.003798
-0.007386
-0.011049
-0.014427
-0.017671
-0.020496
-0.022186
-0.022715
-0.022800
-0.022792
-0.022555
-0.021645
-0.019946
-0.018116
-0.016197
-0.014006
-0.011990
-0.010441
-0.009133
-0.008180
-0.007514
-0.006579
-0.005596
-0.005042
-0.004603
-0.004295
-0.004152
-0.003918
-0.004092
-0.004747
-0.005534
-0.005991
-0.005786
-0.005135
-0.004389
-0.003586
-0.002409
-0.000645
0.001747
0.004513
0.007059
0.008926
0.010334
0.011450
0.012329
0.013052
0.013246
0.012956
0.012772
0.012831
0.013043
0.013552
0.014325
0.015142
0.016032
0.017250
0.018657
0.020414
0.022603
0.024456
0.026028
0.027313
0.028101
0.028461
0.028166
0.027447
0.026496
0.025414
0.024307
0.023141
0.022007
0.020871
0.019715
0.019063
0.019062
0.019846
0.021623
0.023880
0.026251
0.028583
0.031069
0.033427
0.034798
0.035710
0.036875
0.037699
0.037812
0.037119
0.035901
0.034850
0.033706
0.032312
0.030811
0.029022
0.027204
0.025500
0.023735
0.022231
0.020871
0.019372
0.017720
0.015515
0.013090
0.010957
0.008676
0.005847
0.002771
-0.000407
-0.003481
-0.006046
-0.008187
-0.010075
-0.011766
-0.013087
-0.013902
-0.014459
-0.015037
-0.015676
-0.016250
-0.016763
-0.017311
-0.017837
-0.018379
-0.018805
-0.019029
-0.019275
-0.019356
-0.018800
-0.017656
-0.016366
-0.015265
-0.014527
-0.013820
-0.013126
-0.012713
-0.012226
-0.011666
-0.011491
-0.012048
-0.013234
-0.014626
-0.016112
-0.017690
-0.019464
-0.021502
-0.023558
-0.025399
-0.026792
-0.027833
-0.028854
-0.029751
-0.030491
-0.030897
-0.030919
-0.030937
-0.030752
-0.030155
-0.029422
-0.028771
-0.028334
-0.028315
-0.028461
-0.028621
-0.028751
-0.028412
-0.027678
-0.026727
-0.025593
-0.024411
-0.023078
-0.021387
-0.019410
-0.017303
-0.015066
-0.012640
-0.010072
-0.007646
-0.005292
-0.002620
-0.000108
0.001916
0.003520
0.004472
0.005334
0.006255
0.007195
0.008188
0.008611
0.008384
0.007742
0.006765
0.005363
0.003645
0.001826
-0.000084
-0.001934
-0.003738
-0.005601
-0.007350
-0.008643
-0.009499
-0.010059
-0.010330
-0.010594
-0.010843
-0.010696
-0.010309
-0.010554
-0.011547
-0.012663
-0.013736
-0.014934
-0.016269
-0.017372
-0.017948
-0.018114
-0.018101
-0.017950
-0.017566
-0.016944
-0.016132
-0.014837
-0.012929
-0.010618
-0.007663
-0.004409
-0.001558
0.001385
0.004872
0.008527
0.011964
0.015206
0.018203
0.020603
0.022286
0.023426
0.024440
0.025302
0.025632
0.025575
0.024908
0.023411
0.021753
0.020181
0.018367
0.016436
0.014347
0.012347
0.010762
0.009150
0.007538
0.006111
0.004931
0.004096
0.003364
0.002633
0.002136
0.001795
0.001680
0.001887
0.001972
0.001477
0.000449
-0.000575
-0.001568
-0.002565
-0.003466
-0.004582
-0.005847
-0.007052
-0.008116
-0.008801
-0.009049
-0.008884
-0.008220
-0.007019
-0.005102
-0.002499
0.000277
0.002762
0.004939
0.006959
0.008921
0.010483
0.011260
0.011577
0.011429
0.010756
0.009758
0.008606
0.007558
0.006733
0.006267
0.005962
0.005603
0.005403
0.005492
0.005555
0.005128
0.004317
0.003499
0.002814
0.002064
0.001031
-0.000232
-0.001625
-0.002853
-0.003788
-0.004475
-0.004847
-0.004819
-0.004364
-0.003542
-0.002294
-0.000504
0.001753
0.004090
0.006517
0.009320
0.012126
0.014631
0.016825
0.018523
0.019574
0.020012
0.020067
0.019398
0.017845
0.015773
0.013323
0.010850
0.008198
0.005434
0.002952
0.000553
-0.001277
-0.002201
-0.002313
-0.002054
-0.002137
-0.002234
-0.002117
-0.001779
-0.001026
-0.000129
0.000805
0.001778
0.002825
0.004150
0.005840
0.007628
0.009234
0.010955
0.012906
0.014988
0.016840
0.018151
0.019278
0.020402
0.021450
0.022133
0.022167
0.021528
0.020382
0.018949
0.017395
0.015847
0.014215
0.012574
0.011086
0.009617
0.008166
0.006914
0.005759
0.004674
0.003750
0.002779
0.001777
0.000864
0.000136
-0.000240
-0.000419
-0.000668
-0.001041
-0.001450
-0.001792
-0.002024
-0.002414
-0.002888
-0.003127
-0.003335
-0.003709
-0.004071
-0.004414
-0.004876
-0.005411
-0.006060
-0.006617
-0.006702
-0.006500
-0.006161
-0.005649
-0.004774
-0.003585
-0.002470
-0.001312
-0.000408
0.000202
0.000820
0.000982
0.000540
-0.000233
-0.001378
-0.002909
-0.004484
-0.005905
-0.007092
-0.008076
-0.009203
-0.010128
-0.010452
-0.010163
-0.009449
-0.008760
-0.007965
-0.007039
-0.006012
-0.005178
-0.004814
-0.004340
-0.003590
-0.002730
-0.001767
-0.001038
-0.000652
-0.000169
0.000724
0.001956
0.002985
0.003472
0.003702
0.003822
0.003912
0.004096
0.004234
0.004204
0.004114
0.003991
0.003759
0.003530
0.003415
0.003380
0.003558
0.003976
0.004488
0.004905
0.005023
0.004985
0.004850
0.004290
0.003163
0.001796
0.000422
-0.000683
-0.001403
-0.002089
-0.002740
-0.003082
-0.002768
-0.001892
-0.000896
0.000096
0.000975
0.001562
0.002103
0.002846
0.003507
0.004066
0.004458
0.004708
0.005107
0.005538
0.006062
0.006399
0.006131
0.005419
0.004377
0.002986
0.001171
-0.000887
-0.003050
-0.005502
-0.008333
-0.011522
-0.014764
-0.017819
-0.020796
-0.023835
-0.026729
-0.029157
-0.031240
-0.033016
-0.034413
-0.035560
-0.036497
-0.037316
-0.037853
-0.037854
-0.037813
-0.037880
-0.037554
-0.036946
-0.036235
-0.035515
-0.035144
-0.034835
-0.034165
-0.033445
-0.032658
-0.031852
-0.031514
-0.031103
-0.030287
-0.029707
-0.029643
-0.030094
-0.030735
-0.031068
-0.031060
-0.030989
-0.031153
-0.031499
-0.031750
-0.031789
-0.031315
-0.030219
-0.028981
-0.027885
-0.026898
-0.026058
-0.025185
-0.023910
-0.022388
-0.020627
-0.018464
-0.016210
-0.013587
-0.010530
-0.007482
-0.004318
-0.001075
0.001584
0.003307
0.004603
0.005619
0.006290
0.006779
0.006705
0.005468
0.003262
0.000864
-0.000911
-0.001691
-0.002281
-0.003166
-0.004151
-0.004697
-0.004435
-0.003990
-0.003553
-0.003138
-0.003063
-0.002858
-0.002237
-0.001486
-0.000882
-0.000823
-0.001266
-0.001666
-0.001815
-0.001909
-0.001835
-0.001454
-0.000793
0.000223
0.001540
0.002916
0.004393
0.006074
0.007738
0.009157
0.010050
0.010404
0.010536
0.010362
0.009609
0.008590
0.007340
0.005786
0.004485
0.003357
0.002270
0.001574
0.001124
0.000580
0.000006
-0.000469
-0.000856
-0.001196
-0.001834
-0.002815
-0.003854
-0.004820
-0.005672
-0.006468
-0.007248
-0.008004
-0.008905
-0.009850
-0.010451
-0.010803
-0.011171
-0.011694
-0.012255
-0.012674
-0.012978
-0.013135
-0.013430
-0.013722
-0.013444
-0.012720
-0.011679
-0.010675
-0.009974
-0.009019
-0.007851
-0.007022
-0.006204
-0.004840
-0.002940
-0.000822
0.000930
0.002370
0.003900
0.005559
0.007344
0.008687
0.009706
0.010919
0.011812
0.012229
0.012641
0.013211
0.013893
0.014596
0.015160
0.015525
0.015617
0.015630
0.015742
0.015780
0.015665
0.015194
0.014240
0.012999
0.011770
0.010728
0.009850
0.009054
0.008163
0.007298
0.006684
0.006149
0.005626
0.005009
0.004276
0.003731
0.003300
0.002839
0.002397
0.001891
0.001464
0.001258
0.001123
0.000873
0.000496
0.000048
-0.000303
-0.000423
-0.000613
-0.000996
-0.001415
-0.001851
-0.002427
-0.003036
-0.003485
-0.003784
-0.003808
-0.003723
-0.003690
-0.003649
-0.003656
-0.003684
-0.003852
-0.004466
-0.005578
-0.007075
-0.008844
-0.010710
-0.012631
-0.014216
-0.015228
-0.015829
-0.015908
-0.015524
-0.014812
-0.013772
-0.012540
-0.010819
-0.008393
-0.006127
-0.004502
-0.003473
-0.002808
-0.001806
-0.000658
-0.000102
-0.000226
-0.000769
-0.001339
-0.001893
-0.002660
-0.003653
-0.005164
-0.007135
-0.008782
-0.009825
-0.010545
-0.011217
-0.011941
-0.012683
-0.013514
-0.014337
-0.015050
-0.015640
-0.016048
-0.016271
-0.016064
-0.015629
-0.015548
-0.015545
-0.015074
-0.013936
-0.012702
-0.012138
-0.011785
-0.011062
-0.009943
-0.008644
-0.007573
-0.007098
-0.007173
-0.007367
-0.007585
-0.007617
-0.007509
-0.007455
-0.007220
-0.006812
-0.005960
-0.004603
-0.003198
-0.001595
0.000539
0.003103
0.005774
0.008257
0.010479
0.012445
0.014592
0.016993
0.019094
0.020754
0.022266
0.024099
0.025902
0.027182
0.028221
0.029392
0.030448
0.031319
0.032013
0.032173
0.032031
0.031858
0.031493
0.030945
0.030680
0.030452
0.030009
0.029618
0.029366
0.029332
0.029284
0.029211
0.029347
0.029902
0.030492
0.030593
0.030610
0.030705
0.030523
0.030100
0.029625
0.029023
0.028185
0.026842
0.025425
0.024357
0.023284
0.022299
0.021108
0.019782
0.018810
0.018090
0.017741
0.017482
0.017332
0.017393
0.017432
0.017710
0.017837
0.017619
0.017170
0.016604
0.016350
0.016141
0.016080
0.016366
0.016361
0.015995
0.015535
0.015197
0.015100
0.014723
0.014065
0.013523
0.012758
0.011784
0.010777
0.009382
0.007886
0.006482
0.004727
0.002787
0.001120
-0.000535
-0.002450
-0.004212
-0.005514
-0.006195
-0.006628
-0.007432
-0.008379
-0.009106
-0.009439
-0.009351
-0.008945
-0.008922
-0.009218
-0.008918
-0.008375
-0.007797
-0.007090
-0.006164
-0.005046
-0.003814
-0.001937
0.000081
0.001638
0.003194
0.005009
0.006561
0.007777
0.008983
0.009784
0.010162
0.010386
0.010182
0.009757
0.009851
0.010227
0.010670
0.011318
0.011909
0.012817
0.014222
0.015478
0.016747
0.018319
0.019925
0.021453
0.022736
0.024005
0.025254
0.026292
0.027299
0.027877
0.027938
0.027667
0.027013
0.026231
0.025063
0.023294
0.021524
0.019972
0.018242
0.016513
0.014862
0.012981
0.011304
0.009678
0.008152
0.007132
0.006192
0.005229
0.004644
0.004454
0.004098
0.003688
0.003446
0.003231
0.002834
0.002544
0.002126
0.001274
0.000931
0.001312
0.001958
0.002587
0.003104
0.003366
0.003641
0.004209
0.005357
0.006860
0.007678
0.008196
0.008893
0.009351
0.009784
0.010417
0.010882
0.011099
0.011702
0.012427
0.012849
0.013599
0.014732
0.015981
0.017112
0.017698
0.017661
0.017548
0.017647
0.018249
0.019042
0.019362
0.019807
0.020134
0.020142
0.020246
0.020578
0.020745
0.020263
0.019831
0.019426
0.018723
0.018151
0.017380
0.016163
0.014614
0.013173
0.012478
0.011549
0.010040
0.008413
0.006730
0.005084
0.003186
0.001210
-0.000892
-0.003255
-0.005279
-0.006931
-0.008771
-0.010310
-0.011338
-0.011781
-0.011935
-0.012579
-0.012985
-0.013192
-0.013073
-0.012441
-0.011760
-0.010684
-0.009646
-0.008823
-0.007786
-0.006862
-0.005978
-0.004917
-0.003806
-0.002858
-0.002327
-0.001897
-0.001313
-0.000583
0.000415
0.001443
0.002164
0.003106
0.004697
0.006275
0.007397
0.008304
0.008575
0.008872
0.009663
0.009816
0.009503
0.008307
0.006380
0.004857
0.003336
0.002184
0.001449
0.000169
-0.001248
-0.002233
-0.003054
-0.003718
-0.004404
-0.005300
-0.006047
-0.006523
-0.007033
-0.007796
-0.008542
-0.009230
-0.010238
-0.011399
-0.012360
-0.013141
-0.013952
-0.014636
-0.015201
-0.015511
-0.015285
-0.015054
-0.014927
-0.015136
-0.015561
-0.015492
-0.014953
-0.014227
-0.013543
-0.013073
-0.012464
-0.011844
-0.011369
-0.010696
-0.010132
-0.009645
-0.009111
-0.008449
-0.007831
-0.007160
-0.006175
-0.005386
-0.004619
-0.003630
-0.002496
-0.001582
-0.001170
-0.000995
-0.000767
-0.000781
-0.001251
-0.001609
-0.002006
-0.002783
-0.003787
-0.004527
-0.005068
-0.005559
-0.005848
-0.005991
-0.005963
-0.005939
-0.005528
-0.005020
-0.004504
-0.003624
-0.002987
-0.002457
-0.001719
-0.001164
-0.000872
-0.000654
-0.000591
-0.000457
-0.000331
-0.000490
-0.000563
-0.000767
-0.001118
-0.000913
-0.000570
-0.000403
-0.000269
0.000020
0.000804
0.001551
0.002147
0.002917
0.003776
0.004559
0.005074
0.005401
0.005503
0.005324
0.005112
0.004654
0.004109
0.004226
0.005000
0.006216
0.007857
0.009610
0.011533
0.013551
0.015121
0.016715
0.018312
0.019519
0.020451
0.021127
0.021713
0.021808
0.021305
0.020851
0.020282
0.019132
0.017953
0.017025
0.016259
0.015728
0.015276
0.014597
0.013323
0.011440
0.009247
0.007056
0.004762
0.002529
0.000752
-0.000972
-0.002513
-0.003752
-0.004927
-0.005757
-0.006499
-0.007139
-0.007466
-0.007766
-0.007967
-0.007961
-0.007953
-0.007887
-0.007665
-0.007543
-0.007256
-0.006547
-0.005734
-0.004996
-0.004491
-0.004059
-0.003229
-0.002234
-0.001238
0.000181
0.001606
0.002767
0.004147
0.005846
0.007517
0.008947
0.010321
0.011836
0.013261
0.014235
0.014808
0.015228
0.015686
0.015815
0.015163
0.014129
0.013049
0.011799
0.010383
0.009083
0.007943
0.006557
0.005047
0.003845
0.003195
0.002610
0.001362
-0.000121
-0.001237
-0.002255
-0.003224
-0.003935
-0.004833
-0.005829
-0.006432
-0.006599
-0.006499
-0.006456
-0.006775
-0.007035
-0.007051
-0.007449
-0.008170
-0.008474
-0.008617
-0.009400
-0.010187
-0.010801
-0.011498
-0.011897
-0.012313
-0.013033
-0.013656
-0.013840
-0.014019
-0.014377
-0.014558
-0.014726
-0.014925
-0.015008
-0.014972
-0.014707
-0.014174
-0.013522
-0.012634
-0.011197
-0.009523
-0.007746
-0.006086
-0.004628
-0.003014
-0.001551
-0.000281
0.000993
0.002241
0.003368
0.004115
0.004513
0.004610
0.004430
0.004075
0.003580
0.003354
0.003195
0.002965
0.002982
0.003080
0.003239
0.003317
0.003319
0.003493
0.003804
0.004204
0.004483
0.004661
0.005119
0.005642
0.005976
0.006421
0.007164
0.008032
0.008910
0.009781
0.010492
0.011173
0.012081
0.012991
0.013684
0.014101
0.014483
0.015072
0.015461
0.015612
0.015720
0.015565
0.015110
0.014415
0.013331
0.011931
0.010152
0.008226
0.006289
0.004034
0.001837
-0.000361
-0.002711
-0.004990
-0.007173
-0.009349
-0.011481
-0.013194
-0.014508
-0.015683
-0.016846
-0.017919
-0.019027
-0.020167
-0.021146
-0.022192
-0.023327
-0.024693
-0.026205
-0.027475
-0.028575
-0.029366
-0.030128
-0.031113
-0.032155
-0.033561
-0.035128
-0.036376
-0.037374
-0.038345
-0.039215
-0.039846
-0.040204
-0.040413
-0.040464
-0.040340
-0.040143
-0.039789
-0.039326
-0.038564
-0.037689
-0.036654
-0.035281
-0.033972
-0.032444
-0.030753
-0.029663
-0.029253
-0.028909
-0.028367
-0.027699
-0.027075
-0.026650
-0.026332
-0.025967
-0.025579
-0.025325
-0.024839
-0.024119
-0.023482
-0.022780
-0.021886
-0.020754
-0.019539
-0.018303
-0.017020
-0.015727
-0.014327
-0.012897
-0.011582
-0.010288
-0.009067
-0.008095
-0.007260
-0.006376
-0.005698
-0.005372
-0.005130
-0.004990
-0.004723
-0.004183
-0.003847
-0.003927
-0.004233
-0.004233
-0.004017
-0.003971
-0.003853
-0.003726
-0.003663
-0.003464
-0.003130
-0.002928
-0.002683
-0.002212
-0.001678
-0.001024
-0.000187
0.000865
0.002000
0.003445
0.005342
0.007060
0.008301
0.009376
0.010227
0.010633
0.010908
0.011076
0.010514
0.009360
0.007969
0.006051
0.004287
0.003149
0.001911
0.000556
-0.000575
-0.001420
-0.002284
-0.003531
-0.004830
-0.005592
-0.005992
-0.006473
-0.007074
-0.007905
-0.008830
-0.009677
-0.010372
-0.010973
-0.011472
-0.011669
-0.011597
-0.011352
-0.011147
-0.010904
-0.010319
-0.009393
-0.008354
-0.007193
-0.005941
-0.004976
-0.004247
-0.003508
-0.002609
-0.001493
-0.000335
0.000346
0.000471
0.000448
0.000512
0.000894
0.001471
0.001713
0.001489
0.001444
0.001632
0.001867
0.002170
0.002296
0.002409
0.002507
0.002464
0.002530
0.002718
0.003194
0.003748
0.003990
0.004223
0.004553
0.004975
0.005343
0.005200
0.004602
0.004117
0.003432
0.002350
0.001033
-0.000318
-0.001495
-0.002917
-0.004349
-0.005549
-0.006737
-0.007903
-0.009142
-0.010300
-0.010834
-0.011081
-0.011434
-0.011576
-0.011321
-0.010759
-0.010105
-0.009204
-0.008005
-0.006652
-0.005027
-0.003029
-0.000746
0.001499
0.003480
0.005086
0.006456
0.008124
0.009952
0.011450
0.012889
0.014247
0.015205
0.015834
0.016250
0.016664
0.016838
0.016412
0.015719
0.015349
0.015536
0.015974
0.016135
0.016167
0.016288
0.016420
0.016490
0.016263
0.016180
0.016410
0.016600
0.016872
0.017292
0.018002
0.018875
0.019584
0.020320
0.021204
0.022073
0.022759
0.023133
0.023051
0.022714
0.022532
0.022470
0.021971
0.020732
0.019213
0.017797
0.016441
0.014892
0.013143
0.011643
0.010605
0.009646
0.008453
0.007415
0.006776
0.006152
0.005499
0.004937
0.004294
0.003664
0.002861
0.002038
0.001561
0.001006
0.000273
-0.000485
-0.001260
-0.001969
-0.002420
-0.002412
-0.002138
-0.001961
-0.002032
-0.002309
-0.002518
-0.002201
-0.001372
-0.000568
0.000178
0.001003
0.001805
0.002570
0.003324
0.004190
0.005097
0.005980
0.006899
0.007784
0.008486
0.008896
0.009021
0.008868
0.008459
0.007751
0.006605
0.005041
0.003272
0.001475
-0.000282
-0.002062
-0.004017
-0.005975
-0.007599
-0.008824
-0.009828
-0.010753
-0.011290
-0.011435
-0.011520
-0.011335
-0.010864
-0.010171
-0.009051
-0.007745
-0.006300
-0.004439
-0.002408
-0.000642
0.000895
0.002611
0.004625
0.006516
0.007689
0.008242
0.008633
0.008745
0.008753
0.008732
0.008324
0.007712
0.007084
0.006528
0.006146
0.005611
0.004814
0.004020
0.003320
0.002805
0.002595
0.002343
0.001810
0.001367
0.001334
0.001330
0.000949
0.000185
-0.000811
-0.001422
-0.001523
-0.001561
-0.001739
-0.001922
-0.001908
-0.001794
-0.001514
-0.001091
-0.000849
-0.000757
-0.000712
-0.000595
-0.000482
-0.000443
-0.000344
-0.000296
-0.000183
-0.000026
0.000060
0.000216
0.000352
0.000526
0.000898
0.001381
0.001910
0.002494
0.003038
0.003456
0.003711
0.003834
0.003763
0.003478
0.003180
0.002803
0.002168
0.001365
0.000560
-0.000372
-0.001467
-0.002483
-0.003365
-0.004021
-0.004469
-0.005029
-0.005705
-0.006070
-0.006016
-0.005839
-0.005641
-0.005148
-0.004360
-0.003508
-0.002666
-0.001846
-0.001049
-0.000167
0.001077
0.002282
0.003098
0.003973
0.004955
0.005747
0.006330
0.006816
0.007333
0.007886
0.008361
0.008857
0.009369
0.009758
0.010220
0.010968
0.012025
0.012938
0.013215
0.013047
0.012797
0.012729
0.012785
0.012728
0.012674
0.012684
0.012711
0.012924
0.013290
0.013655
0.014099
0.014456
0.014481
0.014283
0.013997
0.013551
0.012703
0.011588
0.010473
0.009223
0.007629
0.005616
0.003574
0.001763
-0.000062
-0.001880
-0.003571
-0.005276
-0.006892
-0.008412
-0.010008
-0.011416
-0.012504
-0.013414
-0.014165
-0.014692
-0.015107
-0.015442
-0.015640
-0.015669
-0.015694
-0.016113
-0.016865
-0.017598
-0.017992
-0.018075
-0.018213
-0.018740
-0.019450
-0.019847
-0.019969
-0.019993
-0.020051
-0.020162
-0.020080
-0.019651
-0.019076
-0.018585
-0.018074
-0.017366
-0.016631
-0.016176
-0.015852
-0.015412
-0.014832
-0.014216
-0.013654
-0.013076
-0.012277
-0.011263
-0.010322
-0.009586
-0.008924
-0.008080
-0.007082
-0.006153
-0.005172
-0.004027
-0.002811
-0.001565
-0.000393
0.000742
0.001896
0.002915
0.003778
0.004721
0.005830
0.006986
0.008164
0.009340
0.010453
0.011342
0.011924
0.012308
0.012691
0.013345
0.014298
0.015182
0.015716
0.015868
0.015780
0.015582
0.015287
0.015039
0.014671
0.014095
0.013657
0.013327
0.012872
0.012268
0.011568
0.010825
0.009896
0.008644
0.007266
0.006183
0.005515
0.005014
0.004546
0.004097
0.003674
0.003187
0.002626
0.002055
0.001540
0.001173
0.000745
0.000153
-0.000213
-0.000370
-0.000514
-0.000542
-0.000524
-0.000484
-0.000326
0.000039
0.000464
0.000601
0.000445
0.000276
0.000141
-0.000001
-0.000095
-0.000194
-0.000144
0.000172
0.000514
0.000822
0.001065
0.001202
0.001454
0.001775
0.002069
0.002391
0.002538
0.002459
0.002220
0.001678
0.001061
0.000456
-0.000466
-0.001516
-0.002474
-0.003431
-0.004341
-0.005164
-0.006053
-0.007011
-0.007890
-0.008546
-0.008943
-0.009155
-0.009221
-0.009157
-0.008970
-0.008617
-0.007932
-0.006942
-0.005946
-0.005034
-0.004139
-0.002944
-0.001271
0.000413
0.001789
0.002961
0.004056
0.004919
0.005529
0.006022
0.006526
0.007127
0.007355
0.006980
0.006382
0.005867
0.005451
0.004917
0.004167
0.003323
0.002422
0.001490
0.000579
-0.000387
-0.001376
-0.002180
-0.002815
-0.003333
-0.003687
-0.003991
-0.004073
-0.003958
-0.003850
-0.003704
-0.003569
-0.003508
-0.003551
-0.003603
-0.003538
-0.003471
-0.003602
-0.004037
-0.004493
-0.004594
-0.004539
-0.004488
-0.004404
-0.004346
-0.004276
-0.004284
-0.004331
-0.004371
-0.004519
-0.004637
-0.004632
-0.004622
-0.004759
-0.005046
-0.005451
-0.005864
-0.006008
-0.005903
-0.005820
-0.005532
-0.004837
-0.004177
-0.003505
-0.002651
-0.001945
-0.001509
-0.001207
-0.001001
-0.000906
-0.000886
-0.001076
-0.001502
-0.002050
-0.002605
-0.003087
-0.003523
-0.003969
-0.004448
-0.004720
-0.004536
-0.004076
-0.003594
-0.003099
-0.002600
-0.002234
-0.002155
-0.002351
-0.002714
-0.003083
-0.003326
-0.003655
-0.004114
-0.004478
-0.004794
-0.005101
-0.005266
-0.005223
-0.005161
-0.005435
-0.005930
-0.006279
-0.006592
-0.007028
-0.007671
-0.008419
-0.009229
-0.010098
-0.010993
-0.011963
-0.012649
-0.012808
-0.012552
-0.011888
-0.010918
-0.010030
-0.009397
-0.008779
-0.007974
-0.007219
-0.006804
-0.006809
-0.007111
-0.007406
-0.007709
-0.008171
-0.008851
-0.009625
-0.010238
-0.010832
-0.011550
-0.012199
-0.012671
-0.012885
-0.012690
-0.012193
-0.011802
-0.011797
-0.012119
-0.012577
-0.013046
-0.013375
-0.013591
-0.013816
-0.013934
-0.013867
-0.013669
-0.013429
-0.013361
-0.013470
-0.013505
-0.013379
-0.013216
-0.013023
-0.012707
-0.012420
-0.012223
-0.011883
-0.011405
-0.010993
-0.010519
-0.009935
-0.009167
-0.008451
-0.008096
-0.007492
-0.006342
-0.004872
-0.003382
-0.002124
-0.000949
0.000286
0.001598
0.003029
0.004515
0.005841
0.006861
0.007657
0.008429
0.008995
0.009097
0.008769
0.008057
0.007145
0.006133
0.005036
0.003928
0.002809
0.001618
0.000313
-0.000983
-0.002173
-0.003132
-0.003889
-0.004727
-0.005489
-0.006041
-0.006553
-0.007053
-0.007482
-0.007722
-0.007802
-0.007784
-0.007641
-0.007478
-0.007387
-0.007288
-0.007033
-0.006488
-0.005905
-0.005723
-0.005791
-0.005446
-0.004297
-0.002768
-0.001515
-0.000765
-0.000329
0.000153
0.000804
0.001470
0.001984
0.002354
0.002777
0.003505
0.004433
0.005304
0.006142
0.007051
0.008121
0.009271
0.010449
0.011721
0.012962
0.014040
0.014877
0.015511
0.015994
0.016105
0.015822
0.015521
0.015394
0.015318
0.015054
0.014493
0.013807
0.013140
0.012351
0.011556
0.010956
0.010403
0.009755
0.009075
0.008577
0.008132
0.007703
0.007345
0.006852
0.006296
0.005822
0.005412
0.004916
0.004347
0.003951
0.003674
0.003263
0.002777
0.002336
0.001847
0.001236
0.000695
0.000337
0.000006
-0.000468
-0.001197
-0.001974
-0.002619
-0.003274
-0.004018
-0.004817
-0.005675
-0.006682
-0.007878
-0.009195
-0.010590
-0.011944
-0.013185
-0.014351
-0.015535
-0.016869
-0.018290
-0.019527
-0.020267
-0.020553
-0.020761
-0.021084
-0.021284
-0.021217
-0.021139
-0.021270
-0.021438
-0.021202
-0.020595
-0.019839
-0.018999
-0.018065
-0.016948
-0.015798
-0.014631
-0.013260
-0.011863
-0.010554
-0.009126
-0.007552
-0.005932
-0.004475
-0.003293
-0.002442
-0.001947
-0.001463
-0.000699
0.000031
0.000480
0.000958
0.001561
0.002341
0.003196
0.003848
0.004480
0.005136
0.005676
0.006039
0.006294
0.006713
0.007284
0.007765
0.007834
0.007473
0.007100
0.006906
0.006760
0.006808
0.007208
0.007613
0.007891
0.008293
0.008940
0.009731
0.010581
0.011565
0.012628
0.013685
0.014715
0.015622
0.016510
0.017525
0.018349
0.018834
0.019526
0.020391
0.021130
0.021658
0.021982
0.022479
0.023162
0.023900
0.024662
0.025418
0.025825
0.025876
0.026086
0.026272
0.026129
0.025814
0.025566
0.025169
0.024470
0.023800
0.023231
0.022739
0.022354
0.021726
0.020703
0.019586
0.018604
0.017713
0.016859
0.016225
0.015704
0.015141
0.014817
0.014636
0.014344
0.014103
0.013872
0.013936
0.014413
0.014665
0.014818
0.015116
0.015435
0.015959
0.016681
0.017177
0.017144
0.017025
0.017077
0.017004
0.016774
0.016367
0.015956
0.015838
0.015845
0.015892
0.015790
0.015334
0.014905
0.014719
0.014645
0.014406
0.013988
0.013665
0.013451
0.013239
0.012946
0.012510
0.011828
0.011266
0.010982
0.010562
0.010112
0.009580
0.009026
0.008664
0.007841
0.006491
0.005199
0.003803
0.002318
0.001135
0.000356
-0.000009
-0.000206
-0.000622
-0.001422
-0.002280
-0.002561
-0.002499
-0.002657
-0.003054
-0.003450
-0.003565
-0.003595
-0.003634
-0.003555
-0.003502
-0.003333
-0.003026
-0.002811
-0.002578
-0.002315
-0.002158
-0.002099
-0.001991
-0.002045
-0.002496
-0.002941
-0.003014
-0.002899
-0.002944
-0.003104
-0.002963
-0.002319
-0.001598
-0.000858
-0.000003
0.000879
0.002151
0.003504
0.004543
0.005600
0.006554
0.007562
0.008858
0.009971
0.010773
0.011432
0.011813
0.012103
0.012780
0.013542
0.014092
0.014691
0.015374
0.016140
0.016894
0.017422
0.017892
0.018295
0.018582
0.018816
0.018875
0.018634
0.018283
0.017986
0.017591
0.017282
0.016835
0.016167
0.015669
0.015218
0.014363
0.012962
0.011749
0.011333
0.011619
0.012124
0.012183
0.011904
0.011717
0.011623
0.011620
0.011506
0.011308
0.011416
0.011499
0.011144
0.010728
0.010458
0.010087
0.009624
0.009144
0.008419
0.007496
0.006926
0.006915
0.007155
0.007088
0.006479
0.005653
0.004899
0.004478
0.004267
0.003958
0.003644
0.003346
0.002918
0.002351
0.001669
0.000930
0.000112
-0.000615
-0.000979
-0.001358
-0.002005
-0.002533
-0.003056
-0.003632
-0.004109
-0.004682
-0.005104
-0.005090
-0.005003
-0.005277
-0.005710
-0.006036
-0.006249
-0.006401
-0.006464
-0.006488
-0.006339
-0.005905
-0.005640
-0.005518
-0.005136
-0.004705
-0.004316
-0.003847
-0.003446
-0.002894
-0.002353
-0.002290
-0.002391
-0.002477
-0.002541
-0.002471
-0.002466
-0.002441
-0.002321
-0.002133
-0.001812
-0.001486
-0.001162
-0.000816
-0.000439
0.000038
0.000550
0.001164
0.001912
0.002513
0.003007
0.003582
0.004252
0.004984
0.005874
0.006971
0.008085
0.009124
0.010023
0.010769
0.011432
0.012181
0.013166
0.014145
0.014711
0.014688
0.014378
0.014115
0.013759
0.013165
0.012165
0.010884
0.009699
0.008493
0.007389
0.006586
0.005798
0.005013
0.004278
0.003360
0.002412
0.001743
0.001387
0.001338
0.001465
0.001505
0.001465
0.001383
0.001152
0.001041
0.001313
0.001830
0.002463
0.002959
0.002954
0.002745
0.002860
0.003146
0.003493
0.003883
0.004049
0.004070
0.003899
0.003549
0.003296
0.003007
0.002587
0.002237
0.002085
0.002088
0.002053
0.001745
0.001314
0.001006
0.000761
0.000292
-0.000474
-0.001251
-0.002105
-0.003001
-0.003958
-0.005105
-0.006067
-0.006830
-0.007678
-0.008584
-0.009370
-0.010063
-0.010788
-0.011478
-0.012163
-0.012974
-0.013862
-0.014600
-0.015013
-0.015345
-0.015873
-0.016505
-0.017210
-0.017862
-0.018352
-0.018829
-0.019280
-0.019609
-0.019918
-0.020479
-0.020885
-0.020847
-0.020807
-0.020771
-0.020852
-0.021132
-0.021454
-0.021636
-0.021703
-0.021982
-0.022329
-0.022687
-0.023153
-0.023569
-0.024060
-0.024631
-0.024693
-0.024127
-0.023567
-0.023372
-0.023512
-0.023731
-0.023841
-0.023992
-0.024046
-0.023914
-0.023862
-0.023772
-0.023541
-0.023247
-0.022797
-0.022299
-0.021790
-0.021075
-0.020214
-0.019252
-0.018153
-0.016960
-0.015553
-0.014095
-0.012866
-0.012040
-0.011592
-0.010850
-0.009738
-0.008852
-0.008193
-0.007675
-0.007315
-0.006953
-0.006401
-0.005805
-0.005613
-0.005538
-0.005328
-0.005265
-0.005245
-0.005371
-0.005680
-0.005734
-0.005699
-0.005918
-0.006151
-0.006447
-0.006766
-0.006780
-0.006956
-0.007580
-0.008162
-0.008532
-0.008959
-0.009324
-0.009702
-0.010296
-0.010608
-0.010790
-0.011155
-0.011590
-0.012062
-0.012414
-0.012604
-0.012734
-0.012895
-0.012980
-0.013033
-0.012831
-0.012376
-0.012137
-0.011575
-0.010704
-0.010127
-0.009609
-0.009128
-0.008662
-0.008246
-0.007949
-0.007645
-0.007372
-0.007181
-0.007292
-0.007575
-0.007583
-0.007433
-0.007796
-0.008717
-0.009579
-0.010089
-0.010248
-0.010595
-0.011421
-0.012154
-0.012419
-0.012413
-0.012408
-0.012522
-0.012970
-0.013176
-0.012228
-0.010462
-0.008780
-0.007782
-0.007252
-0.006293
-0.004355
-0.002312
-0.001249
-0.000651
0.000277
0.001522
0.002696
0.003273
0.003115
0.002510
0.001741
0.001053
0.000261
-0.000800
-0.001997
-0.003139
-0.003903
-0.004331
-0.004758
-0.005210
-0.005517
-0.005668
-0.005711
-0.005497
-0.005162
-0.004885
-0.004450
-0.004000
-0.003797
-0.003831
-0.003866
-0.003826
-0.003770
-0.003607
-0.003517
-0.003496
-0.003336
-0.003097
-0.002775
-0.002229
-0.001652
-0.001281
-0.001015
-0.000689
-0.000155
0.000370
0.000615
0.000829
0.001000
0.001017
0.001116
0.001233
0.001461
0.001868
0.002165
0.002713
0.003778
0.004887
0.005590
0.005906
0.006054
0.006100
0.006121
0.006050
0.005896
0.005667
0.005437
0.005326
0.005282
0.005220
0.005041
0.004946
0.004943
0.004801
0.004589
0.004116
0.003398
0.002710
0.001831
0.000831
0.000201
-0.000148
-0.000805
-0.001749
-0.002729
-0.003688
-0.004402
-0.004923
-0.005465
-0.005929
-0.006186
-0.006225
-0.005982
-0.005377
-0.004384
-0.003418
-0.002440
-0.001508
-0.001026
-0.000749
-0.000668
-0.000755
-0.000754
-0.000643
-0.000665
-0.000824
-0.000977
-0.001086
-0.001210
-0.001305
-0.001482
-0.001893
-0.002276
-0.002797
-0.003476
-0.004084
-0.004501
-0.004615
-0.004693
-0.005180
-0.005910
-0.006193
-0.006063
-0.005690
-0.005181
-0.004829
-0.004496
-0.004042
-0.003361
-0.002725
-0.002109
-0.001437
-0.001091
-0.000641
-0.000148
0.000169
0.000689
0.001102
0.001071
0.000788
0.000333
-0.000144
-0.000217
-0.000272
-0.000610
-0.000843
-0.000982
-0.000832
-0.000620
-0.000683
-0.000744
-0.000592
-0.000275
0.000186
0.000722
0.000948
0.001177
0.001658
0.001922
0.001696
0.001472
0.001802
0.002121
0.002076
0.001920
0.001293
0.000318
-0.000338
-0.001039
-0.001987
-0.002862
-0.003612
-0.004295
-0.005067
-0.005719
-0.006031
-0.006067
-0.005980
-0.005675
-0.005141
-0.004923
-0.004843
-0.004186
-0.003149
-0.002164
-0.001456
-0.000990
-0.000416
0.000289
0.000850
0.001012
0.000668
0.000086
-0.000395
-0.000593
-0.000550
-0.000716
-0.001093
-0.001445
-0.001817
-0.001946
-0.001835
-0.001627
-0.001256
-0.000823
-0.000400
-0.000064
0.000216
0.000462
0.000742
0.001087
0.001339
0.001585
0.001938
0.002019
0.002227
0.002489
0.002737
0.003017
0.003161
0.003053
0.002648
0.001930
0.001181
0.000802
0.000619
0.000092
-0.000446
-0.000543
-0.000517
-0.000478
-0.000424
-0.000432
-0.000343
-0.000086
0.000267
0.000745
0.001297
0.001740
0.001955
0.002146
0.002384
0.002465
0.002743
0.003465
0.004071
0.004346
0.004625
0.005055
0.005653
0.006327
0.006890
0.007388
0.007986
0.008518
0.008848
0.008933
0.008884
0.008901
0.008857
0.008746
0.008658
0.008505
0.008381
0.008463
0.008789
0.009324
0.009692
0.009775
0.009957
0.010162
0.010142
0.010034
0.010060
0.010213
0.010460
0.010782
0.010862
0.010701
0.010507
0.010306
0.010226
0.010274
0.010594
0.011124
0.011342
0.011076
0.010770
0.010800
0.011041
0.011323
0.011465
0.011570
0.012001
0.012767
0.013581
0.014182
0.014653
0.015007
0.014980
0.014805
0.014854
0.014916
0.014908
0.015091
0.015303
0.015136
0.014271
0.012706
0.011175
0.010110
0.009557
0.009490
0.009118
0.007929
0.006303
0.004903
0.003939
0.002959
0.001646
0.000347
-0.000520
-0.001094
-0.001629
-0.002148
-0.002777
-0.003689
-0.004573
-0.005261
-0.005841
-0.006322
-0.006896
-0.007476
-0.007872
-0.008211
-0.008606
-0.009155
-0.009757
-0.010188
-0.010523
-0.010769
-0.011086
-0.011562
-0.011880
-0.012063
-0.012288
-0.012420
-0.012537
-0.012732
-0.012790
-0.012793
-0.012960
-0.013190
-0.013335
-0.013128
-0.012476
-0.011882
-0.011491
-0.011124
-0.010689
-0.010037
-0.009409
-0.009011
-0.008634
-0.008228
-0.007803
-0.007363
-0.007133
-0.007154
-0.007197
-0.007056
-0.006742
-0.006537
-0.006304
-0.005866
-0.005448
-0.005056
-0.004628
-0.004161
-0.003543
-0.002725
-0.001979
-0.001370
-0.000595
0.000507
0.001620
0.002259
0.002734
0.003527
0.004108
0.004068
0.003940
0.004156
0.004717
0.005181
0.005049
0.004525
0.004031
0.003558
0.003020
0.002408
0.001639
0.000971
0.000641
0.000315
-0.000255
-0.000954
-0.001501
-0.001836
-0.002209
-0.002602
-0.002907
-0.003091
-0.003177
-0.003231
-0.003134
-0.002992
-0.003019
-0.003145
-0.003164
-0.002989
-0.002718
-0.002335
-0.001804
-0.001188
-0.000758
-0.000528
-0.000106
0.000535
0.001203
0.001710
0.001975
0.002270
0.002739
0.003375
0.004151
0.004840
0.005518
0.006279
0.007170
0.008245
0.009179
0.009769
0.010306
0.011049
0.011763
0.012263
0.012515
0.012600
0.012788
0.013243
0.013661
0.013789
0.013785
0.013678
0.013483
0.013256
0.013069
0.012837
0.012410
0.011917
0.011425
0.010918
0.010409
0.009989
0.009743
0.009519
0.009180
0.008738
0.008297
0.007956
0.007682
0.007368
0.007016
0.006746
0.006377
0.005883
0.005567
0.005246
0.004749
0.004227
0.003680
0.003171
0.002725
0.002291
0.001845
0.001381
0.000726
-0.000180
-0.000945
-0.001559
-0.002249
-0.002992
-0.003589
-0.003804
-0.003784
-0.003736
-0.003698
-0.003646
-0.003570
-0.003433
-0.003128
-0.002730
-0.002314
-0.001886
-0.001490
-0.001025
-0.000466
-0.000009
0.000320
0.000629
0.000966
0.001351
0.001693
0.002062
0.002609
0.003197
0.003665
0.003930
0.003981
0.004051
0.004155
0.004155
0.004180
0.004273
0.004405
0.004506
0.004446
0.004318
0.004239
0.004174
0.004181
0.004244
0.004141
0.003946
0.003827
0.003709
0.003606
0.003497
0.003261
0.002953
0.002734
0.002650
0.002633
0.002620
0.002564
0.002506
0.002442
0.002401
0.002443
0.002482
0.002418
0.002335
0.002351
0.002493
0.002654
0.002659
0.002638
0.002740
0.002869
0.002888
0.002844
0.002814
0.002854
0.002935
0.003023
0.003231
0.003485
0.003656
0.003762
0.003877
0.003993
0.004133
0.004335
0.004519
0.004568
0.004484
0.004423
0.004456
0.004485
0.004486
0.004444
0.004329
0.004279
0.004247
0.004179
0.004061
0.003771
0.003368
0.003000
0.002702
0.002402
0.002121
0.002009
0.002163
0.002386
0.002455
0.002366
0.002239
0.002126
0.001996
0.001895
0.001823
0.001791
0.001731
0.001691
0.001669
0.001485
0.001359
0.001395
0.001406
0.001452
0.001460
0.001380
0.001436
0.001640
0.001821
0.002035
0.002298
0.002403
0.002410
0.002539
0.002726
0.002891
0.003084
0.003229
0.003326
0.003367
0.003421
0.003410
0.003199
0.002995
0.002816
0.002637
0.002402
0.002071
0.001811
0.001690
0.001664
0.001580
0.001421
0.001302
0.001240
0.001172
0.001035
0.000954
0.000826
0.000548
0.000280
0.000047
-0.000129
-0.000291
-0.000495
-0.000705
-0.000906
-0.001035
-0.001030
-0.001002
-0.001004
-0.001044
-0.001084
-0.001018
-0.000924
-0.000852
-0.000786
-0.000750
-0.000763
-0.000757
-0.000676
-0.000563
-0.000479
-0.000433
-0.000347
-0.000223
-0.000119
-0.000006
0.000069
0.000080
0.000058
-0.000016
-0.000114
-0.000193
-0.000262
-0.000424
-0.000662
-0.000862
-0.001019
-0.001209
-0.001449
-0.001669
-0.001880
-0.002091
-0.002263
-0.002351
-0.002313
-0.002203
-0.002171
-0.002288
-0.002446
-0.002551
-0.002623
-0.002709
-0.002892
-0.003106
-0.003257
-0.003378
-0.003475
-0.003573
-0.003701
-0.003834
-0.003960
-0.004064
-0.004125
-0.004177
-0.004216
-0.004156
-0.004077
-0.004105
-0.004184
-0.004285
-0.004376
-0.004382
-0.004356
-0.004322
-0.004305
-0.004313
-0.004322
-0.004332
-0.004313
-0.004292
-0.004278
-0.004277
-0.004307
-0.004361
-0.004380
-0.004351
-0.004312
-0.004228
-0.004141
-0.004078
-0.004001
-0.003920
-0.003858
-0.003812
-0.003746
-0.003663
-0.003618
-0.003604
-0.003593
-0.003572
-0.003490
-0.003376
-0.003280
-0.003192
-0.003116
-0.003064
-0.003008
-0.002933
-0.002871
-0.002828
-0.002787
-0.002761
-0.002743
-0.002723
-0.002698
-0.002664
-0.002645
-0.002658
-0.002688
-0.002679
-0.002631
-0.002587
-0.002583
-0.002595
-0.002588
-0.002567
-0.002540
-0.002516
-0.002464
-0.002394
-0.002331
-0.002260
-0.002221
-0.002210
-0.002168
-0.002078
-0.001981
-0.001902
-0.001818
-0.001743
-0.001680
-0.001610
-0.001517
-0.001417
-0.001296
-0.001177
-0.001109
-0.001074
-0.001044
-0.001001
-0.000975
-0.000970
-0.000951
-0.000939
-0.000949
-0.000951
-0.000929
-0.000915
-0.000911
-0.000889
-0.000860
-0.000835
-0.000824
-0.000815
-0.000775
-0.000738
-0.000716
-0.000691
-0.000680
-0.000681
-0.000697
-0.000723
-0.000724
-0.000684
-0.000639
-0.000610
-0.000590
-0.000568
-0.000537
-0.000509
-0.000494
-0.000480
-0.000467
-0.000461
-0.000456
-0.000455
-0.000453
-0.000454
-0.000463
-0.000464
-0.000464
-0.000461
-0.000457
-0.000455
-0.000454
-0.000453
-0.000452
-0.000439
-0.000427
-0.000417
-0.000406
-0.000395
-0.000381
-0.000373
-0.000366
-0.000351
-0.000339
-0.000328
-0.000316
-0.000312
-0.000310
-0.000305
-0.000293
-0.000273
-0.000258
-0.000248
-0.000239
-0.000228
-0.000214
-0.000204
-0.000190
-0.000173
-0.000159
-0.000141
-0.000125
-0.000114
-0.000102
-0.000089
-0.000077
-0.000072
-0.000068
-0.000064
-0.000060
-0.000057
-0.000054
-0.000054
-0.000053
-0.000051
-0.000051
-0.000051
-0.000051
-0.000055
-0.000061
-0.000061
-0.000057
-0.000052
-0.000048
-0.000048
-0.000048
-0.000046
-0.000041
-0.000035
-0.000029
-0.000025
-0.000020
-0.000015
-0.000010
-0.000003
0.000003
0.000011
0.000018
0.000024
0.000032
0.000038
0.000044
0.000052
0.000060
0.000065
0.000069
0.000072
0.000078
0.000084
0.000089
0.000094
0.000098
0.000102
0.000106
0.000110
0.000114
0.000116
0.000118
0.000121
0.000124
0.000127
0.000130
0.000133
0.000135
0.000136
0.000138
0.000140
0.000142
0.000143
0.000144
0.000145
0.000147
0.000148
0.000149
0.000150
0.000151
0.000152
0.000153
0.000154
0.000155
0.000156
0.000157
0.000157
0.000158
0.000159
0.000159
0.000160
0.000161
0.000161
0.000162
0.000162
0.000163
0.000163
0.000163
0.000163
0.000163
0.000164
0.000164
0.000164
0.000164
0.000164
0.000164
0.000164
0.000164
0.000164
0.000164
0.000164
0.000164
0.000164
0.000164
0.000164
0.000164
0.000164
0.000164
0.000163
0.000163
0.000163
0.000163
0.000163
0.000162
0.000162
