0.000373
0.000436
0.000490
0.000450
0.000399
0.000322
0.000287
0.000284
0.000313
0.000348
0.000350
0.000331
0.000295
0.000248
0.000220
0.000207
0.000176
0.000115
0.000061
0.000024
0.000000
-0.000014
-0.000014
-0.000031
-0.000061
-0.000115
-0.000197
-0.000238
-0.000290
-0.000339
-0.000354
-0.000354
-0.000335
-0.000266
-0.000184
-0.000141
-0.000108
-0.000081
-0.000088
-0.000107
-0.000091
-0.000099
-0.000156
-0.000178
-0.000204
-0.000225
-0.000207
-0.000224
-0.000222
-0.000206
-0.000226
-0.000233
-0.000246
-0.000248
-0.000196
-0.000168
-0.000151
-0.000153
-0.000133
-0.000103
-0.000112
-0.000116
-0.000191
-0.000198
-0.000083
-0.000032
0.000000
0.000088
0.000099
0.000214
0.000308
0.000074
-0.000095
-0.000058
0.000085
0.000174
0.000023
-0.000046
-0.000023
0.000028
0.000287
0.000405
0.000141
-0.000224
-0.000042
0.000255
0.000316
0.000338
-0.000116
-0.000694
-0.000576
0.000328
0.001070
0.000978
0.000214
-0.000114
0.000605
0.000908
0.000381
0.000154
0.000305
0.000121
-0.000187
0.000037
0.000195
0.000194
0.000325
0.000080
0.000175
0.000966
0.001286
0.000807
0.000498
0.000683
0.000258
-0.000830
-0.000913
0.000154
0.001189
0.001265
-0.000447
-0.001496
0.000084
0.000817
-0.000700
-0.001720
-0.000746
0.000711
0.000679
0.000357
0.000257
-0.000503
-0.001387
-0.000652
0.000917
0.000872
0.000491
-0.000553
-0.000606
0.000375
0.000582
-0.000168
-0.001394
-0.000681
-0.000103
0.000506
0.002297
0.004020
0.003897
-0.000022
-0.003493
-0.001188
0.001809
0.001542
-0.000936
-0.000965
0.001898
0.000723
-0.000791
0.001786
0.002215
-0.000683
-0.000185
0.002577
0.001960
-0.000922
-0.001761
-0.002403
0.000500
0.004075
-0.000239
-0.004117
-0.000054
0.006241
0.003702
-0.002849
-0.001618
0.000244
-0.000517
-0.000250
-0.000733
0.000408
0.000476
-0.001696
-0.002341
-0.000109
-0.000196
-0.001355
-0.001135
0.000000
0.002855
0.000800
-0.001222
-0.000675
-0.003639
-0.000387
0.005260
-0.000122
-0.004788
-0.004142
0.001693
0.003693
0.001099
0.001520
-0.003243
-0.007175
-0.002414
0.002480
0.003052
0.003413
0.001557
-0.002702
-0.003572
-0.001706
-0.001972
-0.002441
-0.001160
0.000792
0.002449
-0.000366
-0.001611
0.003002
0.005921
0.000561
-0.008687
-0.003479
0.004596
0.005776
0.001615
0.001851
0.003321
-0.006271
-0.001565
0.002619
-0.002311
0.000417
0.002395
-0.002126
-0.002675
0.002446
-0.001694
-0.001504
0.002521
-0.003036
-0.004405
-0.001988
0.002832
0.005904
-0.007603
-0.009659
-0.000264
0.000789
-0.002458
-0.002289
0.002224
0.005079
0.009536
0.002318
-0.007144
-0.006293
-0.003205
-0.001701
-0.001559
-0.003328
-0.004547
-0.000425
0.003257
0.000439
-0.005066
-0.002583
0.001584
-0.007532
-0.009272
-0.000471
0.000809
0.000031
0.002374
0.004058
0.000915
-0.002041
-0.005244
-0.002963
0.007013
0.004131
-0.004846
0.000755
0.003316
-0.004723
-0.006183
-0.000764
0.006741
0.007947
0.003076
-0.000852
-0.004345
-0.006507
-0.010068
-0.009671
-0.006265
-0.006443
-0.006520
0.000114
0.008193
0.005290
-0.003855
-0.005273
-0.004158
-0.012338
-0.010912
0.000065
0.000303
0.000116
0.000404
-0.003634
-0.009646
-0.008368
0.005584
0.010125
0.001470
0.000622
0.007595
0.001932
-0.003380
0.000990
0.000283
-0.007509
-0.016163
-0.006965
0.014160
0.015682
-0.001187
-0.005757
0.004509
0.009522
0.008176
0.008487
0.000510
-0.008428
-0.004684
-0.003271
-0.008176
-0.002336
0.006785
0.003445
0.001969
0.009922
0.007811
-0.005319
-0.008563
0.004619
0.014051
-0.001417
-0.011378
-0.001977
0.003560
-0.000402
0.001020
0.008266
0.005020
0.005103
0.014369
0.013928
0.011694
0.017404
0.017805
0.019146
0.012537
-0.005191
-0.003645
0.000814
-0.002834
-0.003145
-0.001703
0.005867
0.004861
-0.006466
-0.007129
0.005282
0.013962
0.007333
-0.006324
-0.008429
-0.010640
-0.023453
-0.020609
-0.009599
-0.016803
-0.026627
-0.011494
0.009245
0.010212
0.010277
0.018595
0.013917
-0.003130
-0.008046
0.000512
0.000265
-0.009903
-0.013347
-0.004324
0.013199
0.019296
0.022831
0.019635
0.002760
0.002760
0.002446
-0.002476
-0.007033
-0.010545
-0.008925
-0.009250
0.000713
0.006985
0.008726
0.005670
-0.003930
-0.005043
-0.006105
-0.010334
-0.008056
-0.006007
0.002699
0.010239
0.003640
-0.003383
-0.007287
0.005113
0.013727
0.016219
0.022044
0.024880
0.016594
0.000209
0.001283
0.006733
0.007486
0.007047
0.013550
0.019562
0.009315
0.005088
-0.000318
-0.027378
-0.044689
-0.033039
-0.009314
0.013653
0.016329
-0.015679
-0.036176
-0.023401
-0.017961
-0.024889
-0.027874
-0.030563
-0.028262
-0.024217
-0.019035
0.010573
0.034669
0.026799
0.030444
0.048678
0.033492
-0.004289
-0.019386
0.005493
0.035160
0.031859
0.009626
-0.002278
-0.001680
0.003654
0.012829
0.008458
-0.013753
-0.037887
-0.043007
-0.016265
-0.001145
-0.021854
-0.037049
-0.037521
-0.037715
-0.040865
-0.028288
0.004377
0.030022
0.028700
0.026339
0.037774
0.024782
-0.007578
-0.016448
-0.001566
0.006856
-0.001030
0.006227
0.041867
0.063000
0.049191
0.033148
0.025790
0.003656
-0.012919
-0.011931
-0.013646
-0.014018
-0.000001
0.012335
0.020758
0.019238
0.000153
-0.013255
-0.028730
-0.026524
-0.004439
0.000934
-0.013641
-0.032314
-0.035249
-0.016577
-0.001801
-0.010431
-0.020621
-0.017088
0.002819
0.037649
0.059035
0.045103
0.008344
-0.026598
-0.028187
-0.015836
-0.011220
-0.009507
0.001111
0.020255
0.009594
0.003211
0.016194
0.020817
0.013692
-0.012423
-0.037144
-0.028830
-0.006778
0.002515
0.001844
0.007541
0.020594
0.010684
-0.008050
-0.011327
-0.008377
-0.008269
0.001964
0.017467
0.023711
0.019668
0.003833
-0.003591
-0.007703
-0.019292
-0.024950
-0.009734
0.030229
0.047157
0.021503
-0.008036
-0.026441
-0.032640
-0.030052
-0.019551
-0.017125
-0.033617
-0.033872
-0.012100
-0.005248
-0.017592
-0.015083
0.007010
0.019081
0.011543
0.005472
0.000302
0.000672
-0.009227
-0.026619
-0.017644
-0.006212
0.009787
0.037866
0.050464
0.043458
0.033656
0.008870
-0.012125
-0.009414
-0.004193
-0.016493
-0.049959
-0.056070
-0.027600
-0.010808
0.001251
0.018809
0.022844
0.011450
-0.006541
-0.023623
-0.036395
-0.038235
-0.031530
-0.019098
0.007528
0.032738
0.037739
0.039620
0.041015
0.024466
-0.011843
-0.038590
-0.022119
0.009601
0.004747
-0.015055
-0.010889
0.010692
0.019645
0.018589
0.036093
0.039079
0.004577
-0.022008
-0.009621
0.000397
-0.019232
-0.036247
-0.029957
-0.007196
0.001202
0.004299
0.009518
-0.002291
-0.017047
-0.028133
-0.030884
-0.020722
-0.020217
-0.017652
-0.002648
0.010512
0.015104
-0.014834
-0.037309
-0.024465
-0.018520
-0.027481
-0.019172
-0.006436
-0.015275
-0.025222
-0.017109
-0.009594
-0.013160
-0.011352
-0.003588
-0.000718
-0.002880
-0.010135
-0.031599
-0.044968
-0.041982
-0.041916
-0.047483
-0.048676
-0.048191
-0.033454
-0.023422
-0.020241
-0.011270
-0.024137
-0.040239
-0.036549
-0.007861
0.018409
0.021330
0.010569
0.000543
0.002329
0.013980
0.032470
0.039231
0.038544
0.041566
0.054584
0.060101
0.054719
0.064507
0.081751
0.088078
0.088026
0.077851
0.043853
0.044071
0.092896
0.110147
0.081730
0.046355
0.024238
0.033284
0.044343
0.049743
0.055855
0.069916
0.096468
0.106615
0.123270
0.140191
0.139560
0.126944
0.110290
0.091739
0.083221
0.094920
0.116602
0.137698
0.151548
0.147480
0.105316
0.052460
0.006981
-0.037771
-0.066057
-0.075767
-0.073474
-0.043761
0.012082
0.053024
0.074926
0.075694
0.026760
-0.027653
-0.073700
-0.110831
-0.125553
-0.129184
-0.118051
-0.069123
0.018301
0.063822
0.038961
-0.000047
-0.013241
-0.017309
-0.054739
-0.115305
-0.165553
-0.183256
-0.165324
-0.134583
-0.111564
-0.102123
-0.102366
-0.121728
-0.150823
-0.173555
-0.185890
-0.186211
-0.176961
-0.148438
-0.105502
-0.066171
-0.030770
0.006486
0.041403
0.071497
0.091442
0.072824
0.032455
-0.000472
-0.027870
-0.040592
-0.019237
0.032519
0.072495
0.084078
0.084170
0.093546
0.098536
0.079337
0.037196
-0.026527
-0.077068
-0.104559
-0.110448
-0.069211
-0.001074
0.056094
0.058606
0.027008
0.029783
0.065730
0.074487
0.046868
0.033800
0.021533
-0.021692
-0.103503
-0.168362
-0.158524
-0.116485
-0.080049
-0.062113
-0.062987
-0.075407
-0.082618
-0.069737
-0.048283
-0.007253
0.053906
0.110530
0.157265
0.195163
0.192600
0.174595
0.168510
0.153797
0.139253
0.104403
0.070508
0.077304
0.102013
0.127574
0.129782
0.101868
0.064700
0.029106
-0.001929
-0.027666
-0.062039
-0.097364
-0.096693
-0.051826
0.021523
0.075723
0.085858
0.065745
0.023668
-0.048380
-0.131443
-0.183407
-0.184955
-0.134436
-0.066219
-0.017421
0.015588
0.045022
0.057252
0.031111
-0.028843
-0.108451
-0.176172
-0.192090
-0.154857
-0.096926
-0.046805
-0.004506
0.019068
0.022287
0.022824
-0.000673
-0.054752
-0.108017
-0.149672
-0.173537
-0.165371
-0.126335
-0.076470
-0.037403
-0.009184
0.025322
0.041354
0.008252
-0.037278
-0.064092
-0.073422
-0.063530
-0.048282
-0.032670
-0.011550
-0.005755
-0.010207
0.011991
0.049026
0.095526
0.142652
0.173832
0.188162
0.150427
0.104167
0.080956
0.052008
0.040285
0.064334
0.111313
0.158740
0.165379
0.123334
0.060325
-0.002302
-0.036482
-0.025340
0.008685
0.035832
0.086838
0.176254
0.268851
0.337260
0.351119
0.321873
0.268983
0.148585
-0.028499
-0.164280
-0.226076
-0.253619
-0.257715
-0.230932
-0.152089
-0.034224
0.040683
0.055475
0.040040
-0.015658
-0.070878
-0.113363
-0.165630
-0.208045
-0.229041
-0.224897
-0.185201
-0.128546
-0.070060
-0.019743
0.020090
0.061858
0.080290
0.082590
0.088323
0.086184
0.061020
0.013736
-0.043262
-0.095425
-0.130911
-0.140609
-0.130283
-0.101121
-0.089105
-0.076016
-0.033466
0.004868
0.048278
0.081674
0.083720
0.046485
0.019431
0.030762
0.052116
0.070074
0.070475
0.074623
0.091908
0.093176
0.054073
-0.011516
-0.064505
-0.086051
-0.079572
-0.060352
-0.051210
-0.058546
-0.073292
-0.087483
-0.098542
-0.116647
-0.137199
-0.132910
-0.095555
-0.035441
0.030294
0.077083
0.096849
0.095422
0.086809
0.058035
0.009802
-0.014860
-0.034577
-0.046506
-0.034056
0.005078
0.061144
0.112352
0.140422
0.112272
0.077183
0.072272
0.068890
0.051193
0.045923
0.063451
0.087904
0.121732
0.148419
0.143000
0.115426
0.090913
0.074857
0.057974
0.028243
-0.008700
-0.029260
-0.014773
0.014954
0.046150
0.070012
0.096001
0.107094
0.059868
-0.011265
-0.101755
-0.200160
-0.266324
-0.286897
-0.276740
-0.249110
-0.180352
-0.080026
0.019766
0.080209
0.112554
0.111991
0.060192
0.022753
0.000922
-0.012691
-0.013159
-0.013173
-0.020589
-0.039315
-0.030540
0.011731
0.067417
0.086240
0.064969
0.061317
0.034622
-0.038699
-0.090218
-0.101730
-0.100280
-0.100578
-0.090243
-0.065722
-0.039987
0.020502
0.087254
0.105984
0.093620
0.052016
0.033025
0.046591
0.050469
0.053627
0.059770
0.061879
0.061695
0.037501
0.000164
-0.013789
-0.023429
-0.045383
-0.077198
-0.098470
-0.113345
-0.118183
-0.113767
-0.097700
-0.062874
-0.017723
0.021881
0.048042
0.067155
0.059964
0.058714
0.080509
0.088395
0.082459
0.059709
0.027434
0.016528
0.015764
0.021221
0.001050
-0.042489
-0.061928
-0.085336
-0.093223
-0.078760
-0.071917
-0.074348
-0.098646
-0.107088
-0.069402
-0.015078
0.008582
-0.008886
-0.041143
-0.046222
-0.020458
0.007352
0.043491
0.079394
0.104365
0.127100
0.131499
0.108524
0.101800
0.074680
0.007600
-0.024311
-0.011315
0.016490
0.016401
-0.022909
-0.073251
-0.110298
-0.126736
-0.111128
-0.089059
-0.086114
-0.085858
-0.074486
-0.051040
-0.032351
-0.019556
0.007792
0.045690
0.057746
0.042689
0.028399
0.016680
0.005559
0.025443
0.053302
0.067952
0.085557
0.093302
0.091805
0.100677
0.097946
0.061448
0.016332
-0.005471
-0.020856
-0.048568
-0.048239
-0.023904
-0.007591
-0.010246
-0.025680
-0.037352
-0.045274
-0.037432
-0.000026
0.031269
0.027469
0.031150
0.044414
0.038995
0.029412
0.017495
-0.002584
-0.025473
-0.050052
-0.075006
-0.069374
-0.021219
0.039248
0.077290
0.076373
0.063731
0.047920
0.007237
-0.036200
-0.067046
-0.092823
-0.090840
-0.056076
-0.039121
-0.046801
-0.040422
-0.014715
0.024923
0.066323
0.076007
0.053404
0.030068
0.024258
0.031978
0.044162
0.046100
0.025410
0.005625
-0.005741
-0.012032
-0.017526
-0.027620
-0.032562
-0.031454
-0.017368
0.002466
0.001999
-0.031167
-0.076259
-0.091352
-0.086069
-0.085844
-0.074001
-0.042069
0.009390
0.062719
0.097808
0.128832
0.128175
0.091476
0.059389
0.024575
0.002145
0.000515
-0.000876
0.018128
0.049631
0.079837
0.100141
0.101739
0.090899
0.064647
0.027558
-0.010153
-0.033184
-0.044045
-0.039583
-0.006411
0.038997
0.055649
0.034826
0.025203
0.040449
0.039986
0.014900
-0.020248
-0.038201
-0.030913
-0.010994
0.007411
0.017611
0.021292
0.016615
0.000989
-0.021112
-0.024028
-0.018120
-0.013333
-0.009682
-0.023033
-0.050577
-0.075460
-0.077990
-0.050409
-0.016503
-0.012644
-0.033883
-0.045946
-0.016830
0.025343
0.043396
0.045845
0.022988
-0.008952
-0.029302
-0.042327
-0.054246
-0.070203
-0.071239
-0.043035
-0.005455
0.007349
-0.011781
-0.040442
-0.057890
-0.064721
-0.079703
-0.103640
-0.102308
-0.059826
0.012180
0.074291
0.108742
0.136111
0.126253
0.092420
0.080301
0.064116
0.042106
0.036416
0.045674
0.061295
0.061000
0.063058
0.072866
0.066888
0.041796
-0.004674
-0.053088
-0.059922
-0.031923
-0.010150
-0.007150
-0.030932
-0.071842
-0.091127
-0.072926
-0.049029
-0.036395
-0.046629
-0.051759
-0.012860
0.057661
0.119207
0.144756
0.149293
0.130030
0.071718
0.008327
-0.025611
-0.023369
-0.008096
0.002001
0.014316
0.024189
0.049296
0.083135
0.098383
0.085504
0.036824
-0.021467
-0.046615
-0.048569
-0.052898
-0.067146
-0.083908
-0.095537
-0.097733
-0.088727
-0.057852
-0.018498
-0.005833
-0.012027
-0.034079
-0.058550
-0.081021
-0.097747
-0.099557
-0.102748
-0.109190
-0.094911
-0.046942
0.003221
0.023514
-0.005303
-0.059531
-0.099658
-0.101165
-0.056182
0.017762
0.099424
0.161508
0.196847
0.201344
0.179852
0.159988
0.127307
0.062176
0.002483
-0.025965
-0.024064
-0.008256
0.017157
0.062579
0.091737
0.092543
0.080018
0.047944
0.008191
-0.033333
-0.053762
-0.040905
-0.033719
-0.031812
-0.005738
0.017046
0.005028
-0.031795
-0.080475
-0.121469
-0.138390
-0.125579
-0.086905
-0.029357
0.013485
0.031086
0.048859
0.056254
0.055167
0.047747
0.018840
-0.031242
-0.092722
-0.141146
-0.158649
-0.139800
-0.091714
-0.037158
0.006940
0.002869
-0.025103
-0.036022
-0.043949
-0.044850
-0.051369
-0.045254
-0.001133
0.065889
0.118579
0.156792
0.173660
0.161856
0.165090
0.158157
0.113936
0.055498
-0.018854
-0.090371
-0.109865
-0.083605
-0.041830
0.004718
0.048270
0.075665
0.086492
0.064813
0.019795
0.008214
0.021568
0.021514
-0.001984
-0.027836
-0.042999
-0.042426
-0.018226
0.019914
0.047201
0.044525
0.044171
0.072281
0.104761
0.113742
0.109824
0.080060
0.036260
0.021535
0.018386
0.003935
-0.026933
-0.076643
-0.124716
-0.131660
-0.098195
-0.059673
-0.046486
-0.059863
-0.078102
-0.086288
-0.089502
-0.079748
-0.051158
-0.025623
-0.006903
0.006660
0.027612
0.068360
0.088404
0.092277
0.107703
0.102439
0.071985
0.043227
0.032288
0.013155
-0.019598
-0.033775
-0.016967
0.017943
0.044373
0.052907
0.055948
0.064012
0.072198
0.077865
0.067281
0.029278
-0.028850
-0.062402
-0.054609
-0.033880
-0.015268
0.002471
0.024147
0.042607
0.046494
0.014566
-0.049475
-0.112688
-0.136554
-0.118066
-0.090371
-0.075010
-0.061974
-0.045489
-0.033066
-0.020679
-0.005433
-0.003755
-0.020167
-0.053615
-0.105173
-0.128022
-0.125290
-0.127179
-0.131770
-0.132185
-0.123563
-0.109657
-0.085232
-0.057823
-0.031029
-0.004762
0.030295
0.072502
0.103862
0.107548
0.078873
0.026301
-0.029556
-0.059380
-0.050839
-0.023089
-0.010042
-0.018843
-0.026118
0.001737
0.045466
0.067461
0.074371
0.072279
0.075313
0.075507
0.055159
0.008274
-0.084656
-0.167737
-0.178890
-0.136580
-0.082936
-0.051808
-0.029607
-0.006420
-0.000735
0.023028
0.067768
0.088091
0.079055
0.054482
0.014342
-0.011479
-0.035148
-0.075773
-0.104133
-0.130284
-0.142966
-0.113524
-0.053655
-0.011100
-0.001734
-0.025779
-0.056857
-0.060403
-0.057753
-0.054281
-0.046292
-0.063983
-0.082646
-0.054105
0.000209
0.052130
0.081059
0.087992
0.090120
0.078647
0.050272
0.006009
-0.037783
-0.072128
-0.091828
-0.075261
-0.036180
-0.001078
0.003966
0.004630
0.020230
0.030753
0.061262
0.099218
0.127879
0.132972
0.102644
0.054067
0.017039
0.007734
0.010133
0.016374
0.007424
-0.004153
-0.006678
-0.019937
-0.036902
-0.035602
-0.026310
-0.022057
-0.029376
-0.045006
-0.057823
-0.065699
-0.057852
-0.022334
0.014720
0.034391
0.035144
0.020009
-0.002401
-0.033023
-0.030832
-0.015915
-0.021800
-0.037527
-0.045226
-0.020838
0.029134
0.064057
0.060189
0.056803
0.063851
0.089762
0.132547
0.150699
0.149628
0.131381
0.105097
0.088802
0.065065
0.040396
0.024083
0.017479
0.018022
0.027511
0.041479
0.050951
0.068771
0.085787
0.096221
0.102540
0.093106
0.061576
0.032815
0.021051
0.014075
0.013098
0.006371
-0.006871
-0.012308
-0.011316
-0.000244
0.011688
0.022992
0.053977
0.091781
0.114230
0.122718
0.119888
0.104805
0.081168
0.049439
0.022839
0.016637
0.021517
0.033981
0.052693
0.066013
0.069060
0.068891
0.060937
0.029458
-0.018950
-0.063006
-0.086079
-0.082288
-0.065144
-0.043093
-0.017964
-0.002799
0.004719
0.005693
0.000950
-0.013439
-0.045844
-0.068283
-0.061974
-0.035725
-0.014098
-0.011529
-0.010861
-0.009174
-0.023076
-0.050418
-0.077675
-0.096621
-0.102354
-0.095360
-0.076682
-0.061007
-0.059013
-0.071689
-0.094679
-0.117492
-0.137804
-0.155184
-0.165695
-0.166583
-0.160995
-0.147233
-0.118414
-0.076851
-0.037191
-0.007380
0.024864
0.065810
0.111415
0.137857
0.134621
0.136205
0.140484
0.136158
0.117052
0.093842
0.075854
0.047455
0.031422
0.025156
0.010484
-0.013193
-0.039828
-0.063705
-0.081524
-0.089477
-0.090709
-0.082329
-0.066227
-0.039694
-0.002529
0.038569
0.065708
0.079217
0.079114
0.050666
0.023135
0.004176
-0.011435
-0.003400
0.028793
0.063421
0.088598
0.103741
0.116542
0.119714
0.105404
0.087299
0.064337
0.043132
0.031081
0.024054
0.013122
-0.001532
-0.018072
-0.032905
-0.037025
-0.038336
-0.043402
-0.047140
-0.044569
-0.034094
-0.022416
-0.006361
0.019477
0.054461
0.084862
0.094352
0.080675
0.047890
0.025102
0.021915
0.032525
0.052716
0.069574
0.084862
0.101903
0.097662
0.068217
0.023376
-0.029451
-0.052604
-0.036570
-0.018063
-0.034278
-0.076752
-0.100741
-0.092654
-0.074596
-0.063096
-0.057438
-0.051875
-0.051841
-0.056287
-0.054623
-0.047180
-0.034491
-0.009080
0.016178
0.024436
0.020751
0.012748
0.022789
0.053116
0.077360
0.068813
0.031575
-0.005852
-0.043068
-0.077209
-0.099637
-0.112320
-0.128228
-0.151227
-0.171113
-0.183069
-0.181239
-0.170220
-0.160720
-0.150850
-0.130305
-0.100576
-0.069311
-0.038264
0.002115
0.044316
0.070446
0.085893
0.089127
0.085619
0.075530
0.050055
0.029521
0.034482
0.053930
0.086318
0.113206
0.103554
0.087060
0.067655
0.047142
0.044944
0.046736
0.038604
0.014464
-0.010089
-0.019139
-0.007465
0.011214
0.015779
0.007448
-0.007767
-0.019528
-0.030648
-0.047789
-0.060353
-0.071862
-0.075364
-0.063601
-0.043949
-0.017838
-0.001821
-0.007868
-0.029274
-0.052589
-0.072838
-0.090898
-0.092451
-0.069162
-0.040022
-0.014922
0.007631
0.018535
0.023616
0.022934
0.008756
-0.007202
-0.029504
-0.043491
-0.045953
-0.057543
-0.052450
-0.023831
0.009810
0.035999
0.063787
0.073576
0.051961
0.044841
0.032317
0.003018
-0.011040
-0.016771
-0.016596
-0.003082
0.022178
0.048005
0.069952
0.093066
0.112843
0.131180
0.150679
0.160319
0.164151
0.161794
0.155335
0.156343
0.148469
0.126101
0.092345
0.041126
0.002347
-0.010609
-0.021708
-0.034383
-0.052169
-0.069385
-0.072871
-0.074792
-0.072900
-0.057970
-0.037312
-0.016023
-0.006918
-0.010399
-0.013000
-0.004508
0.011077
0.011782
-0.003362
-0.025808
-0.043571
-0.045031
-0.036357
-0.024819
-0.025825
-0.040296
-0.055209
-0.066763
-0.070797
-0.075166
-0.085052
-0.099017
-0.117583
-0.130567
-0.136614
-0.138305
-0.140039
-0.141456
-0.128624
-0.116547
-0.116168
-0.113079
-0.102141
-0.081729
-0.058602
-0.047362
-0.045389
-0.038857
-0.023255
0.001909
0.044987
0.085541
0.094305
0.121845
0.176193
0.199124
0.206690
0.220942
0.208313
0.181520
0.155936
0.116623
0.092061
0.080361
0.080480
0.090387
0.097642
0.112362
0.117975
0.110806
0.106305
0.101524
0.091581
0.072233
0.037882
0.007589
-0.013466
-0.028192
-0.033156
-0.043559
-0.058305
-0.048330
-0.014837
0.012501
0.019798
0.012133
0.005817
0.001187
-0.003841
-0.006258
-0.009443
-0.016177
-0.017588
-0.002978
0.014250
0.019146
0.020890
0.016845
0.017143
0.016857
0.014374
0.006607
-0.022735
-0.039208
-0.039302
-0.044570
-0.064672
-0.089061
-0.104675
-0.113159
-0.111105
-0.088650
-0.052426
-0.008060
0.037171
0.066462
0.071440
0.061251
0.027430
-0.035707
-0.076310
-0.088470
-0.072939
-0.036199
0.013202
0.052866
0.072774
0.087224
0.069586
0.044775
0.009404
-0.029058
-0.046654
-0.054776
-0.039619
-0.002308
0.023585
0.028177
0.017946
-0.021535
-0.068846
-0.094971
-0.109892
-0.112972
-0.085209
-0.029381
0.029540
0.063343
0.068948
0.062977
0.052980
0.029544
0.010881
-0.001047
-0.012498
-0.002704
0.023972
0.059605
0.087299
0.102041
0.103687
0.092479
0.071083
0.031479
-0.027737
-0.083164
-0.108580
-0.109252
-0.100896
-0.099151
-0.108478
-0.127418
-0.136634
-0.134797
-0.137858
-0.153224
-0.180979
-0.198665
-0.193027
-0.165075
-0.134820
-0.110513
-0.082671
-0.046759
-0.016940
-0.000804
0.023498
0.049964
0.061568
0.047098
0.032128
0.032728
0.046094
0.076505
0.083997
0.057976
0.014873
-0.028234
-0.070640
-0.103435
-0.123069
-0.124504
-0.097352
-0.055499
-0.004658
0.046540
0.099268
0.136677
0.139718
0.119226
0.069354
-0.002113
-0.045201
-0.058109
-0.052007
-0.019166
0.049471
0.126272
0.190870
0.231871
0.226871
0.214314
0.185492
0.127063
0.069021
0.025755
-0.010609
-0.039493
-0.063716
-0.094314
-0.118986
-0.136217
-0.149222
-0.162048
-0.173948
-0.184721
-0.182112
-0.155247
-0.112415
-0.061962
-0.008442
0.036040
0.079496
0.106963
0.093795
0.066225
0.024209
-0.011769
-0.025732
-0.005243
0.053220
0.100869
0.120076
0.125592
0.124284
0.106275
0.083364
0.055206
0.035788
0.038339
0.061211
0.082690
0.081729
0.076248
0.050290
0.011799
-0.017448
-0.034457
-0.038248
-0.032869
-0.022351
-0.006209
0.015381
0.031117
0.049089
0.066526
0.060254
0.039708
0.012362
-0.018829
-0.036739
-0.042572
-0.057075
-0.074156
-0.066667
-0.042508
-0.016354
-0.002965
-0.007147
-0.007128
0.000202
0.003242
0.010609
0.025601
0.039420
0.056438
0.083452
0.115792
0.145273
0.169355
0.185543
0.191589
0.197569
0.199425
0.187478
0.164516
0.132478
0.099448
0.064089
0.036346
0.018558
0.003203
-0.013354
-0.037870
-0.062821
-0.076385
-0.077858
-0.076985
-0.076359
-0.076885
-0.077067
-0.075305
-0.080731
-0.099221
-0.119447
-0.126172
-0.120618
-0.107843
-0.092057
-0.087827
-0.092196
-0.093546
-0.088467
-0.078309
-0.061307
-0.046376
-0.050667
-0.057531
-0.053563
-0.037863
-0.020633
-0.023027
-0.051631
-0.090828
-0.115487
-0.122513
-0.101475
-0.067437
-0.046307
-0.027155
-0.010686
0.008294
0.025893
0.028538
0.028880
0.034506
0.030941
0.022755
0.019532
0.010076
0.002385
0.001634
0.002428
0.003674
0.000935
-0.002605
-0.002074
-0.008318
-0.032886
-0.061917
-0.081816
-0.090029
-0.093866
-0.100721
-0.099106
-0.081301
-0.052969
-0.030756
-0.015789
-0.010680
-0.011797
-0.010764
-0.017432
-0.022626
-0.021401
-0.009917
0.012960
0.046755
0.087157
0.123136
0.137092
0.118854
0.096259
0.078220
0.054607
0.025935
0.015838
0.032491
0.063910
0.103706
0.126782
0.129532
0.116518
0.086979
0.057063
0.026320
-0.000783
-0.004149
0.009340
0.013043
0.005231
0.005163
0.026232
0.066147
0.096078
0.114631
0.117315
0.098713
0.093194
0.088870
0.074979
0.056289
0.031498
0.022150
0.024705
0.028276
0.026772
0.016771
-0.003440
-0.027910
-0.025790
0.000448
0.020764
0.030010
0.030086
0.027089
0.027811
0.018279
-0.001984
-0.017090
-0.022860
-0.020672
-0.014133
-0.012302
-0.011764
-0.003652
0.021149
0.070118
0.121369
0.148992
0.144568
0.110902
0.066608
0.039261
0.023865
0.011394
0.008102
0.011759
0.018299
0.021695
0.021395
0.015070
0.008785
0.006109
0.000329
-0.010020
-0.027045
-0.044541
-0.050952
-0.040538
-0.017303
0.013093
0.041541
0.054811
0.047306
0.018510
-0.019380
-0.046635
-0.057558
-0.059339
-0.045777
-0.018598
0.007219
0.021066
0.005787
-0.025261
-0.055883
-0.087515
-0.098513
-0.080132
-0.044341
-0.009290
0.007433
-0.004849
-0.005733
0.015620
0.014666
0.003006
-0.028566
-0.076994
-0.110038
-0.129944
-0.135008
-0.128671
-0.122343
-0.116993
-0.108076
-0.090915
-0.065639
-0.051449
-0.049047
-0.055034
-0.082220
-0.119170
-0.142965
-0.150953
-0.148519
-0.131582
-0.107478
-0.084282
-0.061104
-0.029752
0.002922
0.022697
0.024011
0.010345
-0.001010
0.001906
0.010144
0.022863
0.031542
0.018728
-0.006773
-0.030838
-0.041064
-0.043192
-0.039632
-0.023250
0.004259
0.028771
0.047044
0.055204
0.046191
0.025798
0.006284
-0.005223
-0.017388
-0.027583
-0.029575
-0.032018
-0.036738
-0.037989
-0.042230
-0.055663
-0.070116
-0.078035
-0.078021
-0.063740
-0.047011
-0.038917
-0.028428
-0.004926
0.030399
0.064342
0.085152
0.095485
0.092378
0.080654
0.082015
0.085709
0.087358
0.086051
0.072285
0.057847
0.053822
0.062543
0.081139
0.101949
0.119066
0.130108
0.129878
0.128796
0.132248
0.135011
0.125562
0.103718
0.078516
0.055249
0.044708
0.052899
0.074285
0.096241
0.114005
0.121590
0.121970
0.125386
0.121973
0.106019
0.088136
0.063440
0.040638
0.023438
0.008995
0.007903
0.007890
0.008050
0.017232
0.025345
0.030947
0.030609
0.007426
-0.029894
-0.060426
-0.085386
-0.115207
-0.148342
-0.170515
-0.185472
-0.197337
-0.200208
-0.197683
-0.189273
-0.179901
-0.179541
-0.175903
-0.162050
-0.149354
-0.137115
-0.124929
-0.119218
-0.120982
-0.119571
-0.117534
-0.108757
-0.088471
-0.076587
-0.075927
-0.081897
-0.084805
-0.079272
-0.065410
-0.048197
-0.032526
-0.015704
-0.005542
-0.005608
-0.004161
0.002227
0.012181
0.020178
0.025289
0.042787
0.068432
0.097833
0.128569
0.159052
0.174895
0.169517
0.169369
0.169436
0.165387
0.167471
0.169262
0.172493
0.174458
0.171886
0.166182
0.152517
0.143603
0.139482
0.130073
0.115230
0.088397
0.046495
-0.009656
-0.071500
-0.120498
-0.152408
-0.182386
-0.209499
-0.227987
-0.237875
-0.239435
-0.235388
-0.222474
-0.206379
-0.186700
-0.162704
-0.147652
-0.141740
-0.137550
-0.136495
-0.135556
-0.125059
-0.110241
-0.101356
-0.093480
-0.081026
-0.063925
-0.033219
0.010097
0.048162
0.072751
0.084141
0.091309
0.092332
0.083015
0.071747
0.052034
0.028691
0.010893
0.003044
0.010563
0.018671
0.022978
0.020955
0.004626
-0.007479
-0.010029
-0.011299
-0.006104
0.004859
0.018998
0.029049
0.034861
0.039101
0.033098
0.021396
0.007121
-0.007283
-0.011790
-0.009004
-0.006042
-0.004295
-0.001722
0.003179
0.010224
0.011354
0.008999
0.009442
0.007693
0.009973
0.017546
0.032439
0.051096
0.061700
0.066879
0.068734
0.070243
0.073877
0.085661
0.100144
0.101960
0.116297
0.143804
0.150852
0.149902
0.151414
0.150060
0.143360
0.135703
0.129034
0.120253
0.115780
0.113647
0.109836
0.102332
0.095276
0.091831
0.090826
0.090300
0.086166
0.073474
0.049078
0.024917
0.009677
-0.001920
-0.008373
-0.009627
-0.007661
-0.014177
-0.033795
-0.055736
-0.069159
-0.065955
-0.047177
-0.026184
-0.020525
-0.009371
0.013780
0.019611
0.010691
0.004265
-0.004572
-0.011838
-0.012289
-0.011423
-0.003749
0.005156
-0.001792
-0.015437
-0.029406
-0.050390
-0.072807
-0.096819
-0.114955
-0.118688
-0.118050
-0.115092
-0.105273
-0.097482
-0.098497
-0.103261
-0.110288
-0.120391
-0.121227
-0.116456
-0.107743
-0.094359
-0.082925
-0.059426
-0.020523
0.024853
0.058944
0.061306
0.046253
0.032952
0.026774
0.033752
0.047112
0.057445
0.071029
0.084015
0.094100
0.099187
0.092385
0.084242
0.079826
0.075745
0.071451
0.067164
0.060408
0.055518
0.048874
0.038276
0.030394
0.026024
0.023293
0.018687
0.011196
0.009412
0.013972
0.019662
0.022000
0.019778
0.014819
0.004256
-0.013758
-0.035032
-0.056468
-0.079332
-0.093834
-0.092836
-0.081076
-0.070450
-0.061049
-0.055017
-0.052317
-0.046938
-0.041900
-0.034517
-0.028717
-0.030472
-0.029963
-0.016722
-0.006974
-0.005642
-0.004506
-0.002278
0.008904
0.023737
0.037489
0.051347
0.066005
0.075312
0.077440
0.078354
0.064215
0.041915
0.029544
0.022654
0.019767
0.010539
-0.006871
-0.025003
-0.041356
-0.050484
-0.052848
-0.050653
-0.049006
-0.053169
-0.059803
-0.061346
-0.055154
-0.042776
-0.032049
-0.029562
-0.025942
-0.020120
-0.017922
-0.014509
-0.011106
-0.008868
-0.007055
-0.006290
-0.004742
0.000885
0.006921
0.010641
0.017923
0.024555
0.025472
0.024317
0.022494
0.020376
0.021135
0.025223
0.033032
0.043652
0.054646
0.064916
0.072648
0.082444
0.086049
0.074539
0.061457
0.053415
0.045769
0.037220
0.030875
0.030961
0.029830
0.025273
0.021896
0.004480
-0.023318
-0.045965
-0.068727
-0.086931
-0.097067
-0.106774
-0.114071
-0.116242
-0.108768
-0.094155
-0.083636
-0.076688
-0.073416
-0.068693
-0.054906
-0.037119
-0.021419
-0.007489
0.000879
0.006078
0.016012
0.025364
0.032593
0.031611
0.024947
0.021489
0.016173
0.008196
-0.005243
-0.025232
-0.039909
-0.043842
-0.042101
-0.035415
-0.029247
-0.028885
-0.033069
-0.038700
-0.044227
-0.049267
-0.051206
-0.050404
-0.045901
-0.044185
-0.049866
-0.050244
-0.045718
-0.042970
-0.040605
-0.040514
-0.042642
-0.049122
-0.053731
-0.050687
-0.046288
-0.041471
-0.035682
-0.035568
-0.038732
-0.042336
-0.053372
-0.066813
-0.078599
-0.096027
-0.112497
-0.122250
-0.129785
-0.133222
-0.128639
-0.119894
-0.116540
-0.110777
-0.103872
-0.099837
-0.091219
-0.085228
-0.079247
-0.071903
-0.067229
-0.063060
-0.058116
-0.049225
-0.035818
-0.017680
-0.004513
0.004247
0.017485
0.033586
0.049569
0.065559
0.084747
0.099433
0.107744
0.117591
0.130578
0.136930
0.136915
0.139974
0.134186
0.118084
0.105805
0.106706
0.114708
0.119151
0.125722
0.128060
0.120439
0.110727
0.099037
0.086699
0.074926
0.068015
0.073146
0.082148
0.095177
0.113510
0.131883
0.145571
0.143703
0.140419
0.137201
0.129327
0.123760
0.119245
0.120709
0.120633
0.123052
0.132150
0.140302
0.147891
0.149000
0.144791
0.140184
0.130359
0.118573
0.107813
0.100632
0.098862
0.095539
0.091883
0.090757
0.087226
0.080399
0.073091
0.061664
0.047789
0.034612
0.022158
0.014336
0.012939
0.012932
0.007640
0.000462
-0.009252
-0.024455
-0.036972
-0.047197
-0.058672
-0.072903
-0.086477
-0.096668
-0.104558
-0.106735
-0.108250
-0.108811
-0.107175
-0.107624
-0.104888
-0.100252
-0.099192
-0.095057
-0.087081
-0.077769
-0.064382
-0.052704
-0.041668
-0.025912
-0.007289
0.015347
0.033326
0.040762
0.043992
0.044870
0.041956
0.036623
0.035109
0.034573
0.031950
0.029805
0.027739
0.021779
0.008320
-0.006017
-0.016609
-0.028636
-0.039699
-0.045390
-0.054024
-0.057219
-0.058813
-0.067874
-0.075253
-0.086056
-0.096688
-0.106277
-0.120583
-0.132714
-0.136957
-0.136514
-0.134273
-0.131998
-0.131086
-0.126518
-0.122278
-0.124286
-0.129092
-0.132070
-0.131194
-0.127811
-0.123662
-0.117807
-0.106381
-0.092724
-0.078774
-0.063880
-0.052741
-0.045906
-0.042732
-0.041509
-0.035521
-0.023658
-0.012059
-0.003506
0.006692
0.017428
0.022416
0.024819
0.026585
0.028730
0.031048
0.033981
0.039301
0.042877
0.045765
0.049770
0.055107
0.065907
0.074616
0.074037
0.065378
0.049532
0.033133
0.022664
0.019568
0.020920
0.025420
0.029455
0.030054
0.029131
0.021963
0.007301
-0.008924
-0.025401
-0.035094
-0.038186
-0.044098
-0.048658
-0.046926
-0.044064
-0.036202
-0.024786
-0.019566
-0.019354
-0.023909
-0.029190
-0.029514
-0.026867
-0.021606
-0.014548
-0.010928
-0.009137
-0.003981
0.004703
0.012182
0.017843
0.021467
0.023024
0.023421
0.025632
0.029543
0.037793
0.048500
0.055386
0.064485
0.069382
0.070286
0.071756
0.068666
0.058401
0.047234
0.040043
0.033592
0.030486
0.029972
0.029571
0.029605
0.030718
0.038118
0.043604
0.045488
0.050443
0.048067
0.044826
0.045878
0.045385
0.044928
0.044345
0.045987
0.045901
0.041379
0.038593
0.035118
0.029916
0.029246
0.029932
0.027964
0.024496
0.022199
0.020227
0.013457
0.005919
0.000612
-0.005578
-0.009059
-0.007303
0.000152
0.008710
0.013177
0.017533
0.015702
0.012417
0.010378
0.004911
0.003738
0.007053
0.012078
0.018793
0.026794
0.032820
0.038111
0.039606
0.034342
0.028045
0.021950
0.011007
-0.004076
-0.016764
-0.027313
-0.035946
-0.040013
-0.042862
-0.044534
-0.043194
-0.041430
-0.038933
-0.038824
-0.041121
-0.043112
-0.049694
-0.056166
-0.060204
-0.067903
-0.075426
-0.081621
-0.082952
-0.077886
-0.075810
-0.073843
-0.064503
-0.053872
-0.044978
-0.037220
-0.028683
-0.014949
0.002410
0.017189
0.025711
0.032841
0.039974
0.043491
0.043964
0.044865
0.046566
0.047639
0.045485
0.042719
0.044101
0.045640
0.047161
0.047934
0.046206
0.041840
0.033389
0.023373
0.010518
-0.000576
-0.009603
-0.025494
-0.039186
-0.043963
-0.050550
-0.056015
-0.057044
-0.057783
-0.060652
-0.068796
-0.076880
-0.086570
-0.092391
-0.092769
-0.093349
-0.092287
-0.093170
-0.089582
-0.079361
-0.072871
-0.066957
-0.058688
-0.056473
-0.053518
-0.044132
-0.036900
-0.030861
-0.020274
-0.013319
-0.012193
-0.008833
-0.004639
0.001488
0.009725
0.019344
0.031861
0.042778
0.050998
0.057549
0.058337
0.057274
0.058786
0.058534
0.054445
0.048780
0.040418
0.029473
0.021284
0.011698
-0.001095
-0.009466
-0.016165
-0.026029
-0.030804
-0.033019
-0.033737
-0.030422
-0.030477
-0.031109
-0.031617
-0.030266
-0.020772
-0.011248
-0.006608
-0.001101
0.007485
0.017535
0.023698
0.028034
0.032875
0.034151
0.033978
0.037255
0.041258
0.046019
0.051082
0.048773
0.043031
0.035409
0.026925
0.024589
0.024512
0.025053
0.028764
0.030273
0.031236
0.033575
0.034215
0.034302
0.034908
0.037044
0.034329
0.030268
0.029171
0.024930
0.023147
0.023774
0.023867
0.025038
0.025598
0.025392
0.021957
0.020527
0.020125
0.014410
0.012813
0.018041
0.021372
0.024200
0.028073
0.029587
0.029906
0.026955
0.019802
0.014656
0.017792
0.020523
0.019950
0.020659
0.020282
0.020396
0.020775
0.019624
0.015629
0.009793
0.001171
-0.006387
-0.014864
-0.027022
-0.039779
-0.051164
-0.059457
-0.069869
-0.079787
-0.089294
-0.104039
-0.117221
-0.126188
-0.136364
-0.141984
-0.146704
-0.151612
-0.151456
-0.148216
-0.141879
-0.135525
-0.126882
-0.117113
-0.108543
-0.094962
-0.080276
-0.071291
-0.059270
-0.045403
-0.032112
-0.016613
-0.004257
0.008148
0.018854
0.023953
0.026789
0.030191
0.033030
0.034723
0.039484
0.044099
0.053443
0.065727
0.068847
0.074307
0.084033
0.089519
0.090981
0.091844
0.090037
0.086527
0.083748
0.075646
0.068191
0.056994
0.043488
0.033351
0.026331
0.025281
0.026437
0.026810
0.024037
0.023981
0.025375
0.023917
0.023923
0.024921
0.026043
0.026875
0.028576
0.035016
0.041995
0.045783
0.047315
0.050830
0.052446
0.047450
0.043358
0.039781
0.037689
0.037343
0.035920
0.034811
0.032488
0.028295
0.024356
0.023429
0.021417
0.015429
0.008931
0.003667
-0.000800
-0.002853
-0.004253
-0.006428
-0.008353
-0.012125
-0.017431
-0.022880
-0.028155
-0.031176
-0.034788
-0.037491
-0.035420
-0.029416
-0.023027
-0.024091
-0.021785
-0.013322
-0.009772
-0.007069
0.000402
0.011047
0.021696
0.031922
0.041140
0.046591
0.050075
0.052674
0.055868
0.059406
0.062137
0.062742
0.060311
0.058371
0.055359
0.052056
0.047321
0.042571
0.040929
0.038884
0.035221
0.031638
0.028693
0.027472
0.026625
0.023015
0.014984
0.002192
-0.008959
-0.018523
-0.028216
-0.032366
-0.030755
-0.029348
-0.029156
-0.030016
-0.029714
-0.023159
-0.018019
-0.018432
-0.019462
-0.019564
-0.018752
-0.019541
-0.022504
-0.024022
-0.028483
-0.034880
-0.037812
-0.042931
-0.051671
-0.059353
-0.065843
-0.070895
-0.073024
-0.076163
-0.077830
-0.077518
-0.077472
-0.076624
-0.075816
-0.073874
-0.072485
-0.072792
-0.071810
-0.068453
-0.066154
-0.062834
-0.058416
-0.053370
-0.044432
-0.036498
-0.031245
-0.021594
-0.009455
0.004183
0.018465
0.027055
0.032876
0.035393
0.034983
0.034764
0.033615
0.028199
0.019675
0.009610
0.003323
-0.000376
-0.004102
-0.004942
-0.007836
-0.017788
-0.030497
-0.036352
-0.042192
-0.045616
-0.044702
-0.045598
-0.044673
-0.040126
-0.032260
-0.025673
-0.019870
-0.011765
-0.005804
-0.005106
-0.005786
-0.002338
0.003066
0.006388
0.012175
0.019379
0.019737
0.014157
0.011372
0.009217
0.001597
-0.005785
-0.011521
-0.018291
-0.025568
-0.029038
-0.023137
-0.019616
-0.020935
-0.019837
-0.019261
-0.014857
-0.010946
-0.008681
-0.001998
0.005817
0.017080
0.031063
0.042887
0.053420
0.064447
0.075941
0.086561
0.093106
0.099299
0.107053
0.105778
0.100229
0.099015
0.093046
0.087399
0.086103
0.079818
0.075680
0.073470
0.070050
0.069108
0.069081
0.070264
0.071246
0.071072
0.070044
0.068209
0.062583
0.057945
0.053825
0.046229
0.040837
0.032784
0.021847
0.013577
0.006754
-0.000834
-0.011160
-0.020968
-0.028709
-0.037059
-0.043787
-0.050135
-0.060133
-0.067975
-0.070680
-0.075213
-0.077643
-0.072996
-0.064508
-0.055709
-0.046909
-0.035968
-0.026055
-0.018891
-0.012359
-0.006646
-0.001052
0.004977
0.010874
0.018370
0.024527
0.029586
0.034674
0.038005
0.044432
0.050758
0.052149
0.051785
0.048288
0.040955
0.032450
0.029360
0.030506
0.029507
0.030273
0.033416
0.035033
0.036100
0.036921
0.038988
0.043095
0.043916
0.039647
0.035589
0.030230
0.023959
0.019580
0.014050
0.012023
0.012885
0.012521
0.012183
0.012064
0.012222
0.011871
0.008132
0.004159
0.003196
0.001804
0.002197
0.005532
0.010500
0.018145
0.023616
0.024223
0.025630
0.027361
0.026411
0.024469
0.021933
0.016124
0.008971
0.006025
0.004518
0.000030
-0.003740
-0.006681
-0.014582
-0.023977
-0.029756
-0.034734
-0.037434
-0.039023
-0.041961
-0.045953
-0.049165
-0.047192
-0.048020
-0.047110
-0.043542
-0.042666
-0.040313
-0.040259
-0.038792
-0.036003
-0.034054
-0.032096
-0.031953
-0.031024
-0.031991
-0.031837
-0.029089
-0.028620
-0.029646
-0.029053
-0.025023
-0.022970
-0.021303
-0.023537
-0.028526
-0.029321
-0.029525
-0.030230
-0.029523
-0.020754
-0.012889
-0.012446
-0.011614
-0.012278
-0.011931
-0.008566
-0.005951
-0.002476
0.003429
0.011521
0.018646
0.021941
0.023817
0.025374
0.025528
0.023537
0.021295
0.022377
0.019852
0.014927
0.017676
0.020607
0.020844
0.021716
0.022828
0.023962
0.026035
0.028747
0.030383
0.030575
0.029285
0.030345
0.029579
0.026062
0.025393
0.025747
0.024241
0.021202
0.019910
0.021077
0.020843
0.015643
0.010608
0.005138
-0.004132
-0.011676
-0.016792
-0.022814
-0.027714
-0.029876
-0.033548
-0.036326
-0.039052
-0.041385
-0.042086
-0.044783
-0.051890
-0.059487
-0.060991
-0.060898
-0.061351
-0.059144
-0.057757
-0.058305
-0.053627
-0.046560
-0.041194
-0.037127
-0.031328
-0.020857
-0.011834
-0.003378
0.003775
0.008034
0.011107
0.008689
0.006491
0.010616
0.017437
0.023090
0.029494
0.038590
0.044610
0.053019
0.062269
0.063626
0.066405
0.069566
0.067966
0.064656
0.059587
0.054466
0.053457
0.054137
0.054405
0.055883
0.054700
0.050302
0.045625
0.034924
0.023840
0.017121
0.007440
-0.002540
-0.007469
-0.011040
-0.015053
-0.017550
-0.024986
-0.029462
-0.028766
-0.033384
-0.041071
-0.044324
-0.048144
-0.052234
-0.053290
-0.057532
-0.058302
-0.056862
-0.059816
-0.065586
-0.071231
-0.074639
-0.076141
-0.077158
-0.077789
-0.077600
-0.077550
-0.077324
-0.076408
-0.075259
-0.074913
-0.073532
-0.070905
-0.066354
-0.062159
-0.060267
-0.059798
-0.058660
-0.055349
-0.056184
-0.054903
-0.050639
-0.051426
-0.051776
-0.046220
-0.043084
-0.042018
-0.039962
-0.040197
-0.038879
-0.038928
-0.039684
-0.038472
-0.036095
-0.033873
-0.032197
-0.030561
-0.027669
-0.021465
-0.015346
-0.012003
-0.009110
-0.001821
0.008558
0.018016
0.029240
0.042521
0.051571
0.060175
0.066806
0.071525
0.079663
0.081411
0.081229
0.080767
0.077676
0.075513
0.074773
0.073051
0.068376
0.060361
0.053598
0.048629
0.040564
0.036209
0.032354
0.023948
0.017510
0.013946
0.010204
0.005368
-0.002339
-0.008900
-0.016835
-0.028929
-0.029673
-0.021046
-0.020534
-0.019939
-0.017845
-0.017217
-0.012919
-0.010163
-0.008823
-0.006656
-0.002389
0.002955
0.007958
0.011184
0.013642
0.018879
0.021973
0.020557
0.015219
0.013298
0.013533
0.008519
0.006918
0.004921
-0.000394
-0.001935
-0.002433
-0.002816
-0.001983
-0.001833
-0.000927
-0.001137
-0.002384
-0.001703
-0.003909
-0.006024
-0.006930
-0.005920
-0.001506
0.004785
0.015892
0.019906
0.020441
0.024713
0.022057
0.019971
0.021502
0.020309
0.019007
0.019271
0.019672
0.019814
0.019720
0.020450
0.019598
0.014420
0.012624
0.012523
0.010382
0.008749
0.007743
0.008751
0.011916
0.017328
0.020125
0.021245
0.025228
0.027782
0.025684
0.022487
0.022865
0.020660
0.010690
0.003954
-0.001590
-0.007744
-0.010728
-0.014203
-0.017293
-0.024837
-0.029978
-0.032336
-0.038147
-0.041807
-0.044010
-0.044976
-0.044938
-0.045412
-0.044519
-0.039561
-0.034556
-0.031178
-0.030443
-0.029607
-0.023149
-0.017420
-0.014152
-0.010498
-0.003973
0.001111
0.005337
0.012352
0.018800
0.024440
0.027858
0.033102
0.038529
0.040743
0.043021
0.044322
0.043916
0.044294
0.049824
0.054904
0.057527
0.066103
0.068352
0.061206
0.058780
0.056845
0.052663
0.048188
0.044569
0.042114
0.036722
0.028671
0.022230
0.016979
0.012630
0.009201
0.002337
-0.004975
-0.011485
-0.016550
-0.021004
-0.028387
-0.030893
-0.029584
-0.029555
-0.029725
-0.029462
-0.026373
-0.023891
-0.025504
-0.029148
-0.030691
-0.030141
-0.030974
-0.030380
-0.023415
-0.019972
-0.020366
-0.015113
-0.011140
-0.008231
-0.003844
-0.002413
-0.002315
-0.001996
-0.002977
-0.005690
-0.006592
-0.005881
-0.007346
-0.008589
-0.010475
-0.012666
-0.013161
-0.013445
-0.013700
-0.013896
-0.012724
-0.010240
-0.006766
-0.002299
-0.002919
-0.006332
-0.008997
-0.014824
-0.018715
-0.019486
-0.020948
-0.020525
-0.022698
-0.027578
-0.026150
-0.026993
-0.027057
-0.023674
-0.022071
-0.020056
-0.019538
-0.019535
-0.019186
-0.019910
-0.019943
-0.015273
-0.011956
-0.009428
-0.006559
-0.005447
-0.003524
0.000302
0.006252
0.012578
0.018755
0.022207
0.023720
0.025122
0.025988
0.026339
0.024936
0.024527
0.025032
0.024078
0.022391
0.020140
0.013906
0.011874
0.017516
0.014995
0.011832
0.014214
0.014147
0.012743
0.008718
0.005514
0.000790
-0.006428
-0.010523
-0.015447
-0.020414
-0.023327
-0.022363
-0.020184
-0.018838
-0.013879
-0.011191
-0.011763
-0.008290
-0.005503
-0.005760
-0.005666
-0.005329
-0.006549
-0.009774
-0.011689
-0.016268
-0.018967
-0.020803
-0.027461
-0.029805
-0.029859
-0.031572
-0.033676
-0.034790
-0.033596
-0.032924
-0.033865
-0.034860
-0.034325
-0.034715
-0.035627
-0.032508
-0.025127
-0.018636
-0.014416
-0.012590
-0.007661
0.000358
0.003305
0.008952
0.011880
0.008147
0.010171
0.012745
0.012833
0.012135
0.014318
0.018322
0.015765
0.017280
0.021945
0.023130
0.023947
0.026071
0.029048
0.032160
0.036790
0.038669
0.035239
0.029934
0.026921
0.024354
0.024454
0.026904
0.026651
0.024965
0.021496
0.019748
0.019544
0.014189
0.007973
0.006135
0.003948
-0.001464
-0.006658
-0.009146
-0.012317
-0.016887
-0.014258
-0.011014
-0.010186
-0.004528
0.005770
0.017025
0.021627
0.026634
0.033151
0.036910
0.040182
0.043920
0.050470
0.053243
0.055262
0.065238
0.072168
0.076193
0.083248
0.085534
0.084201
0.080600
0.076710
0.073187
0.069637
0.067651
0.064022
0.061628
0.058097
0.054079
0.054159
0.053486
0.052350
0.052511
0.052443
0.051777
0.051832
0.051931
0.051778
0.052944
0.054022
0.056266
0.057551
0.057352
0.058073
0.059161
0.060859
0.062249
0.066545
0.070406
0.071397
0.072359
0.072612
0.071958
0.070167
0.069962
0.069082
0.069044
0.068677
0.061219
0.056813
0.054027
0.044793
0.034819
0.026892
0.020604
0.008832
-0.005556
-0.018752
-0.031944
-0.043867
-0.054901
-0.060884
-0.070733
-0.082212
-0.086907
-0.092545
-0.098286
-0.099999
-0.099790
-0.100557
-0.101367
-0.101033
-0.099322
-0.095063
-0.090831
-0.087134
-0.083945
-0.079407
-0.074744
-0.070270
-0.060660
-0.054056
-0.051773
-0.046142
-0.043926
-0.044384
-0.044506
-0.049243
-0.053158
-0.053806
-0.054858
-0.057482
-0.053168
-0.045249
-0.047663
-0.051713
-0.050241
-0.050614
-0.049518
-0.045687
-0.048726
-0.050217
-0.049276
-0.051841
-0.053685
-0.056421
-0.059152
-0.059010
-0.059725
-0.060104
-0.061742
-0.064841
-0.063219
-0.064594
-0.063299
-0.059242
-0.059240
-0.056901
-0.054039
-0.051902
-0.046887
-0.043695
-0.040731
-0.035029
-0.032802
-0.029986
-0.028768
-0.028784
-0.024552
-0.019851
-0.013549
-0.006689
0.000874
0.007767
0.012132
0.018200
0.024770
0.029845
0.034091
0.037363
0.036259
0.037195
0.038719
0.036427
0.037590
0.036701
0.038719
0.044028
0.043761
0.045977
0.051101
0.052813
0.053184
0.053992
0.053156
0.052741
0.052607
0.052740
0.052483
0.047098
0.043049
0.041824
0.039029
0.039662
0.038457
0.033845
0.032818
0.032366
0.031112
0.029874
0.030057
0.030561
0.027560
0.026221
0.026372
0.024795
0.024375
0.022574
0.021506
0.021695
0.020528
0.015256
0.008520
0.006068
0.003961
-0.001175
-0.006113
-0.007736
-0.009243
-0.012569
-0.016721
-0.021132
-0.026192
-0.029422
-0.032535
-0.034516
-0.035425
-0.036281
-0.035359
-0.035249
-0.035109
-0.034666
-0.034708
-0.035351
-0.034779
-0.030421
-0.029111
-0.029680
-0.024145
-0.019429
-0.015380
-0.011337
-0.012490
-0.012420
-0.008115
-0.006422
-0.006707
-0.005610
-0.006082
-0.008390
-0.009182
-0.008398
-0.006517
-0.006367
-0.006812
-0.006868
-0.007208
-0.003311
-0.000399
-0.001428
0.000195
0.003713
0.005774
0.009831
0.010668
0.008875
0.011368
0.012978
0.012589
0.011151
0.008086
0.006100
0.003784
-0.000233
-0.002353
-0.005582
-0.009248
-0.009750
-0.010845
-0.011265
-0.010691
-0.010078
-0.008089
-0.005523
-0.003625
-0.002180
0.001701
0.005757
0.007759
0.009568
0.012491
0.013863
0.013812
0.013596
0.015374
0.018526
0.013262
0.006372
0.006000
0.009471
0.010588
0.011839
0.017685
0.016117
0.014303
0.019506
0.020724
0.020435
0.021943
0.021041
0.022925
0.027665
0.029479
0.033485
0.037801
0.038867
0.042649
0.044145
0.042222
0.043685
0.040344
0.032123
0.029750
0.030185
0.027345
0.022064
0.020555
0.018405
0.014612
0.016102
0.015344
0.016605
0.015376
0.011947
0.013178
0.012767
0.012416
0.013537
0.018861
0.021314
0.020713
0.024550
0.029893
0.030373
0.029728
0.033418
0.034474
0.034741
0.034834
0.031921
0.031036
0.029809
0.027464
0.024483
0.021691
0.018982
0.013290
0.010228
0.008067
0.004218
0.000978
-0.001864
-0.005495
-0.009299
-0.011840
-0.015917
-0.022309
-0.029476
-0.034877
-0.039431
-0.044254
-0.049564
-0.055504
-0.060022
-0.065941
-0.072072
-0.074473
-0.075411
-0.077042
-0.081227
-0.084287
-0.084809
-0.083277
-0.082129
-0.082208
-0.077603
-0.075026
-0.071339
-0.062098
-0.059287
-0.058485
-0.051457
-0.045356
-0.044333
-0.042158
-0.038191
-0.035397
-0.030815
-0.028234
-0.028003
-0.029174
-0.028267
-0.020247
-0.016366
-0.013465
-0.010261
-0.010666
-0.007306
-0.005586
-0.003813
0.001999
0.004961
0.004889
0.005169
0.006708
0.006852
0.004639
0.002209
-0.000353
-0.001828
-0.002086
-0.003371
-0.003199
-0.001884
-0.003136
-0.003366
-0.002367
-0.004682
-0.006688
-0.006123
-0.003938
0.000883
0.006273
0.011165
0.014930
0.019093
0.023044
0.027187
0.032984
0.038979
0.046091
0.051382
0.051432
0.051767
0.051505
0.047231
0.043792
0.038135
0.031275
0.026674
0.022136
0.017435
0.013407
0.008155
0.000343
-0.007093
-0.011904
-0.017092
-0.024018
-0.027966
-0.029523
-0.032975
-0.036000
-0.034984
-0.034761
-0.035719
-0.034766
-0.035811
-0.038203
-0.037823
-0.036700
-0.035734
-0.032462
-0.029714
-0.029427
-0.030047
-0.029779
-0.031967
-0.034728
-0.034671
-0.036061
-0.037691
-0.040326
-0.042098
-0.041582
-0.040573
-0.039396
-0.037664
-0.035096
-0.035601
-0.035545
-0.032793
-0.029497
-0.023226
-0.018553
-0.013155
-0.006280
-0.001706
0.003634
0.007987
0.010727
0.013717
0.020203
0.024779
0.028193
0.036231
0.043912
0.050197
0.052259
0.054210
0.058429
0.059218
0.058846
0.058126
0.058018
0.058835
0.058225
0.055578
0.053468
0.054833
0.054593
0.051959
0.052052
0.052399
0.051330
0.051798
0.050674
0.045811
0.044154
0.044513
0.042993
0.038992
0.034759
0.034258
0.034070
0.030716
0.029038
0.028988
0.026995
0.024557
0.021309
0.018817
0.014509
0.009386
0.006262
0.003756
0.000474
-0.004637
-0.010066
-0.011008
-0.012079
-0.017729
-0.018008
-0.017943
-0.018321
-0.020514
-0.027493
-0.022683
-0.017866
-0.018692
-0.014522
-0.012608
-0.011406
-0.007074
-0.003536
-0.001275
0.003858
0.008149
0.012139
0.018257
0.022791
0.025864
0.030082
0.034158
0.033632
0.034034
0.034968
0.031642
0.030326
0.028463
0.022354
0.021254
0.020267
0.013811
0.010876
0.008461
0.006052
0.004062
0.000335
-0.002193
-0.006810
-0.010933
-0.010786
-0.011850
-0.017681
-0.019494
-0.013777
-0.011813
-0.011315
-0.007879
-0.004146
0.002090
0.006521
0.007955
0.007821
0.007532
0.008701
0.008859
0.006251
0.000718
-0.003507
-0.007070
-0.010887
-0.010443
-0.011662
-0.017030
-0.019320
-0.023303
-0.029130
-0.033123
-0.034777
-0.035028
-0.038224
-0.038724
-0.038088
-0.038079
-0.035434
-0.035084
-0.035770
-0.035337
-0.035423
-0.034078
-0.034121
-0.036112
-0.035426
-0.035834
-0.037255
-0.034911
-0.031805
-0.030403
-0.029334
-0.028438
-0.030084
-0.029274
-0.023152
-0.022126
-0.022118
-0.019703
-0.020570
-0.018951
-0.013611
-0.012041
-0.013115
-0.012985
-0.013041
-0.013519
-0.012973
-0.009905
-0.005925
-0.002547
0.000223
0.006391
0.012144
0.011931
0.013839
0.019108
0.020451
0.019847
0.020143
0.020122
0.020069
0.020509
0.020280
0.020603
0.019828
0.014893
0.012008
0.008919
0.003108
-0.001453
-0.004204
-0.004948
-0.005004
-0.006487
-0.008589
-0.006295
-0.003133
-0.002698
-0.000001
0.003127
0.006487
0.012954
0.019405
0.022622
0.025655
0.030177
0.033034
0.035097
0.034313
0.035100
0.038466
0.036697
0.034389
0.033731
0.034207
0.034685
0.031605
0.029647
0.026688
0.022174
0.019771
0.015114
0.009056
0.002692
-0.002122
-0.005120
-0.010015
-0.016491
-0.022527
-0.027608
-0.029224
-0.032585
-0.039111
-0.040225
-0.041117
-0.043179
-0.042406
-0.041681
-0.042089
-0.040742
-0.034955
-0.030047
-0.028723
-0.021588
-0.012916
-0.011036
-0.008335
-0.003029
0.000209
0.003719
0.006172
0.007075
0.010745
0.012999
0.012873
0.011945
0.010125
0.007507
0.004203
0.003666
0.002333
-0.000845
-0.002292
-0.003666
-0.005406
-0.007634
-0.007275
-0.007730
-0.011393
-0.011029
-0.009867
-0.010372
-0.010194
-0.009231
-0.008238
-0.008404
-0.009577
-0.008881
-0.003521
-0.000342
0.001098
0.003856
0.004548
0.005268
0.007555
0.008661
0.009517
0.011930
0.013674
0.012675
0.013831
0.018377
0.015846
0.012113
0.012101
0.011795
0.011287
0.010165
0.011268
0.010630
0.007646
0.011047
0.018548
0.020378
0.018853
0.019393
0.020892
0.020591
0.021658
0.025863
0.029262
0.031821
0.034573
0.037580
0.039289
0.041153
0.044273
0.045123
0.045441
0.045669
0.044819
0.043656
0.042834
0.042567
0.038639
0.034140
0.032565
0.031668
0.030082
0.027788
0.025851
0.023261
0.021999
0.020044
0.014494
0.011804
0.010763
0.009129
0.007852
0.005901
0.006126
0.006217
0.005598
0.005993
0.006771
0.006170
0.004892
0.004032
0.000642
-0.001387
-0.000900
-0.002472
-0.004436
-0.006730
-0.008424
-0.008696
-0.010270
-0.009068
-0.007435
-0.007276
-0.007495
-0.010894
-0.011600
-0.010894
-0.017973
-0.027135
-0.028767
-0.027941
-0.028283
-0.028212
-0.028218
-0.028445
-0.028095
-0.029156
-0.028497
-0.022147
-0.018467
-0.014216
-0.007635
-0.002367
0.003524
0.009441
0.017437
0.024174
0.029141
0.037240
0.042397
0.043541
0.049046
0.053129
0.051123
0.051812
0.054683
0.055229
0.056972
0.057917
0.055911
0.053614
0.052400
0.052541
0.051927
0.046497
0.041339
0.038716
0.032543
0.026968
0.021694
0.014600
0.011987
0.009101
0.003124
-0.000167
-0.004217
-0.008985
-0.011119
-0.017561
-0.027235
-0.030431
-0.032755
-0.036923
-0.038232
-0.039787
-0.042105
-0.043160
-0.044367
-0.044632
-0.044569
-0.048386
-0.051784
-0.050167
-0.045854
-0.042462
-0.040078
-0.036191
-0.031731
-0.029542
-0.025688
-0.021230
-0.019442
-0.014120
-0.010067
-0.008060
-0.005433
-0.006360
-0.005311
-0.002061
-0.002635
-0.005266
-0.005738
-0.003806
-0.001245
-0.000468
-0.001264
-0.001355
-0.001163
-0.002356
-0.004371
-0.007044
-0.009224
-0.012319
-0.017583
-0.020018
-0.021806
-0.022745
-0.023845
-0.028135
-0.028701
-0.028998
-0.032180
-0.031987
-0.032698
-0.035018
-0.034722
-0.034486
-0.034378
-0.034353
-0.034658
-0.035330
-0.033644
-0.031624
-0.028899
-0.026593
-0.027748
-0.022091
-0.016856
-0.014078
-0.010818
-0.009294
-0.003463
0.002092
0.006401
0.010243
0.013367
0.017768
0.020406
0.021243
0.021862
0.024298
0.025508
0.023060
0.022783
0.023246
0.022615
0.023193
0.023481
0.022107
0.020747
0.021887
0.023288
0.022386
0.022477
0.022637
0.023691
0.025859
0.026187
0.026480
0.026072
0.024330
0.023532
0.024608
0.023752
0.022127
0.021267
0.020639
0.019787
0.016461
0.012054
0.006681
0.003999
-0.000057
-0.007321
-0.009410
-0.009321
-0.011168
-0.015495
-0.018095
-0.018226
-0.018487
-0.020097
-0.022475
-0.022878
-0.023619
-0.024274
-0.027283
-0.022114
-0.019087
-0.027198
-0.022027
-0.017268
-0.019603
-0.019152
-0.019244
-0.015524
-0.013235
-0.013877
-0.012026
-0.009441
-0.006251
-0.002910
-0.002445
0.000622
0.005446
0.007336
0.013211
0.020192
0.022193
0.022555
0.023873
0.027008
0.029786
0.030337
0.031093
0.031394
0.032336
0.034549
0.036553
0.037334
0.035528
0.035204
0.034906
0.032442
0.029898
0.026046
0.020008
0.013951
0.010801
0.008073
0.003936
-0.001966
-0.005121
-0.005795
-0.009758
-0.011199
-0.012371
-0.017468
-0.019123
-0.017643
-0.019686
-0.023724
-0.025198
-0.027628
-0.029191
-0.028726
-0.028739
-0.029966
-0.028927
-0.022700
-0.023746
-0.026608
-0.023287
-0.020883
-0.019097
-0.018787
-0.018183
-0.013492
-0.009708
-0.007347
-0.006052
-0.007291
-0.005821
-0.005011
-0.007067
-0.007820
-0.006329
-0.005796
-0.007011
-0.006880
-0.006569
-0.007030
-0.007632
-0.008137
-0.007426
-0.007360
-0.008653
-0.008323
-0.006792
-0.004887
-0.005138
-0.006075
-0.005975
-0.007486
-0.010649
-0.012148
-0.010869
-0.010711
-0.009865
-0.009575
-0.010420
-0.007528
-0.005611
-0.005992
-0.006585
-0.007193
-0.005706
-0.007618
-0.010961
-0.010682
-0.010305
-0.011507
-0.016135
-0.018768
-0.017980
-0.019075
-0.018702
-0.018395
-0.018659
-0.019924
-0.026706
-0.029376
-0.028324
-0.029102
-0.029905
-0.033396
-0.035336
-0.037806
-0.038565
-0.036959
-0.038421
-0.036239
-0.033189
-0.032128
-0.029329
-0.023883
-0.018869
-0.013724
-0.009268
-0.008072
-0.004042
-0.000425
0.004560
0.010218
0.012723
0.017575
0.020826
0.023713
0.025847
0.026189
0.025388
0.021829
0.021481
0.020914
0.014783
0.009497
0.005641
0.000924
-0.001942
-0.005146
-0.009663
-0.011068
-0.012585
-0.016051
-0.014175
-0.011203
-0.012631
-0.017135
-0.019113
-0.017770
-0.018081
-0.019056
-0.017976
-0.013964
-0.012175
-0.013622
-0.010642
-0.004290
-0.001345
0.003024
0.006868
0.008500
0.011787
0.012132
0.011208
0.011221
0.011256
0.012265
0.011818
0.011503
0.011489
0.008166
0.007051
0.008197
0.007712
0.008112
0.007978
0.005471
0.003740
0.003649
0.002107
-0.001341
-0.003124
-0.002666
-0.004703
-0.006223
-0.007140
-0.010470
-0.009746
-0.006997
-0.006827
-0.007309
-0.005579
-0.002413
-0.001908
-0.002037
-0.002306
-0.000488
0.003653
0.005492
0.007110
0.008067
0.012115
0.019203
0.021772
0.023139
0.026526
0.027372
0.029492
0.034277
0.035332
0.039675
0.043239
0.039700
0.039556
0.040829
0.042908
0.045050
0.045629
0.050345
0.052533
0.051622
0.051915
0.051823
0.052218
0.052383
0.052423
0.051855
0.052339
0.051884
0.048292
0.046038
0.042523
0.040186
0.038926
0.035149
0.031517
0.025809
0.020663
0.020754
0.020729
0.019758
0.019960
0.020594
0.020352
0.015783
0.012878
0.014250
0.014241
0.012606
0.011717
0.012349
0.012188
0.010526
0.010222
0.010247
0.008308
0.005918
0.005941
0.005614
0.002073
-0.001192
-0.002794
-0.004004
-0.005684
-0.007490
-0.009145
-0.010038
-0.011531
-0.016703
-0.018419
-0.018182
-0.023449
-0.025064
-0.024491
-0.027689
-0.029430
-0.028365
-0.025545
-0.023249
-0.020126
-0.017534
-0.016723
-0.012907
-0.009382
-0.009611
-0.010832
-0.009697
-0.007666
-0.005777
-0.001715
0.000790
0.001003
0.002864
0.003613
0.004090
0.005690
0.006351
0.007959
0.008776
0.008146
0.007441
0.007221
0.009445
0.011479
0.011796
0.012248
0.013025
0.013131
0.012523
0.012590
0.012743
0.012267
0.012411
0.012291
0.010272
0.010871
0.012055
0.012237
0.013777
0.015105
0.019090
0.020990
0.020292
0.021594
0.022593
0.022614
0.021910
0.021008
0.020991
0.021200
0.020546
0.020000
0.015345
0.008941
0.006884
0.005025
0.001549
-0.003338
-0.009435
-0.015529
-0.021174
-0.027869
-0.034544
-0.037727
-0.043009
-0.050238
-0.052961
-0.055784
-0.060573
-0.066208
-0.071258
-0.073133
-0.073901
-0.075330
-0.075854
-0.074933
-0.075672
-0.077130
-0.076252
-0.075053
-0.075886
-0.076191
-0.074225
-0.073351
-0.070244
-0.062348
-0.060189
-0.061009
-0.055128
-0.052045
-0.052156
-0.046612
-0.043694
-0.044123
-0.043860
-0.044181
-0.041145
-0.037772
-0.037780
-0.036982
-0.035725
-0.035591
-0.036003
-0.035328
-0.033374
-0.034932
-0.033896
-0.030486
-0.029589
-0.028395
-0.028250
-0.029020
-0.028220
-0.021570
-0.016834
-0.017908
-0.018744
-0.018430
-0.013346
-0.009360
-0.009698
-0.009651
-0.010185
-0.009190
-0.006040
-0.006409
-0.009923
-0.010438
-0.010478
-0.010662
-0.011577
-0.016894
-0.018575
-0.018510
-0.019309
-0.014094
-0.010557
-0.010848
-0.011046
-0.011558
-0.009079
-0.007470
-0.007804
-0.007544
-0.004537
0.000526
0.002685
0.009307
0.017743
0.020601
0.023460
0.024485
0.025056
0.028386
0.028936
0.027898
0.030261
0.032864
0.035653
0.038851
0.038599
0.038960
0.037625
0.038048
0.041511
0.041963
0.041553
0.038168
0.036256
0.036242
0.034572
0.033739
0.032572
0.029309
0.025527
0.022586
0.020640
0.020806
0.020633
0.016888
0.013679
0.013989
0.012109
0.008983
0.010729
0.008967
0.003840
0.004336
0.004820
0.004049
0.003307
-0.000527
-0.003382
-0.003416
-0.003231
-0.002376
-0.000229
0.003292
0.005829
0.008703
0.011943
0.013938
0.018385
0.020038
0.019502
0.020315
0.020930
0.024354
0.027298
0.028586
0.029892
0.033576
0.038210
0.038348
0.035681
0.035351
0.038442
0.042339
0.044686
0.046554
0.050851
0.053086
0.052300
0.051569
0.047814
0.045773
0.044465
0.039991
0.038614
0.037894
0.034653
0.031447
0.029363
0.024985
0.022527
0.020067
0.013894
0.010584
0.007265
0.005640
0.007213
0.009582
0.008274
0.005853
0.006525
0.006022
0.004594
0.001254
0.000238
-0.000256
-0.002054
-0.000438
0.000165
0.000176
0.001084
-0.001232
-0.002608
-0.001635
-0.004295
-0.006452
-0.007362
-0.009701
-0.010796
-0.011337
-0.012446
-0.012004
-0.010649
-0.009684
-0.008806
-0.009615
-0.010434
-0.010111
-0.008610
-0.008384
-0.008309
-0.005981
-0.003249
-0.002648
-0.001877
0.000630
0.001749
0.002943
0.004112
0.004260
0.001320
-0.002645
-0.002086
-0.000900
-0.002097
-0.001789
-0.001271
-0.000657
0.001276
0.002491
0.003634
0.005319
0.004833
0.002224
0.002549
0.004598
0.004128
0.002045
0.003925
0.004702
0.002265
0.002887
0.001909
0.002665
0.003619
-0.000734
-0.002792
-0.003255
-0.005912
-0.008518
-0.010316
-0.009586
-0.010459
-0.012083
-0.012478
-0.012643
-0.013071
-0.017290
-0.019409
-0.018994
-0.019956
-0.018427
-0.020978
-0.027451
-0.022605
-0.018682
-0.020203
-0.019024
-0.019174
-0.019713
-0.020072
-0.019910
-0.018560
-0.014126
-0.011715
-0.010576
-0.007554
-0.008456
-0.009166
-0.008067
-0.008172
-0.006995
-0.008060
-0.009320
-0.005432
-0.001825
-0.001967
-0.002854
-0.003153
-0.001283
0.003148
0.002934
-0.001333
-0.001927
-0.002543
-0.005696
-0.005757
-0.003312
-0.003203
-0.003145
-0.001713
-0.002588
-0.004113
-0.003555
-0.000666
0.001609
0.001035
0.000964
0.003007
0.004136
0.009863
0.018514
0.016180
0.013362
0.018622
0.020516
0.019536
0.020336
0.022087
0.021248
0.021387
0.025074
0.025206
0.028031
0.031657
0.029844
0.028983
0.029541
0.030338
0.028160
0.023858
0.022065
0.020589
0.019882
0.019554
0.020155
0.019833
0.013948
0.009050
0.007777
0.007244
0.005713
0.004200
0.004077
0.005215
0.005842
0.005478
0.007844
0.008062
0.006725
0.009644
0.013539
0.017512
0.019362
0.020721
0.022430
0.022418
0.025893
0.028659
0.028163
0.029605
0.030003
0.031381
0.034613
0.033668
0.033499
0.035214
0.033161
0.030949
0.031602
0.030924
0.028481
0.024505
0.022225
0.022377
0.021606
0.019924
0.014383
0.011663
0.013639
0.012077
0.008512
0.005520
0.002476
0.000412
-0.001841
-0.002502
-0.004452
-0.007129
-0.006077
-0.004662
-0.003405
-0.002374
0.000422
0.001956
0.003566
0.005649
0.006107
0.005986
0.005347
0.005576
0.008081
0.008735
0.009502
0.016711
0.017493
0.017702
0.020922
0.020432
0.021632
0.022391
0.021811
0.020495
0.020601
0.020085
0.015807
0.013978
0.014219
0.012386
0.009319
0.006812
0.004791
0.002380
-0.000722
-0.005303
-0.007911
-0.009347
-0.011697
-0.015419
-0.017877
-0.017111
-0.017975
-0.021568
-0.023945
-0.024585
-0.024350
-0.022316
-0.019613
-0.018783
-0.018169
-0.013605
-0.011107
-0.011483
-0.011191
-0.010818
-0.009396
-0.009548
-0.010465
-0.009255
-0.008822
-0.008223
-0.005946
-0.005685
-0.005511
-0.005054
-0.005349
-0.005289
-0.006289
-0.007429
-0.006871
-0.006508
-0.006660
-0.007064
-0.007559
-0.008724
-0.010647
-0.010188
-0.010689
-0.011834
-0.011521
-0.011093
-0.010576
-0.011111
-0.011415
-0.011968
-0.012850
-0.012621
-0.012000
-0.012062
-0.011598
-0.011435
-0.011494
-0.011112
-0.011469
-0.009602
-0.007912
-0.007580
-0.007834
-0.010967
-0.011521
-0.008951
-0.008472
-0.007909
-0.007629
-0.008240
-0.008910
-0.011819
-0.012007
-0.011843
-0.016699
-0.018551
-0.020278
-0.027723
-0.029777
-0.029843
-0.034735
-0.034602
-0.031384
-0.030537
-0.030162
-0.029584
-0.030503
-0.033123
-0.034912
-0.034840
-0.034908
-0.037534
-0.037986
-0.035628
-0.033073
-0.029426
-0.028087
-0.028650
-0.028089
-0.028164
-0.029683
-0.030514
-0.029721
-0.029916
-0.031501
-0.030069
-0.028774
-0.029274
-0.028315
-0.028046
-0.028244
-0.028199
-0.028287
-0.028494
-0.028316
-0.028852
-0.028706
-0.025875
-0.024502
-0.025737
-0.024604
-0.025214
-0.027965
-0.022230
-0.017022
-0.014429
-0.011944
-0.010467
-0.007649
-0.008554
-0.007450
-0.003377
0.001174
0.004834
0.006522
0.007527
0.008071
0.009585
0.009293
0.011557
0.014771
0.012849
0.014643
0.019646
0.021415
0.020851
0.016698
0.012494
0.015193
0.020108
0.016245
0.012110
0.013095
0.013262
0.012565
0.009755
0.006886
0.003437
0.002564
0.001915
-0.001538
-0.001936
-0.001799
-0.002422
-0.002353
-0.002665
-0.001795
0.000760
0.002094
0.002347
0.001714
-0.000397
-0.001802
-0.001416
0.000710
0.002941
0.003695
0.004524
0.005142
0.005756
0.005607
0.005394
0.006330
0.007198
0.009063
0.009247
0.010099
0.012236
0.011954
0.011245
0.013446
0.018570
0.020288
0.019508
0.019812
0.019752
0.019688
0.019585
0.020031
0.020881
0.021225
0.022806
0.025597
0.025470
0.022330
0.020298
0.021093
0.020233
0.014214
0.012343
0.012550
0.009771
0.008086
0.005378
0.005574
0.006376
0.005282
0.003611
0.000505
-0.001911
-0.005304
-0.007909
-0.010007
-0.010679
-0.010459
-0.010182
-0.008753
-0.008965
-0.007277
-0.004536
-0.002072
0.001788
0.005404
0.007020
0.007241
0.012110
0.018527
0.019642
0.021262
0.024068
0.023122
0.024173
0.028817
0.029372
0.027324
0.028642
0.029346
0.028453
0.028790
0.026840
0.026079
0.025239
0.021975
0.021237
0.020879
0.019255
0.015766
0.012636
0.009219
0.006567
0.007550
0.008256
0.007907
0.007570
0.006580
0.004492
0.002221
-0.001508
-0.003431
-0.003304
-0.006467
-0.008008
-0.009286
-0.011177
-0.007576
-0.006227
-0.008625
-0.007699
-0.005801
-0.003791
-0.002708
-0.003207
-0.002025
-0.001238
-0.000968
0.000859
0.003959
0.006791
0.007403
0.010486
0.012857
0.013450
0.018472
0.020949
0.020103
0.020487
0.021573
0.021703
0.020586
0.021845
0.022038
0.021316
0.023131
0.023494
0.024941
0.028905
0.030960
0.030582
0.029214
0.029295
0.029945
0.031449
0.032772
0.032562
0.031642
0.029990
0.030326
0.028521
0.023943
0.022180
0.020325
0.016299
0.013215
0.009933
0.007922
0.006489
0.002736
-0.001688
-0.006466
-0.009494
-0.012295
-0.016939
-0.019185
-0.018972
-0.020281
-0.022590
-0.021571
-0.019600
-0.019104
-0.018359
-0.020097
-0.018980
-0.013501
-0.011933
-0.012493
-0.010813
-0.008255
-0.008499
-0.008162
-0.003369
-0.001378
-0.001224
0.002623
0.005777
0.006700
0.006311
0.005585
0.009447
0.012162
0.009891
0.011699
0.013977
0.014135
0.013806
0.010589
0.008497
0.006933
0.003529
-0.001103
-0.005088
-0.005996
-0.006286
-0.009539
-0.010813
-0.011681
-0.017100
-0.018951
-0.019202
-0.023751
-0.028002
-0.030590
-0.032481
-0.033126
-0.033675
-0.035199
-0.035923
-0.034584
-0.034643
-0.036009
-0.036913
-0.037802
-0.039098
-0.039704
-0.038386
-0.036423
-0.034673
-0.035591
-0.035716
-0.034238
-0.032635
-0.033910
-0.037831
-0.037104
-0.036664
-0.040344
-0.042216
-0.040367
-0.040093
-0.039231
-0.037722
-0.039222
-0.039278
-0.037767
-0.037394
-0.036817
-0.034742
-0.034663
-0.032659
-0.029779
-0.028912
-0.023255
-0.018161
-0.013780
-0.010274
-0.009277
-0.004543
0.001111
0.004499
0.004442
0.005845
0.013105
0.019229
0.020413
0.021686
0.023878
0.026983
0.030329
0.031688
0.036062
0.038136
0.038940
0.045516
0.046371
0.044844
0.046407
0.046709
0.051027
0.048388
0.041078
0.041914
0.042961
0.040938
0.035312
0.031522
0.031295
0.027585
0.022981
0.020387
0.016764
0.012952
0.009713
0.005030
0.000423
-0.003910
-0.008041
-0.009343
-0.011199
-0.016958
-0.019699
-0.018621
-0.018963
-0.021472
-0.027113
-0.029108
-0.028174
-0.028774
-0.029498
-0.031928
-0.033709
-0.035897
-0.037267
-0.037984
-0.040029
-0.041554
-0.041221
-0.040372
-0.042263
-0.043170
-0.041173
-0.042290
-0.043103
-0.042428
-0.041544
-0.038881
-0.037820
-0.035061
-0.034714
-0.035527
-0.033867
-0.034139
-0.033548
-0.030545
-0.029191
-0.029114
-0.028801
-0.029562
-0.029216
-0.028750
-0.028886
-0.028952
-0.029010
-0.028886
-0.029044
-0.029230
-0.029107
-0.029258
-0.029113
-0.029812
-0.029580
-0.024053
-0.020957
-0.019289
-0.013898
-0.012132
-0.012988
-0.012577
-0.011394
-0.011061
-0.011844
-0.012241
-0.012568
-0.012510
-0.011954
-0.011840
-0.012059
-0.011002
-0.010062
-0.010538
-0.010506
-0.010172
-0.008708
-0.007018
-0.006273
-0.006278
-0.005296
-0.002638
-0.002820
-0.002072
0.002845
0.004798
0.005277
0.007496
0.007798
0.009177
0.010081
0.006877
0.006546
0.011463
0.012896
0.010948
0.012456
0.012043
0.008414
0.007659
0.006807
0.005874
0.005800
0.004458
0.003937
0.004128
0.004354
0.004124
0.001501
-0.002069
-0.004357
-0.005929
-0.005475
-0.006557
-0.009791
-0.010472
-0.010909
-0.010944
-0.011831
-0.012521
-0.012053
-0.016271
-0.019275
-0.020439
-0.022909
-0.023174
-0.027305
-0.030266
-0.029059
-0.029253
-0.029516
-0.029962
-0.031051
-0.030032
-0.026092
-0.027883
-0.030418
-0.026308
-0.021485
-0.017701
-0.013697
-0.012457
-0.012795
-0.011636
-0.011025
-0.009966
-0.008484
-0.003983
0.001423
0.001352
0.003288
0.007080
0.007443
0.010912
0.013183
0.013789
0.018572
0.020315
0.020341
0.021255
0.020305
0.020944
0.022201
0.021150
0.022673
0.026607
0.027669
0.028770
0.030461
0.031497
0.031764
0.029888
0.029754
0.030372
0.029077
0.030946
0.031809
0.028605
0.025947
0.024075
0.026025
0.026168
0.022300
0.022048
0.021096
0.020323
0.020130
0.014711
0.012699
0.013830
0.014120
0.018337
0.020206
0.019282
0.019458
0.019653
0.020045
0.020784
0.020819
0.020837
0.023823
0.025213
0.024671
0.025785
0.025965
0.027121
0.027160
0.024132
0.023571
0.024075
0.023672
0.022629
0.019703
0.015620
0.014590
0.014329
0.011807
0.008526
0.006435
0.005639
0.001342
-0.002619
-0.003261
-0.004988
-0.008032
-0.011477
-0.012987
-0.012782
-0.012926
-0.012945
-0.012897
-0.013192
-0.012751
-0.011127
-0.010735
-0.010198
-0.009036
-0.007986
-0.006798
-0.005783
-0.006018
-0.004352
0.000459
0.004252
0.004567
0.003675
0.008432
0.012453
0.010921
0.012184
0.013332
0.013537
0.018115
0.019908
0.018607
0.018966
0.019216
0.018966
0.018600
0.018567
0.019844
0.020978
0.021325
0.022689
0.022490
0.024069
0.025413
0.021475
0.021155
0.024384
0.025407
0.026559
0.028513
0.029223
0.029693
0.029145
0.028576
0.031942
0.036050
0.036096
0.034929
0.038760
0.042465
0.040954
0.042268
0.045112
0.045631
0.045469
0.045144
0.045406
0.045039
0.044264
0.044298
0.046016
0.046807
0.046823
0.046159
0.042210
0.039297
0.042098
0.044257
0.039782
0.035278
0.035334
0.035268
0.033383
0.033416
0.035421
0.035247
0.031904
0.029562
0.029422
0.028816
0.028891
0.030197
0.030400
0.029547
0.026982
0.025440
0.025507
0.024589
0.023883
0.022372
0.019475
0.019760
0.018808
0.015455
0.017482
0.015105
0.011573
0.013276
0.012423
0.008506
0.006664
0.007393
0.005997
0.005439
0.005750
0.003939
0.001549
0.002656
0.004522
0.003640
0.001903
0.001234
0.000291
-0.000455
0.002352
0.000042
-0.001584
0.002486
0.001833
0.002502
0.002648
-0.001569
-0.002166
-0.002844
-0.006617
-0.006720
-0.006301
-0.008661
-0.010274
-0.011627
-0.012457
-0.011522
-0.012461
-0.017689
-0.019444
-0.017439
-0.019481
-0.024185
-0.024658
-0.022533
-0.024348
-0.028179
-0.029091
-0.028608
-0.028741
-0.028806
-0.028718
-0.028828
-0.029517
-0.029285
-0.028434
-0.029213
-0.028662
-0.025771
-0.027438
-0.029536
-0.028525
-0.028892
-0.029808
-0.028873
-0.029270
-0.029189
-0.022337
-0.019589
-0.019612
-0.013821
-0.011793
-0.012318
-0.010350
-0.007891
-0.007178
-0.008506
-0.006041
-0.002713
-0.003947
-0.004024
-0.001714
-0.000637
0.003020
0.006350
0.007101
0.006716
0.007070
0.011398
0.013890
0.013433
0.014260
0.017915
0.021652
0.023027
0.022114
0.023698
0.025787
0.025688
0.024935
0.023444
0.023659
0.023854
0.023799
0.022060
0.019757
0.020112
0.021670
0.021603
0.020497
0.020277
0.019614
0.020164
0.019867
0.014655
0.012356
0.012179
0.007789
0.006719
0.009920
0.009309
0.005649
0.005095
0.006266
0.006078
0.003668
-0.000064
-0.001097
-0.001081
-0.001509
-0.001829
-0.004015
-0.005445
-0.005049
-0.004145
-0.003027
-0.003622
-0.004092
-0.004164
-0.001968
-0.000379
-0.002054
-0.002016
-0.003218
-0.004883
-0.006577
-0.009476
-0.010392
-0.009910
-0.011121
-0.012371
-0.012596
-0.011759
-0.012250
-0.017127
-0.019103
-0.022408
-0.028482
-0.029191
-0.028418
-0.031104
-0.032923
-0.030189
-0.029277
-0.031005
-0.032620
-0.033792
-0.032159
-0.030405
-0.033101
-0.035578
-0.035212
-0.033964
-0.031440
-0.029607
-0.029310
-0.025960
-0.022699
-0.023382
-0.021169
-0.019449
-0.019633
-0.017823
-0.018786
-0.018935
-0.013582
-0.011205
-0.011169
-0.009112
-0.007021
-0.003004
-0.001116
-0.004010
-0.003764
-0.001354
-0.002610
-0.004679
-0.004224
-0.002009
-0.001489
-0.001725
-0.001387
-0.002248
-0.005358
-0.006004
-0.005012
-0.007588
-0.007831
-0.006382
-0.006098
-0.004644
-0.005397
-0.004875
-0.001654
-0.001649
-0.002118
-0.000514
0.003835
0.006142
0.006010
0.007102
0.006465
0.007836
0.008950
0.007610
0.007720
0.007686
0.007885
0.008513
0.008014
0.007647
0.007625
0.007841
0.008516
0.007601
0.009005
0.011682
0.009467
0.008172
0.007110
0.005151
0.006114
0.006127
0.004487
0.002344
0.001458
0.001016
-0.000773
-0.000778
-0.000934
-0.004054
-0.005367
-0.006423
-0.009678
-0.010896
-0.012081
-0.016199
-0.019197
-0.019928
-0.019461
-0.021246
-0.022874
-0.021502
-0.026438
-0.030017
-0.028519
-0.028869
-0.028790
-0.028741
-0.028774
-0.028688
-0.028686
-0.028539
-0.028812
-0.028815
-0.025303
-0.022912
-0.023587
-0.020838
-0.017857
-0.018574
-0.018056
-0.013452
-0.010306
-0.010504
-0.010689
-0.008481
-0.005603
-0.006638
-0.007563
-0.006505
-0.007166
-0.005807
-0.004349
-0.004977
-0.003960
-0.002724
-0.002678
-0.002517
-0.002587
-0.004184
-0.004922
-0.003597
-0.002762
-0.004243
-0.004822
-0.003564
-0.004336
-0.005240
-0.006633
-0.009634
-0.009580
-0.009635
-0.010944
-0.010969
-0.011444
-0.012064
-0.012540
-0.011887
-0.012106
-0.017459
-0.020182
-0.018316
-0.018861
-0.020618
-0.022703
-0.025213
-0.028478
-0.025287
-0.019999
-0.022869
-0.024819
-0.022982
-0.020613
-0.017961
-0.018285
-0.018434
-0.013840
-0.011727
-0.012505
-0.012526
-0.012396
-0.011190
-0.011859
-0.012688
-0.012284
-0.012423
-0.012337
-0.012229
-0.012325
-0.012236
-0.012105
-0.012182
-0.012154
-0.012242
-0.012077
-0.011259
-0.011365
-0.010744
-0.010234
-0.010362
-0.007393
-0.006606
-0.007953
-0.005365
-0.002214
-0.001659
-0.001080
0.001828
0.004561
0.005537
0.007180
0.008396
0.007643
0.007229
0.007270
0.006978
0.008657
0.009790
0.008009
0.008169
0.008421
0.009511
0.011540
0.008679
0.007744
0.009821
0.007813
0.006577
0.006594
0.006719
0.010539
0.013204
0.013652
0.013146
0.012486
0.012629
0.013212
0.014146
0.014255
0.018267
0.021175
0.021111
0.023866
0.024796
0.024771
0.026184
0.026246
0.024738
0.026307
0.030604
0.033215
0.034151
0.034174
0.035374
0.038300
0.038509
0.036657
0.037854
0.038688
0.038192
0.037671
0.036552
0.037741
0.036750
0.035312
0.035213
0.033679
0.034508
0.035868
0.035346
0.033976
0.033092
0.033709
0.034158
0.032395
0.031104
0.030088
0.029204
0.029648
0.029870
0.029393
0.029676
0.030189
0.029137
0.029753
0.029913
0.029805
0.030249
0.028959
0.030262
0.031033
0.027966
0.026726
0.026622
0.024258
0.023110
0.023737
0.023592
0.022028
0.020559
0.020005
0.020508
0.020176
0.015767
0.014175
0.014056
0.010465
0.007392
0.006041
0.005896
0.005485
0.003610
-0.000163
-0.001345
-0.002653
-0.005590
-0.006817
-0.007702
-0.006186
-0.006849
-0.010475
-0.010436
-0.009658
-0.010842
-0.010948
-0.011070
-0.011703
-0.011298
-0.011595
-0.012092
-0.012212
-0.012484
-0.012469
-0.012446
-0.012388
-0.012357
-0.012407
-0.012478
-0.012391
-0.012338
-0.012417
-0.011873
-0.011083
-0.010758
-0.009108
-0.007753
-0.008462
-0.008170
-0.006928
-0.005082
-0.002991
-0.002642
-0.002026
-0.000142
0.001919
0.004050
0.004811
0.004784
0.006034
0.006833
0.007478
0.008265
0.008008
0.007743
0.008062
0.011029
0.011148
0.010579
0.011525
0.009887
0.011469
0.009985
0.007046
0.010043
0.012014
0.012168
0.012841
0.013371
0.013368
0.012824
0.013202
0.013746
0.013157
0.012209
0.010722
0.009684
0.008674
0.007014
0.005287
0.002572
-0.000640
-0.001011
-0.001644
-0.006479
-0.006995
-0.006111
-0.010146
-0.011055
-0.011839
-0.016803
-0.018426
-0.017995
-0.019563
-0.021297
-0.024331
-0.028380
-0.028821
-0.028526
-0.031561
-0.035012
-0.037797
-0.038961
-0.039942
-0.040264
-0.042121
-0.044020
-0.044282
-0.048568
-0.050755
-0.050630
-0.051336
-0.052030
-0.053838
-0.054316
-0.055864
-0.057711
-0.056810
-0.053475
-0.051594
-0.052101
-0.052193
-0.051549
-0.050535
-0.050567
-0.051008
-0.050076
-0.046044
-0.044121
-0.045104
-0.044422
-0.042528
-0.042690
-0.044424
-0.042127
-0.039751
-0.041197
-0.040872
-0.037906
-0.036404
-0.035721
-0.033614
-0.032094
-0.029830
-0.022242
-0.018357
-0.019291
-0.014339
-0.009883
-0.009838
-0.007593
-0.003040
-0.001057
0.000810
0.003486
0.004180
0.005143
0.006910
0.010387
0.012274
0.012809
0.012665
0.012865
0.017973
0.020277
0.019580
0.019994
0.019614
0.020239
0.020894
0.021059
0.020663
0.021123
0.023617
0.023890
0.023449
0.023500
0.024004
0.024362
0.023349
0.022222
0.020569
0.019594
0.020871
0.019626
0.016423
0.018586
0.017017
0.013188
0.013587
0.012493
0.010146
0.008922
0.008632
0.008078
0.008943
0.008675
0.007675
0.006288
0.003038
0.003563
0.002663
-0.000221
0.002148
0.003037
0.001882
0.002472
0.000414
-0.001414
-0.000617
-0.002137
-0.002150
0.001721
0.003484
0.004365
0.006036
0.006858
0.008040
0.009170
0.008126
0.008129
0.010932
0.009372
0.006558
0.007928
0.011080
0.010829
0.010357
0.012017
0.009519
0.008763
0.009114
0.006206
0.006399
0.006301
0.002467
0.000448
0.000273
-0.000855
-0.003490
-0.004877
-0.004210
-0.004514
-0.005295
-0.005948
-0.007749
-0.007284
-0.006957
-0.009650
-0.010663
-0.010565
-0.011483
-0.012219
-0.012163
-0.012231
-0.012299
-0.012329
-0.012377
-0.012485
-0.012454
-0.012250
-0.011528
-0.010613
-0.010804
-0.009104
-0.006716
-0.006157
-0.006158
-0.007204
-0.006521
-0.003290
-0.004716
-0.007678
-0.006155
-0.006398
-0.006122
-0.004622
-0.006048
-0.008969
-0.009298
-0.008092
-0.009843
-0.010790
-0.011096
-0.012149
-0.012012
-0.012703
-0.017155
-0.019743
-0.017301
-0.017196
-0.019619
-0.019790
-0.019757
-0.019729
-0.019052
-0.018861
-0.019088
-0.019220
-0.019443
-0.019079
-0.017688
-0.018419
-0.019613
-0.019733
-0.019775
-0.018963
-0.018068
-0.017041
-0.013729
-0.012064
-0.012703
-0.012621
-0.012221
-0.010290
-0.009929
-0.009803
-0.008699
-0.008449
-0.006213
-0.004690
-0.003636
-0.002351
-0.002727
-0.004492
-0.005255
-0.002303
-0.000604
-0.001665
-0.002054
-0.001077
0.001679
0.003162
0.001603
0.001106
0.002643
0.003083
0.003240
0.005073
0.005664
0.006870
0.009111
0.011028
0.012055
0.012059
0.012647
0.013382
0.012961
0.013112
0.017968
0.020435
0.019317
0.019812
0.019428
0.020235
0.019595
0.014671
0.012945
0.014451
0.018016
0.020184
0.019319
0.019465
0.019528
0.019535
0.019555
0.019431
0.019606
0.019680
0.020004
0.021515
0.022273
0.021957
0.022206
0.021900
0.021871
0.022553
0.021753
0.021973
0.022363
0.021559
0.022110
0.021025
0.020218
0.019517
0.014584
0.012566
0.013037
0.010970
0.009320
0.008868
0.007428
0.005514
0.004654
0.002542
-0.000728
-0.003093
-0.002781
-0.002207
-0.004680
-0.005969
-0.005399
-0.006018
-0.006327
-0.007497
-0.009954
-0.011007
-0.010386
-0.010466
-0.011309
-0.010729
-0.010592
-0.012865
-0.011634
-0.007951
-0.008183
-0.007838
-0.008314
-0.008665
-0.007311
-0.006145
-0.003609
-0.002415
-0.003205
-0.003447
-0.002436
-0.001291
0.001163
0.000725
0.000480
0.003467
0.004565
0.006559
0.007805
0.008260
0.009359
0.011919
0.012831
0.013515
0.018130
0.020021
0.021109
0.020848
0.020327
0.024246
0.025527
0.025296
0.028112
0.029719
0.030291
0.032517
0.034540
0.034467
0.035464
0.037844
0.037629
0.037328
0.039734
0.039941
0.037827
0.037910
0.038342
0.038241
0.038238
0.038519
0.038546
0.035497
0.033624
0.034331
0.031208
0.029324
0.031104
0.031279
0.029388
0.026473
0.026252
0.026907
0.025519
0.022334
0.021088
0.022420
0.021810
0.020846
0.020157
0.019840
0.019848
0.020133
0.019932
0.016385
0.014288
0.012656
0.008870
0.008787
0.010536
0.009370
0.007498
0.010385
0.012204
0.009500
0.008208
0.006435
0.004160
0.004132
0.004901
0.003593
-0.000318
-0.001367
-0.000939
-0.003035
-0.002600
-0.001628
-0.002690
-0.002939
-0.004699
-0.005633
-0.003560
-0.002110
-0.002189
-0.002813
-0.003231
-0.004529
-0.005328
-0.006160
-0.006949
-0.005805
-0.005706
-0.005585
-0.004864
-0.006219
-0.007249
-0.005548
-0.006288
-0.009271
-0.008026
-0.006528
-0.005606
-0.004125
-0.005018
-0.002644
0.000774
-0.001194
-0.003578
-0.000968
0.003271
0.004206
0.003935
0.005555
0.007448
0.007204
0.007598
0.008162
0.006971
0.007563
0.011069
0.011560
0.013275
0.018593
0.014370
0.012164
0.014681
0.014174
0.018051
0.016767
0.014085
0.014721
0.012132
0.013448
0.018954
0.020140
0.020126
0.020093
0.014729
0.012624
0.013443
0.012504
0.011546
0.008423
0.007564
0.008326
0.007470
0.008189
0.007778
0.005414
0.004576
0.002515
0.001682
0.000142
-0.002549
-0.001310
-0.002352
-0.003112
-0.001106
-0.002449
-0.003480
-0.001576
-0.000827
-0.002552
-0.002399
0.000112
0.000685
0.000751
0.001578
0.003497
0.004095
0.003825
0.004616
0.004853
0.007409
0.010639
0.011823
0.013226
0.013950
0.013786
0.013506
0.012316
0.013867
0.018356
0.019876
0.020298
0.021042
0.020424
0.020758
0.020953
0.020248
0.019405
0.019870
0.019651
0.015429
0.012470
0.012446
0.012646
0.012587
0.011664
0.009479
0.006771
0.002525
-0.002391
-0.002878
-0.004491
-0.008195
-0.007890
-0.008887
-0.011334
-0.010600
-0.011993
-0.017469
-0.018760
-0.018100
-0.019361
-0.019818
-0.019469
-0.019711
-0.023130
-0.022972
-0.020954
-0.019173
-0.019708
-0.026548
-0.023171
-0.017479
-0.019308
-0.018869
-0.018624
-0.017319
-0.012634
-0.010088
-0.010712
-0.011033
-0.009914
-0.006423
-0.003535
-0.003627
-0.003828
-0.001216
0.002504
0.004064
0.004265
0.006150
0.007472
0.005391
0.005636
0.008816
0.010661
0.011021
0.011275
0.008562
0.006694
0.010186
0.010734
0.007944
0.008065
0.008767
0.008186
0.007958
0.006875
0.006402
0.006244
0.004915
0.002633
0.000072
-0.000969
-0.002132
-0.002505
-0.001524
-0.002031
-0.005282
-0.008253
-0.007141
-0.006909
-0.009290
-0.011272
-0.012146
-0.011736
-0.011329
-0.011131
-0.011379
-0.011475
-0.011352
-0.011803
-0.012000
-0.011873
-0.012011
-0.011907
-0.011982
-0.011449
-0.011705
-0.017520
-0.018115
-0.012692
-0.015581
-0.019215
-0.019043
-0.017592
-0.017883
-0.022199
-0.024801
-0.027350
-0.028887
-0.028263
-0.028560
-0.028167
-0.028319
-0.031618
-0.033737
-0.033469
-0.033687
-0.033507
-0.033498
-0.035513
-0.034787
-0.032998
-0.035613
-0.035657
-0.034207
-0.034112
-0.033624
-0.033823
-0.033188
-0.031151
-0.029032
-0.028546
-0.028778
-0.028696
-0.028763
-0.028839
-0.028665
-0.028928
-0.029126
-0.025534
-0.022428
-0.023439
-0.021031
-0.018371
-0.018855
-0.017883
-0.017522
-0.019290
-0.019759
-0.018829
-0.018547
-0.017932
-0.017586
-0.018075
-0.017144
-0.012624
-0.011533
-0.016681
-0.018198
-0.018870
-0.019064
-0.013694
-0.011608
-0.012635
-0.012429
-0.012376
-0.011864
-0.012229
-0.012459
-0.012121
-0.011824
-0.010781
-0.009960
-0.008358
-0.006923
-0.006785
-0.005893
-0.006252
-0.006700
-0.005195
-0.005317
-0.005056
-0.003667
-0.003522
-0.002815
-0.001901
-0.001506
-0.001350
-0.001777
-0.001257
-0.001149
-0.003783
-0.004896
-0.002338
-0.001554
-0.002693
-0.001959
-0.003393
-0.004822
-0.004162
-0.005313
-0.006587
-0.005881
-0.004734
-0.005294
-0.005868
-0.005698
-0.004959
-0.004469
-0.005503
-0.006703
-0.007027
-0.006090
-0.005992
-0.007462
-0.006306
-0.005242
-0.006585
-0.007924
-0.007816
-0.005279
-0.004283
-0.004684
-0.005330
-0.007517
-0.007867
-0.006061
-0.005443
-0.005788
-0.005795
-0.004620
-0.004831
-0.005631
-0.002736
-0.001431
-0.001879
-0.001681
-0.002479
-0.002226
-0.001572
-0.001307
0.001135
0.005374
0.006616
0.006269
0.006245
0.005718
0.006852
0.007986
0.008678
0.011436
0.010604
0.007893
0.009325
0.008552
0.006610
0.006808
0.007449
0.005872
0.004655
0.005773
0.004909
0.004615
0.004449
0.004948
0.005287
0.003501
0.003470
0.004343
0.004600
0.004784
0.003693
0.001440
0.003317
0.005359
0.005402
0.005615
0.004384
0.006479
0.008347
0.007203
0.006983
0.007004
0.006789
0.007546
0.011386
0.013908
0.013419
0.014116
0.015453
0.018596
0.020300
0.019614
0.019895
0.019853
0.019872
0.019858
0.019857
0.019852
0.019896
0.019665
0.020380
0.019984
0.015771
0.012186
0.014191
0.018754
0.015518
0.011481
0.012559
0.009967
0.007758
0.010766
0.009941
0.005655
0.005613
0.005279
0.002256
0.001666
0.001929
-0.000516
-0.002223
-0.001874
-0.003711
-0.005963
-0.005657
-0.004444
-0.006299
-0.010082
-0.008798
-0.006717
-0.007712
-0.009973
-0.011029
-0.010927
-0.011131
-0.008293
-0.006185
-0.008376
-0.008066
-0.007506
-0.008706
-0.008076
-0.008424
-0.007413
-0.007716
-0.009310
-0.008110
-0.009084
-0.008661
-0.006522
-0.008382
-0.009971
-0.009328
-0.006883
-0.006264
-0.008834
-0.009755
-0.009080
-0.008255
-0.008546
-0.008557
-0.009902
-0.011457
-0.009727
-0.007035
-0.006068
-0.008485
-0.008838
-0.005467
-0.003050
-0.001843
-0.002002
-0.002881
-0.003157
-0.001053
0.002913
0.004226
0.004473
0.005232
0.006235
0.008128
0.008508
0.008479
0.008924
0.008764
0.008347
0.008410
0.008749
0.006711
0.005243
0.004853
0.004374
0.005938
0.005874
0.004417
0.002864
-0.000295
-0.002829
-0.002163
-0.000745
-0.001554
-0.003020
-0.002873
-0.002181
-0.002527
-0.001938
-0.001635
-0.001127
-0.001013
-0.001758
0.000033
0.001630
0.001717
0.000543
0.001219
0.004036
0.004311
0.003752
0.003944
0.004311
0.005077
0.004507
0.004088
0.005422
0.005793
0.006576
0.007975
0.006135
0.004411
0.006443
0.008193
0.008107
0.007679
0.007854
0.008374
0.008154
0.006428
0.005908
0.005606
0.005098
0.004257
0.000495
-0.001428
-0.002053
-0.003072
-0.004353
-0.006891
-0.007854
-0.008203
-0.009888
-0.011397
-0.011960
-0.012747
-0.016174
-0.018258
-0.019394
-0.022742
-0.021628
-0.020084
-0.020581
-0.020837
-0.019604
-0.021565
-0.026499
-0.025396
-0.026702
-0.023744
-0.018437
-0.019203
-0.018003
-0.019063
-0.018275
-0.014609
-0.016528
-0.014967
-0.011834
-0.013119
-0.012798
-0.012407
-0.012329
-0.011474
-0.010476
-0.009772
-0.008203
-0.007191
-0.006283
-0.005435
-0.005909
-0.003826
-0.001758
-0.002831
-0.003108
-0.002080
-0.002381
-0.001998
-0.001194
-0.002337
-0.001715
-0.001500
-0.001308
0.000368
0.001868
0.003332
0.001886
0.002504
0.003969
0.003547
0.003388
0.001803
0.003193
0.005135
0.004150
0.004471
0.006038
0.006020
0.004463
0.003332
0.003871
0.007014
0.008250
0.007213
0.008115
0.008102
0.006524
0.006460
0.006789
0.006377
0.008483
0.011059
0.008245
0.007415
0.010375
0.009583
0.010373
0.012137
0.012555
0.011613
0.009128
0.009086
0.010018
0.010645
0.011716
0.010867
0.012233
0.017729
0.016556
0.011650
0.009517
0.008671
0.008389
0.008341
0.008359
0.010223
0.008167
0.007136
0.012000
0.013004
0.011790
0.013639
0.018117
0.015420
0.011998
0.013513
0.012689
0.013194
0.014015
0.014808
0.018256
0.015964
0.012809
0.013282
0.012984
0.011268
0.007663
0.010120
0.012153
0.008399
0.007637
0.008080
0.007189
0.006482
0.007154
0.007650
0.007483
0.009987
0.010718
0.010599
0.011926
0.010042
0.007460
0.007859
0.007225
0.006401
0.010168
0.011387
0.011620
0.017701
0.020369
0.019038
0.019979
0.019883
0.014662
0.012350
0.018093
0.021345
0.021097
0.021050
0.020851
0.021004
0.021285
0.021493
0.020969
0.020878
0.021772
0.022225
0.021989
0.020469
0.019543
0.019416
0.020101
0.019743
0.014630
0.011718
0.012502
0.012183
0.012905
0.018521
0.020476
0.015511
0.012166
0.008209
0.006696
0.006836
0.007437
0.010140
0.009569
0.010011
0.010446
0.009310
0.007855
0.007335
0.007775
0.007279
0.007714
0.008048
0.007702
0.006708
0.009192
0.011031
0.008606
0.010083
0.010329
0.008516
0.010943
0.011970
0.012188
0.011574
0.012530
0.017950
0.016019
0.012273
0.011794
0.012876
0.018083
0.020831
0.019370
0.014718
0.012159
0.012900
0.011510
0.009087
0.010267
0.010687
0.011135
0.011841
0.007984
0.006457
0.007346
0.007276
0.006006
0.005669
0.006074
0.004709
0.003533
0.003896
0.004875
0.007482
0.010717
0.007507
0.003862
0.004366
0.004673
0.005587
0.006072
0.005404
0.004916
0.003599
-0.000032
-0.002445
-0.002900
-0.002410
-0.001923
-0.003178
-0.003035
-0.002122
-0.004083
-0.007269
-0.008809
-0.007292
-0.006905
-0.006586
-0.005934
-0.010009
-0.011857
-0.009533
-0.007486
-0.006134
-0.006055
-0.007045
-0.006903
-0.007145
-0.010312
-0.010778
-0.009841
-0.010500
-0.010979
-0.010874
-0.010681
-0.011638
-0.011118
-0.010662
-0.010723
-0.010905
-0.011910
-0.011928
-0.011639
-0.010797
-0.010449
-0.011119
-0.011400
-0.010254
-0.009148
-0.009081
-0.006486
-0.005735
-0.007470
-0.007572
-0.007820
-0.007287
-0.007534
-0.005992
-0.002674
-0.001910
-0.000058
-0.000605
-0.003010
-0.002175
-0.005298
-0.009190
-0.008231
-0.006938
-0.004212
-0.002945
-0.003333
-0.001600
-0.000680
-0.000698
-0.004872
-0.010573
-0.010813
-0.009725
-0.009780
-0.010702
-0.011109
-0.011913
-0.012117
-0.008062
-0.008207
-0.010646
-0.012547
-0.016288
-0.014364
-0.011482
-0.010707
-0.009730
-0.011166
-0.011173
-0.007960
-0.006107
-0.006338
-0.006707
-0.006573
-0.004924
-0.003376
-0.002124
0.003468
0.007998
0.007441
0.007198
0.006668
0.005711
0.004884
0.006664
0.011232
0.013490
0.012198
0.008334
0.006950
0.008444
0.008608
0.007676
0.007024
0.006424
0.005978
0.006105
0.006110
0.006272
0.005653
0.002758
-0.001396
-0.002987
-0.002099
-0.002413
-0.004858
-0.006825
-0.005609
-0.004814
-0.005039
-0.005070
-0.006499
-0.007213
-0.008585
-0.010441
-0.010248
-0.009904
-0.010070
-0.010774
-0.011922
-0.012540
-0.012603
-0.012582
-0.012795
-0.012086
-0.012372
-0.018047
-0.018501
-0.018432
-0.026979
-0.024328
-0.018366
-0.019071
-0.017595
-0.017913
-0.018785
-0.018312
-0.018683
-0.018615
-0.019478
-0.019257
-0.014061
-0.011843
-0.012953
-0.012400
-0.011630
-0.010944
-0.010012
-0.009573
-0.010592
-0.010733
-0.010852
-0.010818
-0.007543
-0.005609
-0.007205
-0.010321
-0.010411
-0.008391
-0.009665
-0.007878
-0.005352
-0.006741
-0.008994
-0.011295
-0.011644
-0.010663
-0.010351
-0.011258
-0.012037
-0.012093
-0.012098
-0.012174
-0.012064
-0.012312
-0.011760
-0.012075
-0.016406
-0.019564
-0.018014
-0.013570
-0.011700
-0.012434
-0.012276
-0.012309
-0.012290
-0.012374
-0.012280
-0.011837
-0.012273
-0.012430
-0.011277
-0.010211
-0.009382
-0.008893
-0.007405
-0.005904
-0.005754
-0.005932
-0.006960
-0.005503
-0.002323
-0.002512
-0.002307
-0.001107
-0.000809
0.000297
0.001204
0.002830
0.004215
0.004547
0.005893
0.008113
0.009136
0.007383
0.007197
0.010949
0.009945
0.005203
0.004711
0.005116
0.004892
0.004532
0.004375
0.003928
0.003745
0.003120
0.001326
0.003240
0.005396
0.004349
0.003870
0.004008
0.004936
0.005461
0.004264
0.004740
0.005021
0.003750
0.004870
0.005625
0.004999
0.005356
0.005142
0.004812
0.005019
0.004458
0.003912
0.005198
0.005102
0.003611
0.004532
0.005155
0.002404
-0.001656
-0.003419
-0.003292
-0.002510
-0.002162
-0.002756
-0.002166
-0.001924
-0.004552
-0.006237
-0.006222
-0.006950
-0.006441
-0.005981
-0.007142
-0.006701
-0.003684
-0.001084
-0.000759
-0.002533
-0.002006
0.000338
-0.001713
-0.003055
-0.002921
-0.002281
0.001276
0.002552
0.001694
-0.000400
-0.002623
-0.002665
-0.002850
-0.002589
-0.002434
-0.002971
-0.002249
-0.001742
-0.001937
-0.002963
-0.003068
-0.001426
-0.001762
-0.001700
0.001594
0.003265
0.001268
0.002108
0.004536
0.005496
0.006005
0.007230
0.009832
0.009864
0.009809
0.013332
0.017645
0.014410
0.013114
0.018655
0.019518
0.018870
0.019098
0.019000
0.019405
0.020264
0.020567
0.020298
0.020826
0.021217
0.022016
0.023140
0.021207
0.019684
0.021158
0.022990
0.023236
0.022277
0.022818
0.023140
0.023687
0.024024
0.020922
0.019646
0.020936
0.019778
0.018798
0.019573
0.020084
0.019651
0.019018
0.018598
0.018837
0.018382
0.014713
0.010273
0.011971
0.016966
0.013865
0.010989
0.011895
0.008577
0.006074
0.005778
0.005936
0.006633
0.006317
0.004887
0.003771
0.002767
0.002402
0.001425
-0.000098
0.001346
0.000378
-0.002709
-0.003597
-0.003068
-0.002585
-0.005101
-0.007651
-0.007755
-0.006841
-0.006574
-0.007402
-0.008428
-0.009321
-0.010769
-0.011218
-0.010561
-0.011695
-0.012497
-0.012119
-0.012208
-0.012153
-0.012129
-0.012435
-0.012609
-0.012532
-0.012502
-0.012495
-0.012428
-0.012412
-0.012343
-0.012285
-0.012216
-0.012389
-0.011759
-0.012132
-0.016080
-0.016885
-0.017029
-0.017347
-0.013266
-0.010794
-0.012399
-0.015894
-0.013062
-0.010769
-0.016918
-0.017631
-0.012398
-0.011165
-0.011760
-0.011515
-0.011540
-0.010684
-0.010526
-0.010445
-0.009501
-0.009526
-0.009566
-0.009106
-0.008647
-0.009462
-0.008718
-0.006850
-0.006944
-0.006771
-0.007784
-0.008234
-0.006369
-0.005263
-0.003192
-0.001555
-0.002246
-0.002843
-0.002432
-0.001187
-0.001410
-0.000470
0.002797
0.003765
0.003271
0.003951
0.004125
0.003923
0.003637
0.001687
0.000476
0.001042
0.002536
0.003922
0.003508
0.001418
0.001588
0.002041
-0.001099
-0.002017
-0.000811
-0.001409
-0.001933
-0.001643
-0.001076
-0.000903
0.000245
0.001659
-0.000143
-0.001833
-0.001871
-0.001071
0.001190
0.001816
0.001391
0.002651
0.004036
0.004425
0.004038
0.003534
0.004567
0.005266
0.005015
0.004516
0.004640
0.005551
0.004776
0.005465
0.009314
0.009775
0.006598
0.004959
0.006128
0.008566
0.006642
0.004794
0.008680
0.009194
0.006419
0.006675
0.006568
0.006430
0.005959
0.006836
0.009102
0.007297
0.005311
0.005615
0.005861
0.005424
0.004220
0.003363
0.003097
0.002587
0.002453
0.001180
-0.001305
-0.001735
-0.001518
-0.002106
-0.003003
-0.002855
-0.001757
-0.002304
-0.002414
-0.003103
-0.004450
-0.004313
-0.005005
-0.005876
-0.004883
-0.004953
-0.005570
-0.004710
-0.005184
-0.005078
-0.003910
-0.004188
-0.004605
-0.004398
-0.004501
-0.004507
-0.003933
-0.002127
-0.002136
-0.003873
-0.002647
-0.001436
-0.001774
-0.001553
-0.001681
-0.002595
-0.001938
-0.001661
-0.002154
-0.001419
-0.001840
-0.001493
-0.000972
-0.001156
-0.000390
0.001172
0.002165
0.001746
0.001937
0.001695
0.001898
0.003413
0.002688
0.000977
0.002629
0.003929
0.003339
0.003695
0.003036
0.000853
0.000338
0.002091
0.002896
0.002539
0.001624
-0.000425
-0.001035
-0.000908
-0.002375
-0.002050
-0.001098
-0.002054
-0.003268
-0.004096
-0.005434
-0.006293
-0.005104
-0.005102
-0.007269
-0.008189
-0.007506
-0.007555
-0.008319
-0.008358
-0.008336
-0.007917
-0.008050
-0.010979
-0.012677
-0.011996
-0.011658
-0.011468
-0.011381
-0.011875
-0.012208
-0.011406
-0.010975
-0.010999
-0.010906
-0.011059
-0.011150
-0.010947
-0.010654
-0.010597
-0.011389
-0.010199
-0.007295
-0.009442
-0.011156
-0.010684
-0.010571
-0.007241
-0.005720
-0.006423
-0.006083
-0.005272
-0.004661
-0.005018
-0.004575
-0.004193
-0.004573
-0.003038
-0.001899
-0.002197
-0.002220
-0.001278
0.000158
0.000742
0.000947
0.000560
0.000287
0.000983
0.001514
0.001646
0.003484
0.004382
0.003216
0.004393
0.005063
0.004350
0.004514
0.004451
0.004998
0.005316
0.004893
0.005120
0.005448
0.005255
0.004864
0.004573
0.004435
0.004600
0.004204
0.002915
0.002924
0.004098
0.004160
0.003491
0.002973
0.001868
0.000900
0.001418
0.002328
0.003201
0.003986
0.004003
0.004200
0.004480
0.004541
0.004708
0.004539
0.004371
0.004881
0.005201
0.004951
0.005031
0.005704
0.005363
0.004839
0.004987
0.004169
0.003909
0.004400
0.004823
0.004936
0.004382
0.004003
0.004355
0.003764
0.002390
0.002767
0.002952
0.001978
0.001616
0.002400
0.002691
0.001782
0.001024
0.000718
0.000847
0.000753
0.000597
0.000723
0.000978
0.000809
0.000026
0.000174
0.000892
0.000465
0.000386
0.000794
0.000634
0.000701
0.000928
0.001045
0.000652
0.000720
0.002325
0.002352
0.001369
0.001978
0.002288
0.003136
0.003853
0.003492
0.003793
0.003972
0.003871
0.003839
0.003812
0.004216
0.004249
0.003802
0.004048
0.004234
0.003766
0.003255
0.003027
0.002995
0.002201
0.001537
0.001776
0.000827
0.000169
0.000446
-0.000357
-0.000206
0.000296
0.000104
0.000514
0.000659
0.000642
0.000633
0.000388
0.000098
0.000343
0.000834
0.000623
0.000756
0.000572
0.000384
0.001384
0.002647
0.002962
0.002372
0.001802
0.001848
0.002879
0.003140
0.002871
0.003240
0.003688
0.003583
0.003319
0.004072
0.004017
0.004121
0.005140
0.006132
0.007692
0.006924
0.005597
0.005836
0.006000
0.005574
0.005769
0.007312
0.007692
0.007341
0.007340
0.007238
0.007137
0.007034
0.006859
0.006976
0.006744
0.005463
0.004748
0.004287
0.004333
0.004307
0.004608
0.005775
0.004756
0.003928
0.004061
0.003606
0.003738
0.003362
0.002650
0.002804
0.002306
0.002739
0.003232
0.002575
0.002788
0.002122
0.001742
0.002132
0.001904
0.001899
0.001795
0.001580
0.002115
0.002287
0.002014
0.002486
0.002659
0.002542
0.002566
0.002733
0.002575
0.002972
0.003964
0.002839
0.002139
0.002789
0.002285
0.002228
0.003478
0.003892
0.003582
0.003587
0.003476
0.003388
0.003347
0.003203
0.003249
0.003108
0.001984
0.001530
0.002783
0.002795
0.001824
0.002285
0.001965
0.001381
0.001514
0.001262
0.001215
0.001175
0.000930
0.000882
0.000915
0.000855
0.000984
0.000988
0.000912
0.000706
0.000658
0.000687
0.000475
0.000703
0.000798
0.000392
0.000178
0.000270
0.000265
0.000234
0.000410
0.000346
0.000226
0.000230
0.000055
-0.000038
-0.000194
-0.000190
-0.000295
-0.000767
-0.000565
-0.000514
-0.001095
-0.001144
-0.001039
-0.001290
-0.001274
-0.001269
-0.001488
-0.001589
-0.001645
-0.001618
-0.001669
-0.001633
-0.001565
-0.001618
-0.001600
-0.001618
-0.001618
-0.001549
-0.001750
-0.002005
-0.001850
-0.001968
-0.002147
-0.002111
-0.002083
-0.001813
-0.001806
-0.001891
-0.001737
-0.001743
-0.001763
-0.001813
-0.001991
-0.001831
-0.001685
-0.001755
-0.001603
-0.001670
-0.001930
-0.001868
-0.001917
-0.001820
-0.001732
-0.002015
-0.001844
-0.001649
-0.001728
-0.001759
-0.001812
-0.001768
-0.001712
-0.001740
-0.001790
-0.001861
-0.001914
-0.001928
-0.002052
-0.002082
-0.002028
-0.002153
-0.002152
-0.002020
-0.002064
-0.002052
-0.002060
-0.002231
-0.002261
-0.002293
-0.002419
-0.002462
-0.002427
-0.002422
-0.002471
-0.002443
-0.002427
-0.002660
-0.002762
-0.002625
-0.002567
-0.002654
-0.002736
-0.002655
-0.002709
-0.002791
-0.002840
-0.002878
-0.002791
-0.002738
-0.002690
-0.002638
-0.002617
-0.002622
-0.002587
-0.002491
-0.002359
-0.002338
-0.002419
-0.002328
-0.002187
-0.002182
-0.002253
-0.002165
-0.002015
-0.001980
-0.001935
-0.001909
-0.001926
-0.001899
-0.001779
-0.001694
-0.001664
-0.001654
-0.001617
-0.001508
-0.001455
-0.001429
-0.001373
-0.001341
-0.001316
-0.001174
-0.001015
-0.001035
-0.001028
-0.000917
-0.000855
-0.000824
-0.000788
-0.000750
-0.000734
-0.000717
-0.000666
-0.000631
-0.000609
-0.000618
-0.000602
-0.000490
-0.000439
-0.000443
-0.000420
-0.000409
-0.000391
-0.000363
-0.000342
-0.000322
-0.000307
-0.000287
-0.000277
-0.000284
-0.000253
-0.000229
-0.000214
-0.000198
-0.000211
-0.000203
-0.000163
-0.000147
-0.000154
-0.000146
-0.000120
-0.000105
-0.000108
-0.000111
-0.000102
-0.000074
-0.000056
-0.000046
-0.000032
-0.000023
-0.000028
-0.000026
-0.000007
-0.000001
-0.000009
-0.000015
-0.000002
0.000010
0.000010
0.000010
0.000010
0.000010
0.000006
0.000002
0.000000
-0.000006
-0.000010
-0.000017
-0.000018
-0.000021
-0.000028
-0.000032
-0.000048
-0.000054
-0.000044
-0.000045
-0.000052
-0.000054
-0.000058
-0.000060
-0.000064
-0.000077
-0.000081
-0.000076
-0.000076
-0.000082
-0.000084
-0.000080
-0.000083
-0.000082
-0.000077
-0.000075
-0.000074
-0.000070
-0.000065
-0.000071
-0.000071
-0.000065
-0.000060
-0.000057
-0.000053
-0.000050
-0.000055
-0.000044
-0.000032
-0.000031
-0.000026
-0.000022
-0.000019
-0.000015
-0.000010
-0.000004
0.000001
0.000003
0.000006
0.000008
0.000011
0.000015
0.000017
0.000020
0.000022
0.000024
0.000027
0.000027
0.000029
0.000031
0.000032
0.000033
0.000034
0.000036
0.000037
0.000037
0.000038
0.000039
0.000039
0.000040
0.000041
0.000041
0.000042
0.000042
0.000043
0.000043
0.000043
0.000044
0.000045
0.000045
0.000045
0.000046
0.000046
0.000047
0.000047
0.000047
0.000048
0.000049
0.000049
0.000049
0.000050
0.000050
0.000051
0.000051
0.000051
0.000052
0.000052
0.000053
0.000053
0.000053
0.000054
0.000054
0.000054
0.000055
0.000055
0.000055
0.000056
0.000056
0.000056
0.000056
0.000057
0.000057
0.000057
0.000057
0.000057
0.000057
0.000058
0.000058
0.000058
0.000058
0.000058
0.000058
0.000058
