0.000035
0.000022
0.000040
0.000026
0.000043
0.000020
0.000022
0.000004
0.000019
0.000019
0.000069
0.000066
0.000062
0.000019
0.000033
-0.000024
-0.000039
-0.000048
-0.000044
-0.000066
-0.000137
-0.000210
-0.000203
-0.000137
0.000066
0.000049
0.000158
0.000247
0.000235
0.000242
0.000133
-0.000010
0.000036
0.000240
0.000309
0.000367
0.000629
0.000414
-0.000014
-0.000452
-0.000768
-0.000871
-0.000612
-0.000142
0.000650
0.001001
0.001399
0.001929
0.001689
0.001026
0.000428
0.000123
-0.001053
-0.002679
-0.004129
-0.005261
-0.005531
-0.005317
-0.003936
-0.002344
-0.001596
-0.000707
-0.000218
0.000884
0.001842
0.003134
0.005142
0.007734
0.009205
0.009088
0.008148
0.006148
0.002263
-0.002126
-0.004077
-0.004141
-0.004305
-0.003945
-0.003156
-0.003196
-0.004806
-0.005948
-0.006458
-0.006802
-0.005847
-0.004245
-0.000621
0.003012
0.005844
0.009233
0.011114
0.011638
0.011963
0.010260
0.005777
-0.001891
-0.010144
-0.011490
-0.007444
-0.003549
0.000718
0.000463
-0.003806
-0.007282
-0.009222
-0.008715
-0.007590
-0.005825
-0.003839
-0.003941
-0.005388
-0.005522
-0.005464
-0.004341
-0.002911
0.002764
0.010697
0.018091
0.026597
0.028610
0.026825
0.026573
0.025688
0.021336
0.016608
0.008326
-0.001503
-0.010882
-0.017114
-0.019675
-0.020522
-0.020586
-0.020176
-0.021744
-0.021280
-0.022473
-0.023394
-0.021554
-0.016682
-0.003079
0.015855
0.026561
0.026893
0.022020
0.016920
0.010580
0.006011
-0.001920
-0.008316
-0.012427
-0.012637
-0.010792
-0.008618
-0.003890
0.001099
0.001364
0.004304
0.011026
0.015728
0.018804
0.020124
0.016486
0.008156
0.002141
-0.003468
-0.009820
-0.012518
-0.013792
-0.010734
-0.006670
-0.001532
0.004288
0.007198
0.009182
0.010176
0.006272
0.001008
-0.003679
-0.006700
-0.008290
-0.008274
-0.009494
-0.013258
-0.014304
-0.013436
-0.011763
-0.008605
-0.009850
-0.009258
-0.006977
-0.000513
0.007955
0.017193
0.022547
0.023851
0.021731
0.017111
0.014035
0.011411
0.008285
0.005354
0.000335
-0.007123
-0.011916
-0.012334
-0.011900
-0.003243
-0.001546
-0.003337
-0.002526
-0.002311
-0.002289
-0.002632
-0.003803
-0.005635
-0.007683
-0.011053
-0.008141
-0.002387
-0.006228
-0.011901
-0.016796
-0.020880
-0.019185
-0.015528
-0.010880
-0.005471
-0.001614
0.000794
0.001478
0.001429
0.001491
0.002625
0.004990
0.008853
0.014094
0.022025
0.029102
0.032102
0.032652
0.029932
0.022982
0.012695
0.005864
-0.001271
-0.008908
-0.013527
-0.016478
-0.019730
-0.019588
-0.019092
-0.016454
-0.015502
-0.018908
-0.023782
-0.024005
-0.017688
-0.013759
-0.004117
0.004233
0.005931
0.007794
0.004612
-0.000563
-0.006293
-0.014806
-0.019668
-0.019428
-0.015297
-0.008884
-0.002850
0.000797
-0.001881
-0.009238
-0.017181
-0.023505
-0.025616
-0.026775
-0.023120
-0.019492
-0.016654
-0.010658
0.000639
0.018532
0.037479
0.063811
0.088243
0.092152
0.093930
0.096051
0.096125
0.096640
0.098111
0.099352
0.103542
0.105404
0.105910
0.105402
0.101568
0.095615
0.082546
0.032996
-0.006463
-0.012145
-0.016369
-0.013986
-0.007387
0.020683
0.097026
0.145500
0.141282
0.139331
0.136876
0.126794
0.102050
0.050412
0.000375
-0.048032
-0.082294
-0.092569
-0.101012
-0.112729
-0.131711
-0.167310
-0.205254
-0.218655
-0.214197
-0.214217
-0.211160
-0.203417
-0.193232
-0.172726
-0.110555
0.009071
0.133727
0.185758
0.222741
0.258455
0.218103
0.109104
0.014923
-0.071981
-0.135523
-0.154264
-0.157493
-0.149642
-0.133535
-0.130103
-0.126543
-0.103335
-0.013887
0.078751
0.143463
0.174745
0.153357
0.104769
0.010212
-0.099293
-0.200511
-0.216364
-0.179239
-0.201299
-0.222695
-0.201291
-0.185035
-0.186532
-0.196914
-0.212761
-0.220939
-0.221731
-0.215413
-0.203791
-0.180843
-0.113513
-0.047680
0.013725
0.075366
0.137786
0.161890
0.155659
0.152744
0.139467
0.117317
0.094137
0.080668
0.078160
0.080992
0.093849
0.112780
0.130339
0.143455
0.154531
0.158507
0.156535
0.151732
0.144508
0.135594
0.125990
0.120319
0.098458
0.043670
-0.010840
-0.067302
-0.077139
-0.052277
-0.048109
-0.049088
-0.033373
-0.011916
0.013965
0.059480
0.080447
0.048058
0.001302
-0.039220
-0.078819
-0.105884
-0.115800
-0.120458
-0.122861
-0.121428
-0.118028
-0.112243
-0.101804
-0.078151
-0.058955
-0.043537
-0.027699
-0.017281
-0.011499
-0.007247
-0.001347
0.006247
0.018409
0.035191
0.065648
0.101576
0.130896
0.150098
0.165151
0.180542
0.189712
0.194375
0.194282
0.191130
0.183620
0.172762
0.160829
0.136873
0.084968
0.034290
0.016563
0.005539
-0.036094
-0.063807
-0.104387
-0.171929
-0.212095
-0.212058
-0.203810
-0.196020
-0.160841
-0.093520
-0.031990
0.022182
0.080559
0.119120
0.138384
0.152477
0.155651
0.168829
0.214928
0.229304
0.207042
0.172993
0.133479
0.111589
0.112719
0.114160
0.102824
0.090755
0.085391
0.077002
0.070177
0.067662
0.065052
0.063446
0.063306
0.063632
0.063351
0.063233
0.060119
0.058429
0.029757
-0.021819
-0.037466
-0.037005
-0.055598
-0.077557
-0.089059
-0.110841
-0.137573
-0.150955
-0.161757
-0.142650
-0.139202
-0.160910
-0.174883
-0.196148
-0.221984
-0.239527
-0.240875
-0.234518
-0.228496
-0.217482
-0.197159
-0.160651
-0.131861
-0.116077
-0.107901
-0.108816
-0.110142
-0.107044
-0.095564
-0.089917
-0.084033
-0.075665
-0.065987
-0.056441
-0.048451
-0.035849
-0.021778
-0.009679
0.002588
0.016935
0.040109
0.071713
0.092597
0.097174
0.095437
0.090106
0.091938
0.104468
0.114406
0.119888
0.123538
0.125770
0.130629
0.137181
0.149914
0.162497
0.169289
0.172909
0.174541
0.172261
0.167685
0.160937
0.151463
0.138998
0.107397
0.053620
0.008145
-0.040259
-0.066810
-0.052062
-0.050145
-0.063436
-0.063444
-0.053256
-0.039310
-0.025843
-0.001524
0.011820
0.010845
0.003873
-0.012530
-0.038561
-0.053363
-0.056707
-0.060509
-0.073756
-0.082138
-0.098691
-0.113535
-0.111347
-0.099953
-0.079804
-0.061421
-0.021300
0.030773
0.047338
0.052209
0.053556
0.046868
0.021691
0.000398
-0.027603
-0.061963
-0.078760
-0.089547
-0.108868
-0.117377
-0.113747
-0.102064
-0.100810
-0.105391
-0.102150
-0.069450
-0.033891
-0.023722
-0.018511
-0.008977
-0.007409
-0.010623
-0.022927
-0.036005
-0.076937
-0.101062
-0.106776
-0.119066
-0.123586
-0.121970
-0.117108
-0.112945
-0.097165
-0.080391
-0.064656
-0.055055
-0.025048
0.001735
0.020499
0.045205
0.076538
0.107605
0.140256
0.173802
0.222554
0.273788
0.323881
0.349430
0.342859
0.352257
0.349672
0.335966
0.339164
0.319763
0.276643
0.235892
0.209955
0.167105
0.115850
0.089549
0.074509
0.021931
0.000306
-0.002567
-0.010130
-0.005467
0.001176
0.007670
0.008539
0.006910
-0.001634
-0.014724
-0.047341
-0.086462
-0.129473
-0.175730
-0.196960
-0.215469
-0.250061
-0.261711
-0.251267
-0.240747
-0.231538
-0.223384
-0.217667
-0.212366
-0.211767
-0.213479
-0.214935
-0.212381
-0.207730
-0.196456
-0.184287
-0.171834
-0.160574
-0.128086
-0.063440
-0.022803
-0.004710
0.017156
0.037117
0.054215
0.073884
0.100839
0.125481
0.140866
0.145693
0.143382
0.141426
0.105264
0.041504
-0.000479
0.006259
0.014664
0.046206
0.105586
0.126034
0.128204
0.135450
0.145365
0.143839
0.140003
0.135944
0.130960
0.120581
0.114079
0.113669
0.120765
0.128481
0.139542
0.143972
0.140881
0.136343
0.101289
0.043100
-0.005650
-0.056379
-0.105608
-0.148301
-0.162771
-0.180040
-0.189744
-0.207981
-0.222191
-0.233243
-0.231121
-0.221031
-0.132480
0.001583
0.122901
0.141626
0.127782
0.141592
0.145886
0.144304
0.145556
0.146175
0.141787
0.132368
0.125670
0.088957
0.065917
0.061166
0.050662
0.039738
0.010135
-0.017679
-0.021379
-0.019717
-0.014879
-0.006148
0.005007
0.009291
0.007548
0.001444
-0.010249
-0.026806
-0.046115
-0.065443
-0.083524
-0.100654
-0.108051
-0.123230
-0.147140
-0.147839
-0.143274
-0.142174
-0.138062
-0.137037
-0.135255
-0.132643
-0.128234
-0.131432
-0.136158
-0.144351
-0.141896
-0.144107
-0.143033
-0.137662
-0.127817
-0.122360
-0.094636
-0.058551
0.060496
0.137352
0.161928
0.204476
0.263082
0.320527
0.337312
0.339325
0.379666
0.410890
0.415783
0.409091
0.359355
0.291918
0.281604
0.279020
0.259773
0.248439
0.236598
0.226231
0.214842
0.218266
0.196089
0.151405
0.108312
0.078731
0.049060
0.007981
-0.034210
-0.065398
-0.087996
-0.110460
-0.134554
-0.146950
-0.174757
-0.208440
-0.219371
-0.218027
-0.216724
-0.207995
-0.196454
-0.188183
-0.184371
-0.179505
-0.177053
-0.176321
-0.178032
-0.178588
-0.179460
-0.179100
-0.181820
-0.184064
-0.188596
-0.196794
-0.221894
-0.250456
-0.273974
-0.283704
-0.285147
-0.288965
-0.292060
-0.289733
-0.283103
-0.278431
-0.275233
-0.273724
-0.274403
-0.278874
-0.280505
-0.272587
-0.264234
-0.254209
-0.236207
-0.208139
-0.182871
-0.158756
-0.139956
-0.124332
-0.108342
-0.089859
-0.068051
-0.050283
-0.031120
-0.011896
0.002836
0.012966
0.017857
0.028105
0.043104
0.057343
0.071571
0.090331
0.100982
0.112248
0.126306
0.139903
0.151244
0.159683
0.165681
0.170718
0.174929
0.177971
0.178098
0.173742
0.166353
0.157281
0.143727
0.132263
0.122662
0.116241
0.109988
0.110558
0.114739
0.123533
0.133612
0.146340
0.158649
0.171592
0.188495
0.238148
0.253949
0.253769
0.257727
0.257141
0.260278
0.307197
0.358906
0.317641
0.200445
0.168033
0.260774
0.270265
0.200818
0.180978
0.171096
0.160580
0.156516
0.156500
0.156695
0.167407
0.149580
0.121216
0.113843
0.105990
0.097532
0.091461
0.084163
0.073279
0.058753
0.042783
0.014931
-0.011334
-0.035079
-0.056943
-0.072552
-0.084975
-0.111038
-0.137248
-0.170967
-0.204813
-0.219268
-0.226404
-0.231686
-0.236109
-0.239087
-0.241480
-0.238442
-0.234102
-0.232627
-0.228207
-0.221801
-0.216576
-0.211070
-0.205420
-0.196870
-0.189570
-0.178695
-0.163103
-0.149928
-0.132829
-0.114242
-0.099914
-0.083424
-0.066886
-0.064256
-0.070063
-0.071505
-0.061312
-0.048386
-0.038097
-0.026608
-0.016065
-0.004486
0.014585
0.030283
0.044936
0.060262
0.073643
0.086199
0.097960
0.111557
0.133513
0.145349
0.143977
0.146386
0.152350
0.205277
0.207734
0.190084
0.209774
0.204220
0.186044
0.182262
0.184845
0.176474
0.165460
0.149559
0.129034
0.099817
0.076283
0.061087
0.050414
0.041559
0.033960
0.024268
0.010267
-0.009475
-0.044008
-0.085733
-0.100630
-0.119804
-0.131046
-0.131135
-0.128240
-0.124996
-0.119413
-0.114150
-0.106813
-0.100474
-0.097607
-0.095791
-0.094558
-0.094337
-0.095513
-0.094275
-0.094578
-0.093551
-0.090275
-0.088337
-0.088554
-0.090913
-0.083228
-0.070277
-0.046849
-0.029069
-0.020183
0.004644
0.033458
0.047465
0.062746
0.083336
0.101988
0.117616
0.137245
0.160188
0.202424
0.229099
0.235082
0.238505
0.234640
0.223161
0.194042
0.120290
0.086294
0.044962
-0.006557
-0.019300
-0.011903
-0.004503
-0.008994
-0.028428
-0.038511
-0.043596
-0.050750
-0.054519
-0.056190
-0.057728
-0.064850
-0.075812
-0.094726
-0.113642
-0.130476
-0.137452
-0.135197
-0.130205
-0.123634
-0.115255
-0.107214
-0.097863
-0.086999
-0.074469
-0.066192
-0.062614
-0.059817
-0.056296
-0.051661
-0.044160
-0.033047
-0.019970
-0.001010
0.029727
0.046588
0.050234
0.052790
0.055985
0.055598
0.057875
0.059781
0.060737
0.061376
0.061776
0.057409
0.053451
0.049292
0.046843
0.047407
0.050739
0.056902
0.066523
0.076920
0.084311
0.088415
0.089898
0.085523
0.077987
0.071976
0.063652
0.057704
0.056189
0.055425
0.056568
0.059572
0.061338
0.057799
0.051371
0.037490
0.012427
-0.022775
-0.044681
-0.055617
-0.065274
-0.073215
-0.078131
-0.085527
-0.090882
-0.095003
-0.098986
-0.099987
-0.097998
-0.096071
-0.093952
-0.093181
-0.092187
-0.093553
-0.096607
-0.098548
-0.099527
-0.103388
-0.108862
-0.114599
-0.118634
-0.123639
-0.127347
-0.126638
-0.123331
-0.123190
-0.121387
-0.117196
-0.116144
-0.117940
-0.119588
-0.120588
-0.122154
-0.121811
-0.118573
-0.111965
-0.106451
-0.098902
-0.086250
-0.074852
-0.066031
-0.055727
-0.045028
-0.035098
-0.025940
-0.012937
0.002124
0.017958
0.030867
0.044143
0.058449
0.068362
0.081458
0.096117
0.107995
0.118063
0.127269
0.134036
0.140232
0.149202
0.162099
0.174968
0.184669
0.189279
0.189003
0.187332
0.183250
0.175838
0.167946
0.160920
0.152706
0.145954
0.139784
0.134742
0.129436
0.122081
0.110471
0.093466
0.081245
0.074807
0.070932
0.068676
0.064450
0.058463
0.052525
0.045638
0.039276
0.034404
0.028085
0.021519
0.013768
0.004484
-0.005781
-0.015458
-0.023162
-0.032165
-0.042390
-0.052378
-0.059823
-0.065365
-0.071818
-0.076622
-0.079339
-0.082040
-0.085772
-0.086722
-0.087130
-0.088479
-0.090553
-0.092866
-0.098142
-0.102353
-0.107423
-0.112607
-0.117441
-0.118322
-0.117197
-0.119658
-0.117522
-0.114256
-0.111094
-0.106384
-0.097516
-0.083395
-0.049065
-0.032224
-0.027078
-0.019342
-0.017020
-0.013333
-0.011128
-0.007740
-0.002023
0.004290
0.013528
0.023457
0.033514
0.044350
0.054738
0.063381
0.067546
0.068734
0.070207
0.068281
0.062217
0.059245
0.052087
0.042807
0.034212
0.026896
0.022650
0.019813
0.020548
0.022308
0.021616
0.020937
0.017787
0.014031
0.013021
0.011266
0.010484
0.010363
0.009965
0.010058
0.012384
0.017949
0.023406
0.027592
0.032123
0.035363
0.036352
0.038757
0.041708
0.045423
0.048901
0.050558
0.051202
0.053416
0.054594
0.055579
0.057598
0.057882
0.058631
0.058375
0.056550
0.054719
0.051832
0.043978
0.036113
0.027262
0.016994
0.006011
-0.002684
-0.009342
-0.013562
-0.014616
-0.015042
-0.017533
-0.019270
-0.020171
-0.022868
-0.027420
-0.033825
-0.038577
-0.042983
-0.047333
-0.049632
-0.049205
-0.048088
-0.046482
-0.042963
-0.039889
-0.036857
-0.036029
-0.035171
-0.036895
-0.039960
-0.043333
-0.048108
-0.053954
-0.057584
-0.064380
-0.070159
-0.076978
-0.082491
-0.087326
-0.094350
-0.097521
-0.099829
-0.100825
-0.098280
-0.094144
-0.087272
-0.077357
-0.064773
-0.050472
-0.037787
-0.029731
-0.024316
-0.019497
-0.014633
-0.011169
-0.008400
-0.006739
-0.006486
-0.005143
-0.002284
-0.000421
-0.000308
0.001649
0.003248
0.004840
0.005109
0.005400
0.007447
0.009944
0.010059
0.010052
0.010261
0.010104
0.007139
0.004864
0.002707
0.002646
0.003236
0.003395
0.006524
0.010798
0.014567
0.020708
0.026354
0.026554
0.026087
0.024178
0.020133
0.016102
0.014931
0.014518
0.012633
0.013675
0.015004
0.014865
0.016679
0.020080
0.022831
0.022454
0.025406
0.028522
0.030123
0.033094
0.038761
0.045366
0.051884
0.059939
0.065156
0.067780
0.071390
0.071064
0.068604
0.065411
0.060441
0.055178
0.049609
0.043607
0.039027
0.037829
0.039301
0.040718
0.044175
0.049566
0.053720
0.057111
0.060440
0.063814
0.065419
0.064101
0.059709
0.052896
0.042734
0.031560
0.017232
0.001067
-0.012681
-0.026207
-0.041010
-0.053985
-0.060481
-0.066652
-0.071631
-0.073689
-0.074197
-0.072226
-0.068762
-0.063470
-0.053367
-0.038906
-0.025812
-0.015602
-0.007541
-0.002344
-0.000487
-0.000285
-0.000246
-0.000347
-0.002504
-0.004506
-0.004345
-0.004140
-0.002862
-0.001991
-0.002028
-0.003494
-0.006204
-0.008614
-0.013547
-0.015849
-0.015636
-0.015047
-0.014097
-0.009639
-0.005680
0.000926
0.007782
0.013772
0.018121
0.023163
0.027000
0.029618
0.029493
0.026555
0.020881
0.016917
0.012345
0.007145
0.004228
0.001712
0.000429
0.001928
0.003266
0.006953
0.012122
0.016470
0.020890
0.023439
0.024737
0.023533
0.020298
0.017102
0.012562
0.005019
-0.000822
-0.006482
-0.014035
-0.019877
-0.022546
-0.024527
-0.027653
-0.031905
-0.036146
-0.038682
-0.043425
-0.051368
-0.057740
-0.062105
-0.065580
-0.066864
-0.064561
-0.061323
-0.057427
-0.049300
-0.041665
-0.033387
-0.023691
-0.016983
-0.006407
0.000754
0.005552
0.009657
0.009944
0.010003
0.009579
0.006735
0.002442
0.000478
0.001707
0.004468
0.009678
0.015143
0.018584
0.023878
0.027141
0.031293
0.032661
0.035741
0.040224
0.045163
0.048902
0.049844
0.047954
0.044543
0.038601
0.033356
0.029197
0.024368
0.020869
0.019919
0.019455
0.018540
0.017948
0.014352
0.009723
0.002789
-0.005215
-0.011066
-0.017325
-0.022947
-0.027571
-0.030212
-0.029661
-0.028848
-0.029781
-0.027604
-0.024695
-0.022354
-0.019190
-0.017232
-0.014303
-0.011084
-0.005793
-0.001592
0.003290
0.008011
0.011882
0.015786
0.016699
0.017412
0.019731
0.024349
0.028490
0.029822
0.030949
0.030938
0.027622
0.026836
0.024361
0.021583
0.019864
0.018067
0.016008
0.014784
0.013436
0.010069
0.007078
0.004703
0.001407
-0.002185
-0.004583
-0.007215
-0.009710
-0.013354
-0.018602
-0.024552
-0.031160
-0.039259
-0.044606
-0.047841
-0.049821
-0.047775
-0.042777
-0.037900
-0.030871
-0.022576
-0.014265
-0.005272
0.001052
0.007416
0.011100
0.016425
0.022015
0.026180
0.030508
0.034843
0.037150
0.036950
0.037891
0.039224
0.038025
0.038050
0.036720
0.034607
0.033306
0.030732
0.029716
0.028903
0.029480
0.029632
0.030108
0.029332
0.028148
0.027286
0.026555
0.024403
0.020580
0.018195
0.016536
0.010837
0.003748
-0.002914
-0.010446
-0.020289
-0.027087
-0.031427
-0.038171
-0.041689
-0.044608
-0.045535
-0.044401
-0.043542
-0.041248
-0.036258
-0.033107
-0.028491
-0.024702
-0.021712
-0.019669
-0.020692
-0.024239
-0.027567
-0.032718
-0.039587
-0.046064
-0.049804
-0.053124
-0.052671
-0.051141
-0.050018
-0.048601
-0.044047
-0.039038
-0.034421
-0.029657
-0.023628
-0.017954
-0.016504
-0.016208
-0.015310
-0.014652
-0.014196
-0.013213
-0.009344
-0.004469
0.001763
0.007180
0.011831
0.017049
0.020729
0.020862
0.020200
0.018807
0.014050
0.008916
0.004176
0.002892
0.000345
-0.000614
0.001170
0.004679
0.008291
0.011890
0.014196
0.016331
0.016869
0.016484
0.015485
0.013680
0.013427
0.013140
0.011409
0.009978
0.008502
0.008127
0.005473
0.000280
-0.000940
-0.002035
-0.001248
0.001251
0.005308
0.010424
0.014089
0.015034
0.016020
0.015941
0.015497
0.015216
0.014860
0.014586
0.014254
0.013958
0.013556
0.013079
0.014186
0.016831
0.016504
0.017296
0.019310
0.020196
0.022511
0.023574
0.022618
0.020931
0.018691
0.015095
0.010024
0.005533
0.002878
-0.001004
-0.002910
-0.004008
-0.003757
-0.000962
0.000042
0.001239
0.001759
0.001803
-0.000266
-0.002840
-0.002585
-0.002145
-0.000137
0.005347
0.011526
0.017209
0.022803
0.026724
0.029259
0.031681
0.032317
0.032381
0.031511
0.028529
0.024565
0.019146
0.013520
0.006678
-0.001184
-0.006939
-0.011626
-0.016664
-0.022534
-0.029618
-0.034879
-0.038314
-0.041211
-0.043222
-0.043637
-0.042186
-0.039987
-0.036854
-0.030163
-0.023091
-0.017821
-0.012548
-0.005699
-0.001490
0.001552
0.001620
0.002927
0.004203
0.005551
0.005745
0.006075
0.007404
0.007245
0.006869
0.006823
0.006422
0.006320
0.006032
0.007275
0.008450
0.010930
0.012016
0.014435
0.019362
0.023668
0.028008
0.033574
0.037977
0.042545
0.047812
0.051289
0.054783
0.057832
0.058749
0.059624
0.057083
0.051285
0.045319
0.035322
0.025965
0.018640
0.012856
0.006937
0.001317
-0.003540
-0.007277
-0.011471
-0.014157
-0.018190
-0.023210
-0.028110
-0.031675
-0.034981
-0.038095
-0.041062
-0.042408
-0.044324
-0.045181
-0.045206
-0.044310
-0.041717
-0.040418
-0.039806
-0.038849
-0.039178
-0.039607
-0.040631
-0.043997
-0.046458
-0.050046
-0.053888
-0.055820
-0.055520
-0.056894
-0.053189
-0.046394
-0.037826
-0.025462
-0.014797
-0.006609
-0.000350
0.002584
0.003653
0.002139
-0.000765
-0.004148
-0.004478
-0.005947
-0.008536
-0.004974
-0.002957
-0.000685
0.002618
0.004979
0.009806
0.013065
0.015070
0.016544
0.018100
0.020284
0.019775
0.019419
0.020622
0.020574
0.019671
0.019391
0.017453
0.016082
0.015882
0.015425
0.014857
0.014485
0.013852
0.011927
0.010416
0.008997
0.008411
0.006862
0.004320
0.007060
0.007848
0.007878
0.010142
0.010844
0.010942
0.012647
0.010284
0.006971
0.004768
0.002982
0.000659
-0.001215
-0.003986
-0.005609
-0.007645
-0.008573
-0.008028
-0.008222
-0.007962
-0.010331
-0.012271
-0.012286
-0.015010
-0.015848
-0.014830
-0.014657
-0.011435
-0.009669
-0.010067
-0.008931
-0.006017
-0.004680
-0.004841
-0.002577
-0.000710
0.001394
0.003700
0.006531
0.007719
0.008211
0.011140
0.011320
0.009312
0.008132
0.007715
0.006550
0.007382
0.007536
0.006916
0.006579
0.004387
0.001786
-0.001894
-0.004494
-0.007228
-0.008830
-0.011140
-0.014319
-0.015133
-0.017285
-0.019783
-0.022837
-0.024227
-0.027212
-0.029387
-0.029412
-0.030376
-0.032040
-0.031188
-0.030344
-0.028308
-0.027974
-0.028061
-0.027439
-0.028941
-0.029840
-0.028751
-0.030677
-0.031456
-0.029902
-0.029134
-0.028177
-0.028648
-0.030103
-0.029812
-0.028942
-0.029772
-0.028583
-0.028693
-0.025942
-0.023058
-0.019760
-0.015545
-0.012786
-0.005839
0.000959
0.007437
0.013475
0.020324
0.028133
0.032128
0.035392
0.038678
0.041372
0.042570
0.044420
0.043947
0.042798
0.042225
0.041297
0.040364
0.039454
0.038757
0.037867
0.037143
0.036108
0.035472
0.034556
0.036235
0.037548
0.036731
0.038733
0.040450
0.041869
0.042364
0.043417
0.045066
0.046598
0.048924
0.048125
0.046529
0.045383
0.044297
0.042912
0.042400
0.041796
0.039289
0.037993
0.035439
0.031997
0.029519
0.025847
0.022386
0.019375
0.015529
0.009843
0.006091
0.001250
-0.003244
-0.007085
-0.012105
-0.015227
-0.017754
-0.022284
-0.027238
-0.030276
-0.033563
-0.035906
-0.036420
-0.038570
-0.038241
-0.037050
-0.036395
-0.033417
-0.028552
-0.024284
-0.019341
-0.012822
-0.008054
-0.005672
-0.003476
-0.003708
-0.005318
-0.006309
-0.008763
-0.011417
-0.014832
-0.015116
-0.014532
-0.013314
-0.010488
-0.009564
-0.009210
-0.007296
-0.006998
-0.005776
-0.004360
-0.002680
-0.000690
0.000925
0.004552
0.007215
0.007847
0.010748
0.014032
0.015064
0.014736
0.014233
0.014013
0.013439
0.013244
0.011333
0.007989
0.007401
0.007528
0.007177
0.009055
0.011271
0.012260
0.012108
0.012757
0.012965
0.012874
0.010494
0.007509
0.004735
0.000893
-0.003249
-0.007050
-0.010032
-0.012238
-0.015696
-0.017780
-0.018252
-0.020134
-0.021642
-0.022028
-0.022751
-0.022260
-0.021505
-0.019368
-0.018898
-0.016482
-0.013574
-0.013668
-0.012669
-0.009124
-0.008144
-0.008685
-0.005757
-0.003530
-0.004084
-0.002808
0.000361
0.002627
0.004593
0.004820
0.007600
0.008282
0.004883
0.003570
0.001090
-0.001304
-0.004545
-0.007859
-0.008890
-0.010946
-0.013141
-0.014284
-0.014422
-0.015373
-0.017875
-0.018866
-0.019258
-0.020428
-0.020696
-0.019883
-0.020148
-0.020984
-0.020561
-0.022980
-0.023850
-0.023107
-0.025071
-0.025793
-0.024894
-0.023764
-0.020706
-0.015658
-0.012868
-0.008998
-0.004952
-0.002461
-0.001997
-0.001001
0.000723
0.001039
0.003836
0.007693
0.008903
0.009917
0.012005
0.016039
0.017658
0.020040
0.021832
0.025029
0.027273
0.030339
0.034510
0.036749
0.037410
0.037807
0.038197
0.037376
0.036140
0.035488
0.033763
0.030749
0.027174
0.025450
0.021756
0.018913
0.014245
0.007375
0.000943
-0.003967
-0.009291
-0.015675
-0.020851
-0.022880
-0.023913
-0.025991
-0.028139
-0.028899
-0.030315
-0.032131
-0.032716
-0.034028
-0.034086
-0.034619
-0.033837
-0.032720
-0.030322
-0.028330
-0.025553
-0.022145
-0.017638
-0.012016
-0.007055
-0.003985
-0.000598
0.003675
0.007414
0.009189
0.009463
0.012662
0.013137
0.012538
0.012528
0.012392
0.012640
0.013817
0.014816
0.015726
0.017019
0.018751
0.019884
0.022394
0.023261
0.024987
0.025566
0.026707
0.028228
0.027501
0.026708
0.024736
0.022901
0.021116
0.019241
0.017577
0.016815
0.016672
0.015451
0.013959
0.011160
0.008552
0.005395
0.003229
-0.000297
-0.003445
-0.004936
-0.005904
-0.008495
-0.009236
-0.010525
-0.010552
-0.011387
-0.011062
-0.009754
-0.009584
-0.009562
-0.009153
-0.009036
-0.007356
-0.006046
-0.004439
-0.004161
-0.003179
-0.001750
-0.000116
0.002019
0.003632
0.006076
0.008586
0.010456
0.013189
0.014111
0.014505
0.017237
0.017261
0.016321
0.015905
0.013806
0.012300
0.010757
0.010269
0.009923
0.009380
0.009197
0.008139
0.006425
0.004876
0.003622
0.003607
0.003316
0.003782
0.005913
0.007176
0.006744
0.009613
0.010466
0.009708
0.008296
0.006904
0.006661
0.006490
0.005914
0.006555
0.007566
0.007297
0.006731
0.006380
0.003521
0.001884
-0.000704
-0.004495
-0.008569
-0.011839
-0.016625
-0.019436
-0.021313
-0.023074
-0.022727
-0.024531
-0.025343
-0.023182
-0.022561
-0.020963
-0.019581
-0.019428
-0.018083
-0.016275
-0.016088
-0.015934
-0.015053
-0.013038
-0.012545
-0.011380
-0.009774
-0.009758
-0.009450
-0.009868
-0.011109
-0.010992
-0.010509
-0.010417
-0.009649
-0.007159
-0.005469
-0.005605
-0.005345
-0.005124
-0.004915
-0.004983
-0.004685
-0.004489
-0.001411
0.000550
0.001873
0.004817
0.006036
0.007113
0.007846
0.007061
0.005403
0.004278
0.002920
0.002780
0.001003
0.000304
0.000464
0.001474
0.002616
0.002378
0.002544
0.004844
0.006438
0.007242
0.009464
0.010042
0.009934
0.011335
0.011300
0.010723
0.010468
0.010222
0.009953
0.008997
0.007218
0.005774
0.003010
0.001938
-0.000078
-0.002069
-0.003333
-0.004366
-0.004284
-0.004137
-0.004286
-0.004103
-0.005213
-0.006293
-0.007492
-0.008466
-0.009785
-0.009879
-0.009436
-0.009356
-0.009195
-0.008558
-0.006816
-0.006442
-0.006441
-0.004685
-0.003521
-0.001596
0.000348
0.001364
0.003750
0.004637
0.005795
0.006895
0.008025
0.006789
0.003765
0.003252
0.002261
-0.000875
-0.002394
-0.003186
-0.003404
-0.003322
-0.002801
-0.001049
-0.001129
-0.001197
-0.000935
0.000870
0.001034
0.001770
0.002914
0.002915
0.002836
0.004762
0.003883
0.002104
-0.000561
-0.002675
-0.005362
-0.006832
-0.008946
-0.010318
-0.009832
-0.009591
-0.009594
-0.008439
-0.007918
-0.009015
-0.008897
-0.010020
-0.010402
-0.009816
-0.010940
-0.011686
-0.011157
-0.010829
-0.010729
-0.009202
-0.006335
-0.003701
-0.000792
0.002698
0.003946
0.006203
0.007292
0.006389
0.004931
0.003727
0.002515
0.002378
0.002361
0.001710
0.000129
-0.000034
0.000303
0.001562
0.002317
0.002553
0.005063
0.006410
0.005999
0.005859
0.005880
0.005815
0.005563
0.006613
0.007625
0.008709
0.010221
0.012827
0.013834
0.015533
0.015108
0.015052
0.016392
0.016933
0.016631
0.015837
0.015837
0.014607
0.012185
0.008832
0.007659
0.004449
0.001477
-0.000184
-0.003125
-0.006027
-0.005629
-0.006878
-0.005837
-0.005355
-0.004403
-0.001809
0.000659
0.001002
0.000785
0.000801
0.000881
0.000676
0.000718
-0.000014
-0.002203
-0.004965
-0.005793
-0.007208
-0.008156
-0.010152
-0.011613
-0.012540
-0.013326
-0.014528
-0.014949
-0.014412
-0.014084
-0.013808
-0.014645
-0.016884
-0.017103
-0.015924
-0.014024
-0.013514
-0.013373
-0.011398
-0.008618
-0.007945
-0.007416
-0.004658
-0.003039
-0.001858
-0.000786
-0.000859
-0.000736
-0.000763
0.000448
0.001696
0.001595
0.001800
0.003990
0.006378
0.008704
0.009699
0.009538
0.010340
0.010118
0.009658
0.008932
0.006272
0.004723
0.004772
0.003010
0.002090
0.001561
0.001775
0.004293
0.004087
0.003741
0.003795
0.003690
0.005126
0.007755
0.007331
0.008568
0.009558
0.010689
0.011326
0.013463
0.014322
0.014910
0.013637
0.012559
0.012501
0.012032
0.010234
0.007139
0.004945
0.003851
0.001477
-0.001405
-0.002467
-0.002797
-0.006068
-0.006820
-0.008095
-0.011016
-0.010693
-0.012073
-0.014155
-0.014146
-0.013420
-0.013362
-0.011548
-0.010430
-0.009997
-0.006836
-0.003451
-0.002504
-0.000089
0.000751
0.000893
0.003093
0.004776
0.003161
0.002086
0.001887
0.000466
-0.000341
0.000178
-0.002560
-0.004509
-0.005532
-0.006460
-0.007748
-0.007502
-0.008517
-0.008817
-0.007024
-0.005661
-0.004422
-0.002822
-0.000202
0.001787
0.002416
0.004496
0.006843
0.007661
0.009127
0.011923
0.011408
0.011770
0.011687
0.010873
0.009238
0.007710
0.006558
0.003978
0.001843
0.001412
-0.001348
-0.002838
-0.004549
-0.005626
-0.005165
-0.004784
-0.003426
-0.002398
-0.001194
-0.001232
-0.001465
-0.002670
-0.003469
-0.004335
-0.004136
-0.002877
-0.001768
-0.000760
0.001140
0.003010
0.004143
0.005941
0.007324
0.007735
0.007832
0.005555
0.004430
0.003072
0.000673
-0.000563
-0.001422
-0.003225
-0.003928
-0.003101
-0.002068
-0.000977
-0.000256
0.001842
0.003168
0.003801
0.004508
0.005216
0.005010
0.004579
0.004256
0.002883
0.002710
0.001021
-0.000788
-0.000687
-0.001672
-0.002018
-0.002442
-0.003308
-0.003062
-0.002988
-0.002799
-0.003900
-0.004695
-0.003678
-0.003419
-0.002327
-0.002444
-0.002679
-0.003086
-0.004214
-0.003807
-0.003611
-0.003367
-0.003275
-0.002339
-0.001508
0.000381
0.002294
0.002937
0.003872
0.005742
0.006801
0.007601
0.008826
0.010060
0.010124
0.010048
0.009600
0.008944
0.008425
0.007823
0.007320
0.006751
0.006257
0.005702
0.005278
0.004697
0.004979
0.005639
0.004455
0.002881
0.002163
0.001296
0.000032
-0.001661
-0.002768
-0.003727
-0.004742
-0.005583
-0.006374
-0.006595
-0.006317
-0.006150
-0.005955
-0.005740
-0.005170
-0.004217
-0.003372
-0.002986
-0.002034
-0.001442
-0.000543
-0.000245
-0.000135
-0.000109
-0.000756
-0.001117
-0.002043
-0.003308
-0.004332
-0.004525
-0.005269
-0.005985
-0.006082
-0.006202
-0.006302
-0.006340
-0.006317
-0.006082
-0.005578
-0.005370
-0.005287
-0.004789
-0.004522
-0.004467
-0.003742
-0.003089
-0.002477
-0.001844
-0.001389
-0.000802
-0.000243
0.000241
0.000647
0.001084
0.001498
0.001547
0.001820
0.002156
0.002258
0.002275
0.002452
0.002569
0.002437
0.002431
0.002371
0.002273
0.002237
0.002056
0.001888
0.001798
0.001711
0.001571
0.001472
0.001396
0.001280
0.001218
0.001130
0.001026
0.000939
0.000870
0.000828
0.000788
0.000746
0.000726
0.000708
0.000665
0.000645
0.000613
0.000563
0.000521
0.000479
0.000441
0.000401
0.000371
0.000346
0.000311
0.000283
0.000264
0.000232
0.000203
0.000174
0.000142
0.000111
0.000086
0.000058
0.000034
0.000011
-0.000010
-0.000029
-0.000046
-0.000062
-0.000074
-0.000087
-0.000096
-0.000104
-0.000111
-0.000118
-0.000122
-0.000126
-0.000128
-0.000130
-0.000131
-0.000131
-0.000130
-0.000129
-0.000126
-0.000123
-0.000119
-0.000115
-0.000110
-0.000105
-0.000099
-0.000092
-0.000085
-0.000078
-0.000070
-0.000062
