0.000005
0.000005
0.000005
0.000005
0.000005
0.000005
0.000005
0.000005
0.000005
0.000005
0.000005
0.000006
0.000006
0.000005
0.000004
0.000004
0.000004
0.000004
0.000003
0.000005
0.000006
0.000006
0.000005
0.000005
0.000001
-0.000007
-0.000008
0.000001
0.000009
0.000010
0.000003
0.000003
0.000013
0.000011
0.000003
0.000008
0.000017
0.000016
0.000007
0.000002
0.000007
0.000015
0.000008
-0.000004
-0.000001
0.000010
0.000008
-0.000005
-0.000006
0.000004
0.000008
0.000000
-0.000011
-0.000012
0.000010
0.000019
0.000001
-0.000016
-0.000006
0.000018
0.000020
0.000003
-0.000004
0.000010
0.000016
-0.000023
-0.000032
0.000009
0.000033
0.000029
0.000005
-0.000010
-0.000007
-0.000019
-0.000025
-0.000022
-0.000011
-0.000018
-0.000084
-0.000108
-0.000020
0.000056
0.000038
-0.000006
-0.000042
-0.000026
-0.000002
-0.000016
-0.000013
0.000005
-0.000020
-0.000080
-0.000069
0.000015
0.000077
0.000081
0.000050
0.000043
0.000082
0.000032
-0.000077
-0.000069
0.000009
0.000005
-0.000053
-0.000039
0.000027
0.000074
0.000035
-0.000032
-0.000056
-0.000011
0.000027
0.000010
-0.000006
-0.000009
-0.000010
0.000018
0.000072
0.000088
0.000085
0.000110
0.000108
0.000030
-0.000034
-0.000047
-0.000021
0.000046
0.000083
0.000042
-0.000021
-0.000022
0.000063
0.000133
0.000118
0.000018
-0.000053
-0.000049
-0.000006
0.000043
0.000076
0.000081
0.000068
0.000147
0.000177
0.000093
0.000035
0.000024
0.000000
-0.000076
-0.000093
-0.000026
0.000014
0.000016
0.000005
0.000029
0.000027
-0.000005
-0.000006
-0.000001
-0.000010
-0.000055
-0.000068
-0.000027
-0.000009
-0.000028
-0.000041
-0.000057
-0.000044
0.000018
0.000012
-0.000034
-0.000015
0.000000
-0.000023
-0.000059
-0.000061
-0.000016
-0.000007
-0.000046
-0.000083
-0.000131
-0.000191
-0.000094
0.000049
0.000039
-0.000003
0.000019
0.000029
0.000004
0.000030
0.000066
0.000063
0.000008
-0.000028
-0.000007
0.000048
0.000110
0.000203
0.000198
-0.000048
-0.000273
-0.000226
0.000019
0.000183
0.000130
0.000040
0.000044
0.000059
-0.000003
-0.000096
-0.000067
0.000009
-0.000049
-0.000160
-0.000080
0.000078
0.000040
-0.000069
-0.000131
-0.000104
-0.000035
-0.000029
-0.000058
-0.000101
-0.000124
-0.000162
-0.000202
-0.000097
0.000064
0.000061
-0.000071
-0.000176
-0.000046
0.000121
0.000146
0.000095
0.000077
0.000121
0.000124
0.000027
0.000004
0.000146
0.000178
0.000118
0.000072
0.000085
0.000077
0.000034
0.000011
-0.000035
-0.000075
-0.000042
-0.000026
-0.000119
-0.000187
-0.000082
-0.000030
-0.000073
-0.000003
0.000081
0.000013
-0.000062
0.000091
0.000203
0.000017
-0.000153
-0.000145
-0.000145
-0.000272
-0.000227
-0.000009
0.000054
-0.000013
-0.000009
0.000077
0.000100
0.000093
0.000109
0.000040
-0.000079
-0.000096
-0.000023
0.000070
0.000137
0.000170
0.000155
0.000105
0.000062
0.000000
-0.000020
0.000032
0.000068
0.000072
-0.000042
-0.000331
-0.000327
-0.000030
0.000128
0.000084
0.000062
0.000104
0.000064
-0.000067
-0.000144
-0.000160
-0.000098
0.000013
0.000100
0.000152
0.000083
-0.000020
-0.000018
0.000015
0.000022
0.000029
0.000040
-0.000004
-0.000030
-0.000048
-0.000063
0.000009
0.000051
-0.000013
-0.000097
-0.000089
-0.000012
0.000074
0.000154
0.000224
0.000162
-0.000100
-0.000281
-0.000173
0.000008
-0.000006
-0.000120
-0.000142
-0.000038
0.000019
0.000018
0.000139
0.000204
0.000134
0.000000
-0.000126
-0.000125
-0.000043
-0.000011
-0.000007
0.000002
0.000043
0.000073
0.000119
0.000224
0.000218
0.000057
-0.000070
-0.000085
0.000007
0.000092
-0.000043
-0.000182
-0.000136
-0.000034
-0.000036
-0.000021
0.000104
0.000223
0.000161
0.000064
0.000008
-0.000095
-0.000145
-0.000065
0.000002
-0.000106
-0.000120
0.000036
0.000095
-0.000049
-0.000170
-0.000080
0.000076
0.000144
0.000115
0.000035
-0.000008
0.000048
0.000085
0.000001
-0.000068
0.000022
0.000134
0.000089
0.000026
-0.000010
-0.000051
-0.000062
-0.000059
-0.000026
0.000031
0.000153
0.000167
0.000010
-0.000071
0.000068
0.000262
0.000230
-0.000015
-0.000137
-0.000050
0.000123
0.000179
0.000060
-0.000065
-0.000102
-0.000041
0.000073
0.000143
0.000141
0.000088
0.000027
0.000017
0.000026
0.000067
0.000011
-0.000077
0.000010
0.000129
0.000109
-0.000013
-0.000092
-0.000037
0.000063
0.000046
-0.000027
0.000042
0.000219
0.000244
0.000005
-0.000217
-0.000192
-0.000138
-0.000284
-0.000200
0.000114
0.000184
0.000002
-0.000169
-0.000182
-0.000065
0.000049
0.000055
0.000006
0.000035
0.000033
-0.000070
-0.000089
-0.000031
-0.000047
-0.000157
-0.000223
-0.000093
0.000057
0.000103
0.000033
-0.000048
-0.000071
-0.000056
-0.000020
-0.000091
-0.000155
-0.000122
-0.000047
-0.000016
-0.000066
-0.000022
0.000084
0.000047
0.000002
0.000016
0.000007
-0.000019
-0.000079
-0.000088
0.000032
0.000098
-0.000099
-0.000356
-0.000290
-0.000090
-0.000039
-0.000072
0.000015
0.000154
0.000068
-0.000030
0.000074
0.000194
0.000093
-0.000062
0.000052
0.000274
0.000294
0.000112
-0.000031
0.000010
0.000076
0.000036
-0.000040
-0.000052
-0.000062
-0.000103
-0.000102
-0.000057
-0.000004
0.000036
0.000002
-0.000046
-0.000060
-0.000073
-0.000149
-0.000358
-0.000548
-0.000609
-0.000632
-0.000634
-0.000506
-0.000311
-0.000225
-0.000217
-0.000115
0.000089
0.000160
0.000028
-0.000062
0.000026
0.000197
0.000319
0.000472
0.000667
0.000618
0.000036
-0.000661
-0.000984
-0.000965
-0.000842
-0.000715
-0.000324
0.000200
0.000361
-0.000041
-0.000561
-0.000864
-0.001020
-0.001097
-0.001092
-0.001004
-0.000920
-0.000818
-0.000556
-0.000237
-0.000162
-0.000352
-0.000746
-0.001328
-0.001768
-0.001778
-0.001170
-0.000276
0.000288
0.000297
0.000021
-0.000110
0.000073
0.000232
0.000128
-0.000227
-0.000924
-0.002024
-0.003128
-0.003646
-0.003442
-0.003056
-0.003149
-0.003866
-0.004800
-0.005503
-0.005695
-0.005163
-0.004032
-0.002712
-0.001603
-0.000996
-0.000948
-0.001232
-0.001526
-0.001720
-0.002032
-0.002653
-0.003377
-0.003593
-0.002830
-0.001283
0.000397
0.001600
0.002061
0.001701
0.000664
-0.000410
-0.001016
-0.001053
-0.000574
0.000314
0.001465
0.002694
0.003823
0.004713
0.005454
0.006281
0.007157
0.007594
0.007286
0.006705
0.006461
0.006288
0.005549
0.004267
0.002779
0.001582
0.001324
0.002243
0.004287
0.006817
0.008706
0.009318
0.008746
0.007820
0.007058
0.006535
0.006246
0.005840
0.005004
0.003695
0.002241
0.001064
0.000458
0.000449
0.000680
0.000940
0.001429
0.002205
0.002791
0.002428
0.000762
-0.001753
-0.004269
-0.005914
-0.006005
-0.004371
-0.001636
0.001302
0.003747
0.005280
0.005617
0.004547
0.002186
-0.000797
-0.003301
-0.004329
-0.003614
-0.001639
0.000525
0.001586
0.000842
-0.001651
-0.005189
-0.008813
-0.011592
-0.012855
-0.012597
-0.011246
-0.009665
-0.008695
-0.008958
-0.010538
-0.012584
-0.013364
-0.011910
-0.008656
-0.004744
-0.001380
0.000877
0.001919
0.001843
0.000742
-0.001385
-0.004476
-0.008293
-0.012188
-0.015260
-0.016465
-0.015145
-0.011650
-0.007015
-0.002691
-0.000021
0.000509
-0.000617
-0.002290
-0.003456
-0.003529
-0.002633
-0.001019
0.001139
0.003187
0.004638
0.005815
0.006957
0.007986
0.008633
0.008548
0.007799
0.007091
0.007251
0.008625
0.010516
0.011802
0.011753
0.009964
0.006749
0.003661
0.002561
0.004646
0.010155
0.018169
0.026706
0.033631
0.037295
0.036961
0.033180
0.027443
0.021835
0.018220
0.017136
0.018004
0.019714
0.021186
0.021194
0.018615
0.013512
0.007348
0.001845
-0.002151
-0.004771
-0.006755
-0.008624
-0.010321
-0.011788
-0.013390
-0.015210
-0.016560
-0.016598
-0.014853
-0.011307
-0.006232
-0.000296
0.005389
0.009513
0.011253
0.010741
0.008683
0.005928
0.003260
0.001503
0.001105
0.001434
0.001337
0.000482
-0.000240
0.000425
0.002889
0.006665
0.010786
0.013776
0.013751
0.009572
0.002134
-0.006043
-0.012650
-0.017088
-0.019895
-0.021294
-0.021210
-0.019936
-0.017974
-0.015904
-0.014249
-0.013570
-0.014663
-0.017670
-0.021630
-0.024938
-0.026175
-0.024598
-0.020513
-0.014858
-0.008814
-0.003693
-0.000270
0.002077
0.004917
0.009054
0.013573
0.016720
0.017202
0.014547
0.009235
0.002709
-0.003061
-0.006637
-0.007782
-0.007046
-0.005517
-0.004476
-0.004700
-0.006348
-0.009280
-0.013403
-0.018517
-0.024023
-0.028924
-0.032152
-0.032960
-0.031225
-0.027537
-0.023070
-0.018887
-0.015045
-0.011175
-0.007402
-0.004000
-0.001223
0.000493
0.000942
0.000576
0.000098
0.000147
0.001051
0.002128
0.002464
0.002124
0.002099
0.003157
0.004656
0.004657
0.001645
-0.004232
-0.011304
-0.017209
-0.019815
-0.017934
-0.012516
-0.006496
-0.002768
-0.002624
-0.005392
-0.009059
-0.011835
-0.012730
-0.011346
-0.007394
-0.001275
0.005493
0.011056
0.013537
0.012316
0.008516
0.004423
0.002495
0.004161
0.009434
0.017035
0.024887
0.030632
0.032605
0.030735
0.026449
0.021632
0.017596
0.014972
0.013623
0.013152
0.013223
0.013462
0.013737
0.013838
0.013053
0.010914
0.007810
0.004506
0.001410
-0.001961
-0.006160
-0.010710
-0.014088
-0.014742
-0.011784
-0.005347
0.003477
0.012576
0.019412
0.022615
0.023062
0.022812
0.022963
0.023053
0.021893
0.018344
0.012081
0.003942
-0.004052
-0.009129
-0.009172
-0.004389
0.002331
0.007341
0.007901
0.003521
-0.003691
-0.010744
-0.015744
-0.018411
-0.019360
-0.019481
-0.019353
-0.018676
-0.016568
-0.012622
-0.007571
-0.003007
-0.000117
0.000978
0.000755
0.000246
0.000247
0.000812
0.001202
0.000336
-0.001756
-0.003096
-0.001407
0.003660
0.009798
0.013690
0.013459
0.010155
0.006565
0.004572
0.004324
0.004508
0.003267
-0.000166
-0.004811
-0.009056
-0.011771
-0.012809
-0.013312
-0.014540
-0.016779
-0.019476
-0.021778
-0.022890
-0.022274
-0.019977
-0.017051
-0.015263
-0.015348
-0.016345
-0.016702
-0.015307
-0.012076
-0.008103
-0.004580
-0.001576
0.001793
0.006829
0.014446
0.024050
0.033480
0.039660
0.039914
0.033655
0.022789
0.010442
-0.000860
-0.010268
-0.018228
-0.025002
-0.029552
-0.030097
-0.025708
-0.017117
-0.006810
0.001924
0.006745
0.007364
0.005427
0.003446
0.002776
0.003025
0.003305
0.003478
0.004556
0.008441
0.016408
0.027468
0.038416
0.045506
0.046271
0.040526
0.030490
0.019882
0.012343
0.010158
0.013216
0.019144
0.024877
0.028391
0.029170
0.027564
0.024048
0.019171
0.013744
0.008900
0.005953
0.005604
0.007677
0.011083
0.013710
0.013029
0.007609
-0.001608
-0.011728
-0.019544
-0.023363
-0.023240
-0.020076
-0.014946
-0.008670
-0.001978
0.004371
0.009410
0.011822
0.010587
0.006241
0.000662
-0.003355
-0.003141
0.002248
0.011187
0.020225
0.026138
0.027297
0.023536
0.016338
0.008667
0.003339
0.001235
0.000979
0.000175
-0.002493
-0.006602
-0.011120
-0.015606
-0.020519
-0.026266
-0.032015
-0.035964
-0.036130
-0.031218
-0.021607
-0.009897
0.000069
0.004888
0.003475
-0.002769
-0.011100
-0.018701
-0.023706
-0.025748
-0.025568
-0.023973
-0.021600
-0.019252
-0.017751
-0.017481
-0.018427
-0.020508
-0.023721
-0.027747
-0.031763
-0.034726
-0.035877
-0.035092
-0.033091
-0.031055
-0.030062
-0.030555
-0.031878
-0.032533
-0.031126
-0.027268
-0.021652
-0.015544
-0.010256
-0.006790
-0.005757
-0.006841
-0.008983
-0.010888
-0.011180
-0.008876
-0.003924
0.002448
0.008316
0.011862
0.011579
0.006846
-0.001242
-0.009973
-0.016019
-0.016778
-0.011719
-0.002747
0.007328
0.016376
0.023761
0.029658
0.033715
0.034882
0.032562
0.027628
0.022327
0.019468
0.021237
0.028486
0.039549
0.050514
0.056905
0.055663
0.046299
0.030695
0.012290
-0.004670
-0.015825
-0.018035
-0.010705
0.004071
0.022022
0.038133
0.048014
0.049447
0.043021
0.031172
0.017334
0.004721
-0.004657
-0.010457
-0.013571
-0.015340
-0.016898
-0.018309
-0.018913
-0.018633
-0.018439
-0.019915
-0.024485
-0.032352
-0.042400
-0.052425
-0.059467
-0.061112
-0.056848
-0.048190
-0.037635
-0.027281
-0.018710
-0.012684
-0.008397
-0.004182
0.001330
0.008665
0.017245
0.025853
0.033863
0.041411
0.048525
0.054729
0.059266
0.061725
0.062428
0.062151
0.061400
0.060088
0.057659
0.053601
0.047723
0.040227
0.031732
0.022845
0.013980
0.005393
-0.003326
-0.013062
-0.024213
-0.035730
-0.045111
-0.049768
-0.048311
-0.041382
-0.031549
-0.021832
-0.014103
-0.008196
-0.002000
0.006989
0.020190
0.037063
0.055043
0.070760
0.081535
0.086377
0.086263
0.083865
0.082087
0.082717
0.086140
0.091525
0.097444
0.101966
0.103063
0.099744
0.092314
0.081463
0.068285
0.054247
0.041138
0.030809
0.024656
0.023168
0.025435
0.028796
0.029571
0.024642
0.013247
-0.002607
-0.019418
-0.033973
-0.044435
-0.050086
-0.050942
-0.048106
-0.044010
-0.041912
-0.044615
-0.053260
-0.067672
-0.086665
-0.108285
-0.129892
-0.147897
-0.158084
-0.156806
-0.142666
-0.117969
-0.088228
-0.060405
-0.040814
-0.033009
-0.036825
-0.048381
-0.061375
-0.070347
-0.073326
-0.071614
-0.068648
-0.067572
-0.069235
-0.071367
-0.069581
-0.059997
-0.040846
-0.013063
0.019636
0.051691
0.077825
0.094860
0.102123
0.100723
0.092546
0.080006
0.066094
0.053614
0.044259
0.038467
0.035569
0.033955
0.032154
0.029398
0.026124
0.024283
0.026015
0.031689
0.039314
0.045983
0.049545
0.048894
0.044207
0.037216
0.030331
0.025422
0.023005
0.022178
0.021408
0.018897
0.012439
-0.000378
-0.021206
-0.049791
-0.083481
-0.118247
-0.149930
-0.174964
-0.190913
-0.197174
-0.195486
-0.189610
-0.183766
-0.180726
-0.181330
-0.184970
-0.190537
-0.197075
-0.203659
-0.207897
-0.204506
-0.187885
-0.156112
-0.112707
-0.065307
-0.022255
0.010420
0.030124
0.038185
0.038741
0.036809
0.037026
0.042903
0.056313
0.076975
0.102669
0.130287
0.156617
0.178978
0.195779
0.206386
0.211357
0.211916
0.209138
0.203361
0.194217
0.181194
0.164588
0.146165
0.129089
0.116618
0.110898
0.112095
0.118118
0.125752
0.132232
0.134983
0.131992
0.122941
0.108742
0.090914
0.071249
0.051640
0.033471
0.017438
0.003647
-0.008522
-0.020308
-0.032789
-0.046651
-0.061684
-0.075999
-0.086866
-0.092419
-0.092508
-0.088518
-0.082646
-0.076689
-0.071097
-0.065092
-0.057650
-0.048172
-0.036930
-0.025558
-0.016473
-0.011790
-0.012435
-0.017067
-0.022367
-0.024666
-0.020907
-0.010002
0.006344
0.024569
0.040730
0.051374
0.053763
0.046050
0.027724
0.000371
-0.032201
-0.064832
-0.092296
-0.110624
-0.117895
-0.114521
-0.102885
-0.086717
-0.070469
-0.058630
-0.054148
-0.057050
-0.064949
-0.074505
-0.082592
-0.086942
-0.086918
-0.083503
-0.078350
-0.072812
-0.067457
-0.062278
-0.057281
-0.052769
-0.049483
-0.048142
-0.049155
-0.052468
-0.057583
-0.063964
-0.071042
-0.077944
-0.083735
-0.086793
-0.083926
-0.071335
-0.047318
-0.013919
0.023370
0.057361
0.081764
0.093228
0.091865
0.080441
0.063548
0.046302
0.032825
0.025061
0.023059
0.025667
0.030938
0.036452
0.039815
0.038882
0.032411
0.019892
0.001604
-0.020817
-0.044676
-0.067221
-0.085788
-0.098291
-0.103764
-0.102555
-0.096225
-0.087330
-0.078865
-0.072827
-0.069197
-0.066214
-0.061289
-0.052325
-0.038574
-0.020700
-0.000277
0.021034
0.041832
0.061199
0.079115
0.096250
0.113177
0.129487
0.144057
0.155654
0.163224
0.166073
0.163964
0.157212
0.147499
0.137360
0.129051
0.123615
0.120676
0.118724
0.115697
0.109058
0.096927
0.078766
0.055251
0.028275
0.000312
-0.026421
-0.050269
-0.069949
-0.084238
-0.091940
-0.092261
-0.085687
-0.074074
-0.059998
-0.046231
-0.035096
-0.027172
-0.020896
-0.013510
-0.002314
0.014279
0.035938
0.060304
0.083848
0.102890
0.114065
0.115293
0.107079
0.091603
0.071869
0.051145
0.032164
0.016696
0.005664
-0.000678
-0.002655
-0.000962
0.003306
0.008247
0.011537
0.011034
0.005404
-0.005204
-0.019461
-0.035130
-0.049517
-0.060256
-0.065877
-0.066240
-0.062134
-0.054515
-0.044416
-0.032970
-0.021439
-0.011399
-0.004229
-0.000490
0.000203
-0.000760
-0.001575
-0.000306
0.004714
0.013764
0.025291
0.036368
0.043491
0.043444
0.034530
0.017721
-0.003559
-0.024701
-0.041805
-0.053103
-0.058453
-0.058395
-0.054131
-0.047379
-0.039843
-0.033112
-0.028475
-0.026925
-0.028888
-0.033691
-0.039388
-0.043589
-0.043912
-0.037910
-0.023973
-0.002232
0.024985
0.053751
0.079326
0.097368
0.105318
0.103329
0.094142
0.081897
0.070658
0.063608
0.062464
0.066936
0.074720
0.082351
0.086443
0.084646
0.076098
0.061343
0.041911
0.019726
-0.002766
-0.022852
-0.038052
-0.046475
-0.047150
-0.041174
-0.031891
-0.023657
-0.020208
-0.023214
-0.031574
-0.042054
-0.050430
-0.052934
-0.048318
-0.038182
-0.025139
-0.011926
-0.000524
0.008497
0.016192
0.024145
0.033026
0.042205
0.049962
0.054421
0.054864
0.052121
0.048014
0.044736
0.044335
0.047875
0.055045
0.064395
0.073818
0.080889
0.083135
0.078765
0.067343
0.049753
0.028040
0.004857
-0.017079
-0.035030
-0.047206
-0.053484
-0.055103
-0.054176
-0.053289
-0.054668
-0.059513
-0.067639
-0.077146
-0.085146
-0.089413
-0.089243
-0.085294
-0.078900
-0.071638
-0.065048
-0.059695
-0.055422
-0.052007
-0.049473
-0.048119
-0.048075
-0.049413
-0.051876
-0.054428
-0.055258
-0.052591
-0.045644
-0.035322
-0.023778
-0.013696
-0.007875
-0.008066
-0.014046
-0.023958
-0.035145
-0.044979
-0.051651
-0.054418
-0.053334
-0.049197
-0.042702
-0.033902
-0.022964
-0.010739
0.001280
0.011458
0.018438
0.021590
0.021368
0.019317
0.017651
0.018078
0.021190
0.026433
0.032162
0.036646
0.038617
0.037620
0.034231
0.029954
0.026381
0.024788
0.025977
0.029866
0.035365
0.041024
0.045491
0.048180
0.049363
0.049527
0.049015
0.047990
0.046394
0.044471
0.043205
0.044090
0.048187
0.055586
0.065382
0.076017
0.085383
0.091369
0.092554
0.088743
0.081060
0.071401
0.061778
0.053927
0.049088
0.047831
0.050141
0.055369
0.062560
0.070319
0.077076
0.081446
0.082268
0.078962
0.071189
0.058432
0.040442
0.018299
-0.005126
-0.026143
-0.041128
-0.047455
-0.045204
-0.037274
-0.027797
-0.020277
-0.017196
-0.019828
-0.027469
-0.037945
-0.048247
-0.055403
-0.057903
-0.055709
-0.050084
-0.043202
-0.037371
-0.034372
-0.034921
-0.038688
-0.044679
-0.051396
-0.057445
-0.062044
-0.064966
-0.066389
-0.066819
-0.066750
-0.066634
-0.066580
-0.066472
-0.066064
-0.064600
-0.061425
-0.056385
-0.049583
-0.041713
-0.034069
-0.028154
-0.024958
-0.024533
-0.026086
-0.028561
-0.031418
-0.034267
-0.036652
-0.038254
-0.038622
-0.036891
-0.032333
-0.025404
-0.017475
-0.010353
-0.005680
-0.004305
-0.006065
-0.009717
-0.013270
-0.014915
-0.013816
-0.010389
-0.006035
-0.002753
-0.002600
-0.006502
-0.013555
-0.022033
-0.029543
-0.033443
-0.032007
-0.025062
-0.014233
-0.001959
0.009726
0.019464
0.026812
0.032084
0.036078
0.039783
0.043909
0.048810
0.054364
0.060104
0.065586
0.070265
0.073065
0.073214
0.070601
0.065330
0.058038
0.049852
0.041849
0.034978
0.029730
0.026353
0.024779
0.024960
0.026448
0.028185
0.028937
0.027816
0.024635
0.019873
0.014257
0.008609
0.004110
0.001849
0.002550
0.006484
0.013017
0.021073
0.029705
0.037899
0.044272
0.047195
0.045331
0.038296
0.027042
0.013746
0.000896
-0.009503
-0.016039
-0.018205
-0.017049
-0.014424
-0.012079
-0.011276
-0.012616
-0.015679
-0.019207
-0.022142
-0.024338
-0.026174
-0.028064
-0.030689
-0.034625
-0.039762
-0.045493
-0.050695
-0.054057
-0.054976
-0.053880
-0.052212
-0.051773
-0.053913
-0.058874
-0.065872
-0.073167
-0.078455
-0.079872
-0.076546
-0.068916
-0.058495
-0.047273
-0.037230
-0.030214
-0.027365
-0.028360
-0.031723
-0.035357
-0.037258
-0.036336
-0.032682
-0.027170
-0.020864
-0.014602
-0.008659
-0.002639
0.004122
0.011589
0.018566
0.023352
0.024777
0.022677
0.017969
0.012381
0.008164
0.007172
0.009867
0.015576
0.023282
0.031661
0.039307
0.044831
0.046897
0.044655
0.037495
0.025626
0.011061
-0.002750
-0.012242
-0.015098
-0.010993
-0.001783
0.008903
0.016652
0.018141
0.012458
0.001038
-0.013085
-0.026401
-0.035788
-0.039414
-0.037491
-0.031821
-0.024487
-0.017154
-0.010762
-0.005710
-0.001938
0.001002
0.003811
0.007000
0.010867
0.015209
0.019195
0.021943
0.023074
0.022874
0.022274
0.022666
0.024948
0.029114
0.034214
0.038401
0.039605
0.036197
0.027780
0.015756
0.003237
-0.006174
-0.009879
-0.006867
0.001558
0.012106
0.021256
0.026417
0.026270
0.021027
0.012152
0.001670
-0.008390
-0.016513
-0.022325
-0.026097
-0.028321
-0.029512
-0.029765
-0.028938
-0.027195
-0.024964
-0.022682
-0.020267
-0.017383
-0.014063
-0.010632
-0.007694
-0.005856
-0.005926
-0.008280
-0.012083
-0.015705
-0.017502
-0.016811
-0.014330
-0.011572
-0.010083
-0.010826
-0.013817
-0.017976
-0.021635
-0.023460
-0.023051
-0.020816
-0.017632
-0.013948
-0.009518
-0.003888
0.003364
0.011820
0.020318
0.027362
0.031687
0.032839
0.031293
0.028340
0.025967
0.026157
0.029871
0.036720
0.045174
0.053381
0.059922
0.064221
0.066018
0.065373
0.062497
0.057548
0.051035
0.043601
0.035731
0.027701
0.019759
0.012309
0.005985
0.001548
-0.000720
-0.001568
-0.002096
-0.003238
-0.005652
-0.009680
-0.014944
-0.020455
-0.025162
-0.028151
-0.029102
-0.028698
-0.027819
-0.026832
-0.025752
-0.023850
-0.020406
-0.015501
-0.009581
-0.003275
0.002705
0.007743
0.011891
0.015586
0.019067
0.022627
0.026390
0.030012
0.033236
0.036166
0.038432
0.039498
0.039325
0.038026
0.035474
0.031722
0.027040
0.021317
0.014617
0.007719
0.001544
-0.003091
-0.005592
-0.005966
-0.005092
-0.004400
-0.005014
-0.007594
-0.012423
-0.018897
-0.025426
-0.030494
-0.033335
-0.033868
-0.032469
-0.029546
-0.025454
-0.020734
-0.015990
-0.012110
-0.010241
-0.011217
-0.015276
-0.021746
-0.029222
-0.036181
-0.041183
-0.042982
-0.040921
-0.035409
-0.028124
-0.021073
-0.015689
-0.012919
-0.012828
-0.014525
-0.016782
-0.018783
-0.020104
-0.020352
-0.019207
-0.016486
-0.011988
-0.005858
0.001373
0.008851
0.015124
0.018743
0.019360
0.017818
0.015476
0.013669
0.013320
0.014499
0.016278
0.017475
0.017455
0.016418
0.015341
0.015404
0.017215
0.020496
0.024304
0.027505
0.028803
0.027161
0.022769
0.016946
0.011726
0.008881
0.009349
0.013048
0.018636
0.023659
0.025830
0.024066
0.018495
0.010416
0.001883
-0.004963
-0.008961
-0.010098
-0.008923
-0.006250
-0.003042
-0.000136
0.001774
0.002434
0.001657
-0.000830
-0.005047
-0.010740
-0.017395
-0.024351
-0.030664
-0.035159
-0.036817
-0.035114
-0.030496
-0.024062
-0.016851
-0.010324
-0.006119
-0.005190
-0.007438
-0.011925
-0.017319
-0.022349
-0.025733
-0.026537
-0.024746
-0.021234
-0.017269
-0.013773
-0.011367
-0.010465
-0.011122
-0.012626
-0.013824
-0.013885
-0.012493
-0.009722
-0.006063
-0.002348
0.000293
0.000884
-0.000870
-0.004075
-0.007365
-0.009895
-0.011635
-0.012747
-0.013319
-0.013431
-0.012815
-0.010703
-0.006282
0.000269
0.007561
0.013804
0.017470
0.017776
0.015306
0.011845
0.009618
0.010291
0.014250
0.020639
0.027809
0.033962
0.037966
0.039294
0.038067
0.035045
0.031015
0.026250
0.021071
0.016223
0.012831
0.011956
0.013933
0.018139
0.022962
0.026393
0.026736
0.023071
0.015817
0.006818
-0.001790
-0.008236
-0.011462
-0.011412
-0.008567
-0.003817
0.001587
0.006348
0.009335
0.009852
0.007711
0.003295
-0.002548
-0.008608
-0.013232
-0.014405
-0.011194
-0.004294
0.004579
0.013026
0.018524
0.019303
0.015030
0.007275
-0.001064
-0.007325
-0.010270
-0.010411
-0.009441
-0.009021
-0.010131
-0.012776
-0.016169
-0.019464
-0.022136
-0.024279
-0.026791
-0.030477
-0.035410
-0.040831
-0.045050
-0.046853
-0.045835
-0.042090
-0.036319
-0.029830
-0.024018
-0.019776
-0.017315
-0.016007
-0.015094
-0.014166
-0.013242
-0.012436
-0.011870
-0.011651
-0.011530
-0.010816
-0.008924
-0.005949
-0.002732
-0.000221
0.001083
0.000627
-0.001707
-0.005000
-0.008016
-0.009914
-0.010348
-0.009693
-0.008749
-0.008127
-0.008142
-0.008796
-0.009589
-0.009734
-0.008658
-0.006139
-0.002196
0.002932
0.008853
0.014707
0.019356
0.022069
0.022851
0.021828
0.019309
0.015990
0.012926
0.011039
0.010802
0.012475
0.016178
0.021321
0.026559
0.030432
0.031996
0.030938
0.027657
0.023351
0.019550
0.017437
0.017358
0.018819
0.020847
0.022389
0.022802
0.022056
0.020747
0.019820
0.019924
0.021126
0.022926
0.024646
0.025843
0.026301
0.025884
0.024496
0.022245
0.019231
0.015598
0.011917
0.008947
0.007432
0.007530
0.008622
0.009735
0.009798
0.007970
0.003900
-0.002057
-0.008861
-0.015186
-0.019896
-0.022311
-0.022114
-0.019576
-0.015674
-0.011186
-0.006681
-0.002796
-0.000203
0.000762
0.000317
-0.001139
-0.002794
-0.003932
-0.003897
-0.002202
0.000961
0.004905
0.008840
0.012100
0.014076
0.014404
0.013116
0.010297
0.006070
0.000915
-0.004558
-0.009715
-0.013894
-0.016521
-0.017389
-0.016931
-0.015786
-0.014733
-0.014741
-0.016333
-0.019210
-0.022632
-0.025915
-0.028369
-0.029476
-0.029018
-0.026992
-0.023925
-0.020301
-0.016107
-0.011452
-0.006731
-0.002077
0.002225
0.005344
0.006403
0.004979
0.001463
-0.003432
-0.008685
-0.013074
-0.015666
-0.015942
-0.013525
-0.008542
-0.001851
0.005262
0.011488
0.015702
0.017184
0.015762
0.011796
0.006354
0.000894
-0.003339
-0.005322
-0.004417
-0.000721
0.005023
0.011561
0.017388
0.021204
0.022239
0.020396
0.016342
0.011531
0.007340
0.004664
0.004032
0.005019
0.006757
0.008601
0.010173
0.011293
0.011837
0.011912
0.011713
0.011341
0.011168
0.011767
0.013317
0.015979
0.019693
0.023781
0.027478
0.030185
0.031551
0.031689
0.031168
0.030677
0.030649
0.031335
0.032743
0.034376
0.035629
0.036174
0.035735
0.034320
0.032016
0.028875
0.025295
0.021922
0.019247
0.017356
0.015991
0.014967
0.014054
0.012650
0.010298
0.007014
0.003128
-0.001006
-0.004999
-0.008124
-0.009769
-0.009950
-0.009123
-0.007712
-0.005934
-0.004083
-0.003059
-0.003567
-0.005483
-0.008386
-0.011765
-0.014769
-0.016494
-0.016155
-0.013332
-0.008631
-0.003525
0.000392
0.001885
0.000419
-0.003794
-0.009946
-0.016806
-0.022999
-0.027017
-0.027868
-0.025670
-0.021382
-0.016182
-0.011264
-0.007933
-0.006933
-0.007936
-0.009870
-0.011802
-0.013094
-0.013058
-0.011366
-0.008324
-0.004318
0.000019
0.003957
0.007181
0.009447
0.010415
0.009946
0.008119
0.005448
0.002893
0.001016
-0.000248
-0.001167
-0.002114
-0.003616
-0.005998
-0.009120
-0.012433
-0.015248
-0.017053
-0.017771
-0.017684
-0.017491
-0.017874
-0.018939
-0.020226
-0.021286
-0.021912
-0.022257
-0.022652
-0.023057
-0.023334
-0.023739
-0.024485
-0.025365
-0.026199
-0.027001
-0.027427
-0.026987
-0.025598
-0.023466
-0.020953
-0.018309
-0.015742
-0.013559
-0.011786
-0.010264
-0.008875
-0.007541
-0.006325
-0.005403
-0.004797
-0.004323
-0.003604
-0.002367
-0.000865
0.000175
0.000022
-0.001611
-0.004610
-0.008500
-0.012597
-0.015982
-0.017953
-0.018418
-0.017790
-0.016272
-0.014080
-0.011781
-0.009864
-0.008689
-0.008457
-0.009118
-0.010656
-0.013068
-0.016106
-0.019175
-0.021585
-0.022830
-0.022872
-0.021882
-0.020086
-0.018027
-0.016268
-0.015195
-0.014986
-0.015693
-0.016908
-0.017940
-0.018085
-0.017003
-0.014849
-0.012104
-0.009410
-0.007481
-0.006987
-0.008006
-0.010014
-0.012398
-0.014314
-0.014895
-0.013786
-0.011351
-0.008603
-0.006832
-0.006784
-0.008509
-0.011547
-0.015099
-0.018350
-0.020361
-0.020413
-0.018407
-0.014687
-0.009754
-0.004305
0.000704
0.004406
0.006419
0.006964
0.006668
0.006427
0.007132
0.009347
0.012940
0.017231
0.021541
0.025546
0.029124
0.032287
0.035393
0.038891
0.042785
0.046497
0.049431
0.051279
0.051913
0.051366
0.049868
0.047787
0.045703
0.044020
0.042855
0.042136
0.041724
0.041359
0.040717
0.039875
0.038910
0.038024
0.037318
0.036610
0.035959
0.035543
0.035352
0.035155
0.034509
0.033028
0.030435
0.026627
0.021756
0.016402
0.011558
0.008186
0.007105
0.008625
0.012001
0.015939
0.019139
0.020543
0.019593
0.016452
0.011914
0.007202
0.003543
0.001638
0.001800
0.004064
0.007813
0.011854
0.014856
0.016039
0.015418
0.013416
0.010438
0.007120
0.004610
0.003347
0.002972
0.003126
0.003587
0.004028
0.003815
0.002415
-0.000173
-0.003530
-0.007109
-0.010469
-0.012798
-0.013601
-0.013460
-0.013203
-0.013336
-0.014050
-0.015242
-0.016820
-0.018480
-0.019788
-0.020542
-0.020781
-0.020545
-0.019898
-0.018979
-0.017783
-0.016282
-0.014525
-0.012564
-0.010585
-0.009108
-0.008462
-0.008527
-0.009155
-0.010272
-0.011815
-0.013427
-0.014615
-0.015140
-0.015028
-0.014290
-0.012774
-0.010751
-0.008729
-0.007143
-0.006097
-0.005514
-0.005169
-0.004653
-0.003385
-0.000829
0.002928
0.006893
0.010049
0.011569
0.010884
0.008016
0.003816
-0.000591
-0.004558
-0.007790
-0.010062
-0.011226
-0.011380
-0.010830
-0.009973
-0.009232
-0.008965
-0.009184
-0.009754
-0.010402
-0.010845
-0.010979
-0.010709
-0.009946
-0.008844
-0.007739
-0.006810
-0.005885
-0.004561
-0.002477
0.000299
0.003340
0.006129
0.008003
0.008428
0.007103
0.004207
0.000528
-0.003023
-0.005349
-0.005416
-0.002992
0.001329
0.006494
0.011293
0.014756
0.016253
0.015457
0.012993
0.009832
0.006792
0.004597
0.003951
0.005172
0.007908
0.011291
0.014317
0.016261
0.016785
0.015760
0.013314
0.009938
0.006475
0.003476
0.000999
-0.001085
-0.002732
-0.003957
-0.004898
-0.005496
-0.005488
-0.004909
-0.004092
-0.003416
-0.003246
-0.004042
-0.005935
-0.008575
-0.011342
-0.013503
-0.014434
-0.013683
-0.011382
-0.008071
-0.004584
-0.001844
-0.000574
-0.001028
-0.002912
-0.005714
-0.008757
-0.011079
-0.012112
-0.011875
-0.010735
-0.008962
-0.006766
-0.004611
-0.003096
-0.002540
-0.002966
-0.004455
-0.006680
-0.008830
-0.010216
-0.010199
-0.008615
-0.005945
-0.002725
0.000538
0.003648
0.006423
0.008615
0.010320
0.011518
0.012009
0.011685
0.010500
0.008673
0.006489
0.004418
0.003273
0.003298
0.004041
0.004975
0.005778
0.006299
0.006636
0.006892
0.007109
0.007533
0.008401
0.009577
0.010711
0.011757
0.012644
0.013153
0.013119
0.012743
0.012143
0.011214
0.009845
0.008018
0.005820
0.003283
0.000559
-0.001848
-0.003406
-0.003922
-0.003416
-0.002139
-0.000683
0.000303
0.000200
-0.001282
-0.003671
-0.006147
-0.008069
-0.009027
-0.008821
-0.007361
-0.004882
-0.001995
0.000801
0.002997
0.004183
0.004161
0.003093
0.001360
-0.000655
-0.002463
-0.003930
-0.005162
-0.006007
-0.006143
-0.005619
-0.004617
-0.003428
-0.002698
-0.002702
-0.003352
-0.004361
-0.005179
-0.005044
-0.003550
-0.001016
0.001982
0.004969
0.007276
0.008348
0.008112
0.006532
0.003593
-0.000262
-0.004345
-0.008040
-0.010672
-0.011804
-0.011544
-0.010412
-0.009328
-0.009181
-0.010451
-0.013175
-0.016701
-0.020230
-0.023047
-0.024188
-0.023279
-0.020880
-0.017662
-0.014063
-0.010618
-0.007836
-0.006010
-0.004730
-0.003878
-0.003681
-0.003790
-0.003503
-0.002752
-0.001723
-0.000552
0.000411
0.000920
0.001056
0.001069
0.001127
0.001276
0.001577
0.001908
0.001978
0.001491
0.000502
-0.000620
-0.001685
-0.002703
-0.003887
-0.005192
-0.006417
-0.007634
-0.008616
-0.009323
-0.010032
-0.010525
-0.010590
-0.010013
-0.008724
-0.007179
-0.005880
-0.004879
-0.003913
-0.002870
-0.001924
-0.001115
-0.000519
-0.000277
-0.000433
-0.000779
-0.000838
-0.000537
0.000002
0.000916
0.002152
0.003491
0.004643
0.005379
0.005918
0.006149
0.005782
0.004940
0.004023
0.003451
0.003595
0.004794
0.006937
0.009615
0.012379
0.014517
0.015457
0.014917
0.013103
0.010467
0.007368
0.004226
0.001776
0.000576
0.000495
0.001245
0.002602
0.004204
0.005577
0.006373
0.006450
0.005686
0.003964
0.001203
-0.002040
-0.004845
-0.006631
-0.007216
-0.006611
-0.005068
-0.003109
-0.001535
-0.000988
-0.001630
-0.003199
-0.005260
-0.007298
-0.008688
-0.009135
-0.008778
-0.007740
-0.006067
-0.004075
-0.002333
-0.001191
-0.000970
-0.002088
-0.004142
-0.006380
-0.008324
-0.009567
-0.009565
-0.008142
-0.005665
-0.002674
0.000206
0.002340
0.003505
0.003800
0.003330
0.002332
0.001259
0.000395
0.000094
0.000551
0.001586
0.003125
0.005467
0.008363
0.011187
0.013722
0.015760
0.016968
0.017028
0.015868
0.014000
0.012300
0.011303
0.011092
0.011598
0.012514
0.013302
0.013458
0.012623
0.010765
0.008200
0.005358
0.002620
0.000205
-0.001801
-0.003481
-0.005126
-0.006797
-0.008242
-0.009464
-0.010622
-0.011601
-0.011930
-0.011458
-0.010527
-0.009488
-0.008459
-0.007502
-0.006772
-0.006236
-0.005808
-0.005406
-0.004961
-0.004463
-0.003765
-0.002860
-0.001967
-0.001335
-0.001046
-0.001014
-0.001109
-0.001263
-0.001482
-0.001454
-0.001052
-0.000494
0.000031
0.000407
0.000537
0.000348
-0.000316
-0.001569
-0.003145
-0.004532
-0.005489
-0.005874
-0.005606
-0.004584
-0.002822
-0.000668
0.001350
0.002822
0.003358
0.002693
0.000838
-0.001725
-0.004170
-0.005778
-0.006218
-0.005522
-0.003758
-0.001389
0.000574
0.001609
0.001685
0.000948
-0.000192
-0.001147
-0.001453
-0.001127
-0.000285
0.000926
0.002043
0.002449
0.001876
0.000719
-0.000545
-0.001654
-0.002278
-0.002130
-0.001091
0.000753
0.002943
0.004860
0.006088
0.006444
0.005736
0.003921
0.001432
-0.001168
-0.003367
-0.004637
-0.004929
-0.004736
-0.004549
-0.004597
-0.004986
-0.005734
-0.006791
-0.007924
-0.008830
-0.009265
-0.008920
-0.007721
-0.005822
-0.003519
-0.001158
0.001122
0.002935
0.003744
0.003227
0.001922
0.000492
-0.000840
-0.001742
-0.001726
-0.000596
0.001331
0.003436
0.005152
0.006000
0.005603
0.003893
0.001259
-0.001743
-0.004483
-0.006599
-0.007904
-0.008310
-0.008073
-0.007569
-0.006653
-0.005458
-0.004543
-0.004183
-0.004297
-0.004780
-0.005321
-0.005528
-0.005042
-0.003407
-0.000830
0.002154
0.005248
0.008296
0.011154
0.013826
0.016290
0.018630
0.020833
0.022588
0.023387
0.023095
0.021992
0.020324
0.018457
0.016746
0.015331
0.014405
0.014046
0.013951
0.014117
0.014413
0.014177
0.012962
0.010911
0.008438
0.006121
0.004589
0.004216
0.005025
0.006685
0.008493
0.009879
0.010534
0.010375
0.009546
0.008326
0.006984
0.005725
0.004793
0.004402
0.004456
0.004706
0.005129
0.005645
0.006168
0.006596
0.006630
0.006249
0.005545
0.004591
0.003599
0.002755
0.002183
0.001991
0.002151
0.002487
0.002880
0.003112
0.002916
0.002243
0.001086
-0.000584
-0.002165
-0.003151
-0.003510
-0.003341
-0.002668
-0.001659
-0.000750
-0.000608
-0.001794
-0.004166
-0.007211
-0.010199
-0.012522
-0.013854
-0.013729
-0.011984
-0.009121
-0.005766
-0.002426
0.000249
0.001782
0.002037
0.001335
-0.000095
-0.001814
-0.003103
-0.003534
-0.003197
-0.002232
-0.000977
0.000200
0.001245
0.001991
0.002377
0.002655
0.003000
0.003379
0.003538
0.003219
0.002515
0.001538
0.000214
-0.001276
-0.002580
-0.003633
-0.004572
-0.005468
-0.006282
-0.007008
-0.007982
-0.009580
-0.011545
-0.013473
-0.015045
-0.015978
-0.016259
-0.015998
-0.015253
-0.014004
-0.012204
-0.009823
-0.006930
-0.003942
-0.001235
0.001020
0.002685
0.003683
0.004213
0.004703
0.005395
0.006387
0.007408
0.007904
0.007552
0.006420
0.004902
0.003447
0.002078
0.000654
-0.000679
-0.001785
-0.002661
-0.003377
-0.004036
-0.004602
-0.005176
-0.005961
-0.007037
-0.008245
-0.009517
-0.010752
-0.011439
-0.011186
-0.010188
-0.008872
-0.007410
-0.006050
-0.005203
-0.004979
-0.005412
-0.006428
-0.007587
-0.008282
-0.007973
-0.006451
-0.003964
-0.001088
0.001538
0.003558
0.004910
0.005626
0.005774
0.005557
0.005346
0.005393
0.005708
0.006022
0.005807
0.004780
0.002979
0.000622
-0.001967
-0.004294
-0.005782
-0.006408
-0.006528
-0.006598
-0.006996
-0.007651
-0.008150
-0.008011
-0.007057
-0.005476
-0.003581
-0.001729
-0.000251
0.000560
0.000633
0.000393
0.000227
0.000155
0.000028
-0.000166
-0.000143
0.000225
0.000706
0.001036
0.001101
0.000852
0.000058
-0.001600
-0.003828
-0.005929
-0.007437
-0.008097
-0.007962
-0.007262
-0.006175
-0.005188
-0.004731
-0.004836
-0.005329
-0.006056
-0.006664
-0.006778
-0.006156
-0.004726
-0.002689
-0.000204
0.002492
0.004990
0.007075
0.008599
0.009423
0.009783
0.010053
0.010288
0.010221
0.009933
0.009690
0.009446
0.008964
0.008101
0.007066
0.006123
0.005425
0.004953
0.004450
0.003923
0.003420
0.002871
0.002291
0.001593
0.000896
0.000622
0.000753
0.000928
0.000786
0.000273
-0.000400
-0.001078
-0.001407
-0.001475
-0.001475
-0.001243
-0.000587
0.000358
0.001409
0.002527
0.003672
0.004695
0.005590
0.006483
0.007241
0.007810
0.008240
0.008486
0.008406
0.007896
0.007085
0.006319
0.005723
0.005250
0.004698
0.004024
0.003386
0.002775
0.002005
0.001010
-0.000186
-0.001639
-0.003309
-0.005065
-0.006711
-0.008093
-0.008987
-0.009132
-0.008498
-0.007315
-0.005924
-0.004420
-0.002807
-0.001121
0.000342
0.001175
0.001459
0.001328
0.000880
0.000260
-0.000259
-0.000388
-0.000100
0.000585
0.001558
0.002650
0.003697
0.004738
0.005725
0.006340
0.006435
0.006180
0.005698
0.005002
0.004255
0.003685
0.003465
0.003805
0.004851
0.006252
0.007534
0.008437
0.008877
0.008864
0.008419
0.007595
0.006798
0.006566
0.006979
0.007648
0.008434
0.009379
0.010330
0.011022
0.011313
0.011217
0.010821
0.010165
0.009279
0.008354
0.007564
0.006440
0.005177
0.003856
0.002504
0.001035
-0.000343
-0.001386
-0.001963
-0.002121
-0.002042
-0.001695
-0.000920
0.000213
0.001400
0.002440
0.003362
0.004102
0.004414
0.004333
0.004247
0.004271
0.004346
0.004490
0.004683
0.004852
0.004767
0.004312
0.003458
0.002277
0.000852
-0.000844
-0.002705
-0.004385
-0.005851
-0.007156
-0.008069
-0.008277
-0.007871
-0.007183
-0.006418
-0.005821
-0.005490
-0.005429
-0.005742
-0.006238
-0.006617
-0.006693
-0.006329
-0.005514
-0.004305
-0.002895
-0.001202
0.000727
0.002353
0.003348
0.003700
0.003400
0.002512
0.001293
-0.000164
-0.001866
-0.003598
-0.005098
-0.006356
-0.007598
-0.008992
-0.010530
-0.012101
-0.013593
-0.014928
-0.016128
-0.017131
-0.017800
-0.018052
-0.017737
-0.016660
-0.014846
-0.012592
-0.010297
-0.008390
-0.007186
-0.006870
-0.007386
-0.008460
-0.009675
-0.010667
-0.011241
-0.011116
-0.009996
-0.007981
-0.005559
-0.003288
-0.001372
-0.000072
0.000210
-0.000384
-0.001440
-0.002473
-0.003052
-0.003132
-0.002841
-0.002292
-0.001620
-0.001156
-0.001066
-0.001252
-0.001613
-0.001922
-0.002075
-0.001882
-0.001110
0.000186
0.001821
0.003612
0.005398
0.007095
0.008522
0.009444
0.009804
0.009834
0.009695
0.009514
0.009317
0.008964
0.008561
0.008219
0.007859
0.007437
0.006988
0.006498
0.005934
0.005312
0.004781
0.004359
0.003834
0.003203
0.002660
0.002182
0.001653
0.001060
0.000491
-0.000146
-0.000969
-0.001878
-0.002684
-0.003287
-0.003659
-0.003805
-0.003749
-0.003587
-0.003470
-0.003540
-0.003947
-0.004577
-0.005199
-0.005691
-0.006031
-0.006232
-0.006361
-0.006586
-0.006733
-0.006566
-0.006331
-0.006275
-0.006384
-0.006554
-0.006752
-0.006882
-0.006729
-0.006096
-0.004931
-0.003427
-0.001771
-0.000136
0.001308
0.002512
0.003468
0.004141
0.004487
0.004540
0.004427
0.004316
0.004277
0.004287
0.004273
0.004206
0.004094
0.003854
0.003279
0.002332
0.001338
0.000472
-0.000301
-0.000994
-0.001542
-0.001823
-0.001776
-0.001527
-0.001224
-0.000894
-0.000543
-0.000204
0.000062
0.000221
0.000293
0.000265
0.000194
0.000204
0.000370
0.000646
0.000939
0.001298
0.001682
0.001910
0.001910
0.001726
0.001561
0.001469
0.001378
0.001380
0.001505
0.001652
0.001791
0.001993
0.002237
0.002492
0.002796
0.003081
0.003271
0.003378
0.003444
0.003477
0.003374
0.003063
0.002622
0.002169
0.001769
0.001559
0.001512
0.001494
0.001456
0.001394
0.001336
0.001295
0.001261
0.001244
0.001309
0.001471
0.001626
0.001741
0.001863
0.001975
0.002011
0.001934
0.001785
0.001629
0.001497
0.001386
0.001319
0.001332
0.001437
0.001567
0.001641
0.001627
0.001519
0.001309
0.001049
0.000781
0.000587
0.000518
0.000526
0.000512
0.000418
0.000235
-0.000031
-0.000335
-0.000598
-0.000764
-0.000816
-0.000786
-0.000724
-0.000643
-0.000563
-0.000554
-0.000653
-0.000807
-0.000948
-0.001086
-0.001251
-0.001377
-0.001427
-0.001467
-0.001528
-0.001574
-0.001592
-0.001602
-0.001617
-0.001616
-0.001581
-0.001500
-0.001377
-0.001207
-0.000995
-0.000783
-0.000601
-0.000458
-0.000340
-0.000233
-0.000136
-0.000045
0.000050
0.000155
0.000258
0.000339
0.000393
0.000420
0.000421
0.000403
0.000382
0.000375
0.000394
0.000428
0.000458
0.000469
0.000453
0.000415
0.000369
0.000327
0.000309
0.000324
0.000364
0.000411
0.000448
0.000464
0.000449
0.000397
0.000319
0.000237
0.000165
0.000107
0.000063
0.000035
0.000018
0.000006
-0.000004
-0.000013
-0.000023
-0.000036
-0.000055
-0.000080
-0.000104
-0.000121
-0.000130
-0.000132
-0.000126
-0.000116
-0.000105
-0.000095
-0.000088
-0.000083
-0.000081
-0.000081
-0.000082
-0.000085
-0.000088
-0.000090
-0.000092
-0.000092
-0.000092
-0.000092
-0.000092
-0.000092
-0.000094
-0.000096
-0.000099
-0.000101
-0.000103
-0.000104
-0.000104
-0.000102
-0.000100
-0.000097
-0.000093
-0.000090
-0.000086
-0.000083
-0.000079
-0.000075
-0.000072
-0.000068
-0.000065
-0.000061
-0.000057
-0.000054
-0.000050
-0.000047
-0.000043
-0.000040
-0.000036
-0.000033
-0.000029
-0.000026
-0.000023
-0.000019
-0.000016
-0.000012
-0.000009
-0.000006
