0.000006
0.000006
0.000006
0.000006
0.000007
0.000007
0.000007
0.000008
0.000008
0.000008
0.000009
0.000009
0.000009
0.000010
0.000010
0.000010
0.000011
0.000011
0.000012
0.000012
0.000012
0.000012
0.000012
0.000013
0.000013
0.000013
0.000014
0.000014
0.000015
0.000015
0.000015
0.000016
0.000016
0.000016
0.000016
0.000017
0.000018
0.000018
0.000018
0.000019
0.000019
0.000019
0.000018
0.000019
0.000021
0.000024
0.000025
0.000025
0.000022
0.000021
0.000023
0.000023
0.000022
0.000022
0.000022
0.000024
0.000026
0.000028
0.000026
0.000024
0.000027
0.000031
0.000031
0.000026
0.000021
0.000023
0.000027
0.000028
0.000029
0.000036
0.000038
0.000031
0.000027
0.000031
0.000033
0.000028
0.000023
0.000024
0.000025
0.000028
0.000032
0.000038
0.000041
0.000036
0.000032
0.000038
0.000045
0.000046
0.000043
0.000038
0.000041
0.000045
0.000041
0.000044
0.000052
0.000046
0.000036
0.000041
0.000051
0.000051
0.000040
0.000038
0.000054
0.000059
0.000044
0.000035
0.000046
0.000057
0.000055
0.000045
0.000045
0.000045
0.000040
0.000037
0.000039
0.000038
0.000030
0.000034
0.000054
0.000066
0.000064
0.000058
0.000050
0.000054
0.000064
0.000064
0.000050
0.000042
0.000053
0.000054
0.000047
0.000056
0.000066
0.000055
0.000045
0.000057
0.000070
0.000057
0.000045
0.000055
0.000058
0.000047
0.000046
0.000064
0.000074
0.000063
0.000062
0.000071
0.000056
0.000033
0.000046
0.000061
0.000053
0.000048
0.000066
0.000084
0.000084
0.000079
0.000079
0.000082
0.000082
0.000082
0.000073
0.000042
0.000031
0.000046
0.000054
0.000056
0.000072
0.000089
0.000091
0.000081
0.000060
0.000052
0.000067
0.000068
0.000047
0.000025
0.000033
0.000058
0.000078
0.000063
0.000034
0.000051
0.000070
0.000060
0.000048
0.000050
0.000055
0.000054
0.000054
0.000047
0.000037
0.000059
0.000073
0.000066
0.000079
0.000095
0.000082
0.000074
0.000067
0.000056
0.000052
0.000060
0.000087
0.000106
0.000107
0.000088
0.000050
0.000062
0.000097
0.000076
0.000032
0.000051
0.000077
0.000065
0.000050
0.000058
0.000091
0.000106
0.000077
0.000056
0.000082
0.000114
0.000108
0.000071
0.000054
0.000085
0.000115
0.000115
0.000098
0.000077
0.000078
0.000073
0.000056
0.000050
0.000054
0.000064
0.000092
0.000107
0.000086
0.000085
0.000100
0.000087
0.000088
0.000099
0.000086
0.000087
0.000100
0.000078
0.000057
0.000075
0.000079
0.000056
0.000054
0.000082
0.000081
0.000054
0.000053
0.000083
0.000089
0.000092
0.000109
0.000108
0.000081
0.000076
0.000063
0.000015
-0.000010
0.000033
0.000101
0.000127
0.000115
0.000107
0.000101
0.000082
0.000078
0.000078
0.000093
0.000103
0.000083
0.000085
0.000100
0.000086
0.000077
0.000067
0.000050
0.000053
0.000089
0.000109
0.000076
0.000041
0.000040
0.000051
0.000061
0.000081
0.000066
0.000008
-0.000017
0.000014
0.000027
0.000040
0.000095
0.000145
0.000103
0.000048
0.000072
0.000118
0.000105
0.000042
0.000059
0.000133
0.000111
0.000051
0.000067
0.000105
0.000080
0.000048
0.000066
0.000082
0.000090
0.000113
0.000134
0.000093
0.000037
0.000030
0.000053
0.000099
0.000134
0.000103
0.000068
0.000054
0.000036
0.000009
0.000016
0.000043
0.000060
0.000076
0.000067
0.000043
0.000044
0.000083
0.000112
0.000102
0.000052
0.000001
0.000019
0.000077
0.000079
0.000043
0.000030
0.000050
0.000078
0.000078
0.000080
0.000109
0.000132
0.000089
0.000032
0.000026
0.000033
0.000022
0.000055
0.000097
0.000075
0.000034
0.000029
0.000050
0.000085
0.000107
0.000105
0.000091
0.000057
0.000042
0.000058
0.000034
0.000023
0.000062
0.000080
0.000075
0.000055
0.000036
0.000034
0.000039
0.000048
0.000079
0.000097
0.000057
-0.000002
0.000011
0.000081
0.000108
0.000065
0.000026
0.000037
0.000074
0.000068
0.000037
0.000028
0.000046
0.000065
0.000032
0.000010
0.000029
0.000045
0.000042
0.000043
0.000077
0.000097
0.000065
0.000029
0.000036
0.000080
0.000099
0.000071
0.000077
0.000119
0.000091
0.000032
0.000018
0.000044
0.000082
0.000103
0.000100
0.000086
0.000053
0.000037
0.000061
0.000070
0.000077
0.000084
0.000059
0.000021
-0.000007
0.000017
0.000077
0.000109
0.000092
0.000057
0.000057
0.000046
0.000003
0.000009
0.000063
0.000069
0.000042
0.000063
0.000081
0.000032
-0.000010
0.000007
0.000088
0.000130
0.000096
0.000049
0.000070
0.000119
0.000096
0.000065
0.000087
0.000130
0.000105
0.000015
-0.000005
0.000063
0.000101
0.000067
0.000058
0.000068
0.000026
-0.000002
0.000027
0.000077
0.000092
0.000052
0.000027
0.000052
0.000065
0.000072
0.000078
0.000052
0.000023
0.000019
0.000036
0.000070
0.000094
0.000077
0.000012
0.000001
0.000053
0.000071
0.000062
0.000041
0.000024
0.000022
0.000034
0.000076
0.000117
0.000078
0.000026
0.000049
0.000086
0.000049
-0.000007
0.000028
0.000086
0.000055
-0.000014
-0.000023
0.000010
0.000085
0.000110
0.000063
0.000041
0.000049
0.000062
0.000039
-0.000019
-0.000033
0.000039
0.000102
0.000100
0.000080
0.000079
0.000085
0.000078
0.000042
0.000032
0.000089
0.000125
0.000124
0.000082
0.000004
0.000000
0.000088
0.000116
0.000050
-0.000008
-0.000023
0.000000
0.000033
0.000059
0.000054
0.000059
0.000080
0.000079
0.000041
0.000020
0.000045
0.000048
0.000030
0.000051
0.000084
0.000081
0.000038
0.000017
0.000053
0.000072
0.000006
-0.000040
0.000014
0.000063
0.000063
0.000035
0.000013
0.000014
0.000020
0.000029
0.000050
0.000053
0.000051
0.000045
0.000058
0.000072
0.000044
0.000020
0.000050
0.000085
0.000087
0.000075
0.000074
0.000069
0.000046
0.000041
0.000043
0.000057
0.000085
0.000113
0.000094
0.000024
-0.000024
0.000021
0.000086
0.000074
0.000007
0.000015
0.000067
0.000043
-0.000015
0.000007
0.000040
0.000026
0.000015
0.000049
0.000074
0.000042
0.000013
0.000044
0.000082
0.000075
0.000031
0.000002
0.000015
0.000055
0.000089
0.000110
0.000088
0.000021
-0.000035
-0.000013
0.000048
0.000048
0.000019
0.000032
0.000028
-0.000017
-0.000022
0.000009
0.000021
0.000030
0.000080
0.000112
0.000104
0.000048
0.000009
0.000031
0.000055
0.000079
0.000053
0.000016
0.000021
-0.000005
-0.000044
-0.000024
0.000015
0.000030
0.000042
0.000032
0.000019
0.000036
0.000035
0.000020
0.000043
0.000075
0.000071
0.000037
0.000041
0.000061
0.000047
0.000035
0.000026
0.000001
-0.000028
-0.000019
0.000010
0.000025
0.000051
0.000056
0.000011
0.000016
0.000067
0.000085
0.000064
0.000015
-0.000032
-0.000022
0.000002
-0.000014
-0.000026
-0.000019
0.000031
0.000070
0.000041
0.000001
-0.000002
0.000019
0.000054
0.000067
0.000033
0.000009
0.000033
0.000029
-0.000021
-0.000018
0.000047
0.000078
0.000037
-0.000003
-0.000001
0.000012
0.000020
0.000040
0.000032
0.000026
0.000065
0.000069
0.000043
0.000027
0.000038
0.000031
0.000008
0.000000
0.000015
0.000042
0.000042
0.000047
0.000057
0.000041
0.000034
0.000024
0.000016
0.000042
0.000072
0.000066
0.000025
-0.000003
-0.000001
0.000009
0.000008
0.000013
0.000037
0.000032
0.000006
0.000006
0.000045
0.000067
0.000032
-0.000003
-0.000004
0.000016
0.000041
0.000030
0.000012
0.000029
0.000039
0.000048
0.000056
0.000029
-0.000001
0.000004
0.000054
0.000106
0.000097
0.000053
0.000013
-0.000003
0.000001
0.000004
0.000013
0.000026
-0.000003
-0.000031
-0.000045
-0.000040
0.000021
0.000068
0.000037
-0.000005
-0.000008
0.000006
0.000008
0.000011
0.000043
0.000063
0.000022
-0.000036
-0.000032
0.000005
0.000023
0.000045
0.000058
0.000038
0.000038
0.000053
0.000039
0.000039
0.000052
0.000038
0.000038
0.000060
0.000061
0.000031
0.000025
0.000012
-0.000021
0.000010
0.000066
0.000069
0.000020
-0.000003
0.000025
0.000039
0.000035
0.000026
0.000030
0.000022
-0.000008
-0.000039
-0.000018
0.000026
0.000003
-0.000026
-0.000002
0.000039
0.000039
0.000039
0.000049
0.000026
-0.000005
-0.000001
0.000040
0.000069
0.000066
0.000057
0.000049
0.000011
-0.000032
0.000006
0.000049
0.000003
-0.000036
-0.000006
0.000039
0.000039
0.000019
-0.000018
-0.000028
0.000002
0.000046
0.000059
0.000022
-0.000011
-0.000018
-0.000032
-0.000025
-0.000003
0.000005
0.000007
0.000045
0.000097
0.000084
0.000016
-0.000011
0.000022
0.000029
-0.000001
-0.000004
0.000019
-0.000006
-0.000021
0.000028
0.000061
0.000035
0.000019
0.000012
-0.000001
-0.000008
-0.000006
0.000006
0.000029
0.000014
-0.000045
-0.000062
0.000010
0.000057
0.000000
-0.000041
-0.000008
0.000048
0.000060
0.000027
0.000019
0.000014
0.000007
0.000023
0.000021
-0.000011
-0.000044
-0.000023
0.000022
-0.000009
-0.000071
-0.000074
-0.000023
0.000001
-0.000029
-0.000025
0.000035
0.000065
0.000026
-0.000022
-0.000045
-0.000026
0.000001
0.000004
-0.000002
-0.000021
-0.000075
-0.000086
-0.000020
0.000046
0.000034
0.000002
0.000028
0.000058
0.000029
-0.000010
-0.000004
0.000040
0.000060
0.000023
-0.000004
0.000021
0.000018
-0.000032
-0.000029
0.000027
0.000034
-0.000001
-0.000014
-0.000005
0.000002
-0.000003
0.000004
0.000028
0.000024
-0.000011
-0.000043
-0.000039
-0.000032
-0.000021
-0.000002
-0.000014
-0.000066
-0.000057
0.000014
0.000079
0.000053
0.000000
0.000029
0.000097
0.000096
0.000072
0.000132
0.000228
0.000259
0.000239
0.000216
0.000197
0.000206
0.000229
0.000226
0.000177
0.000114
0.000080
0.000057
0.000029
0.000001
0.000021
0.000071
0.000088
0.000134
0.000262
0.000453
0.000664
0.000818
0.000886
0.000905
0.000866
0.000746
0.000547
0.000276
-0.000002
-0.000257
-0.000512
-0.000754
-0.000993
-0.001216
-0.001431
-0.001643
-0.001801
-0.001868
-0.001801
-0.001631
-0.001373
-0.001003
-0.000562
-0.000078
0.000419
0.000940
0.001419
0.001770
0.001970
0.002049
0.001996
0.001745
0.001257
0.000665
0.000132
-0.000337
-0.000791
-0.001182
-0.001429
-0.001507
-0.001489
-0.001438
-0.001296
-0.000995
-0.000589
-0.000201
0.000152
0.000447
0.000684
0.000908
0.001146
0.001362
0.001460
0.001386
0.001180
0.000992
0.000899
0.000802
0.000610
0.000438
0.000441
0.000576
0.000730
0.000863
0.000971
0.001092
0.001252
0.001477
0.001663
0.001611
0.001312
0.000940
0.000574
0.000185
-0.000243
-0.000766
-0.001327
-0.001827
-0.002307
-0.002730
-0.002998
-0.003021
-0.002785
-0.002372
-0.001860
-0.001374
-0.000957
-0.000480
0.000146
0.000905
0.001713
0.002444
0.002904
0.003084
0.003177
0.003276
0.003276
0.003077
0.002761
0.002444
0.002146
0.001766
0.001289
0.000844
0.000491
0.000136
-0.000415
-0.001175
-0.002031
-0.002902
-0.003661
-0.004113
-0.004244
-0.004144
-0.003883
-0.003612
-0.003449
-0.003354
-0.003174
-0.002746
-0.001994
-0.000988
0.000139
0.001224
0.002186
0.003031
0.003797
0.004479
0.004979
0.005195
0.005104
0.004862
0.004633
0.004350
0.003868
0.003192
0.002445
0.001664
0.000820
-0.000021
-0.000745
-0.001411
-0.001982
-0.002310
-0.002442
-0.002513
-0.002530
-0.002487
-0.002440
-0.002313
-0.001998
-0.001474
-0.000849
-0.000256
0.000264
0.000731
0.001231
0.001829
0.002517
0.003175
0.003619
0.003789
0.003899
0.004224
0.004770
0.005320
0.005801
0.006227
0.006383
0.006001
0.005056
0.003704
0.002127
0.000351
-0.001712
-0.004053
-0.006422
-0.008442
-0.010036
-0.011311
-0.012263
-0.012757
-0.012721
-0.012158
-0.011148
-0.009722
-0.007685
-0.004776
-0.001075
0.003092
0.007345
0.011355
0.014956
0.018011
0.020191
0.021256
0.021168
0.019988
0.017733
0.014444
0.010570
0.006618
0.002723
-0.001179
-0.004852
-0.007906
-0.010267
-0.012311
-0.014342
-0.016050
-0.016900
-0.016828
-0.016367
-0.015909
-0.015070
-0.013177
-0.010158
-0.006622
-0.003131
0.000166
0.003281
0.006041
0.008174
0.009592
0.010346
0.010450
0.009739
0.008165
0.006310
0.005151
0.005244
0.006329
0.007683
0.008664
0.009008
0.008836
0.008316
0.007560
0.006624
0.005287
0.003114
-0.000025
-0.003493
-0.006368
-0.008058
-0.008484
-0.007912
-0.006800
-0.005584
-0.004507
-0.003521
-0.002467
-0.001310
-0.000112
0.000839
0.001188
0.001035
0.001033
0.001852
0.003447
0.005296
0.006985
0.008324
0.009125
0.009028
0.007806
0.005819
0.003491
0.000714
-0.002766
-0.006616
-0.009983
-0.012213
-0.013211
-0.013253
-0.012505
-0.010969
-0.008704
-0.005887
-0.002728
0.000350
0.002727
0.004039
0.004548
0.004803
0.005092
0.005293
0.005312
0.005460
0.006143
0.007485
0.009320
0.011221
0.012235
0.011357
0.008450
0.004455
0.000714
-0.001850
-0.003241
-0.004158
-0.005293
-0.006632
-0.007527
-0.007493
-0.006814
-0.006126
-0.005761
-0.005905
-0.006598
-0.007503
-0.007891
-0.007273
-0.005884
-0.004197
-0.002144
0.000440
0.003161
0.005383
0.006731
0.007419
0.007978
0.008579
0.008853
0.008517
0.007702
0.006469
0.004638
0.002420
0.000523
-0.000488
-0.000808
-0.001123
-0.001733
-0.002390
-0.002908
-0.003590
-0.005072
-0.007494
-0.010195
-0.012120
-0.012604
-0.011890
-0.010668
-0.009342
-0.007747
-0.005539
-0.002512
0.001151
0.004678
0.007165
0.008476
0.009496
0.011292
0.013952
0.016585
0.018191
0.018313
0.017222
0.015430
0.013054
0.009865
0.005827
0.001330
-0.003228
-0.007699
-0.011797
-0.014933
-0.016994
-0.018462
-0.019464
-0.019402
-0.017733
-0.014848
-0.011712
-0.008654
-0.005165
-0.000881
0.003860
0.008493
0.012903
0.017552
0.022710
0.027978
0.032529
0.035246
0.035235
0.032277
0.027007
0.020595
0.014061
0.007892
0.001998
-0.004016
-0.010509
-0.017329
-0.023428
-0.027366
-0.028410
-0.027198
-0.025199
-0.023644
-0.022889
-0.022407
-0.021213
-0.018609
-0.014795
-0.010783
-0.007221
-0.003543
0.001159
0.006970
0.013277
0.019578
0.025421
0.030160
0.033157
0.033964
0.032158
0.027442
0.020290
0.012339
0.005605
0.000998
-0.002376
-0.006196
-0.011268
-0.016919
-0.021760
-0.024750
-0.025977
-0.026532
-0.027532
-0.029197
-0.031030
-0.032184
-0.031594
-0.028339
-0.022192
-0.013839
-0.004509
0.004825
0.013714
0.021830
0.028619
0.033500
0.036364
0.037612
0.037436
0.035480
0.031478
0.026121
0.020751
0.016045
0.011384
0.005911
-0.000428
-0.006992
-0.013063
-0.018183
-0.022144
-0.025281
-0.028605
-0.033015
-0.038222
-0.042670
-0.044394
-0.041960
-0.035192
-0.025544
-0.015525
-0.007195
-0.000918
0.004377
0.009947
0.016087
0.021987
0.026480
0.028653
0.028261
0.025951
0.022770
0.019622
0.016985
0.014736
0.012153
0.008229
0.002403
-0.004869
-0.012351
-0.018959
-0.024318
-0.028370
-0.030812
-0.031158
-0.029442
-0.026335
-0.022514
-0.018357
-0.013964
-0.008981
-0.002641
0.005301
0.013822
0.021224
0.026548
0.030112
0.032565
0.034113
0.034790
0.034916
0.034596
0.033314
0.030267
0.025188
0.018649
0.011560
0.004631
-0.001619
-0.006986
-0.011784
-0.016438
-0.020866
-0.024553
-0.027060
-0.028248
-0.028130
-0.026978
-0.025463
-0.024077
-0.022424
-0.019508
-0.014788
-0.008689
-0.002137
0.003968
0.008896
0.012502
0.015432
0.018296
0.020918
0.022570
0.022885
0.022201
0.020859
0.018855
0.016519
0.014655
0.013573
0.012557
0.010377
0.006631
0.002388
-0.001011
-0.003364
-0.005502
-0.008231
-0.011583
-0.015133
-0.018277
-0.020167
-0.020150
-0.018511
-0.016319
-0.014163
-0.011755
-0.008893
-0.005773
-0.002551
0.000632
0.003189
0.004462
0.005064
0.006710
0.010261
0.014490
0.017290
0.017939
0.017420
0.016725
0.015612
0.013180
0.009169
0.004280
-0.000626
-0.005307
-0.010111
-0.015197
-0.020138
-0.024088
-0.025929
-0.024789
-0.020839
-0.015566
-0.010924
-0.007765
-0.005200
-0.001964
0.002016
0.005568
0.007767
0.008686
0.008822
0.008457
0.007680
0.006489
0.004762
0.002763
0.001587
0.002177
0.003715
0.003945
0.001578
-0.002409
-0.006219
-0.008834
-0.009570
-0.007719
-0.003923
-0.000538
0.000758
0.000990
0.002366
0.005268
0.007825
0.008304
0.006716
0.004303
0.002074
0.000173
-0.001519
-0.002765
-0.003279
-0.003505
-0.004405
-0.006235
-0.007935
-0.008215
-0.007038
-0.005203
-0.003142
-0.000913
0.001232
0.003362
0.006339
0.010835
0.016319
0.021500
0.025150
0.026242
0.024083
0.019136
0.013231
0.008238
0.004626
0.001565
-0.002191
-0.007397
-0.013490
-0.018722
-0.021705
-0.022588
-0.022393
-0.021897
-0.021081
-0.019313
-0.015984
-0.011123
-0.005482
0.000189
0.005652
0.010773
0.014947
0.017216
0.017302
0.016424
0.016185
0.016708
0.016400
0.013704
0.008758
0.002835
-0.003117
-0.008861
-0.014148
-0.018484
-0.021653
-0.023707
-0.023918
-0.020896
-0.014537
-0.007195
-0.001828
0.000735
0.001955
0.003534
0.005683
0.007471
0.008308
0.008653
0.009481
0.011392
0.014380
0.018182
0.022557
0.026634
0.028924
0.028502
0.025644
0.021156
0.015658
0.009705
0.004132
-0.000458
-0.004108
-0.006988
-0.009156
-0.010796
-0.012019
-0.012768
-0.013116
-0.013466
-0.014160
-0.015076
-0.016247
-0.017846
-0.019328
-0.019581
-0.018194
-0.015750
-0.012946
-0.009940
-0.006616
-0.002980
0.001017
0.005491
0.010150
0.013986
0.015913
0.015899
0.015050
0.014388
0.013634
0.011766
0.008639
0.005419
0.003170
0.001459
-0.000857
-0.003570
-0.004868
-0.003803
-0.002019
-0.002037
-0.004448
-0.007706
-0.010396
-0.012323
-0.013574
-0.013821
-0.012717
-0.010446
-0.007363
-0.003442
0.001163
0.005393
0.008004
0.008897
0.009051
0.009285
0.009434
0.008974
0.007956
0.006989
0.006691
0.006759
0.006023
0.003993
0.001974
0.002147
0.005008
0.007940
0.007638
0.003852
-0.000331
-0.002531
-0.003814
-0.006467
-0.010298
-0.013032
-0.013928
-0.014800
-0.017001
-0.019134
-0.018902
-0.016015
-0.012026
-0.008166
-0.004955
-0.002829
-0.001714
-0.000623
0.001332
0.003616
0.004662
0.003892
0.002751
0.003364
0.006541
0.011188
0.015102
0.016588
0.016201
0.016504
0.019468
0.023781
0.025635
0.022914
0.017601
0.013023
0.010012
0.007280
0.004046
0.000620
-0.002756
-0.006094
-0.008834
-0.009965
-0.009410
-0.008415
-0.008296
-0.009000
-0.009312
-0.008380
-0.006740
-0.005351
-0.003921
-0.000996
0.003882
0.009218
0.013315
0.015825
0.017191
0.017550
0.016779
0.015035
0.012635
0.009561
0.005456
0.000251
-0.005033
-0.008757
-0.010021
-0.009272
-0.007539
-0.005759
-0.004617
-0.004582
-0.005851
-0.007931
-0.009617
-0.009719
-0.007977
-0.005306
-0.002522
0.001256
0.007689
0.016313
0.023760
0.026753
0.025289
0.021829
0.018000
0.013278
0.006923
-0.000199
-0.006182
-0.009391
-0.008856
-0.004977
-0.000239
0.002054
0.000778
-0.001786
-0.002628
-0.001159
0.001093
0.002858
0.004011
0.004475
0.003486
0.000830
-0.002069
-0.003268
-0.002078
0.000947
0.005001
0.008861
0.010410
0.008187
0.003676
0.000410
0.000183
0.001170
0.000770
-0.000800
-0.001264
0.000008
0.000907
-0.000206
-0.001697
-0.000696
0.002564
0.004261
0.001487
-0.004387
-0.009851
-0.013410
-0.016519
-0.021121
-0.027529
-0.034280
-0.038698
-0.037734
-0.029838
-0.017122
-0.004720
0.003141
0.006112
0.006285
0.004589
0.000231
-0.006225
-0.011412
-0.012106
-0.008633
-0.004258
-0.001718
-0.001084
-0.000581
0.001169
0.003830
0.006093
0.006948
0.006047
0.003400
-0.000094
-0.002547
-0.003134
-0.003261
-0.003893
-0.002719
0.003054
0.011523
0.016855
0.016287
0.013541
0.013661
0.017175
0.021067
0.023355
0.024325
0.024569
0.024104
0.023278
0.023012
0.023806
0.025212
0.026405
0.026707
0.025700
0.023330
0.020116
0.016590
0.012561
0.007571
0.001428
-0.006166
-0.015979
-0.027636
-0.038108
-0.044065
-0.045769
-0.047135
-0.051033
-0.055517
-0.055804
-0.049820
-0.040376
-0.031202
-0.023008
-0.014921
-0.007720
-0.003045
-0.000172
0.004052
0.011891
0.022439
0.032751
0.040377
0.044505
0.045239
0.042785
0.038052
0.032770
0.027970
0.023253
0.017830
0.011765
0.005565
-0.000472
-0.005614
-0.008436
-0.008204
-0.006358
-0.005568
-0.007200
-0.010051
-0.011733
-0.010809
-0.007377
-0.002638
0.001765
0.004503
0.005318
0.005517
0.007234
0.011290
0.015908
0.018453
0.018664
0.018599
0.019470
0.020149
0.019001
0.016026
0.012448
0.009152
0.006199
0.003572
0.001214
-0.001383
-0.004500
-0.006930
-0.007033
-0.005422
-0.005098
-0.008067
-0.013033
-0.017282
-0.019712
-0.021076
-0.021836
-0.021379
-0.019430
-0.017002
-0.015289
-0.014653
-0.015195
-0.017340
-0.021351
-0.026592
-0.031444
-0.034433
-0.034716
-0.031830
-0.025910
-0.018003
-0.009623
-0.001906
0.004884
0.010856
0.015457
0.017704
0.017955
0.018813
0.022524
0.027602
0.030078
0.027869
0.021976
0.013792
0.004204
-0.004889
-0.011213
-0.014907
-0.018706
-0.024711
-0.032226
-0.039253
-0.044723
-0.048143
-0.048238
-0.043633
-0.035318
-0.027613
-0.025393
-0.029498
-0.034958
-0.035514
-0.030185
-0.023434
-0.019396
-0.018515
-0.019361
-0.020923
-0.022761
-0.024759
-0.027018
-0.029056
-0.029716
-0.028463
-0.025975
-0.022793
-0.018387
-0.012347
-0.005814
-0.000606
0.002862
0.005707
0.009264
0.014416
0.020961
0.026811
0.029066
0.027040
0.023380
0.021058
0.020715
0.021539
0.022952
0.024456
0.024830
0.022918
0.018676
0.012535
0.004525
-0.005018
-0.014406
-0.021540
-0.026190
-0.030333
-0.035823
-0.042279
-0.047475
-0.049155
-0.046280
-0.039444
-0.031190
-0.025096
-0.022841
-0.022334
-0.020058
-0.015174
-0.009744
-0.005038
-0.000078
0.005936
0.011877
0.015956
0.017006
0.014503
0.009329
0.004480
0.002906
0.004476
0.006168
0.005528
0.003220
0.001837
0.002590
0.003710
0.002884
0.000243
-0.002256
-0.003446
-0.003706
-0.003301
-0.001325
0.002968
0.008479
0.013072
0.015741
0.016867
0.016829
0.015308
0.012260
0.008614
0.005083
0.001155
-0.004185
-0.010844
-0.017035
-0.020405
-0.020035
-0.017658
-0.016164
-0.016373
-0.016173
-0.013343
-0.008138
-0.002552
0.001877
0.004567
0.005086
0.002884
-0.001823
-0.007234
-0.010572
-0.010011
-0.006336
-0.002465
-0.001105
-0.002927
-0.006715
-0.010505
-0.012727
-0.013060
-0.013018
-0.014799
-0.018876
-0.023312
-0.025789
-0.025504
-0.023039
-0.019409
-0.015291
-0.011018
-0.007285
-0.005136
-0.005087
-0.006730
-0.008911
-0.010104
-0.009189
-0.006582
-0.004218
-0.003485
-0.003203
-0.001036
0.003310
0.007866
0.010858
0.011727
0.010067
0.005590
-0.000446
-0.005361
-0.007665
-0.008713
-0.010838
-0.014400
-0.017389
-0.017868
-0.016046
-0.013792
-0.012947
-0.014074
-0.016042
-0.016571
-0.014026
-0.008913
-0.003366
0.000603
0.002728
0.004486
0.007311
0.011074
0.014701
0.017634
0.019814
0.020914
0.020302
0.017423
0.012456
0.006583
0.001189
-0.003278
-0.007448
-0.012022
-0.017134
-0.022505
-0.027505
-0.030978
-0.031965
-0.030561
-0.027330
-0.022199
-0.015203
-0.008239
-0.003801
-0.001909
-0.000160
0.003617
0.009848
0.017664
0.025425
0.031190
0.033690
0.032878
0.029721
0.025757
0.022588
0.020648
0.018647
0.014855
0.009011
0.002857
-0.001380
-0.002878
-0.002504
-0.001436
-0.000291
0.000219
-0.000727
-0.003133
-0.005952
-0.008116
-0.009131
-0.008646
-0.006527
-0.003333
-0.000277
0.001650
0.002684
0.003990
0.006233
0.008648
0.009575
0.007957
0.004320
0.000321
-0.002417
-0.002983
-0.001035
0.003455
0.009423
0.014223
0.015362
0.013052
0.010207
0.009041
0.008607
0.006914
0.004203
0.002779
0.003897
0.005877
0.005964
0.003569
0.000948
0.000628
0.002705
0.005155
0.005887
0.003959
-0.000238
-0.005253
-0.009143
-0.010386
-0.008834
-0.005814
-0.002877
-0.000311
0.002545
0.005565
0.007583
0.007796
0.006545
0.004798
0.003585
0.003634
0.004398
0.003886
0.000674
-0.004221
-0.008717
-0.012287
-0.015643
-0.018510
-0.019386
-0.017855
-0.015506
-0.013881
-0.012529
-0.010067
-0.006477
-0.003325
-0.001999
-0.002246
-0.002701
-0.002298
-0.000924
0.001117
0.003710
0.006653
0.009475
0.011929
0.014189
0.016031
0.016961
0.017735
0.019945
0.023238
0.024640
0.021863
0.016337
0.011824
0.010737
0.013040
0.017375
0.021657
0.023227
0.020629
0.015415
0.010970
0.009497
0.010786
0.013550
0.016261
0.016911
0.013858
0.007547
0.000581
-0.004136
-0.005164
-0.003162
-0.000480
0.000814
0.000569
0.000173
0.000894
0.002917
0.005811
0.009112
0.012150
0.013817
0.013366
0.011314
0.009017
0.007656
0.007933
0.010146
0.013718
0.017015
0.018374
0.017349
0.014925
0.012590
0.011121
0.010141
0.008677
0.006169
0.003111
0.000619
-0.000855
-0.002009
-0.003659
-0.005679
-0.007338
-0.008569
-0.010007
-0.011800
-0.013364
-0.014372
-0.014885
-0.014433
-0.011927
-0.006835
0.000054
0.007032
0.012515
0.016112
0.018879
0.021872
0.024623
0.025456
0.023560
0.020195
0.017268
0.015488
0.014242
0.012541
0.009926
0.006376
0.001790
-0.003787
-0.009698
-0.015104
-0.019568
-0.023182
-0.026488
-0.029990
-0.033294
-0.034851
-0.033221
-0.028572
-0.022915
-0.018803
-0.017152
-0.016683
-0.015832
-0.014446
-0.013004
-0.011343
-0.009000
-0.006315
-0.004289
-0.003489
-0.003328
-0.002833
-0.002062
-0.002004
-0.003357
-0.006133
-0.010281
-0.015935
-0.022728
-0.029495
-0.035041
-0.039157
-0.042451
-0.044899
-0.045270
-0.042610
-0.037793
-0.032750
-0.028421
-0.024157
-0.018900
-0.012352
-0.005160
0.001448
0.006328
0.009337
0.011505
0.014305
0.018331
0.022451
0.024360
0.022702
0.018745
0.014960
0.012209
0.009569
0.006582
0.004131
0.002816
0.001610
-0.001122
-0.005822
-0.011203
-0.015315
-0.017311
-0.017947
-0.018635
-0.020211
-0.022224
-0.023044
-0.021167
-0.016683
-0.011056
-0.005312
0.000915
0.007906
0.014007
0.016720
0.015900
0.014643
0.016351
0.021523
0.027775
0.032109
0.033035
0.031056
0.027714
0.024404
0.021606
0.018573
0.013754
0.006487
-0.001704
-0.008058
-0.011224
-0.012534
-0.013852
-0.014765
-0.013429
-0.010107
-0.007837
-0.008643
-0.010899
-0.011546
-0.009717
-0.006900
-0.004364
-0.002260
-0.000746
-0.000106
0.000531
0.002776
0.006670
0.010107
0.011069
0.009676
0.007476
0.005523
0.003952
0.002845
0.002659
0.003594
0.005057
0.005749
0.004822
0.003183
0.002715
0.003707
0.004369
0.003620
0.002809
0.003251
0.004123
0.004291
0.004482
0.005913
0.007782
0.008268
0.007616
0.007954
0.010068
0.012409
0.013547
0.013862
0.014145
0.014144
0.013166
0.011370
0.009906
0.010275
0.013210
0.017208
0.019207
0.017877
0.015023
0.012882
0.011863
0.011592
0.012431
0.014266
0.014797
0.011517
0.005281
-0.000429
-0.004042
-0.007593
-0.013335
-0.020285
-0.025752
-0.028878
-0.030950
-0.032645
-0.032531
-0.029083
-0.023456
-0.018579
-0.015571
-0.012905
-0.009097
-0.004598
-0.000896
0.000866
0.000637
-0.000450
-0.000836
0.000322
0.002945
0.006450
0.009638
0.011196
0.010979
0.009678
0.006602
-0.000487
-0.012371
-0.026109
-0.037056
-0.043234
-0.046775
-0.050616
-0.055243
-0.059453
-0.062720
-0.065633
-0.068703
-0.071760
-0.074212
-0.075057
-0.072957
-0.067143
-0.058463
-0.048526
-0.036827
-0.020250
0.002115
0.025875
0.045455
0.059192
0.068921
0.076649
0.082992
0.087857
0.091261
0.093202
0.093426
0.090915
0.083695
0.070631
0.053538
0.036415
0.022403
0.012403
0.005942
0.001850
-0.001202
-0.004193
-0.007906
-0.012571
-0.016600
-0.017073
-0.012444
-0.004584
0.002661
0.007135
0.009255
0.009718
0.008934
0.008462
0.010032
0.013053
0.014604
0.011622
0.003144
-0.008783
-0.020451
-0.028995
-0.033762
-0.035507
-0.034299
-0.028973
-0.019106
-0.006441
0.006470
0.018343
0.029094
0.037858
0.042792
0.043666
0.042873
0.041640
0.037550
0.028817
0.019365
0.015752
0.018873
0.022570
0.020714
0.012649
0.001579
-0.009145
-0.016769
-0.019075
-0.015782
-0.009518
-0.003868
-0.000589
0.000884
0.001969
0.003696
0.006544
0.010166
0.013276
0.014592
0.013901
0.011657
0.008478
0.005381
0.003643
0.003689
0.004343
0.004159
0.002959
0.001308
-0.000775
-0.003735
-0.007628
-0.012185
-0.017337
-0.022896
-0.028116
-0.032201
-0.035368
-0.038900
-0.043818
-0.050186
-0.057449
-0.064518
-0.069891
-0.072567
-0.072807
-0.071518
-0.068925
-0.064781
-0.059373
-0.053687
-0.048268
-0.042159
-0.033507
-0.021688
-0.008482
0.003518
0.013145
0.020746
0.027024
0.032523
0.037467
0.041465
0.043350
0.041778
0.036151
0.027065
0.015878
0.004050
-0.007174
-0.017466
-0.027941
-0.039840
-0.052898
-0.066097
-0.078825
-0.090375
-0.099617
-0.105839
-0.109299
-0.110261
-0.108096
-0.101972
-0.092181
-0.080435
-0.069012
-0.059565
-0.052072
-0.044892
-0.036155
-0.025052
-0.012486
-0.001014
0.007053
0.011931
0.016206
0.022350
0.030609
0.038987
0.044975
0.047536
0.047738
0.047403
0.047133
0.046263
0.044405
0.042168
0.040715
0.041079
0.043280
0.045905
0.046862
0.044872
0.040729
0.036726
0.034052
0.031411
0.027467
0.023683
0.022545
0.023181
0.021118
0.013320
0.002326
-0.005879
-0.007652
-0.004263
0.000756
0.005540
0.011304
0.020391
0.033131
0.047163
0.059641
0.069667
0.078543
0.088556
0.101457
0.116716
0.130827
0.139539
0.141007
0.136071
0.126030
0.111279
0.092213
0.070805
0.050438
0.033260
0.018069
0.001847
-0.016611
-0.035333
-0.051851
-0.066684
-0.083235
-0.103631
-0.125126
-0.141270
-0.146411
-0.139085
-0.121606
-0.097492
-0.069571
-0.039660
-0.008620
0.022865
0.053109
0.079441
0.098943
0.109234
0.110270
0.105822
0.101383
0.099215
0.096694
0.090563
0.080694
0.068814
0.056114
0.043022
0.029515
0.014892
-0.001235
-0.017642
-0.031678
-0.040883
-0.044856
-0.045355
-0.043740
-0.038877
-0.028933
-0.014900
-0.000550
0.010884
0.018976
0.025819
0.033780
0.042712
0.048889
0.047882
0.039519
0.029255
0.023668
0.024671
0.028794
0.031248
0.029088
0.021693
0.011184
0.001816
-0.003283
-0.004421
-0.003591
-0.001728
0.001694
0.007240
0.013925
0.018914
0.020083
0.019012
0.019425
0.023185
0.029201
0.034554
0.035625
0.029919
0.018470
0.005257
-0.006387
-0.015811
-0.024144
-0.032384
-0.040322
-0.046626
-0.049988
-0.050156
-0.047936
-0.044165
-0.038421
-0.029672
-0.018344
-0.005975
0.007151
0.021505
0.035999
0.049244
0.062385
0.077235
0.091651
0.099806
0.098468
0.090803
0.082262
0.074475
0.064922
0.050883
0.032223
0.011597
-0.006329
-0.017272
-0.021190
-0.023339
-0.029241
-0.038422
-0.044473
-0.041956
-0.032144
-0.021218
-0.013953
-0.010201
-0.006419
0.000658
0.011411
0.023357
0.033179
0.038739
0.039734
0.037408
0.033540
0.028868
0.022517
0.013767
0.004127
-0.003451
-0.007892
-0.011405
-0.016411
-0.021800
-0.024276
-0.023034
-0.020421
-0.018157
-0.016100
-0.014354
-0.013750
-0.013639
-0.011877
-0.007983
-0.004239
-0.003064
-0.004110
-0.004358
-0.001356
0.003626
0.006765
0.005931
0.002607
-0.000200
-0.000608
0.001413
0.004337
0.006050
0.005196
0.002320
-0.000522
-0.001323
0.000315
0.002707
0.004131
0.005245
0.008353
0.014269
0.021394
0.028138
0.034964
0.043220
0.052730
0.061553
0.067926
0.071176
0.070954
0.067522
0.063186
0.061247
0.062003
0.061033
0.053576
0.040191
0.026669
0.018624
0.017029
0.017569
0.013473
0.001050
-0.016213
-0.030556
-0.037507
-0.038782
-0.037881
-0.035482
-0.030763
-0.024906
-0.019942
-0.015509
-0.009171
0.000628
0.013432
0.026801
0.036351
0.038296
0.033009
0.025051
0.020156
0.022176
0.030805
0.040907
0.045083
0.038987
0.025142
0.011073
0.003190
0.002634
0.006278
0.009825
0.010307
0.007395
0.003150
0.000143
-0.000392
0.001117
0.003571
0.006091
0.007886
0.008570
0.009226
0.012185
0.019009
0.028357
0.036100
0.038272
0.034473
0.027796
0.021269
0.015999
0.013014
0.013911
0.017821
0.020105
0.016602
0.008271
-0.000412
-0.007119
-0.013536
-0.021451
-0.029257
-0.033520
-0.032813
-0.028870
-0.024525
-0.020880
-0.016583
-0.010220
-0.002389
0.005591
0.013556
0.021538
0.028707
0.035289
0.044190
0.058463
0.077771
0.098305
0.115181
0.124735
0.126198
0.122537
0.118373
0.115398
0.110120
0.097488
0.076850
0.053594
0.034480
0.021881
0.012760
0.002269
-0.012782
-0.032927
-0.055715
-0.075971
-0.089059
-0.094367
-0.094491
-0.092854
-0.092615
-0.094694
-0.095904
-0.091421
-0.079941
-0.064698
-0.049549
-0.036219
-0.024905
-0.014514
-0.002308
0.014000
0.032950
0.049801
0.061133
0.067800
0.072931
0.077881
0.081247
0.081208
0.077257
0.070239
0.061953
0.053981
0.046316
0.038614
0.032177
0.028974
0.028669
0.028237
0.025374
0.021329
0.018903
0.018357
0.017381
0.014340
0.009686
0.005052
0.002539
0.003755
0.008097
0.012604
0.014320
0.012239
0.007310
0.001924
-0.001090
-0.000622
0.001314
0.001608
-0.000142
-0.001115
0.000696
0.004029
0.006820
0.008506
0.008874
0.007195
0.004018
0.001891
0.002675
0.005358
0.007723
0.008742
0.008341
0.006273
0.002168
-0.004540
-0.015055
-0.029860
-0.046785
-0.061886
-0.072186
-0.077445
-0.079581
-0.080446
-0.080594
-0.079628
-0.076796
-0.071423
-0.063914
-0.056220
-0.049920
-0.044203
-0.037384
-0.029940
-0.024478
-0.022803
-0.024311
-0.026673
-0.026588
-0.021251
-0.011211
-0.001309
0.002488
-0.002587
-0.014199
-0.026878
-0.036226
-0.041573
-0.045327
-0.050532
-0.058537
-0.068147
-0.077191
-0.084753
-0.090846
-0.094263
-0.092222
-0.082636
-0.066679
-0.048535
-0.032636
-0.021229
-0.013539
-0.006844
0.000968
0.010056
0.019827
0.029544
0.037154
0.039504
0.035596
0.028423
0.022530
0.020228
0.020556
0.020528
0.016887
0.008673
-0.001222
-0.008447
-0.011327
-0.011106
-0.009097
-0.005735
-0.001382
0.003578
0.008615
0.012273
0.012426
0.008453
0.002385
-0.002791
-0.005776
-0.007059
-0.007262
-0.006846
-0.006691
-0.008082
-0.012486
-0.020841
-0.032061
-0.043160
-0.051428
-0.056155
-0.058592
-0.060723
-0.063383
-0.064903
-0.062459
-0.055414
-0.046971
-0.041300
-0.039069
-0.037407
-0.034310
-0.031018
-0.029979
-0.032067
-0.035704
-0.037617
-0.034668
-0.026041
-0.014054
-0.003036
0.003534
0.005887
0.007474
0.010770
0.014831
0.017877
0.020170
0.023082
0.026635
0.029521
0.031962
0.036554
0.044215
0.050394
0.048201
0.035680
0.017871
0.001512
-0.010623
-0.019208
-0.024418
-0.025836
-0.024838
-0.023931
-0.024084
-0.024705
-0.025241
-0.025274
-0.023932
-0.020495
-0.014988
-0.007229
0.004001
0.019253
0.036176
0.051118
0.062330
0.069921
0.074510
0.077912
0.083232
0.092086
0.102310
0.109048
0.108302
0.100453
0.090484
0.083006
0.076842
0.065950
0.046016
0.019100
-0.008127
-0.029433
-0.042870
-0.051113
-0.057391
-0.061853
-0.063155
-0.061914
-0.060519
-0.060512
-0.061313
-0.060464
-0.054536
-0.041854
-0.025298
-0.010092
0.002950
0.019538
0.044847
0.076668
0.107503
0.131071
0.145185
0.150201
0.147370
0.139184
0.129277
0.119715
0.108736
0.093205
0.073361
0.052551
0.031999
0.009134
-0.017921
-0.047448
-0.076563
-0.104301
-0.131136
-0.155839
-0.175809
-0.190891
-0.203330
-0.213540
-0.218836
-0.216311
-0.205201
-0.187525
-0.167216
-0.147337
-0.127790
-0.106759
-0.083846
-0.060398
-0.037633
-0.016707
0.000488
0.013379
0.024050
0.034188
0.042209
0.045020
0.041434
0.032281
0.019277
0.005526
-0.005940
-0.015332
-0.025297
-0.037059
-0.049254
-0.059322
-0.065556
-0.068160
-0.068140
-0.066367
-0.064363
-0.064677
-0.068687
-0.073750
-0.074353
-0.066877
-0.051929
-0.032336
-0.011604
0.007097
0.022837
0.036901
0.050219
0.061865
0.069758
0.072096
0.068967
0.063034
0.058111
0.056145
0.055593
0.053497
0.048587
0.041891
0.034866
0.027578
0.018656
0.006805
-0.007256
-0.020406
-0.029135
-0.031578
-0.027887
-0.019768
-0.009598
0.000853
0.011297
0.022296
0.033741
0.044690
0.054269
0.062071
0.068054
0.072634
0.076676
0.080389
0.081672
0.076716
0.064065
0.047783
0.034345
0.026524
0.021724
0.015345
0.004952
-0.008116
-0.020718
-0.031082
-0.039851
-0.048612
-0.057339
-0.063392
-0.063306
-0.055302
-0.040158
-0.021169
-0.002857
0.012217
0.025368
0.039520
0.055488
0.071429
0.085281
0.095949
0.102120
0.102080
0.095874
0.086295
0.076567
0.067561
0.058451
0.049283
0.041224
0.035267
0.031422
0.027965
0.021793
0.010611
-0.004644
-0.020027
-0.030997
-0.034585
-0.030934
-0.023459
-0.016228
-0.010976
-0.007140
-0.004262
-0.002827
-0.002852
-0.002863
-0.001151
0.002136
0.005120
0.006496
0.006707
0.006384
0.004767
0.000364
-0.007155
-0.016447
-0.025820
-0.034398
-0.041739
-0.046646
-0.047070
-0.041777
-0.031615
-0.019077
-0.007369
0.000724
0.004214
0.004303
0.003272
0.002669
0.001741
-0.001688
-0.008158
-0.015179
-0.019102
-0.017986
-0.012861
-0.007055
-0.004385
-0.007093
-0.014792
-0.025213
-0.035354
-0.042345
-0.044629
-0.042733
-0.038455
-0.033254
-0.027768
-0.022400
-0.017560
-0.013814
-0.011923
-0.012393
-0.014762
-0.017350
-0.018118
-0.016479
-0.014068
-0.013752
-0.017707
-0.025687
-0.035153
-0.043709
-0.050819
-0.056875
-0.061718
-0.065008
-0.067172
-0.068753
-0.069112
-0.066678
-0.060107
-0.049293
-0.036295
-0.024446
-0.015490
-0.008468
-0.001807
0.004407
0.008690
0.009952
0.008846
0.007816
0.009815
0.016554
0.027619
0.040771
0.053202
0.063252
0.071177
0.077839
0.082542
0.082801
0.076471
0.063825
0.047650
0.032173
0.021253
0.015405
0.010551
0.001972
-0.010208
-0.021255
-0.027482
-0.029672
-0.031323
-0.035324
-0.042845
-0.053341
-0.064271
-0.072125
-0.074505
-0.070570
-0.060466
-0.045849
-0.030482
-0.018393
-0.010658
-0.005647
-0.001709
0.002121
0.006572
0.011115
0.013560
0.012384
0.008998
0.006497
0.006577
0.008098
0.008145
0.004281
-0.003693
-0.013656
-0.023106
-0.031169
-0.038540
-0.045566
-0.051038
-0.053066
-0.050679
-0.044170
-0.034156
-0.021497
-0.007918
0.004209
0.013384
0.019648
0.023302
0.024341
0.023748
0.024019
0.026959
0.031561
0.035477
0.038090
0.040762
0.044320
0.047624
0.048958
0.047281
0.041280
0.028915
0.009359
-0.015157
-0.040399
-0.062466
-0.079044
-0.089138
-0.091303
-0.083133
-0.064111
-0.038677
-0.015322
-0.001307
0.002512
0.000587
-0.002527
-0.004347
-0.003841
-0.001174
0.002945
0.008422
0.015465
0.023196
0.029747
0.033580
0.033747
0.029445
0.021146
0.011152
0.001869
-0.005612
-0.010779
-0.012465
-0.009725
-0.003522
0.003461
0.008437
0.010080
0.008903
0.006207
0.002455
-0.002509
-0.007767
-0.011560
-0.013137
-0.013245
-0.012968
-0.013031
-0.013650
-0.014290
-0.014263
-0.013609
-0.012855
-0.012393
-0.012640
-0.013843
-0.015413
-0.016557
-0.017420
-0.019073
-0.022587
-0.027484
-0.031070
-0.030589
-0.026535
-0.022532
-0.021383
-0.022256
-0.022225
-0.019552
-0.014752
-0.009311
-0.004172
0.000581
0.004939
0.008423
0.010637
0.012284
0.015190
0.020535
0.027634
0.034976
0.041443
0.045699
0.045031
0.036703
0.021605
0.005057
-0.007088
-0.012667
-0.013659
-0.013402
-0.014013
-0.015733
-0.017413
-0.017214
-0.013555
-0.006588
0.001467
0.008246
0.012891
0.015475
0.015980
0.014563
0.012085
0.010053
0.010244
0.013253
0.017042
0.017816
0.012669
0.001665
-0.012535
-0.026481
-0.037501
-0.045066
-0.051218
-0.058725
-0.068600
-0.079789
-0.090461
-0.098792
-0.102745
-0.099973
-0.088880
-0.070484
-0.048628
-0.027587
-0.009630
0.006013
0.021866
0.039287
0.056890
0.071525
0.080475
0.083123
0.081286
0.078064
0.075734
0.074433
0.072969
0.070120
0.064792
0.056112
0.044594
0.032724
0.023193
0.015877
0.007763
-0.003479
-0.017389
-0.032127
-0.045860
-0.056060
-0.059439
-0.054012
-0.040968
-0.024301
-0.008690
0.002780
0.009490
0.012969
0.016185
0.021902
0.030453
0.039501
0.046075
0.048307
0.045931
0.040565
0.035001
0.031150
0.029127
0.028114
0.027104
0.024636
0.019041
0.010152
0.000171
-0.008181
-0.013798
-0.017314
-0.019912
-0.022540
-0.025912
-0.030260
-0.034734
-0.037803
-0.038554
-0.037349
-0.034936
-0.031600
-0.027722
-0.024020
-0.020742
-0.017529
-0.014123
-0.010365
-0.006245
-0.002035
0.001969
0.005129
0.006077
0.003772
-0.001003
-0.005893
-0.008696
-0.008556
-0.006291
-0.003821
-0.002968
-0.004328
-0.007322
-0.010787
-0.013341
-0.013853
-0.012192
-0.009241
-0.005986
-0.002875
-0.000113
0.001959
0.003223
0.004043
0.005221
0.007572
0.010992
0.013948
0.014319
0.011448
0.007510
0.005652
0.006682
0.008552
0.008848
0.007119
0.004528
0.002020
-0.000345
-0.002589
-0.004360
-0.005168
-0.004700
-0.003001
-0.000709
0.000994
0.001385
0.001220
0.001948
0.003681
0.005080
0.005243
0.004818
0.004748
0.004761
0.004189
0.003635
0.004419
0.006452
0.008360
0.009812
0.011940
0.015033
0.017546
0.018159
0.017390
0.016778
0.017146
0.017991
0.018155
0.016959
0.014343
0.009947
0.003510
-0.003932
-0.010090
-0.012994
-0.012675
-0.011251
-0.011155
-0.012992
-0.015545
-0.017637
-0.019438
-0.021591
-0.023833
-0.025298
-0.025772
-0.025837
-0.025827
-0.025258
-0.023253
-0.019112
-0.012535
-0.003839
0.005814
0.014447
0.020055
0.021903
0.020745
0.018253
0.016622
0.017917
0.022595
0.028413
0.031749
0.030534
0.025899
0.020726
0.016762
0.013617
0.009988
0.004999
-0.001396
-0.008470
-0.014926
-0.019299
-0.020835
-0.020234
-0.019203
-0.018793
-0.018504
-0.017487
-0.016093
-0.015651
-0.016813
-0.018570
-0.019564
-0.019586
-0.019193
-0.018493
-0.016612
-0.012258
-0.005018
0.003591
0.010571
0.013441
0.011406
0.004987
-0.004010
-0.012128
-0.015589
-0.013509
-0.009324
-0.007863
-0.010882
-0.015917
-0.019130
-0.018321
-0.013813
-0.008146
-0.004810
-0.005894
-0.010050
-0.013564
-0.013587
-0.009802
-0.003656
0.002821
0.007570
0.009172
0.007844
0.005549
0.004443
0.005050
0.006041
0.005620
0.003218
-0.000062
-0.002476
-0.003158
-0.002548
-0.001770
-0.002069
-0.004342
-0.008380
-0.012822
-0.015622
-0.014713
-0.009337
-0.001246
0.006072
0.010222
0.011682
0.012548
0.014137
0.016414
0.018744
0.020533
0.021688
0.022365
0.022182
0.020317
0.016902
0.013461
0.010941
0.008036
0.002951
-0.003717
-0.009285
-0.011829
-0.011758
-0.010588
-0.009187
-0.007220
-0.004096
0.000219
0.005190
0.010102
0.014472
0.018246
0.021804
0.025478
0.029034
0.031985
0.034401
0.036689
0.038589
0.039048
0.037414
0.034336
0.030952
0.027553
0.023456
0.018101
0.011654
0.004533
-0.002905
-0.009999
-0.015475
-0.018121
-0.017914
-0.016243
-0.014873
-0.014646
-0.015281
-0.016019
-0.016136
-0.015021
-0.012478
-0.009265
-0.006590
-0.004811
-0.003081
-0.000462
0.003009
0.006375
0.008455
0.008642
0.007281
0.005454
0.003923
0.002308
-0.000282
-0.003844
-0.007363
-0.010088
-0.012121
-0.013661
-0.014462
-0.014710
-0.015527
-0.017700
-0.020339
-0.021592
-0.020477
-0.017639
-0.014495
-0.011880
-0.009826
-0.008334
-0.007558
-0.007123
-0.006056
-0.003723
-0.000789
0.001167
0.000963
-0.001508
-0.005288
-0.008674
-0.009902
-0.008143
-0.004441
-0.001288
-0.000818
-0.003232
-0.006871
-0.009559
-0.010130
-0.009110
-0.007806
-0.007116
-0.007346
-0.008734
-0.011318
-0.014185
-0.015681
-0.015033
-0.013354
-0.012675
-0.013963
-0.016235
-0.017821
-0.018258
-0.018579
-0.019851
-0.022172
-0.024902
-0.027241
-0.028223
-0.027000
-0.023502
-0.018675
-0.013692
-0.009152
-0.004953
-0.000920
0.002601
0.004917
0.005888
0.006347
0.007393
0.009568
0.012559
0.015802
0.018904
0.021438
0.022986
0.023531
0.023824
0.024752
0.026183
0.027044
0.026496
0.024482
0.021224
0.017089
0.013226
0.011071
0.010637
0.010269
0.008296
0.004620
0.000528
-0.002775
-0.004814
-0.005420
-0.004690
-0.003488
-0.003323
-0.005130
-0.008326
-0.011208
-0.012111
-0.010530
-0.007399
-0.004312
-0.002437
-0.002287
-0.003693
-0.005581
-0.006221
-0.004303
-0.000348
0.003177
0.003898
0.001821
-0.000751
-0.001561
-0.000371
0.001488
0.002809
0.003159
0.002434
0.000679
-0.001518
-0.003250
-0.004091
-0.004350
-0.004706
-0.005453
-0.006098
-0.005866
-0.004416
-0.002115
0.000089
0.001272
0.001287
0.000932
0.001050
0.001881
0.003240
0.004805
0.006246
0.007217
0.007381
0.006532
0.004910
0.003386
0.002625
0.002437
0.002203
0.001337
-0.000632
-0.003838
-0.007666
-0.011034
-0.013193
-0.014225
-0.014558
-0.014287
-0.013243
-0.011731
-0.010656
-0.010560
-0.010758
-0.010132
-0.008349
-0.006087
-0.004421
-0.003942
-0.004380
-0.004686
-0.003744
-0.001537
0.000398
0.000267
-0.002150
-0.005467
-0.008313
-0.010574
-0.012792
-0.014714
-0.015138
-0.013460
-0.010528
-0.007489
-0.004605
-0.001704
0.000880
0.002379
0.002703
0.002806
0.003791
0.005996
0.008997
0.012038
0.014335
0.015509
0.015711
0.015456
0.015333
0.015428
0.015005
0.013129
0.009767
0.005828
0.001988
-0.001949
-0.006109
-0.009617
-0.011193
-0.010558
-0.008893
-0.007490
-0.006366
-0.004661
-0.001893
0.001478
0.004336
0.005732
0.005333
0.003175
-0.000274
-0.003695
-0.005337
-0.004369
-0.001329
0.002376
0.005036
0.005401
0.003397
0.000167
-0.003017
-0.005365
-0.006006
-0.004406
-0.001197
0.002224
0.005040
0.007579
0.010337
0.013240
0.016087
0.018951
0.021706
0.023869
0.025239
0.025920
0.025662
0.023787
0.020362
0.016304
0.011903
0.006605
0.000372
-0.005707
-0.010630
-0.014748
-0.019146
-0.024077
-0.028491
-0.031097
-0.031351
-0.029466
-0.025821
-0.020882
-0.015789
-0.012251
-0.011209
-0.011838
-0.012435
-0.011853
-0.009953
-0.007185
-0.004287
-0.001908
-0.000280
0.000979
0.002639
0.005008
0.007184
0.007725
0.006343
0.003978
0.001529
-0.000686
-0.002354
-0.002898
-0.002097
-0.000370
0.001599
0.003551
0.005511
0.007099
0.007412
0.005955
0.003350
0.000670
-0.001806
-0.004522
-0.007183
-0.008419
-0.007298
-0.004913
-0.003697
-0.005073
-0.008213
-0.011211
-0.013001
-0.013530
-0.012559
-0.009554
-0.005031
-0.000911
0.000848
-0.000251
-0.002731
-0.004037
-0.002343
0.001694
0.005283
0.005926
0.003454
-0.000126
-0.002390
-0.001725
0.002381
0.008937
0.015891
0.021505
0.025071
0.026513
0.025800
0.023142
0.019426
0.015537
0.011814
0.008235
0.004593
0.000791
-0.002806
-0.005484
-0.006835
-0.007380
-0.008206
-0.009894
-0.011778
-0.012567
-0.011893
-0.010693
-0.010115
-0.010430
-0.010922
-0.010376
-0.007938
-0.003671
0.001738
0.007441
0.012676
0.016768
0.019053
0.018833
0.015417
0.008758
0.000240
-0.007614
-0.012644
-0.014759
-0.015790
-0.017388
-0.019795
-0.022703
-0.025959
-0.029042
-0.031039
-0.031727
-0.031708
-0.031103
-0.028927
-0.023888
-0.015748
-0.006050
0.002617
0.008270
0.010685
0.011312
0.011662
0.012134
0.012619
0.013385
0.014840
0.016481
0.016590
0.013909
0.009385
0.005332
0.002865
0.001027
-0.001764
-0.006149
-0.011462
-0.016365
-0.019488
-0.019530
-0.015879
-0.009526
-0.002794
0.002498
0.006161
0.009082
0.012298
0.016630
0.022309
0.028589
0.034040
0.037056
0.036420
0.032173
0.026060
0.020476
0.016545
0.013509
0.010042
0.005673
0.000519
-0.005236
-0.011063
-0.015629
-0.017445
-0.016407
-0.014070
-0.012236
-0.011476
-0.010954
-0.009274
-0.005586
-0.000485
0.004530
0.008395
0.010905
0.012084
0.012049
0.011756
0.012705
0.015428
0.018692
0.020363
0.019090
0.015117
0.009447
0.002895
-0.003847
-0.009758
-0.013753
-0.015277
-0.014701
-0.013164
-0.012075
-0.012181
-0.012946
-0.013165
-0.012048
-0.009658
-0.006711
-0.004052
-0.001760
0.001027
0.004708
0.008233
0.009989
0.009494
0.007940
0.007102
0.007859
0.009789
0.011677
0.012163
0.010492
0.007198
0.003876
0.001863
0.001412
0.002153
0.003682
0.005392
0.006288
0.005527
0.003343
0.001325
0.001129
0.002983
0.005542
0.007065
0.006682
0.004967
0.003400
0.003131
0.004263
0.006014
0.007659
0.009133
0.010602
0.011759
0.011718
0.010074
0.007845
0.006840
0.007724
0.009248
0.009548
0.007747
0.004383
0.000846
-0.001520
-0.002379
-0.002528
-0.003085
-0.004545
-0.006609
-0.008734
-0.010497
-0.011466
-0.011132
-0.009608
-0.007809
-0.006534
-0.005431
-0.003392
-0.000148
0.003224
0.005371
0.006101
0.006342
0.006733
0.006825
0.005876
0.004014
0.001802
-0.000667
-0.003376
-0.005698
-0.006941
-0.007142
-0.006811
-0.006165
-0.004952
-0.002783
0.000324
0.003876
0.007264
0.010142
0.012608
0.015219
0.018281
0.021298
0.023441
0.024316
0.024074
0.023138
0.022150
0.021533
0.021194
0.020921
0.020460
0.019227
0.016726
0.013115
0.009081
0.005446
0.002692
0.001008
0.000343
0.000227
-0.000009
-0.000569
-0.000923
-0.000458
0.000633
0.001924
0.003833
0.007162
0.011826
0.016538
0.019789
0.020965
0.020560
0.019730
0.019630
0.020660
0.022064
0.022265
0.020094
0.016011
0.011799
0.009062
0.008192
0.008344
0.007885
0.005261
0.000060
-0.006446
-0.012230
-0.015829
-0.016656
-0.014633
-0.010638
-0.006943
-0.005758
-0.007112
-0.008751
-0.008226
-0.004767
0.000679
0.006394
0.010532
0.011741
0.009949
0.006922
0.005246
0.006244
0.008910
0.010926
0.010818
0.009029
0.007074
0.006125
0.006585
0.008403
0.010966
0.012807
0.012247
0.008549
0.002409
-0.004665
-0.010966
-0.015043
-0.016239
-0.015097
-0.013082
-0.011662
-0.011270
-0.011186
-0.010548
-0.009244
-0.007626
-0.005688
-0.002978
0.000824
0.005580
0.010939
0.016469
0.021489
0.025182
0.027083
0.027459
0.027048
0.026290
0.024715
0.021493
0.016841
0.012167
0.008656
0.006544
0.005531
0.005311
0.005640
0.006227
0.006612
0.006233
0.004713
0.002392
0.000507
0.000524
0.002915
0.006563
0.009720
0.011358
0.011466
0.010545
0.009183
0.007812
0.006564
0.005191
0.003290
0.000906
-0.001279
-0.002510
-0.002827
-0.002942
-0.003297
-0.003668
-0.003731
-0.003584
-0.003379
-0.002732
-0.001243
0.000775
0.002408
0.002902
0.002588
0.002662
0.003827
0.005442
0.006049
0.004803
0.002359
0.000422
0.000438
0.002519
0.005622
0.008615
0.010792
0.011878
0.012021
0.011714
0.011395
0.011208
0.011387
0.012524
0.014857
0.017643
0.019619
0.020194
0.020077
0.020316
0.021008
0.021472
0.021163
0.020058
0.018327
0.016296
0.014516
0.013400
0.012734
0.011836
0.010326
0.008664
0.007692
0.007512
0.007410
0.006765
0.005301
0.002858
-0.000598
-0.004674
-0.008606
-0.011725
-0.013513
-0.013612
-0.012211
-0.010276
-0.008784
-0.007944
-0.007536
-0.007575
-0.008153
-0.008900
-0.009179
-0.008898
-0.008456
-0.007847
-0.006476
-0.003830
-0.000103
0.003821
0.006905
0.008742
0.009577
0.009517
0.008233
0.005745
0.003050
0.001318
0.000832
0.001001
0.001205
0.001036
-0.000089
-0.002541
-0.005861
-0.008855
-0.010370
-0.010219
-0.009277
-0.008562
-0.008327
-0.008221
-0.007761
-0.006625
-0.004832
-0.002545
0.000034
0.002646
0.005057
0.007386
0.010179
0.013825
0.017933
0.021396
0.023242
0.023404
0.022467
0.020952
0.019116
0.017140
0.015175
0.013030
0.010358
0.007033
0.003112
-0.001229
-0.005547
-0.009221
-0.011674
-0.012989
-0.014013
-0.015381
-0.016624
-0.016708
-0.015291
-0.012894
-0.010167
-0.007319
-0.004340
-0.001406
0.001440
0.004405
0.007761
0.011449
0.014724
0.016595
0.016678
0.015817
0.015436
0.016071
0.016915
0.016715
0.014745
0.010988
0.005915
0.000343
-0.004741
-0.008649
-0.011624
-0.014457
-0.017423
-0.019888
-0.020928
-0.020221
-0.018038
-0.014601
-0.010053
-0.004950
-0.000282
0.003115
0.005174
0.006624
0.008379
0.010786
0.013295
0.014887
0.014941
0.013506
0.011130
0.008825
0.007610
0.007742
0.008441
0.008430
0.006718
0.003224
-0.000992
-0.004483
-0.006506
-0.007063
-0.006326
-0.004636
-0.002528
-0.000448
0.001313
0.002647
0.003673
0.004681
0.005842
0.006634
0.006201
0.004377
0.001919
-0.000334
-0.002072
-0.003154
-0.003130
-0.001631
0.000963
0.003543
0.005145
0.005622
0.005462
0.005338
0.005633
0.006478
0.007818
0.009565
0.011724
0.014131
0.016532
0.018741
0.020625
0.022032
0.022767
0.022611
0.021432
0.019424
0.016990
0.014478
0.012131
0.009987
0.008150
0.006933
0.006580
0.007111
0.008253
0.009397
0.009876
0.009347
0.007837
0.005600
0.003131
0.000793
-0.001412
-0.003482
-0.005128
-0.006305
-0.007654
-0.009775
-0.012332
-0.014223
-0.014692
-0.014005
-0.013042
-0.012404
-0.012329
-0.012730
-0.013177
-0.013141
-0.012113
-0.009717
-0.006309
-0.002952
-0.000480
0.001356
0.003575
0.006897
0.011134
0.015322
0.018270
0.019088
0.017721
0.015077
0.012430
0.010725
0.010310
0.010990
0.011981
0.012112
0.010638
0.007687
0.003642
-0.001170
-0.006238
-0.010719
-0.013652
-0.014527
-0.013871
-0.012979
-0.012966
-0.014142
-0.015795
-0.016902
-0.016983
-0.016035
-0.013967
-0.010565
-0.006035
-0.001435
0.001813
0.002771
0.001520
-0.000882
-0.002981
-0.003837
-0.003559
-0.003050
-0.003210
-0.004292
-0.005740
-0.006713
-0.006732
-0.006063
-0.005559
-0.005914
-0.006900
-0.007781
-0.008094
-0.007648
-0.006294
-0.003923
-0.000498
0.003671
0.007652
0.010394
0.011464
0.011123
0.010073
0.009162
0.009133
0.010244
0.011848
0.012635
0.011573
0.008666
0.004819
0.001235
-0.001292
-0.002652
-0.003540
-0.005107
-0.008192
-0.012666
-0.017206
-0.019890
-0.019311
-0.015391
-0.009428
-0.003500
0.000400
0.001202
-0.000495
-0.002572
-0.003006
-0.001410
0.001275
0.004106
0.006599
0.008261
0.008708
0.008439
0.008701
0.009981
0.011382
0.011569
0.009723
0.005830
0.000685
-0.004111
-0.006574
-0.005574
-0.001932
0.001826
0.003075
0.000907
-0.003330
-0.006941
-0.007662
-0.005107
-0.000535
0.003986
0.006480
0.006036
0.003243
-0.000459
-0.003702
-0.005917
-0.007468
-0.008945
-0.010528
-0.012147
-0.013652
-0.014599
-0.014174
-0.011687
-0.007496
-0.003161
-0.000306
0.000494
-0.000020
-0.000422
0.000501
0.003267
0.007479
0.011768
0.014456
0.014672
0.012720
0.009632
0.006680
0.004950
0.004788
0.005526
0.006090
0.005688
0.004012
0.001309
-0.001772
-0.004386
-0.006124
-0.007228
-0.008198
-0.009214
-0.010095
-0.010431
-0.010011
-0.009203
-0.008388
-0.007435
-0.006049
-0.004385
-0.003124
-0.002743
-0.003073
-0.003654
-0.004277
-0.004696
-0.004291
-0.002811
-0.000790
0.001045
0.002344
0.002998
0.002969
0.002388
0.001804
0.002016
0.003445
0.005833
0.008339
0.009906
0.009928
0.008586
0.006702
0.005172
0.004317
0.003667
0.002456
0.000374
-0.002262
-0.004938
-0.007133
-0.008418
-0.008472
-0.007147
-0.004574
-0.001250
0.001854
0.003639
0.003701
0.002695
0.001684
0.001208
0.001212
0.001598
0.002479
0.003913
0.005757
0.007766
0.009853
0.011916
0.013654
0.014707
0.015088
0.015122
0.014996
0.014500
0.013380
0.011586
0.009067
0.005933
0.002736
0.000119
-0.001851
-0.003558
-0.005079
-0.005948
-0.005753
-0.004636
-0.003230
-0.002189
-0.001789
-0.002008
-0.002709
-0.003554
-0.004032
-0.003699
-0.002450
-0.000693
0.000722
0.001040
0.000062
-0.001820
-0.004001
-0.006070
-0.007897
-0.009577
-0.011310
-0.013004
-0.014199
-0.013946
-0.012315
-0.010081
-0.007885
-0.005609
-0.002777
0.000804
0.004876
0.008801
0.011914
0.014024
0.015411
0.016459
0.017202
0.017181
0.016026
0.013936
0.011336
0.008458
0.005319
0.002048
-0.001011
-0.003797
-0.006692
-0.009901
-0.013112
-0.015737
-0.017199
-0.017139
-0.015665
-0.013314
-0.010904
-0.009132
-0.007922
-0.006612
-0.004950
-0.003442
-0.002648
-0.002578
-0.003025
-0.004008
-0.005471
-0.006847
-0.007417
-0.007234
-0.007189
-0.008084
-0.009783
-0.011344
-0.011970
-0.011696
-0.011087
-0.010557
-0.009956
-0.008589
-0.006031
-0.002781
0.000074
0.001906
0.003121
0.004442
0.005824
0.006350
0.005191
0.002416
-0.001199
-0.004802
-0.007672
-0.009538
-0.010830
-0.012136
-0.013548
-0.014610
-0.014838
-0.014201
-0.013041
-0.011711
-0.010344
-0.008837
-0.006904
-0.004267
-0.001069
0.002023
0.004133
0.004819
0.004265
0.002911
0.001274
-0.000098
-0.000727
-0.000583
-0.000443
-0.001301
-0.003459
-0.006275
-0.008685
-0.009910
-0.009765
-0.008613
-0.007068
-0.005625
-0.004506
-0.003764
-0.003102
-0.001953
0.000088
0.002846
0.005499
0.007208
0.007612
0.006836
0.005134
0.002830
0.000381
-0.001844
-0.003848
-0.005873
-0.008033
-0.010121
-0.011891
-0.013283
-0.014389
-0.015255
-0.015819
-0.015797
-0.014992
-0.013726
-0.012536
-0.011365
-0.009529
-0.006491
-0.002503
0.001773
0.005713
0.008739
0.010243
0.009790
0.007587
0.004366
0.000810
-0.002708
-0.006093
-0.009546
-0.013370
-0.017316
-0.020439
-0.022017
-0.022366
-0.022423
-0.022724
-0.023133
-0.023205
-0.022407
-0.020408
-0.017229
-0.013155
-0.008592
-0.003938
0.000490
0.004618
0.008706
0.012875
0.016502
0.018555
0.018690
0.017309
0.014857
0.011605
0.007792
0.003730
-0.000321
-0.004317
-0.008402
-0.012383
-0.015613
-0.017512
-0.017907
-0.017099
-0.015846
-0.014998
-0.015023
-0.015903
-0.017189
-0.018171
-0.018287
-0.017431
-0.015916
-0.014159
-0.012494
-0.011119
-0.010061
-0.009197
-0.008445
-0.007927
-0.007760
-0.007899
-0.008123
-0.008195
-0.008099
-0.007971
-0.007968
-0.008127
-0.008486
-0.009093
-0.009835
-0.010498
-0.010946
-0.011261
-0.011498
-0.011415
-0.010721
-0.009391
-0.007806
-0.006456
-0.005546
-0.005049
-0.004993
-0.005423
-0.006151
-0.006724
-0.006650
-0.005682
-0.004021
-0.002182
-0.000687
0.000126
0.000314
0.000334
0.000700
0.001464
0.002086
0.002013
0.001211
0.000007
-0.001232
-0.002228
-0.002701
-0.002351
-0.001131
0.000467
0.001614
0.001813
0.001200
0.000217
-0.000715
-0.001236
-0.001154
-0.000662
-0.000095
0.000365
0.000564
0.000324
-0.000456
-0.001611
-0.002802
-0.003710
-0.004160
-0.004229
-0.004199
-0.004214
-0.004101
-0.003530
-0.002317
-0.000637
0.001017
0.002130
0.002587
0.002631
0.002558
0.002482
0.002355
0.002164
0.001860
0.001241
0.000180
-0.001202
-0.002755
-0.004363
-0.005859
-0.007098
-0.007987
-0.008418
-0.008263
-0.007480
-0.006250
-0.004934
-0.003801
-0.002784
-0.001571
-0.000090
0.001296
0.002120
0.002168
0.001632
0.001019
0.000818
0.001202
0.001999
0.002959
0.003776
0.004082
0.003613
0.002446
0.000982
-0.000351
-0.001292
-0.001712
-0.001533
-0.000728
0.000651
0.002427
0.004315
0.006011
0.007237
0.007863
0.007987
0.007890
0.007775
0.007564
0.007019
0.006071
0.004949
0.004017
0.003487
0.003212
0.002833
0.001982
0.000527
-0.001249
-0.002833
-0.003900
-0.004497
-0.004859
-0.005078
-0.005111
-0.004890
-0.004287
-0.003199
-0.001737
-0.000224
0.001014
0.001891
0.002525
0.002981
0.003171
0.003070
0.002926
0.003100
0.003665
0.004333
0.004719
0.004670
0.004309
0.003868
0.003551
0.003437
0.003436
0.003301
0.002855
0.002094
0.001147
0.000169
-0.000677
-0.001227
-0.001433
-0.001489
-0.001620
-0.001850
-0.002006
-0.001942
-0.001684
-0.001328
-0.000922
-0.000497
-0.000068
0.000373
0.000820
0.001268
0.001747
0.002309
0.002942
0.003564
0.004073
0.004434
0.004667
0.004791
0.004771
0.004556
0.004211
0.003915
0.003769
0.003683
0.003477
0.003068
0.002482
0.001781
0.001067
0.000481
0.000128
-0.000025
-0.000100
-0.000176
-0.000268
-0.000346
-0.000372
-0.000316
-0.000152
0.000096
0.000351
0.000556
0.000712
0.000875
0.001088
0.001355
0.001661
0.001963
0.002199
0.002339
0.002409
0.002470
0.002566
0.002680
0.002763
0.002754
0.002607
0.002315
0.001917
0.001507
0.001190
0.001021
0.000980
0.001005
0.001044
0.001064
0.001055
0.001029
0.000993
0.000954
0.000923
0.000911
0.000924
0.000976
0.001091
0.001289
0.001549
0.001796
0.001956
0.002020
0.002023
0.001995
0.001933
0.001833
0.001706
0.001560
0.001410
0.001296
0.001240
0.001221
0.001201
0.001163
0.001134
0.001134
0.001141
0.001124
0.001091
0.001076
0.001099
0.001139
0.001163
0.001161
0.001146
0.001130
0.001113
0.001100
0.001102
0.001123
0.001152
0.001170
0.001163
0.001135
0.001101
0.001072
0.001054
0.001043
0.001027
0.001005
0.000988
0.000989
0.001002
0.001018
0.001030
0.001033
0.001023
0.001002
0.000981
0.000973
0.000983
0.000998
0.001005
0.001005
0.001011
0.001029
0.001054
0.001070
0.001073
0.001065
0.001054
0.001042
0.001037
0.001038
0.001042
0.001041
0.001033
0.001022
0.001016
0.001019
0.001028
0.001043
0.001058
0.001072
0.001083
0.001093
0.001102
0.001109
0.001114
0.001119
0.001126
0.001136
0.001147
0.001157
0.001167
0.001178
0.001191
0.001206
0.001220
0.001232
0.001240
0.001246
0.001251
0.001257
0.001263
0.001270
0.001280
0.001290
0.001299
0.001308
0.001317
0.001328
0.001339
0.001349
0.001358
0.001367
0.001376
0.001386
0.001397
0.001410
0.001423
0.001437
0.001451
0.001464
0.001478
0.001491
0.001505
0.001518
0.001532
0.001547
0.001561
0.001575
0.001589
0.001603
0.001618
0.001632
0.001646
0.001660
0.001674
0.001688
0.001703
0.001717
0.001731
0.001746
0.001760
0.001775
0.001790
0.001804
0.001819
0.001834
0.001848
0.001863
0.001878
0.001892
0.001907
0.001922
0.001936
0.001951
0.001966
0.001980
0.001995
0.002009
0.002024
