0.002728
0.003006
0.001187
-0.001691
-0.001684
-0.001726
-0.001729
-0.001722
-0.001710
-0.001698
-0.001689
-0.001681
-0.001673
-0.001661
-0.001648
-0.001639
-0.001642
-0.001653
-0.001667
-0.001675
-0.001683
-0.001694
-0.001708
-0.001722
-0.001732
-0.001739
-0.001743
-0.001744
-0.001737
-0.001725
-0.001713
-0.001705
-0.001701
-0.001696
-0.001687
-0.001680
-0.001680
-0.001686
-0.001692
-0.001695
-0.001696
-0.001694
-0.001688
-0.001683
-0.001674
-0.001666
-0.001673
-0.001692
-0.001703
-0.001699
-0.001698
-0.001714
-0.001744
-0.001769
-0.001769
-0.001756
-0.001745
-0.001729
-0.001698
-0.001670
-0.001669
-0.001685
-0.001684
-0.001649
-0.001595
-0.001542
-0.001501
-0.001467
-0.001428
-0.001386
-0.001354
-0.001350
-0.001380
-0.001403
-0.001386
-0.001369
-0.001386
-0.001419
-0.001448
-0.001469
-0.001466
-0.001446
-0.001428
-0.001404
-0.001361
-0.001308
-0.001258
-0.001218
-0.001198
-0.001203
-0.001226
-0.001254
-0.001288
-0.001332
-0.001400
-0.001477
-0.001523
-0.001518
-0.001497
-0.001506
-0.001538
-0.001566
-0.001591
-0.001625
-0.001623
-0.001575
-0.001579
-0.001679
-0.001781
-0.001811
-0.001783
-0.001717
-0.001615
-0.001479
-0.001325
-0.001177
-0.001060
-0.000939
-0.000754
-0.000559
-0.000452
-0.000436
-0.000478
-0.000588
-0.000772
-0.001002
-0.001221
-0.001410
-0.001618
-0.001840
-0.002001
-0.002018
-0.001854
-0.001538
-0.001146
-0.000775
-0.000519
-0.000436
-0.000487
-0.000567
-0.000601
-0.000611
-0.000670
-0.000772
-0.000830
-0.000780
-0.000665
-0.000585
-0.000594
-0.000653
-0.000674
-0.000622
-0.000530
-0.000427
-0.000293
-0.000118
0.000057
0.000162
0.000117
-0.000090
-0.000400
-0.000804
-0.001226
-0.001452
-0.001466
-0.001513
-0.001643
-0.001660
-0.001467
-0.001112
-0.000741
-0.000531
-0.000521
-0.000558
-0.000561
-0.000625
-0.000765
-0.000866
-0.000820
-0.000656
-0.000507
-0.000515
-0.000704
-0.000888
-0.000911
-0.000799
-0.000636
-0.000414
-0.000052
0.000372
0.000603
0.000599
0.000475
0.000160
-0.000393
-0.000960
-0.001334
-0.001571
-0.001732
-0.001842
-0.001971
-0.002037
-0.001841
-0.001276
-0.000536
0.000019
0.000229
0.000242
0.000368
0.000661
0.000739
0.000313
-0.000406
-0.001113
-0.001740
-0.002405
-0.003132
-0.003712
-0.003976
-0.003967
-0.003731
-0.003183
-0.002322
-0.001265
-0.000230
0.000543
0.000907
0.000839
0.000461
-0.000080
-0.000674
-0.001214
-0.001549
-0.001604
-0.001389
-0.000975
-0.000622
-0.000465
-0.000211
0.000284
0.000738
0.000892
0.000822
0.000718
0.000569
0.000240
-0.000328
-0.000916
-0.001267
-0.001506
-0.001939
-0.002568
-0.003035
-0.003035
-0.002625
-0.002163
-0.001888
-0.001710
-0.001533
-0.001344
-0.001124
-0.000894
-0.000618
-0.000280
0.000050
0.000291
0.000464
0.000643
0.000926
0.001409
0.001910
0.002058
0.001787
0.001548
0.001631
0.001894
0.002237
0.002548
0.002679
0.002462
0.001828
0.001013
0.000291
-0.000348
-0.001110
-0.001936
-0.002579
-0.002980
-0.003206
-0.003357
-0.003323
-0.003033
-0.002713
-0.002396
-0.001962
-0.001344
-0.000737
-0.000643
-0.001221
-0.002289
-0.003500
-0.004481
-0.005223
-0.005319
-0.003941
-0.001354
0.001233
0.003177
0.004606
0.005572
0.005916
0.005788
0.005434
0.004844
0.004095
0.003143
0.001516
-0.001106
-0.004389
-0.007534
-0.009750
-0.010638
-0.010277
-0.008805
-0.006419
-0.003754
-0.001446
0.000411
0.002239
0.003963
0.004974
0.004856
0.003591
0.001857
0.000459
-0.000120
0.000057
0.000451
0.000776
0.001135
0.001601
0.002256
0.003043
0.003663
0.003949
0.003720
0.003021
0.002065
0.000716
-0.001113
-0.002940
-0.004295
-0.005226
-0.006025
-0.006833
-0.007574
-0.008191
-0.008211
-0.007294
-0.005703
-0.003734
-0.001653
0.000288
0.001844
0.002912
0.003723
0.004441
0.004847
0.004838
0.004369
0.003502
0.002459
0.001352
0.000252
-0.000920
-0.002056
-0.002728
-0.002405
-0.000794
0.001819
0.004763
0.007328
0.009232
0.010402
0.010703
0.010183
0.009154
0.007944
0.006565
0.004961
0.003182
0.001231
-0.001113
-0.003688
-0.005882
-0.007299
-0.007749
-0.007357
-0.006433
-0.005364
-0.004337
-0.003099
-0.001645
-0.000388
0.000205
0.000061
-0.000402
-0.000706
-0.000581
0.000090
0.001137
0.002302
0.003309
0.003563
0.002724
0.001065
-0.000722
-0.002197
-0.003216
-0.003743
-0.003903
-0.003698
-0.003259
-0.002849
-0.002440
-0.001570
-0.000293
0.000725
0.001055
0.000743
0.000082
-0.000880
-0.002124
-0.003318
-0.004005
-0.003992
-0.003119
-0.001464
0.000659
0.003079
0.005127
0.006109
0.006019
0.005155
0.003939
0.002570
0.001282
0.000473
0.000186
0.000555
0.001527
0.002781
0.004459
0.006489
0.008678
0.010854
0.012686
0.014299
0.015363
0.015287
0.014056
0.011760
0.008760
0.005350
0.001449
-0.002678
-0.006072
-0.008221
-0.009202
-0.008823
-0.007171
-0.004714
-0.002024
0.000534
0.002761
0.004274
0.004822
0.004468
0.003852
0.003422
0.002703
0.001158
-0.000691
-0.001846
-0.002521
-0.003523
-0.004820
-0.006130
-0.007231
-0.008159
-0.009455
-0.010840
-0.011470
-0.010833
-0.009044
-0.007358
-0.006520
-0.005652
-0.003911
-0.001807
-0.000208
0.000798
0.001509
0.002094
0.002187
0.001735
0.001225
0.001041
0.001150
0.000726
-0.000243
-0.001213
-0.002350
-0.003971
-0.005993
-0.007665
-0.008993
-0.010498
-0.012101
-0.013287
-0.013209
-0.011786
-0.009765
-0.007564
-0.005142
-0.002501
0.000268
0.003242
0.006116
0.008593
0.010563
0.011602
0.011948
0.011874
0.011308
0.010239
0.008657
0.007059
0.005908
0.005385
0.005344
0.005574
0.006234
0.007020
0.007716
0.008311
0.008853
0.009909
0.011402
0.012877
0.013915
0.014238
0.013826
0.012502
0.010013
0.006315
0.002261
-0.000918
-0.003085
-0.004769
-0.005896
-0.006230
-0.005729
-0.004850
-0.004171
-0.003590
-0.003303
-0.003468
-0.003918
-0.004535
-0.004900
-0.004955
-0.004595
-0.003842
-0.002412
-0.000200
0.001875
0.003370
0.004100
0.004407
0.004932
0.005910
0.007445
0.009185
0.010713
0.011888
0.012374
0.012155
0.011239
0.008932
0.004778
-0.001013
-0.007465
-0.013358
-0.017720
-0.019377
-0.018908
-0.018394
-0.018677
-0.019965
-0.021732
-0.023065
-0.023454
-0.021985
-0.018313
-0.012600
-0.005818
0.000498
0.006168
0.010844
0.013510
0.014100
0.012749
0.009994
0.006542
0.002799
-0.000503
-0.003081
-0.004620
-0.005035
-0.004956
-0.004869
-0.005145
-0.006188
-0.008013
-0.010470
-0.013237
-0.015605
-0.016871
-0.016170
-0.013070
-0.008231
-0.003408
-0.000126
0.001799
0.003370
0.005303
0.008193
0.012103
0.016260
0.019883
0.022410
0.023751
0.024356
0.024068
0.022256
0.019457
0.016482
0.012817
0.007850
0.002569
-0.001458
-0.003661
-0.003971
-0.002788
-0.001099
0.000590
0.002257
0.003562
0.004072
0.004148
0.004619
0.005471
0.006545
0.008211
0.010521
0.013331
0.016040
0.017908
0.018779
0.018177
0.015989
0.013222
0.010601
0.008347
0.006918
0.006372
0.006514
0.007032
0.007297
0.007038
0.006386
0.005807
0.005972
0.006687
0.006790
0.005158
0.001513
-0.003249
-0.008078
-0.012207
-0.014892
-0.015412
-0.013789
-0.010770
-0.006651
-0.002028
0.002083
0.005719
0.008593
0.010166
0.010536
0.009498
0.007391
0.004754
0.001607
-0.002214
-0.006268
-0.009624
-0.012106
-0.013856
-0.014797
-0.015070
-0.014719
-0.013860
-0.013217
-0.013342
-0.014443
-0.016102
-0.017186
-0.016684
-0.014345
-0.010629
-0.006548
-0.003270
-0.001453
-0.001676
-0.003669
-0.005878
-0.006526
-0.004773
-0.001455
0.002098
0.004732
0.005739
0.005306
0.003529
0.001467
0.000150
-0.000737
-0.000894
-0.000728
-0.000182
0.001400
0.003383
0.005992
0.009476
0.013378
0.017231
0.020226
0.021783
0.021642
0.020125
0.017917
0.015567
0.013670
0.012347
0.011089
0.009437
0.007050
0.003838
-0.000600
-0.006124
-0.011117
-0.014234
-0.014897
-0.013135
-0.009651
-0.004962
0.000518
0.005864
0.010224
0.013100
0.014111
0.013186
0.010834
0.007640
0.004958
0.004145
0.005178
0.007516
0.009682
0.010692
0.010854
0.010307
0.009674
0.009396
0.009802
0.011078
0.012621
0.014313
0.015762
0.015987
0.014313
0.010736
0.004921
-0.002918
-0.010720
-0.017318
-0.022312
-0.024877
-0.024935
-0.022926
-0.019618
-0.015812
-0.012243
-0.009077
-0.005755
-0.002693
0.000156
0.003589
0.007570
0.011659
0.015133
0.017406
0.017858
0.016360
0.013928
0.012024
0.011162
0.010614
0.010532
0.011664
0.014226
0.017627
0.020486
0.022098
0.023535
0.025284
0.026072
0.025618
0.024277
0.021758
0.017284
0.011408
0.005222
-0.000650
-0.005149
-0.008312
-0.009696
-0.009113
-0.007276
-0.003865
0.001073
0.006269
0.010932
0.014682
0.016306
0.015436
0.012497
0.008349
0.004507
0.001660
-0.000180
-0.001048
-0.001244
-0.000856
0.000300
0.002056
0.003822
0.004963
0.004918
0.003461
0.000819
-0.002477
-0.005691
-0.008180
-0.010314
-0.012564
-0.013840
-0.013877
-0.013776
-0.013793
-0.013524
-0.012688
-0.011148
-0.009721
-0.009440
-0.010030
-0.010659
-0.010991
-0.011390
-0.011834
-0.012016
-0.012254
-0.013198
-0.014591
-0.015060
-0.013870
-0.010974
-0.007333
-0.004267
-0.002635
-0.002588
-0.003167
-0.004196
-0.005866
-0.007758
-0.010013
-0.012592
-0.014106
-0.013675
-0.011406
-0.007849
-0.002946
0.003362
0.010259
0.017089
0.023136
0.028508
0.033339
0.036614
0.037864
0.037469
0.035804
0.032481
0.027540
0.021736
0.014864
0.007869
0.002827
0.000000
-0.000954
0.000026
0.002418
0.004976
0.006583
0.007501
0.008550
0.011008
0.015062
0.019658
0.024083
0.027315
0.028694
0.027975
0.025906
0.023711
0.021907
0.020923
0.020820
0.021489
0.022458
0.023218
0.023595
0.023089
0.021282
0.018036
0.013709
0.008268
0.002088
-0.003353
-0.007411
-0.010137
-0.012092
-0.013493
-0.013506
-0.012267
-0.010557
-0.008913
-0.007954
-0.007401
-0.006755
-0.005792
-0.004384
-0.003015
-0.001831
-0.000864
-0.000457
-0.000588
-0.000928
-0.001157
-0.001331
-0.001221
-0.000619
0.000368
0.001637
0.003040
0.004811
0.006591
0.007989
0.009154
0.009925
0.010279
0.010406
0.010496
0.010819
0.011314
0.011545
0.011865
0.012574
0.013329
0.014334
0.015880
0.018325
0.021260
0.023353
0.023492
0.021293
0.017742
0.013421
0.008138
0.002467
-0.002948
-0.008371
-0.014555
-0.021959
-0.029812
-0.036684
-0.041962
-0.045119
-0.045988
-0.044643
-0.040853
-0.034585
-0.026415
-0.017339
-0.008465
-0.001114
0.004048
0.006510
0.006405
0.005098
0.003819
0.003366
0.004711
0.008557
0.014522
0.021670
0.028352
0.033762
0.037988
0.039999
0.039327
0.035569
0.028911
0.021842
0.017124
0.015599
0.016365
0.018769
0.022272
0.025969
0.029024
0.030848
0.031292
0.030581
0.029220
0.028204
0.028311
0.028921
0.028957
0.027494
0.024577
0.021637
0.020056
0.019577
0.018790
0.017523
0.015682
0.012772
0.009078
0.005719
0.004190
0.004181
0.004973
0.006252
0.006890
0.006548
0.004966
0.001875
-0.002614
-0.009064
-0.017051
-0.025029
-0.032758
-0.040573
-0.047745
-0.052840
-0.054904
-0.054055
-0.049863
-0.042313
-0.032863
-0.022418
-0.011710
-0.002312
0.003708
0.005909
0.006221
0.006665
0.007625
0.008833
0.010759
0.013721
0.017574
0.020242
0.019486
0.015672
0.010242
0.005535
0.003189
0.003516
0.005933
0.009440
0.014460
0.021079
0.028377
0.035243
0.040654
0.044592
0.047835
0.050599
0.052766
0.055028
0.057678
0.060793
0.064517
0.068212
0.071297
0.073465
0.074076
0.072829
0.069254
0.063108
0.055695
0.046802
0.035325
0.022575
0.011093
0.002142
-0.005357
-0.011916
-0.016500
-0.018552
-0.018221
-0.016036
-0.012133
-0.006929
-0.001468
0.003262
0.006745
0.009152
0.011032
0.012602
0.013217
0.013178
0.012925
0.012398
0.011859
0.010614
0.008442
0.005836
0.002799
-0.000695
-0.004473
-0.007946
-0.010731
-0.012734
-0.013369
-0.011928
-0.008105
-0.001819
0.006011
0.013347
0.018867
0.022270
0.024349
0.026749
0.030045
0.033957
0.038439
0.042958
0.047547
0.052762
0.058378
0.064333
0.069895
0.073888
0.075763
0.074024
0.066208
0.050606
0.027632
0.000360
-0.029263
-0.060911
-0.092358
-0.120585
-0.142189
-0.156310
-0.166427
-0.175268
-0.182391
-0.185678
-0.184986
-0.182362
-0.179255
-0.176055
-0.171631
-0.164744
-0.154296
-0.139075
-0.120788
-0.102503
-0.083556
-0.061996
-0.038685
-0.015387
0.006449
0.026558
0.045573
0.062431
0.075630
0.084670
0.089049
0.088910
0.084450
0.076713
0.068014
0.060088
0.054130
0.050071
0.047084
0.043864
0.038761
0.030558
0.018717
0.003845
-0.013163
-0.032273
-0.053764
-0.074862
-0.089469
-0.095574
-0.097096
-0.096843
-0.094491
-0.088439
-0.078371
-0.066356
-0.053706
-0.040246
-0.026777
-0.014414
-0.003374
0.005918
0.013019
0.018205
0.022278
0.026069
0.030699
0.037156
0.045345
0.053903
0.062332
0.071795
0.083011
0.095242
0.106111
0.113255
0.117128
0.119633
0.120061
0.114795
0.101661
0.082426
0.059662
0.033953
0.006926
-0.015611
-0.030454
-0.040566
-0.048696
-0.054496
-0.057395
-0.058312
-0.058782
-0.060713
-0.065718
-0.073878
-0.082857
-0.089853
-0.093587
-0.092505
-0.085631
-0.074159
-0.059904
-0.044496
-0.028198
-0.011555
0.002980
0.015106
0.024872
0.029446
0.028272
0.023536
0.016938
0.011696
0.010118
0.013077
0.023097
0.040684
0.062846
0.084883
0.103701
0.118402
0.129704
0.137395
0.140202
0.139240
0.135702
0.130974
0.125755
0.120021
0.113453
0.105384
0.096779
0.088540
0.080923
0.073659
0.066575
0.060926
0.056482
0.052522
0.049745
0.047452
0.045374
0.043570
0.041661
0.039158
0.035776
0.031612
0.025649
0.017506
0.006049
-0.009249
-0.026624
-0.045219
-0.064043
-0.081706
-0.095769
-0.102862
-0.102565
-0.096692
-0.086480
-0.073554
-0.059684
-0.045146
-0.030987
-0.019147
-0.011460
-0.008308
-0.008592
-0.012156
-0.019008
-0.029040
-0.041304
-0.053266
-0.063703
-0.073533
-0.081992
-0.089005
-0.095347
-0.101059
-0.107359
-0.112963
-0.117912
-0.123921
-0.129368
-0.133946
-0.136478
-0.132917
-0.121832
-0.104425
-0.081301
-0.054814
-0.029185
-0.005474
0.015751
0.035118
0.053826
0.071007
0.085254
0.094724
0.100695
0.105356
0.108764
0.110077
0.107691
0.099672
0.085840
0.067413
0.045249
0.018139
-0.013039
-0.042250
-0.067775
-0.091804
-0.115142
-0.137245
-0.156452
-0.172424
-0.185318
-0.195388
-0.202618
-0.206249
-0.205881
-0.201411
-0.193778
-0.183774
-0.171607
-0.154340
-0.127231
-0.090461
-0.049309
-0.008301
0.034392
0.081726
0.129932
0.172760
0.205566
0.227631
0.243150
0.253243
0.254557
0.244504
0.224462
0.198108
0.168969
0.137846
0.104827
0.073495
0.045925
0.021262
-0.000445
-0.017071
-0.028008
-0.033403
-0.035446
-0.037001
-0.038187
-0.040797
-0.045200
-0.052253
-0.063484
-0.076171
-0.089579
-0.105029
-0.120337
-0.134939
-0.150097
-0.162470
-0.166906
-0.161854
-0.149544
-0.132520
-0.109644
-0.079360
-0.046015
-0.015162
0.010018
0.027786
0.041622
0.055327
0.068065
0.077357
0.081575
0.083882
0.087388
0.091952
0.097372
0.102412
0.106777
0.110162
0.112789
0.116913
0.122003
0.126310
0.127448
0.124271
0.118106
0.106701
0.088263
0.062919
0.030902
-0.005453
-0.044979
-0.084875
-0.119449
-0.146049
-0.168075
-0.190375
-0.210170
-0.222243
-0.226074
-0.225220
-0.223973
-0.223101
-0.221850
-0.220491
-0.218656
-0.216555
-0.213123
-0.205484
-0.192995
-0.174196
-0.149542
-0.122348
-0.094541
-0.067996
-0.044989
-0.025613
-0.008276
0.007226
0.021212
0.033697
0.042879
0.049064
0.051355
0.047804
0.040383
0.030245
0.020074
0.012873
0.007841
0.005349
0.005711
0.008109
0.012775
0.018092
0.022774
0.026578
0.029364
0.030646
0.029278
0.026477
0.022825
0.018914
0.014947
0.011483
0.008613
0.004702
0.000504
-0.003550
-0.008496
-0.013273
-0.016608
-0.018723
-0.018362
-0.014453
-0.007299
0.003452
0.016862
0.030498
0.044263
0.055743
0.062312
0.065785
0.067235
0.067142
0.065683
0.063824
0.063844
0.069758
0.082137
0.096812
0.112393
0.128458
0.144783
0.160655
0.173701
0.183158
0.190345
0.193690
0.189145
0.172573
0.142724
0.103691
0.058448
0.012251
-0.028247
-0.061650
-0.089878
-0.113272
-0.131469
-0.147684
-0.161667
-0.172514
-0.181850
-0.189822
-0.195936
-0.198600
-0.197773
-0.193697
-0.186157
-0.177161
-0.167915
-0.158655
-0.149089
-0.140362
-0.134589
-0.130845
-0.129736
-0.130544
-0.132087
-0.134973
-0.136676
-0.137365
-0.138677
-0.139681
-0.140602
-0.140765
-0.138965
-0.135500
-0.129594
-0.122600
-0.115482
-0.108394
-0.103519
-0.099500
-0.095452
-0.091815
-0.085734
-0.076686
-0.066665
-0.056274
-0.046426
-0.037685
-0.030836
-0.026602
-0.025272
-0.025941
-0.025646
-0.023513
-0.020037
-0.015768
-0.012448
-0.009565
-0.007241
-0.006133
-0.004428
-0.001909
0.001313
0.003213
0.003265
0.002269
-0.001430
-0.006556
-0.012913
-0.020822
-0.029721
-0.038471
-0.045119
-0.050719
-0.053750
-0.053254
-0.050426
-0.045864
-0.040652
-0.033091
-0.020725
-0.004547
0.011909
0.026888
0.040774
0.054110
0.066032
0.076623
0.084667
0.089407
0.093766
0.098018
0.102417
0.108272
0.113632
0.116880
0.118180
0.113836
0.103085
0.088628
0.071344
0.054369
0.040108
0.026619
0.011615
-0.003016
-0.018349
-0.035424
-0.052582
-0.070854
-0.091948
-0.114072
-0.134336
-0.152264
-0.166760
-0.178618
-0.187738
-0.192698
-0.194220
-0.193272
-0.190628
-0.185957
-0.179965
-0.173189
-0.164991
-0.156365
-0.147071
-0.136397
-0.124605
-0.114448
-0.106938
-0.098946
-0.090426
-0.081117
-0.071678
-0.063478
-0.055245
-0.047081
-0.039415
-0.032440
-0.026343
-0.022301
-0.020523
-0.019725
-0.018684
-0.017266
-0.014953
-0.010031
-0.002397
0.009074
0.023213
0.038612
0.056772
0.076592
0.095688
0.113854
0.130607
0.143851
0.155104
0.165710
0.173721
0.177747
0.179995
0.183871
0.188754
0.194949
0.202069
0.209235
0.218573
0.230371
0.242217
0.250726
0.254314
0.254520
0.253290
0.249610
0.242718
0.233622
0.222352
0.211019
0.199969
0.186823
0.173473
0.161954
0.151312
0.139023
0.124534
0.109078
0.092844
0.077637
0.064759
0.053540
0.043715
0.036543
0.031823
0.027895
0.025219
0.025685
0.028317
0.030866
0.034405
0.039494
0.044680
0.049774
0.055008
0.059903
0.066071
0.075626
0.087125
0.098667
0.109959
0.118932
0.124912
0.130408
0.133877
0.132849
0.126373
0.112192
0.089684
0.060647
0.029656
-0.000942
-0.029383
-0.055195
-0.080692
-0.104050
-0.124163
-0.139941
-0.150681
-0.159007
-0.166370
-0.172972
-0.179418
-0.184847
-0.186230
-0.184495
-0.180013
-0.172108
-0.162893
-0.146176
-0.116697
-0.081663
-0.048544
-0.018420
0.009378
0.033816
0.053074
0.065767
0.071714
0.071576
0.065518
0.054196
0.039681
0.024893
0.011946
0.000510
-0.011184
-0.022322
-0.030579
-0.035907
-0.038654
-0.039893
-0.039565
-0.037358
-0.034008
-0.028778
-0.021598
-0.011894
0.000529
0.015853
0.034090
0.053154
0.072541
0.090837
0.106831
0.121363
0.133048
0.142078
0.148276
0.150971
0.152237
0.151282
0.146283
0.136999
0.125417
0.115034
0.107059
0.100629
0.094851
0.089526
0.084828
0.080396
0.075804
0.071473
0.066983
0.062731
0.058176
0.050750
0.041297
0.032934
0.026692
0.022162
0.018850
0.015773
0.012762
0.008792
0.003110
-0.002989
-0.008956
-0.014635
-0.019464
-0.021595
-0.020261
-0.016117
-0.008593
0.001467
0.012667
0.024167
0.033949
0.041426
0.044848
0.042338
0.036313
0.028969
0.020947
0.011410
0.001152
-0.008310
-0.016695
-0.022710
-0.027836
-0.032586
-0.036387
-0.040088
-0.042492
-0.044440
-0.048644
-0.054659
-0.060769
-0.067564
-0.074790
-0.081046
-0.086194
-0.089656
-0.092257
-0.093184
-0.091493
-0.088473
-0.083493
-0.077112
-0.070098
-0.061854
-0.051666
-0.039591
-0.026579
-0.013577
-0.002531
0.004701
0.008093
0.006747
0.001971
-0.004021
-0.011979
-0.019699
-0.026728
-0.033483
-0.041422
-0.052559
-0.064633
-0.076978
-0.088919
-0.100342
-0.113054
-0.124890
-0.133537
-0.138689
-0.138023
-0.130841
-0.115562
-0.090890
-0.061309
-0.032859
-0.010021
0.005948
0.016782
0.023480
0.024787
0.018987
0.008160
-0.002296
-0.009740
-0.015575
-0.023755
-0.037621
-0.055289
-0.072939
-0.089252
-0.102570
-0.113620
-0.124174
-0.132443
-0.136937
-0.138048
-0.138180
-0.138532
-0.136091
-0.128551
-0.115693
-0.097330
-0.075808
-0.051098
-0.021831
0.010146
0.043637
0.077111
0.112001
0.148504
0.183042
0.214381
0.240592
0.259078
0.271621
0.281012
0.285239
0.284378
0.279452
0.269934
0.255338
0.231797
0.197996
0.153068
0.100453
0.052462
0.013822
-0.018439
-0.048360
-0.079574
-0.111099
-0.141804
-0.167703
-0.183949
-0.191771
-0.192498
-0.183510
-0.160498
-0.128320
-0.096443
-0.065350
-0.034745
-0.005756
0.022793
0.050900
0.076828
0.101104
0.125829
0.149220
0.170265
0.189466
0.206949
0.222907
0.237186
0.248557
0.254629
0.256717
0.259413
0.262404
0.261559
0.255899
0.246647
0.237269
0.229258
0.222858
0.218461
0.215279
0.213233
0.211601
0.209555
0.207382
0.204818
0.200440
0.193448
0.184353
0.172713
0.157223
0.140702
0.125666
0.113902
0.103868
0.089788
0.071549
0.051400
0.030994
0.010382
-0.010824
-0.030954
-0.053091
-0.078659
-0.105606
-0.133463
-0.160583
-0.186992
-0.212878
-0.237753
-0.260388
-0.281390
-0.302513
-0.321351
-0.337099
-0.350127
-0.360199
-0.369282
-0.376645
-0.379579
-0.377425
-0.370404
-0.357545
-0.336778
-0.306631
-0.268794
-0.228221
-0.187169
-0.141211
-0.089801
-0.039231
0.009526
0.061187
0.114671
0.161982
0.201663
0.236920
0.268474
0.294570
0.313190
0.325123
0.331832
0.335218
0.334872
0.328879
0.316722
0.297017
0.268780
0.230929
0.184903
0.136587
0.088914
0.042480
-0.001010
-0.036578
-0.058240
-0.070021
-0.078558
-0.084597
-0.087595
-0.087735
-0.087137
-0.087135
-0.088516
-0.091362
-0.093877
-0.096307
-0.098639
-0.100914
-0.104112
-0.105622
-0.103904
-0.097747
-0.084749
-0.065068
-0.041599
-0.020070
-0.001608
0.015718
0.029353
0.036319
0.038668
0.040093
0.040641
0.039906
0.035176
0.024965
0.011010
-0.007805
-0.029321
-0.048400
-0.066053
-0.082945
-0.093750
-0.097661
-0.098794
-0.099241
-0.099656
-0.099920
-0.099935
-0.100885
-0.102762
-0.103807
-0.102620
-0.099463
-0.094883
-0.088723
-0.080153
-0.068872
-0.057325
-0.047880
-0.041273
-0.038559
-0.039545
-0.040803
-0.038682
-0.031876
-0.022428
-0.010511
0.006350
0.028761
0.053825
0.076321
0.095981
0.116518
0.138149
0.158628
0.176169
0.190323
0.202679
0.214330
0.225473
0.232950
0.236065
0.236982
0.235275
0.229600
0.218244
0.204475
0.190618
0.174234
0.155893
0.136681
0.118258
0.104315
0.093423
0.082992
0.072238
0.059992
0.045943
0.028666
0.006962
-0.018376
-0.046125
-0.075706
-0.105783
-0.133553
-0.158274
-0.182536
-0.205593
-0.224469
-0.238271
-0.249268
-0.259140
-0.266382
-0.270034
-0.269775
-0.266223
-0.259569
-0.251846
-0.241953
-0.224518
-0.202201
-0.176729
-0.144026
-0.105875
-0.063177
-0.019053
0.021426
0.061373
0.101339
0.139446
0.176878
0.209593
0.232629
0.249282
0.263633
0.276301
0.285418
0.288618
0.288217
0.287204
0.283531
0.272460
0.252348
0.227516
0.203188
0.181959
0.161720
0.139901
0.116112
0.090659
0.066967
0.047483
0.031416
0.014713
-0.003313
-0.021534
-0.039502
-0.055251
-0.070213
-0.083528
-0.092919
-0.099286
-0.102542
-0.101517
-0.096837
-0.088667
-0.078255
-0.069368
-0.061944
-0.054273
-0.045403
-0.034486
-0.023367
-0.014115
-0.006666
-0.000752
0.003326
0.005649
0.006607
0.004015
-0.001809
-0.007815
-0.015012
-0.021973
-0.027216
-0.031626
-0.034386
-0.034747
-0.032126
-0.029891
-0.030589
-0.030889
-0.031182
-0.032858
-0.033593
-0.035111
-0.036447
-0.035980
-0.035229
-0.033066
-0.031098
-0.030112
-0.028458
-0.024815
-0.018736
-0.010189
0.000032
0.009622
0.018011
0.026035
0.033247
0.038484
0.042260
0.044680
0.045866
0.048081
0.052538
0.057277
0.061130
0.064823
0.068625
0.072461
0.076304
0.079340
0.080723
0.078537
0.072896
0.065724
0.056291
0.045055
0.032901
0.020437
0.008974
0.000335
-0.007110
-0.016191
-0.025085
-0.032245
-0.039295
-0.048653
-0.060968
-0.073198
-0.083629
-0.093635
-0.100619
-0.104391
-0.108321
-0.110784
-0.110740
-0.109094
-0.105632
-0.100489
-0.094005
-0.087208
-0.082061
-0.078999
-0.076326
-0.073857
-0.071600
-0.069570
-0.066978
-0.063471
-0.059232
-0.054762
-0.050386
-0.043327
-0.032121
-0.016856
0.000626
0.017790
0.033880
0.048845
0.061657
0.071072
0.077403
0.080224
0.079576
0.077193
0.072547
0.064943
0.056437
0.048234
0.039240
0.030387
0.022954
0.014760
0.005339
-0.003492
-0.011705
-0.020475
-0.029546
-0.038074
-0.044907
-0.050086
-0.054765
-0.059006
-0.062919
-0.065779
-0.067876
-0.067868
-0.063872
-0.056353
-0.045262
-0.031031
-0.015123
0.001186
0.017279
0.032076
0.044758
0.054566
0.061980
0.068441
0.074585
0.079593
0.081476
0.080273
0.076665
0.071445
0.065888
0.058318
0.046852
0.032155
0.016104
0.000203
-0.016247
-0.032303
-0.046540
-0.060238
-0.073619
-0.086788
-0.100012
-0.110563
-0.116924
-0.120457
-0.123175
-0.126554
-0.128151
-0.126538
-0.123187
-0.117896
-0.112100
-0.105926
-0.097624
-0.088936
-0.078408
-0.064572
-0.047994
-0.027546
-0.005566
0.016102
0.038571
0.060151
0.078317
0.093748
0.107352
0.119972
0.130067
0.135944
0.139464
0.140515
0.138072
0.132461
0.124323
0.114760
0.104292
0.093619
0.083619
0.073971
0.066594
0.062415
0.058785
0.054928
0.050880
0.045713
0.040091
0.034923
0.029850
0.025321
0.020521
0.015110
0.010829
0.008061
0.006864
0.008106
0.010510
0.012795
0.016565
0.020392
0.022030
0.023805
0.025736
0.026757
0.028795
0.030544
0.031420
0.032923
0.034189
0.035716
0.036857
0.036315
0.035139
0.034144
0.033585
0.033131
0.033395
0.035018
0.038022
0.041802
0.045525
0.049739
0.054818
0.060699
0.066373
0.070307
0.073444
0.076870
0.080521
0.084360
0.086455
0.086221
0.084155
0.080391
0.076455
0.071918
0.066268
0.060366
0.054094
0.047308
0.041087
0.034715
0.027151
0.020388
0.014561
0.009209
0.005300
0.002100
-0.001467
-0.004951
-0.007645
-0.009901
-0.012606
-0.015553
-0.018838
-0.022896
-0.027762
-0.032419
-0.035718
-0.038162
-0.039144
-0.038204
-0.037769
-0.039150
-0.041499
-0.044888
-0.048534
-0.053201
-0.059162
-0.063527
-0.066406
-0.068871
-0.070840
-0.072743
-0.073442
-0.072238
-0.071414
-0.070417
-0.068299
-0.066503
-0.063131
-0.059191
-0.056641
-0.053544
-0.049445
-0.044964
-0.041011
-0.037483
-0.034921
-0.034230
-0.033729
-0.032806
-0.033628
-0.036944
-0.041129
-0.044488
-0.047424
-0.050857
-0.053826
-0.056060
-0.057416
-0.058177
-0.058522
-0.058285
-0.057556
-0.056371
-0.055751
-0.054983
-0.053092
-0.050852
-0.048749
-0.046160
-0.042798
-0.039771
-0.038057
-0.037419
-0.037345
-0.036657
-0.035395
-0.035002
-0.034172
-0.032458
-0.030488
-0.028181
-0.026096
-0.023969
-0.021664
-0.020616
-0.020566
-0.019596
-0.017912
-0.015730
-0.013483
-0.010785
-0.007323
-0.004189
-0.000791
0.002793
0.005516
0.007381
0.009008
0.010044
0.009841
0.008909
0.006874
0.004135
0.001326
-0.002708
-0.006678
-0.008902
-0.011548
-0.015209
-0.018463
-0.020917
-0.022649
-0.025084
-0.027096
-0.028088
-0.029368
-0.030314
-0.030390
-0.030108
-0.029685
-0.028529
-0.027314
-0.026769
-0.026815
-0.027923
-0.030762
-0.033618
-0.036940
-0.042055
-0.047274
-0.051407
-0.053375
-0.055534
-0.057854
-0.057546
-0.055124
-0.050997
-0.045700
-0.040192
-0.035432
-0.031657
-0.028896
-0.027215
-0.025853
-0.025299
-0.025298
-0.023998
-0.022072
-0.020231
-0.016729
-0.011642
-0.005672
0.002165
0.011185
0.020420
0.029493
0.037359
0.044324
0.050292
0.053613
0.055005
0.054222
0.050489
0.043989
0.034397
0.023678
0.012821
0.001310
-0.010060
-0.018474
-0.023228
-0.027244
-0.029882
-0.029659
-0.027470
-0.024507
-0.022271
-0.019865
-0.017615
-0.015002
-0.011317
-0.008168
-0.003982
0.001547
0.007927
0.014639
0.020271
0.024833
0.028007
0.030256
0.032075
0.033454
0.033165
0.031072
0.028397
0.023513
0.017015
0.011006
0.004472
-0.002792
-0.009538
-0.016731
-0.023129
-0.027854
-0.033049
-0.036350
-0.038270
-0.040880
-0.042794
-0.044373
-0.045603
-0.046605
-0.046799
-0.046158
-0.045271
-0.043514
-0.040941
-0.038241
-0.035125
-0.031090
-0.025831
-0.019985
-0.014955
-0.009770
-0.004982
-0.001631
0.000633
0.001407
-0.000140
-0.003277
-0.007035
-0.011029
-0.014809
-0.019009
-0.021591
-0.022591
-0.023752
-0.024197
-0.024890
-0.024337
-0.022591
-0.021824
-0.020603
-0.019819
-0.019661
-0.018844
-0.018030
-0.018460
-0.019030
-0.019360
-0.021122
-0.023073
-0.024741
-0.027046
-0.029804
-0.032957
-0.036691
-0.039747
-0.041878
-0.045122
-0.048345
-0.049860
-0.051321
-0.052898
-0.054397
-0.055257
-0.055413
-0.056662
-0.057308
-0.057161
-0.058139
-0.058678
-0.058474
-0.059102
-0.059899
-0.059893
-0.060564
-0.061607
-0.061736
-0.061254
-0.059465
-0.056453
-0.053011
-0.048411
-0.042505
-0.037714
-0.033990
-0.029604
-0.026020
-0.024252
-0.022927
-0.022494
-0.022297
-0.021322
-0.021846
-0.022991
-0.024051
-0.025084
-0.026165
-0.028578
-0.030426
-0.031668
-0.033425
-0.034591
-0.036219
-0.037804
-0.037833
-0.038103
-0.038551
-0.037976
-0.036613
-0.035619
-0.034543
-0.032434
-0.029299
-0.025921
-0.022019
-0.016855
-0.012123
-0.007003
-0.000773
0.005817
0.011113
0.015985
0.021487
0.025529
0.028379
0.029731
0.030031
0.029903
0.029241
0.028081
0.025552
0.022988
0.020627
0.018298
0.017096
0.016083
0.015189
0.013981
0.012302
0.011398
0.010771
0.010426
0.011376
0.012625
0.013781
0.015615
0.016935
0.017865
0.018874
0.019841
0.020818
0.020136
0.018631
0.017181
0.015164
0.012734
0.009892
0.007791
0.005850
0.004277
0.004015
0.004018
0.004602
0.005646
0.007165
0.009240
0.011639
0.014226
0.015972
0.017327
0.018610
0.020418
0.022440
0.023960
0.025229
0.026120
0.026611
0.026764
0.026697
0.025850
0.025032
0.024601
0.023833
0.023577
0.023961
0.023428
0.022375
0.021370
0.020428
0.018966
0.016038
0.013202
0.009185
0.004205
0.001564
-0.000700
-0.002068
0.000650
0.004503
0.008065
0.012432
0.016317
0.018810
0.020569
0.022114
0.022446
0.022097
0.021103
0.019134
0.017461
0.015597
0.013626
0.012327
0.011957
0.011649
0.010960
0.011315
0.012933
0.014961
0.016908
0.019157
0.020855
0.021850
0.022922
0.023522
0.023073
0.021699
0.020069
0.017830
0.013760
0.009023
0.005279
0.001270
-0.003279
-0.007804
-0.011476
-0.013292
-0.013318
-0.011850
-0.008670
-0.003669
0.002536
0.009703
0.017433
0.023877
0.027809
0.031166
0.033736
0.035460
0.037455
0.038860
0.039760
0.040706
0.042092
0.043532
0.044789
0.045688
0.046090
0.045841
0.045634
0.045283
0.044165
0.043389
0.043186
0.042520
0.041192
0.040111
0.038409
0.035199
0.030799
0.026266
0.021797
0.017494
0.013693
0.009802
0.006349
0.004328
0.001937
-0.001753
-0.004398
-0.006230
-0.007595
-0.008860
-0.009703
-0.009312
-0.008881
-0.007469
-0.007432
-0.009170
-0.010184
-0.011099
-0.012027
-0.013512
-0.014906
-0.016882
-0.019032
-0.020348
-0.022376
-0.025030
-0.027065
-0.028752
-0.029853
-0.029500
-0.028942
-0.028243
-0.027093
-0.026032
-0.025684
-0.025442
-0.025537
-0.026839
-0.028075
-0.030597
-0.033149
-0.034272
-0.035729
-0.036565
-0.036637
-0.036530
-0.036637
-0.036661
-0.035392
-0.033927
-0.033141
-0.031913
-0.030552
-0.028645
-0.025242
-0.021419
-0.017999
-0.014284
-0.009377
-0.003546
0.002556
0.008593
0.013884
0.017771
0.020889
0.023558
0.025960
0.027648
0.028887
0.030712
0.032293
0.033552
0.034492
0.034674
0.034546
0.034804
0.034497
0.033805
0.033569
0.032722
0.031650
0.030730
0.030121
0.029412
0.028281
0.028480
0.028341
0.027434
0.027164
0.027275
0.028011
0.028245
0.028168
0.028056
0.027671
0.026176
0.024606
0.023127
0.019262
0.014192
0.008142
0.000362
-0.007137
-0.013938
-0.020308
-0.024930
-0.028251
-0.029280
-0.027655
-0.025761
-0.023597
-0.020000
-0.015297
-0.010961
-0.006902
-0.002368
0.001760
0.003985
0.005408
0.007213
0.007670
0.006628
0.005731
0.004551
0.003360
0.002716
0.001094
-0.000795
-0.002311
-0.003635
-0.005026
-0.007053
-0.008925
-0.011484
-0.014600
-0.017422
-0.020881
-0.024210
-0.026779
-0.029230
-0.031380
-0.032444
-0.032986
-0.033204
-0.031242
-0.027494
-0.023682
-0.019290
-0.014247
-0.009662
-0.005670
-0.002351
-0.000346
0.000961
0.001985
0.002263
0.002421
0.002648
0.002395
0.001934
0.001267
-0.000007
-0.000931
-0.001390
-0.001917
-0.002218
-0.003308
-0.004321
-0.003919
-0.002469
0.000188
0.002775
0.004692
0.006634
0.009488
0.012545
0.014672
0.016680
0.018178
0.019340
0.020092
0.019665
0.018998
0.017974
0.016756
0.016415
0.016129
0.015898
0.017204
0.019170
0.020953
0.022460
0.023498
0.024169
0.023929
0.023731
0.023352
0.022561
0.022264
0.022532
0.024580
0.027289
0.029486
0.032391
0.034977
0.037322
0.039507
0.041090
0.042985
0.044622
0.045215
0.044652
0.043266
0.041218
0.039141
0.036008
0.031109
0.025572
0.019764
0.014526
0.009685
0.005189
0.001586
-0.000979
-0.002050
-0.002117
-0.001824
-0.000846
0.001233
0.003288
0.004509
0.005383
0.005817
0.005703
0.005159
0.004641
0.003970
0.003286
0.003264
0.003382
0.003925
0.005232
0.007069
0.009369
0.011490
0.013855
0.015249
0.014916
0.014570
0.013881
0.012516
0.011288
0.010886
0.010144
0.007687
0.004257
0.000655
-0.001941
-0.004060
-0.007006
-0.010762
-0.015010
-0.017878
-0.018758
-0.018767
-0.019241
-0.020660
-0.021778
-0.022443
-0.023157
-0.024047
-0.025209
-0.026138
-0.027068
-0.028510
-0.029033
-0.028748
-0.028546
-0.027242
-0.025681
-0.024480
-0.022985
-0.021109
-0.019314
-0.018234
-0.017504
-0.017026
-0.016593
-0.016743
-0.017812
-0.019357
-0.021815
-0.024821
-0.027771
-0.030863
-0.034068
-0.037133
-0.039806
-0.042101
-0.043698
-0.044797
-0.045582
-0.045396
-0.044673
-0.043265
-0.040938
-0.037934
-0.034948
-0.032317
-0.029167
-0.026825
-0.025689
-0.025499
-0.026584
-0.027462
-0.028988
-0.031419
-0.033393
-0.035496
-0.037148
-0.038534
-0.039530
-0.039928
-0.040706
-0.041161
-0.041125
-0.041151
-0.041282
-0.040736
-0.039761
-0.038954
-0.037574
-0.035178
-0.032233
-0.027682
-0.021293
-0.014979
-0.008335
-0.001131
0.005834
0.012085
0.016896
0.020747
0.023627
0.024458
0.023630
0.021367
0.017263
0.012693
0.008925
0.005830
0.002820
0.000245
-0.001290
-0.002409
-0.002382
-0.001360
0.000070
0.002158
0.004095
0.006513
0.009734
0.013431
0.016761
0.018826
0.020036
0.021043
0.021968
0.021988
0.021164
0.019819
0.017952
0.015253
0.012225
0.008907
0.005431
0.003339
0.001906
0.000703
-0.000083
-0.000800
-0.000697
0.000259
0.001547
0.002959
0.004251
0.005713
0.007546
0.009079
0.010564
0.011861
0.012352
0.012898
0.013852
0.014045
0.012851
0.011526
0.010556
0.010143
0.011051
0.012207
0.013592
0.015794
0.017433
0.018805
0.020324
0.021476
0.022047
0.022152
0.021955
0.020702
0.019403
0.018381
0.016958
0.015017
0.012890
0.011092
0.009456
0.008718
0.007865
0.006609
0.006097
0.005691
0.005248
0.005242
0.005849
0.007010
0.008388
0.009754
0.011231
0.013789
0.017726
0.022037
0.026571
0.030964
0.034711
0.038963
0.043845
0.047894
0.051631
0.055484
0.058532
0.060914
0.062622
0.063437
0.063599
0.062518
0.060043
0.056488
0.051608
0.045607
0.039031
0.032798
0.026231
0.018914
0.013238
0.009808
0.007461
0.005356
0.003289
0.002461
0.002344
0.002598
0.003841
0.004712
0.004617
0.004732
0.005222
0.005210
0.005464
0.005662
0.005541
0.005217
0.003715
0.001326
-0.001941
-0.005211
-0.008175
-0.011378
-0.014222
-0.016159
-0.017399
-0.017885
-0.017154
-0.015739
-0.013429
-0.010814
-0.007954
-0.004477
-0.001468
0.001379
0.004649
0.008565
0.012617
0.016632
0.020172
0.023476
0.027340
0.031459
0.035631
0.038571
0.040820
0.042856
0.043677
0.043516
0.042638
0.040700
0.038150
0.035466
0.032240
0.029756
0.028105
0.026019
0.024090
0.022668
0.022036
0.022545
0.023213
0.023042
0.022914
0.023229
0.023621
0.024431
0.025171
0.025677
0.025594
0.025286
0.024712
0.023406
0.021973
0.019682
0.016561
0.013274
0.009698
0.005852
0.001919
-0.001820
-0.005395
-0.009347
-0.013211
-0.016828
-0.020877
-0.024822
-0.027986
-0.030395
-0.031569
-0.031030
-0.029532
-0.027937
-0.025693
-0.022573
-0.020095
-0.018083
-0.015947
-0.014719
-0.014942
-0.015503
-0.016505
-0.018397
-0.020153
-0.021750
-0.022625
-0.022646
-0.022540
-0.022460
-0.022271
-0.021100
-0.018186
-0.014722
-0.011913
-0.009759
-0.007468
-0.005349
-0.005304
-0.005774
-0.005919
-0.006715
-0.007315
-0.007694
-0.007880
-0.007656
-0.006899
-0.005776
-0.003840
-0.000956
0.001858
0.004797
0.008509
0.012907
0.017249
0.021063
0.024094
0.026264
0.027924
0.028448
0.028103
0.027065
0.025078
0.023125
0.020892
0.018004
0.014412
0.009481
0.003365
-0.002595
-0.008306
-0.013823
-0.018791
-0.023595
-0.027245
-0.029824
-0.031682
-0.032212
-0.031689
-0.031132
-0.030447
-0.028852
-0.027498
-0.026993
-0.026236
-0.025217
-0.024602
-0.024275
-0.024477
-0.024941
-0.025054
-0.025152
-0.025170
-0.024896
-0.024913
-0.024972
-0.024758
-0.024644
-0.024056
-0.022391
-0.019835
-0.016726
-0.014159
-0.012656
-0.011270
-0.010113
-0.010226
-0.010760
-0.012370
-0.015131
-0.016778
-0.018889
-0.021018
-0.021583
-0.022226
-0.022692
-0.021917
-0.020723
-0.019193
-0.017032
-0.014673
-0.012423
-0.009983
-0.007064
-0.004883
-0.002401
0.001164
0.004276
0.007579
0.011350
0.015315
0.019607
0.023644
0.027483
0.029902
0.031615
0.034197
0.035713
0.035786
0.035161
0.033898
0.032359
0.030623
0.028341
0.024975
0.021334
0.018148
0.015132
0.012667
0.010239
0.008458
0.007744
0.007081
0.006822
0.007018
0.007196
0.006805
0.006051
0.004941
0.003490
0.001544
-0.001264
-0.003747
-0.005209
-0.006176
-0.006343
-0.005762
-0.005883
-0.005765
-0.005465
-0.005774
-0.005637
-0.006215
-0.007652
-0.008843
-0.009847
-0.010718
-0.011321
-0.011664
-0.011818
-0.011113
-0.009449
-0.007321
-0.004272
0.000205
0.005518
0.010611
0.015077
0.019092
0.022758
0.025599
0.026471
0.026234
0.026249
0.025201
0.023841
0.023387
0.022758
0.021874
0.021043
0.020278
0.019634
0.018743
0.017961
0.016809
0.015481
0.015259
0.014946
0.014516
0.015430
0.016689
0.017415
0.019079
0.020945
0.021793
0.022359
0.023180
0.023702
0.023242
0.022478
0.021677
0.020428
0.018856
0.017039
0.015245
0.013386
0.011334
0.009864
0.008435
0.006922
0.005917
0.005022
0.004342
0.003946
0.003175
0.002591
0.002651
0.002275
0.001183
0.000090
-0.000849
-0.001724
-0.002102
-0.001624
-0.000528
0.000474
0.001714
0.003354
0.004651
0.006118
0.007832
0.009212
0.010331
0.011280
0.012500
0.013935
0.015193
0.016248
0.017526
0.019284
0.020220
0.020470
0.021303
0.021851
0.022112
0.022435
0.021437
0.019299
0.017604
0.015964
0.014257
0.012955
0.011370
0.010863
0.010903
0.010548
0.011438
0.011775
0.011237
0.011285
0.011197
0.010403
0.008563
0.006726
0.005144
0.002996
0.001354
0.000360
-0.001362
-0.004280
-0.006556
-0.007810
-0.009460
-0.010467
-0.011495
-0.012746
-0.013122
-0.013099
-0.013155
-0.012585
-0.010803
-0.008986
-0.006762
-0.003608
-0.000884
0.001803
0.004482
0.006066
0.007122
0.007151
0.006572
0.005975
0.004277
0.002353
0.000417
-0.001510
-0.003264
-0.004960
-0.005817
-0.006453
-0.007123
-0.007609
-0.007605
-0.007255
-0.007068
-0.007309
-0.007769
-0.007856
-0.007096
-0.006229
-0.005782
-0.005315
-0.005277
-0.004692
-0.003516
-0.002046
-0.000023
0.002085
0.003991
0.005518
0.006875
0.008537
0.010514
0.011764
0.012330
0.012999
0.013048
0.011896
0.010511
0.008584
0.005483
0.002303
-0.000042
-0.002735
-0.005398
-0.006907
-0.008487
-0.009385
-0.009978
-0.010947
-0.010638
-0.009802
-0.010040
-0.009683
-0.008344
-0.007282
-0.005340
-0.003581
-0.002933
-0.001940
-0.000824
0.000233
0.001832
0.003680
0.005403
0.006905
0.008403
0.009810
0.010507
0.010965
0.011655
0.011445
0.010518
0.009649
0.008316
0.006948
0.005370
0.003631
0.002329
0.000802
-0.000550
-0.001514
-0.002414
-0.002790
-0.002957
-0.002780
-0.001763
-0.000369
0.001042
0.003212
0.006144
0.009018
0.012027
0.014979
0.018000
0.020810
0.023095
0.025476
0.027499
0.028919
0.030097
0.031482
0.032808
0.033045
0.033083
0.033257
0.032700
0.032544
0.032435
0.032106
0.031772
0.030886
0.030477
0.030474
0.030479
0.030706
0.031014
0.031076
0.031087
0.031730
0.032290
0.032568
0.033267
0.034283
0.034657
0.034604
0.035281
0.035828
0.035522
0.034820
0.033776
0.032146
0.030731
0.029464
0.027348
0.025299
0.023478
0.021241
0.019183
0.017043
0.014625
0.013252
0.012582
0.011509
0.010854
0.010427
0.009965
0.010316
0.010824
0.010527
0.010538
0.011161
0.011618
0.012249
0.012504
0.012291
0.012018
0.011853
0.011890
0.011581
0.011147
0.010730
0.010609
0.010786
0.009940
0.009101
0.008604
0.006994
0.004878
0.002208
-0.001060
-0.004228
-0.007070
-0.010191
-0.013735
-0.016972
-0.019533
-0.021123
-0.022102
-0.022552
-0.022331
-0.020929
-0.018313
-0.014940
-0.010738
-0.006723
-0.003129
0.000602
0.003878
0.006711
0.008992
0.010548
0.012015
0.013874
0.015521
0.016318
0.016536
0.016333
0.015746
0.014369
0.012541
0.010014
0.006426
0.002912
-0.000400
-0.004125
-0.007690
-0.010857
-0.014161
-0.017301
-0.019864
-0.021130
-0.021571
-0.021916
-0.021801
-0.021703
-0.021336
-0.020182
-0.018532
-0.016653
-0.015202
-0.014368
-0.014020
-0.014595
-0.015743
-0.017089
-0.018700
-0.020284
-0.021871
-0.023674
-0.025346
-0.026471
-0.027359
-0.027931
-0.028484
-0.029327
-0.030351
-0.031444
-0.032350
-0.033360
-0.034400
-0.035331
-0.036124
-0.036197
-0.035654
-0.034624
-0.033114
-0.031503
-0.029016
-0.026168
-0.024190
-0.022803
-0.022018
-0.021840
-0.021730
-0.022256
-0.023753
-0.025605
-0.028570
-0.032346
-0.035680
-0.038383
-0.039871
-0.041117
-0.042220
-0.041713
-0.040451
-0.038146
-0.034904
-0.031588
-0.027492
-0.023382
-0.019769
-0.016351
-0.013066
-0.009734
-0.006737
-0.004060
-0.001671
0.000081
0.001317
0.001938
0.002409
0.002678
0.002093
0.001611
0.000883
-0.000748
-0.002423
-0.004438
-0.006815
-0.009168
-0.011865
-0.013994
-0.015789
-0.018098
-0.020158
-0.021959
-0.023533
-0.024734
-0.025634
-0.026624
-0.027205
-0.027334
-0.027852
-0.028060
-0.028055
-0.028579
-0.028989
-0.028556
-0.027801
-0.027138
-0.026303
-0.025691
-0.024864
-0.023941
-0.023533
-0.022390
-0.021143
-0.020493
-0.019590
-0.018873
-0.018265
-0.017557
-0.016858
-0.016328
-0.016755
-0.017251
-0.017457
-0.017840
-0.018153
-0.018101
-0.017699
-0.017831
-0.017973
-0.017559
-0.017448
-0.017430
-0.017010
-0.016640
-0.016452
-0.016590
-0.016607
-0.016274
-0.016721
-0.017499
-0.017813
-0.018361
-0.019369
-0.020368
-0.021167
-0.021694
-0.021856
-0.021681
-0.021656
-0.021959
-0.021840
-0.021971
-0.022096
-0.021151
-0.020365
-0.019763
-0.018534
-0.017021
-0.015174
-0.012670
-0.009868
-0.007082
-0.004400
-0.001861
0.000990
0.003891
0.005857
0.007241
0.008757
0.009823
0.010855
0.011871
0.011804
0.011450
0.011263
0.010453
0.009365
0.008265
0.007032
0.005791
0.004852
0.003977
0.002773
0.002028
0.001470
0.001102
0.000914
0.000929
0.001508
0.001471
0.002001
0.003169
0.003567
0.004040
0.004347
0.004279
0.004315
0.004427
0.004103
0.003597
0.003557
0.003544
0.003168
0.002908
0.002794
0.002930
0.003059
0.003107
0.002986
0.002520
0.002297
0.002398
0.002741
0.002553
0.002064
0.001338
-0.000429
-0.002975
-0.005029
-0.006616
-0.008386
-0.010272
-0.011999
-0.013712
-0.015148
-0.015782
-0.016169
-0.016274
-0.016394
-0.016135
-0.015569
-0.015326
-0.014831
-0.014887
-0.015629
-0.016500
-0.018045
-0.019643
-0.020960
-0.022508
-0.023990
-0.025257
-0.026510
-0.027314
-0.027611
-0.028232
-0.028352
-0.027436
-0.026451
-0.024976
-0.023383
-0.021745
-0.019558
-0.017415
-0.015137
-0.012948
-0.010983
-0.008790
-0.007103
-0.006049
-0.004604
-0.003583
-0.002873
-0.001475
-0.000484
0.000483
0.002023
0.003298
0.004085
0.004751
0.005817
0.006628
0.007042
0.008039
0.009251
0.010028
0.010967
0.012505
0.013749
0.014970
0.016529
0.017677
0.019026
0.020202
0.021039
0.021880
0.022406
0.022684
0.022668
0.022631
0.022164
0.021225
0.020719
0.020269
0.019862
0.019965
0.019954
0.019989
0.020273
0.020513
0.020775
0.021150
0.021642
0.021937
0.021702
0.021233
0.020914
0.020160
0.018953
0.018132
0.017233
0.015700
0.013270
0.010258
0.007743
0.005479
0.003568
0.001740
-0.000292
-0.001836
-0.003647
-0.005443
-0.007324
-0.009598
-0.011899
-0.014895
-0.017987
-0.020993
-0.023552
-0.025570
-0.027801
-0.029526
-0.031009
-0.032214
-0.032421
-0.031893
-0.030809
-0.029568
-0.027589
-0.025653
-0.024258
-0.022572
-0.021069
-0.019873
-0.019412
-0.019428
-0.019354
-0.019297
-0.018949
-0.018115
-0.017636
-0.017081
-0.015843
-0.014214
-0.012311
-0.010484
-0.008616
-0.007007
-0.006071
-0.005823
-0.005249
-0.004757
-0.004598
-0.003992
-0.003628
-0.003145
-0.002628
-0.002487
-0.001966
-0.001605
-0.002162
-0.002720
-0.003481
-0.004646
-0.005908
-0.007208
-0.008212
-0.010057
-0.011728
-0.013025
-0.015081
-0.016593
-0.017695
-0.018951
-0.019940
-0.021041
-0.022056
-0.022157
-0.022272
-0.022412
-0.021874
-0.021378
-0.021255
-0.021062
-0.020598
-0.020192
-0.019597
-0.018772
-0.018637
-0.018657
-0.018002
-0.017874
-0.018020
-0.017725
-0.018108
-0.018682
-0.018371
-0.018768
-0.019533
-0.019473
-0.019967
-0.020095
-0.018953
-0.017875
-0.017297
-0.016757
-0.016118
-0.015541
-0.014623
-0.012867
-0.011020
-0.009831
-0.008930
-0.008162
-0.007225
-0.006383
-0.005556
-0.004341
-0.004092
-0.004253
-0.004012
-0.004292
-0.004944
-0.005428
-0.005631
-0.005804
-0.006011
-0.005505
-0.004421
-0.003571
-0.002554
-0.001454
0.000001
0.001669
0.002507
0.003636
0.005829
0.007592
0.009635
0.012160
0.013487
0.014657
0.015198
0.015225
0.016489
0.017627
0.018137
0.018956
0.019439
0.019502
0.020266
0.020961
0.020833
0.020537
0.020160
0.019443
0.018717
0.018261
0.017372
0.016178
0.015540
0.015547
0.015129
0.014654
0.014283
0.013926
0.014299
0.014578
0.014419
0.014300
0.014559
0.014254
0.013324
0.012548
0.011274
0.009554
0.007621
0.005832
0.004166
0.001344
-0.001454
-0.002958
-0.004435
-0.005933
-0.006980
-0.008139
-0.009021
-0.009156
-0.009120
-0.008948
-0.008103
-0.007256
-0.007231
-0.006800
-0.005490
-0.004468
-0.003817
-0.002948
-0.002312
-0.002110
-0.001869
-0.001801
-0.001968
-0.001992
-0.002043
-0.002467
-0.002605
-0.002659
-0.003120
-0.003487
-0.004124
-0.005660
-0.006999
-0.007433
-0.007942
-0.007822
-0.007129
-0.006824
-0.005242
-0.002624
-0.000580
0.001845
0.005045
0.007386
0.009281
0.011571
0.012861
0.013541
0.014099
0.013987
0.013782
0.013827
0.013676
0.013441
0.014127
0.015216
0.016136
0.017335
0.018266
0.019145
0.019694
0.020075
0.020847
0.020866
0.020430
0.020339
0.019901
0.019008
0.017888
0.016544
0.014451
0.011585
0.009129
0.006127
0.002709
-0.000218
-0.003265
-0.006208
-0.009030
-0.011378
-0.013013
-0.014458
-0.015668
-0.016455
-0.017397
-0.018744
-0.020124
-0.021182
-0.021658
-0.021960
-0.022259
-0.022267
-0.022326
-0.022046
-0.021070
-0.019758
-0.017694
-0.015379
-0.013070
-0.010497
-0.008040
-0.005487
-0.003117
-0.001153
0.000926
0.003037
0.004834
0.006372
0.007823
0.009372
0.010869
0.012310
0.013507
0.014305
0.015146
0.015654
0.015906
0.016105
0.016040
0.015745
0.015249
0.014646
0.013376
0.012515
0.012631
0.012729
0.012948
0.012691
0.011948
0.011152
0.010401
0.009908
0.009523
0.008742
0.007057
0.005147
0.003761
0.002814
0.002143
0.002022
0.002318
0.002701
0.003148
0.003552
0.004049
0.004773
0.005603
0.006106
0.006426
0.007080
0.007417
0.007345
0.007454
0.007288
0.006922
0.006656
0.006172
0.005503
0.004957
0.005035
0.005568
0.005921
0.006673
0.007589
0.007386
0.007057
0.007069
0.007120
0.007533
0.007626
0.007089
0.006442
0.006302
0.005840
0.004889
0.004085
0.003205
0.002669
0.002832
0.003043
0.002844
0.002937
0.002852
0.002685
0.003429
0.004016
0.004261
0.004846
0.005829
0.006808
0.007629
0.009010
0.010255
0.011037
0.012175
0.013388
0.014022
0.014342
0.014946
0.015626
0.015673
0.015369
0.015138
0.014624
0.013724
0.012766
0.012022
0.010978
0.010314
0.010109
0.009259
0.008608
0.008247
0.007451
0.006953
0.006666
0.006213
0.005952
0.005845
0.005684
0.005261
0.005086
0.004771
0.004326
0.004021
0.003517
0.003505
0.003813
0.004236
0.004807
0.005317
0.005781
0.006584
0.007057
0.006290
0.005864
0.006397
0.006967
0.007428
0.007905
0.008786
0.009551
0.010292
0.011330
0.012159
0.013102
0.014163
0.015357
0.016320
0.016802
0.017390
0.018074
0.018466
0.018717
0.018837
0.018249
0.017670
0.017519
0.017105
0.016213
0.015136
0.014111
0.012536
0.010582
0.008778
0.007130
0.005612
0.004507
0.003835
0.003318
0.003182
0.003447
0.003918
0.004728
0.006182
0.007457
0.007723
0.008044
0.009128
0.009989
0.010405
0.010842
0.011158
0.010995
0.010637
0.010291
0.010178
0.010281
0.010292
0.010588
0.011271
0.011954
0.012399
0.013063
0.014125
0.014659
0.014759
0.015114
0.015157
0.015511
0.016142
0.015953
0.015982
0.016396
0.016610
0.017174
0.017658
0.018005
0.019033
0.020178
0.020933
0.021961
0.023146
0.023749
0.024160
0.024721
0.024573
0.023803
0.022768
0.021462
0.020464
0.019863
0.019600
0.019277
0.019002
0.019193
0.019290
0.019329
0.019700
0.019829
0.019472
0.019335
0.019085
0.018260
0.017144
0.015747
0.014304
0.013079
0.011785
0.010076
0.008788
0.007660
0.006116
0.004759
0.003153
0.001790
0.000978
0.000264
-0.000374
-0.001354
-0.001882
-0.002579
-0.003786
-0.003882
-0.004214
-0.005480
-0.006553
-0.007098
-0.007470
-0.008279
-0.008775
-0.009127
-0.010321
-0.011645
-0.012427
-0.012987
-0.013863
-0.014974
-0.015733
-0.015910
-0.015664
-0.015799
-0.015901
-0.015470
-0.014631
-0.013501
-0.012842
-0.011681
-0.010202
-0.009032
-0.007307
-0.005542
-0.004530
-0.003646
-0.002325
-0.000958
0.000710
0.002446
0.003861
0.005344
0.007209
0.008995
0.010030
0.011016
0.012048
0.012842
0.013419
0.013639
0.013969
0.014125
0.014134
0.014422
0.014843
0.015119
0.015453
0.016289
0.017429
0.018911
0.020135
0.020658
0.021092
0.021692
0.021883
0.021607
0.021323
0.020598
0.020006
0.019796
0.019780
0.019805
0.019197
0.018001
0.016611
0.015880
0.015450
0.014923
0.014309
0.013334
0.012469
0.011615
0.010732
0.009798
0.008134
0.006064
0.003643
0.000591
-0.002185
-0.004389
-0.006588
-0.008565
-0.010059
-0.011020
-0.011306
-0.011487
-0.011139
-0.010430
-0.010021
-0.009152
-0.008239
-0.007765
-0.007446
-0.007105
-0.006867
-0.006826
-0.007292
-0.008770
-0.010185
-0.010925
-0.011308
-0.011507
-0.012262
-0.013396
-0.014272
-0.015038
-0.015669
-0.016528
-0.017567
-0.018266
-0.019123
-0.020213
-0.021037
-0.021445
-0.021506
-0.021671
-0.022176
-0.022565
-0.022617
-0.022806
-0.022942
-0.022713
-0.022422
-0.022150
-0.021868
-0.021266
-0.020510
-0.020040
-0.019699
-0.019654
-0.020221
-0.020862
-0.021285
-0.021985
-0.022970
-0.024008
-0.024959
-0.025750
-0.026474
-0.027214
-0.027767
-0.027723
-0.027539
-0.027070
-0.026416
-0.025875
-0.024520
-0.023109
-0.022417
-0.021534
-0.020251
-0.018918
-0.017594
-0.016784
-0.016239
-0.015621
-0.015173
-0.014623
-0.014408
-0.014573
-0.014762
-0.015348
-0.016245
-0.016338
-0.015594
-0.014839
-0.014284
-0.014139
-0.014487
-0.014888
-0.014832
-0.014576
-0.014829
-0.015825
-0.017211
-0.018802
-0.019954
-0.020882
-0.022043
-0.022742
-0.023532
-0.024335
-0.024489
-0.024433
-0.024190
-0.023809
-0.023149
-0.021934
-0.020674
-0.019544
-0.018128
-0.016388
-0.014844
-0.013651
-0.012446
-0.011637
-0.011027
-0.010382
-0.010539
-0.010696
-0.009924
-0.009049
-0.007918
-0.006423
-0.005397
-0.004258
-0.002760
-0.000777
0.001727
0.003779
0.005338
0.006641
0.007895
0.008942
0.009448
0.009689
0.009773
0.009994
0.010021
0.009681
0.009320
0.008442
0.007586
0.007064
0.006385
0.005619
0.004938
0.004907
0.005661
0.006463
0.006986
0.007934
0.009065
0.009736
0.010626
0.011671
0.012355
0.013204
0.014191
0.015003
0.015788
0.016674
0.017674
0.018558
0.019119
0.019705
0.020519
0.021073
0.021391
0.021767
0.022199
0.022530
0.022651
0.022580
0.022308
0.021860
0.021116
0.019965
0.018691
0.017454
0.015862
0.014138
0.012595
0.010506
0.007954
0.005949
0.004803
0.004283
0.003473
0.001940
0.000107
-0.002013
-0.003810
-0.005083
-0.006597
-0.008378
-0.010029
-0.011228
-0.011815
-0.011551
-0.010132
-0.007823
-0.006059
-0.005089
-0.003768
-0.002380
-0.001109
-0.000139
0.000333
0.000712
0.000768
0.000347
-0.000299
-0.001027
-0.002097
-0.003302
-0.004306
-0.005404
-0.006635
-0.007972
-0.009250
-0.010142
-0.010837
-0.011310
-0.011593
-0.011731
-0.011867
-0.012366
-0.012464
-0.012174
-0.011863
-0.011623
-0.011694
-0.011677
-0.011526
-0.011407
-0.011600
-0.011946
-0.012039
-0.012039
-0.012091
-0.012176
-0.011957
-0.011376
-0.010485
-0.009344
-0.008515
-0.007928
-0.006880
-0.005114
-0.003203
-0.001632
-0.000403
0.000761
0.002273
0.003796
0.004574
0.004827
0.004856
0.004631
0.004477
0.004021
0.002868
0.001483
0.000337
-0.000482
-0.001167
-0.001675
-0.002087
-0.002461
-0.002567
-0.002540
-0.002553
-0.002818
-0.002857
-0.002523
-0.002390
-0.002281
-0.002175
-0.002113
-0.002025
-0.002008
-0.001585
-0.000170
0.002077
0.004658
0.006795
0.008375
0.010060
0.012323
0.014542
0.016139
0.017629
0.018444
0.018857
0.019414
0.020001
0.020885
0.021749
0.022453
0.023157
0.023879
0.024257
0.024480
0.024733
0.024801
0.024651
0.024435
0.024128
0.023538
0.023028
0.022832
0.022419
0.021624
0.021264
0.021086
0.020561
0.020026
0.019524
0.019225
0.019405
0.019801
0.020164
0.020203
0.019688
0.019090
0.018593
0.018434
0.018639
0.018860
0.019144
0.019420
0.019708
0.020087
0.020727
0.021642
0.022771
0.023872
0.024681
0.025406
0.026054
0.026553
0.026887
0.027088
0.027070
0.026817
0.026420
0.025955
0.025608
0.025379
0.024906
0.024191
0.023752
0.023370
0.022695
0.021594
0.020209
0.019154
0.017970
0.016386
0.014838
0.013339
0.012056
0.010895
0.009804
0.008640
0.007426
0.006474
0.005796
0.005116
0.004136
0.003425
0.002814
0.002116
0.001943
0.001630
0.001268
0.001273
0.001243
0.001422
0.001867
0.002444
0.003277
0.004309
0.005354
0.006299
0.007063
0.007705
0.008121
0.008159
0.008047
0.007813
0.006991
0.005726
0.004237
0.002313
0.000391
-0.001417
-0.003006
-0.004060
-0.005118
-0.006175
-0.006792
-0.007037
-0.007015
-0.006938
-0.006719
-0.006364
-0.006109
-0.005980
-0.005865
-0.005643
-0.005308
-0.004950
-0.004722
-0.004404
-0.003906
-0.003624
-0.003681
-0.003757
-0.003421
-0.002761
-0.002512
-0.002873
-0.003562
-0.004195
-0.004627
-0.005296
-0.006015
-0.006532
-0.007165
-0.007807
-0.008477
-0.009345
-0.010052
-0.010576
-0.010990
-0.011488
-0.012302
-0.013232
-0.014041
-0.014459
-0.014538
-0.014638
-0.014936
-0.015111
-0.015061
-0.014829
-0.014459
-0.014230
-0.013982
-0.013749
-0.013523
-0.013183
-0.013294
-0.013561
-0.013584
-0.013903
-0.014233
-0.014432
-0.014819
-0.015321
-0.015896
-0.016487
-0.017323
-0.018023
-0.018330
-0.018978
-0.019776
-0.020307
-0.020774
-0.021099
-0.021224
-0.021384
-0.021466
-0.021191
-0.020696
-0.020077
-0.019293
-0.018402
-0.017650
-0.017125
-0.016330
-0.015348
-0.014507
-0.013317
-0.011943
-0.010932
-0.010471
-0.010366
-0.010138
-0.009903
-0.009531
-0.009020
-0.008931
-0.008779
-0.008621
-0.009366
-0.010420
-0.011209
-0.012187
-0.013440
-0.014492
-0.015597
-0.016802
-0.017629
-0.018486
-0.019215
-0.019590
-0.019825
-0.019873
-0.019508
-0.018923
-0.018446
-0.017689
-0.016741
-0.015896
-0.014957
-0.014108
-0.013775
-0.013687
-0.013331
-0.012724
-0.012036
-0.011015
-0.009590
-0.008316
-0.007657
-0.007335
-0.006758
-0.005667
-0.004290
-0.003338
-0.002934
-0.002553
-0.001919
-0.001319
-0.000958
-0.000868
-0.001020
-0.000945
-0.000859
-0.000810
-0.000393
0.000233
0.000800
0.001277
0.001778
0.002011
0.001971
0.002117
0.002304
0.002268
0.002311
0.002630
0.002815
0.002925
0.003073
0.003069
0.003219
0.003335
0.003308
0.003277
0.003179
0.003084
0.002846
0.002409
0.001886
0.001502
0.001395
0.001434
0.001419
0.001565
0.002362
0.003323
0.004122
0.005273
0.006570
0.007665
0.008710
0.009652
0.010210
0.010557
0.010415
0.009925
0.009786
0.009661
0.010032
0.011068
0.011854
0.012314
0.012556
0.012581
0.012663
0.012608
0.012445
0.012190
0.011534
0.010934
0.010497
0.009968
0.009337
0.008531
0.007671
0.006893
0.005877
0.004765
0.003799
0.002780
0.001638
0.000228
-0.001107
-0.002021
-0.002818
-0.003476
-0.003982
-0.004639
-0.005153
-0.005155
-0.004844
-0.004787
-0.005006
-0.005175
-0.005222
-0.005215
-0.005344
-0.005392
-0.005440
-0.005436
-0.005087
-0.004560
-0.003640
-0.002486
-0.001395
-0.000073
0.001640
0.003442
0.005302
0.007285
0.009062
0.010633
0.011824
0.012708
0.013809
0.015059
0.015964
0.016589
0.017314
0.018102
0.018753
0.019270
0.019798
0.020299
0.020505
0.020281
0.019665
0.018670
0.017455
0.016107
0.014753
0.013238
0.011436
0.009767
0.008031
0.006110
0.004412
0.002710
0.001057
-0.000140
-0.001621
-0.003366
-0.004357
-0.004692
-0.005012
-0.005777
-0.006717
-0.007474
-0.008123
-0.008700
-0.009363
-0.010351
-0.011662
-0.012832
-0.013168
-0.012639
-0.012072
-0.011750
-0.011469
-0.010919
-0.009727
-0.008212
-0.006775
-0.005544
-0.004378
-0.003111
-0.002258
-0.001719
-0.001119
-0.000750
-0.000224
0.000469
0.000903
0.001032
0.000874
0.000743
0.000582
0.000365
-0.000120
-0.000755
-0.001102
-0.001683
-0.002524
-0.003560
-0.004707
-0.005908
-0.007483
-0.008915
-0.009974
-0.010982
-0.012014
-0.013279
-0.014687
-0.015837
-0.017067
-0.018438
-0.019462
-0.020130
-0.020348
-0.020173
-0.020148
-0.020468
-0.020529
-0.019779
-0.018365
-0.016856
-0.015632
-0.014404
-0.012954
-0.011551
-0.010290
-0.009038
-0.007951
-0.006953
-0.005849
-0.004759
-0.003740
-0.002908
-0.002123
-0.001174
-0.000053
0.001145
0.002182
0.003071
0.003901
0.004650
0.005145
0.005443
0.005734
0.005892
0.005863
0.005874
0.006204
0.006748
0.007445
0.008290
0.008975
0.009561
0.010385
0.011415
0.012305
0.013105
0.013813
0.014438
0.015060
0.015156
0.015064
0.015088
0.014780
0.014495
0.014498
0.014447
0.014308
0.014261
0.014380
0.014684
0.015218
0.015886
0.016528
0.017268
0.018154
0.018880
0.019631
0.020577
0.021302
0.021687
0.021808
0.021696
0.021730
0.021950
0.021758
0.021430
0.021018
0.020386
0.019993
0.019543
0.018867
0.018043
0.017270
0.016883
0.016713
0.016589
0.016483
0.016355
0.015999
0.015763
0.015809
0.015792
0.015737
0.015592
0.015700
0.016196
0.016531
0.016524
0.016221
0.015485
0.014508
0.013391
0.012095
0.011072
0.010041
0.009004
0.008328
0.007758
0.007553
0.007340
0.006918
0.006539
0.005947
0.005318
0.004560
0.003646
0.002873
0.002135
0.001160
-0.000476
-0.002449
-0.004481
-0.006425
-0.007777
-0.008941
-0.010195
-0.011341
-0.012520
-0.013713
-0.014812
-0.015679
-0.016206
-0.016651
-0.017022
-0.017185
-0.017207
-0.017087
-0.017091
-0.017503
-0.018009
-0.018257
-0.018179
-0.018130
-0.018255
-0.018157
-0.017985
-0.017600
-0.016847
-0.016170
-0.015470
-0.014733
-0.014035
-0.013234
-0.012216
-0.011144
-0.010346
-0.009731
-0.009292
-0.008840
-0.007772
-0.006502
-0.005693
-0.005111
-0.004703
-0.004442
-0.003979
-0.003284
-0.002270
-0.001189
-0.000612
-0.000259
0.000238
0.000944
0.001685
0.002194
0.002662
0.003083
0.003319
0.003354
0.003099
0.002699
0.002215
0.001529
0.000797
0.000097
-0.000640
-0.001231
-0.001730
-0.002278
-0.002943
-0.003580
-0.004173
-0.005091
-0.006113
-0.006969
-0.007509
-0.007996
-0.008701
-0.009365
-0.010125
-0.010642
-0.010587
-0.010545
-0.010653
-0.010518
-0.010088
-0.009378
-0.008558
-0.007767
-0.006838
-0.005785
-0.004681
-0.003519
-0.002536
-0.001567
-0.000724
-0.000096
0.000779
0.001666
0.002359
0.002934
0.003494
0.003995
0.004306
0.004510
0.004426
0.003885
0.003312
0.002833
0.002146
0.001247
0.000337
-0.000465
-0.001276
-0.002193
-0.003160
-0.004401
-0.005319
-0.005685
-0.006473
-0.007374
-0.008048
-0.008887
-0.009794
-0.010513
-0.011250
-0.012194
-0.013235
-0.014314
-0.015230
-0.015972
-0.016849
-0.017377
-0.017597
-0.018156
-0.018018
-0.017153
-0.016308
-0.015768
-0.015824
-0.016104
-0.016641
-0.016690
-0.016135
-0.015969
-0.015718
-0.015275
-0.014995
-0.014384
-0.014032
-0.014194
-0.014236
-0.014340
-0.014084
-0.013598
-0.013707
-0.013634
-0.013070
-0.012797
-0.012568
-0.011973
-0.011184
-0.010446
-0.009589
-0.008806
-0.008169
-0.007275
-0.006529
-0.005952
-0.005347
-0.004864
-0.004665
-0.004378
-0.003884
-0.003297
-0.002360
-0.001708
-0.001161
-0.000820
-0.000607
0.000291
0.001061
0.001507
0.002061
0.002758
0.003652
0.004380
0.005144
0.006076
0.006776
0.007749
0.008841
0.009545
0.010321
0.011414
0.012589
0.013462
0.014002
0.014630
0.015250
0.015461
0.015535
0.015158
0.014105
0.013066
0.011918
0.010618
0.009520
0.008153
0.006456
0.005072
0.004109
0.003253
0.002346
0.001893
0.001739
0.001571
0.001591
0.001503
0.001541
0.001516
0.001337
0.001303
0.000880
0.000171
-0.000706
-0.001558
-0.002055
-0.002681
-0.003545
-0.004603
-0.005648
-0.006368
-0.006773
-0.007280
-0.008474
-0.009746
-0.010735
-0.011498
-0.011560
-0.011362
-0.011635
-0.012410
-0.013308
-0.014157
-0.014799
-0.015156
-0.015567
-0.016344
-0.017262
-0.018059
-0.018768
-0.019275
-0.019553
-0.019576
-0.019572
-0.019138
-0.018340
-0.017584
-0.016618
-0.015734
-0.014950
-0.014416
-0.014131
-0.013784
-0.013490
-0.013453
-0.013583
-0.013514
-0.013382
-0.013237
-0.013072
-0.013097
-0.012855
-0.012173
-0.011373
-0.010356
-0.009282
-0.008865
-0.009046
-0.009216
-0.009014
-0.008315
-0.007517
-0.006670
-0.005783
-0.005248
-0.005068
-0.005267
-0.005653
-0.006081
-0.007155
-0.008509
-0.009593
-0.010674
-0.011571
-0.012280
-0.013031
-0.013441
-0.013619
-0.013890
-0.013956
-0.014163
-0.014330
-0.014052
-0.013629
-0.013043
-0.012434
-0.012025
-0.011673
-0.011130
-0.010368
-0.009636
-0.009049
-0.008583
-0.008059
-0.007546
-0.007338
-0.007054
-0.006645
-0.006353
-0.006192
-0.006043
-0.005902
-0.005820
-0.005259
-0.004817
-0.004950
-0.004892
-0.004852
-0.005002
-0.005257
-0.005565
-0.005543
-0.005479
-0.005370
-0.004957
-0.004667
-0.004388
-0.004279
-0.004227
-0.003918
-0.003943
-0.004022
-0.004220
-0.004805
-0.005136
-0.005376
-0.005526
-0.005949
-0.006849
-0.007043
-0.006898
-0.006558
-0.005957
-0.005485
-0.004638
-0.004111
-0.004064
-0.003898
-0.003848
-0.003869
-0.004211
-0.004765
-0.005052
-0.005349
-0.005811
-0.005783
-0.005710
-0.006005
-0.005949
-0.006145
-0.006394
-0.006089
-0.005517
-0.004525
-0.003349
-0.002262
-0.001467
-0.000888
-0.000241
0.000214
0.000550
0.000724
0.000899
0.001104
0.001139
0.001425
0.001951
0.002414
0.002578
0.002871
0.003454
0.004155
0.005026
0.005824
0.006655
0.007366
0.007945
0.008789
0.009951
0.011370
0.012538
0.013479
0.014516
0.015752
0.017181
0.018145
0.018861
0.019418
0.019840
0.020622
0.021303
0.021758
0.022127
0.022569
0.023055
0.023509
0.024092
0.024636
0.025491
0.026508
0.027218
0.027830
0.028155
0.028549
0.029336
0.029636
0.029527
0.029631
0.029502
0.029069
0.028660
0.028089
0.027458
0.026389
0.024896
0.024018
0.023807
0.023875
0.023845
0.023573
0.023084
0.022361
0.022022
0.022035
0.022063
0.022265
0.022287
0.021933
0.021533
0.020982
0.019946
0.018864
0.018208
0.017493
0.016615
0.015965
0.014918
0.013251
0.011926
0.011053
0.010123
0.009000
0.007879
0.006953
0.005902
0.004908
0.004082
0.003248
0.002472
0.001394
0.000666
0.000338
0.000102
0.000782
0.001605
0.001843
0.001959
0.001636
0.001190
0.001652
0.002713
0.003748
0.004546
0.005330
0.006357
0.007444
0.008285
0.008953
0.009347
0.009243
0.009097
0.008879
0.008745
0.008583
0.008209
0.007840
0.007388
0.007096
0.006803
0.006316
0.005861
0.005559
0.005345
0.005017
0.004760
0.004386
0.003679
0.002969
0.002218
0.001816
0.001917
0.001737
0.001281
0.001313
0.001655
0.001637
0.001617
0.001985
0.002340
0.002679
0.003078
0.003164
0.003144
0.003307
0.003472
0.003686
0.003993
0.004295
0.004422
0.004386
0.004465
0.004493
0.004440
0.004389
0.004106
0.003678
0.003194
0.002593
0.002082
0.001735
0.001347
0.001013
0.000947
0.001051
0.000905
0.000543
0.000062
-0.000529
-0.000917
-0.001360
-0.001664
-0.001933
-0.002443
-0.002708
-0.003152
-0.003786
-0.004054
-0.004149
-0.004323
-0.004704
-0.005199
-0.005503
-0.005530
-0.005536
-0.005715
-0.005997
-0.006602
-0.007285
-0.007675
-0.007847
-0.007832
-0.008068
-0.008512
-0.008798
-0.008848
-0.008921
-0.008868
-0.008498
-0.008128
-0.007486
-0.007054
-0.006974
-0.006742
-0.006527
-0.006400
-0.006555
-0.006737
-0.006653
-0.006829
-0.007236
-0.007341
-0.007581
-0.008029
-0.008336
-0.008535
-0.008570
-0.008729
-0.008848
-0.009015
-0.009434
-0.009548
-0.009586
-0.009766
-0.009605
-0.009056
-0.008822
-0.009059
-0.009005
-0.008556
-0.007835
-0.007052
-0.006874
-0.006851
-0.006340
-0.005810
-0.005481
-0.005149
-0.004710
-0.004146
-0.003515
-0.002722
-0.001988
-0.001524
-0.001074
-0.000618
-0.000216
0.000184
0.000557
0.000764
0.001006
0.001224
0.001045
0.000661
0.000137
-0.000418
-0.000629
-0.000497
-0.000064
0.000278
0.000099
-0.000082
-0.000108
-0.000207
-0.000250
-0.000346
-0.000479
-0.000337
-0.000497
-0.001077
-0.001540
-0.002477
-0.003563
-0.004397
-0.005406
-0.006346
-0.007391
-0.008571
-0.009561
-0.010480
-0.011366
-0.011951
-0.012097
-0.012042
-0.012081
-0.012158
-0.011886
-0.010961
-0.009876
-0.009260
-0.008943
-0.008716
-0.008270
-0.007496
-0.006479
-0.005178
-0.003713
-0.002174
-0.000804
0.000026
0.000373
0.000862
0.001531
0.001971
0.002316
0.002482
0.002329
0.002144
0.001712
0.000983
0.000292
-0.000301
-0.001057
-0.002078
-0.002792
-0.003121
-0.003344
-0.003608
-0.003897
-0.003924
-0.003714
-0.003316
-0.002943
-0.002616
-0.002056
-0.001266
-0.000317
0.000543
0.001430
0.002361
0.003008
0.003448
0.003865
0.004236
0.004671
0.005154
0.005427
0.005734
0.006126
0.006531
0.007061
0.007381
0.007590
0.007844
0.008172
0.008929
0.009781
0.010669
0.011685
0.012609
0.013626
0.014557
0.015121
0.015590
0.016108
0.016394
0.016513
0.016466
0.016333
0.016383
0.016293
0.016079
0.015906
0.015767
0.015654
0.015479
0.015185
0.014458
0.013161
0.011633
0.010387
0.009122
0.007843
0.007011
0.005783
0.004182
0.003014
0.001876
0.000542
-0.000722
-0.001796
-0.002575
-0.003422
-0.004441
-0.005128
-0.005607
-0.005909
-0.006078
-0.006454
-0.006909
-0.007133
-0.007265
-0.007499
-0.007349
-0.006896
-0.006794
-0.006894
-0.006966
-0.006995
-0.006664
-0.006295
-0.005996
-0.005632
-0.005513
-0.005074
-0.004362
-0.004008
-0.003690
-0.003568
-0.003648
-0.003606
-0.003660
-0.003788
-0.003970
-0.004100
-0.004375
-0.004912
-0.005191
-0.005363
-0.005714
-0.005899
-0.005795
-0.005562
-0.005213
-0.004899
-0.004533
-0.004084
-0.003692
-0.003438
-0.003244
-0.002903
-0.002687
-0.002582
-0.002403
-0.002216
-0.002143
-0.002367
-0.002667
-0.003147
-0.003667
-0.003948
-0.004543
-0.005297
-0.005606
-0.005657
-0.006049
-0.006577
-0.006850
-0.007017
-0.007185
-0.007248
-0.006974
-0.006654
-0.006601
-0.006693
-0.007167
-0.007813
-0.008038
-0.008002
-0.007671
-0.007520
-0.007892
-0.008179
-0.008353
-0.008179
-0.007562
-0.007027
-0.006955
-0.007231
-0.007489
-0.007695
-0.007785
-0.007619
-0.007307
-0.007143
-0.006932
-0.006754
-0.006776
-0.006606
-0.006238
-0.005792
-0.005501
-0.005446
-0.005283
-0.004922
-0.004315
-0.003495
-0.002840
-0.002111
-0.001308
-0.000774
-0.000186
0.000485
0.001554
0.003157
0.004622
0.006009
0.007150
0.007536
0.007362
0.007556
0.008489
0.009315
0.010004
0.010658
0.011104
0.011510
0.011942
0.012403
0.012958
0.013339
0.013585
0.014212
0.014907
0.015316
0.015480
0.015408
0.015156
0.015125
0.015392
0.015675
0.015728
0.015401
0.015071
0.014736
0.014356
0.014214
0.013906
0.013310
0.012956
0.012606
0.012131
0.011939
0.011674
0.011059
0.010437
0.010058
0.009772
0.009396
0.009046
0.008733
0.008417
0.008133
0.008068
0.007934
0.007490
0.007146
0.006745
0.006298
0.005843
0.005313
0.004890
0.004487
0.004194
0.003935
0.003533
0.003179
0.002952
0.002799
0.002835
0.002950
0.002973
0.002813
0.002443
0.002219
0.002316
0.002357
0.002319
0.002056
0.001418
0.000878
0.000797
0.000850
0.000906
0.001028
0.000822
0.000589
0.000309
-0.000381
-0.001154
-0.002090
-0.003109
-0.003923
-0.004882
-0.005901
-0.006774
-0.007430
-0.007919
-0.008409
-0.008923
-0.009740
-0.010739
-0.011623
-0.012264
-0.012556
-0.012740
-0.012944
-0.013185
-0.013494
-0.013522
-0.013259
-0.012930
-0.012777
-0.012784
-0.012475
-0.012162
-0.011784
-0.011143
-0.010596
-0.010029
-0.009505
-0.009111
-0.008827
-0.008584
-0.008197
-0.007564
-0.006923
-0.006425
-0.005580
-0.004363
-0.003130
-0.001774
-0.000379
0.000916
0.002346
0.003765
0.005060
0.006548
0.008073
0.009205
0.009916
0.010459
0.010937
0.011458
0.011919
0.012057
0.012138
0.012214
0.012161
0.012012
0.011915
0.011860
0.011499
0.011256
0.011338
0.011118
0.010817
0.010635
0.010486
0.010795
0.011248
0.011453
0.011523
0.011644
0.011521
0.010990
0.010615
0.010797
0.011408
0.011736
0.011448
0.010875
0.010556
0.010682
0.011061
0.011432
0.011786
0.012061
0.011939
0.011664
0.011359
0.010819
0.010207
0.009692
0.009195
0.008681
0.008004
0.007195
0.006486
0.005909
0.005570
0.005027
0.004121
0.003315
0.002672
0.001965
0.001250
0.000529
-0.000580
-0.001680
-0.002654
-0.003922
-0.005221
-0.006139
-0.006541
-0.006625
-0.006550
-0.006461
-0.007007
-0.008180
-0.009255
-0.009791
-0.009895
-0.010076
-0.010371
-0.010709
-0.010871
-0.010907
-0.010721
-0.010321
-0.010141
-0.009726
-0.009493
-0.009493
-0.008896
-0.008119
-0.007616
-0.007049
-0.006121
-0.005094
-0.004226
-0.003277
-0.002047
-0.000742
0.000538
0.001916
0.003206
0.004011
0.004572
0.005189
0.005843
0.006502
0.007079
0.007495
0.007721
0.007839
0.007782
0.007589
0.007215
0.006755
0.006423
0.006146
0.005776
0.005293
0.005014
0.005011
0.005296
0.005752
0.005939
0.006141
0.006599
0.006827
0.007047
0.007363
0.007645
0.007982
0.008157
0.008610
0.009128
0.009335
0.009763
0.010444
0.011125
0.011897
0.012583
0.013198
0.014148
0.015159
0.015941
0.016281
0.016142
0.015792
0.015400
0.014913
0.014500
0.014190
0.013184
0.011785
0.010651
0.009460
0.008286
0.007181
0.006037
0.004915
0.003767
0.002736
0.001818
0.001131
0.000783
0.000494
0.001057
0.001008
0.000599
-0.000327
-0.001078
-0.001246
-0.001188
-0.001304
-0.001551
-0.002176
-0.003010
-0.003698
-0.004448
-0.005187
-0.006031
-0.007058
-0.008023
-0.008706
-0.009180
-0.009730
-0.010089
-0.010429
-0.010973
-0.011251
-0.011327
-0.011193
-0.010898
-0.010800
-0.010689
-0.010500
-0.010183
-0.009639
-0.009330
-0.009196
-0.008985
-0.008630
-0.008228
-0.007816
-0.007318
-0.006986
-0.006666
-0.006098
-0.005478
-0.004895
-0.004224
-0.003676
-0.003593
-0.003788
-0.003702
-0.003549
-0.003915
-0.004539
-0.005028
-0.005442
-0.005819
-0.006372
-0.007246
-0.007974
-0.008482
-0.008761
-0.008727
-0.008779
-0.008855
-0.008593
-0.008037
-0.007680
-0.007449
-0.007096
-0.006370
-0.005056
-0.003629
-0.002397
-0.001462
-0.000641
0.000170
0.001178
0.002433
0.003869
0.005217
0.005993
0.006507
0.007032
0.007494
0.008037
0.008761
0.009118
0.009102
0.009123
0.009094
0.009045
0.009055
0.009245
0.009482
0.009642
0.009894
0.010032
0.009449
0.008289
0.007369
0.006862
0.006763
0.007097
0.007436
0.007618
0.007610
0.007030
0.005963
0.004947
0.004568
0.004674
0.004442
0.003890
0.003554
0.003588
0.003734
0.003955
0.004162
0.003945
0.003629
0.003473
0.003280
0.003178
0.003079
0.002501
0.001818
0.001636
0.001765
0.002074
0.001991
0.001424
0.000911
0.000627
0.000641
0.000464
0.000165
0.000024
-0.000082
-0.000063
0.000072
0.000305
0.000394
0.000327
0.000250
-0.000065
-0.000506
-0.001041
-0.001562
-0.001952
-0.002596
-0.003296
-0.003864
-0.004206
-0.004191
-0.004212
-0.004328
-0.004451
-0.004561
-0.004551
-0.004626
-0.004670
-0.004429
-0.004040
-0.003516
-0.003135
-0.002904
-0.002492
-0.002130
-0.001952
-0.001784
-0.001439
-0.001168
-0.000995
-0.000624
-0.000268
0.000033
0.000498
0.001040
0.001382
0.001581
0.001679
0.001878
0.002331
0.002619
0.002758
0.002810
0.002745
0.002801
0.002790
0.002798
0.002914
0.002788
0.002678
0.002811
0.002725
0.002485
0.002399
0.002277
0.002215
0.002216
0.002085
0.002089
0.002324
0.002730
0.003240
0.003629
0.003789
0.003862
0.004077
0.004420
0.004953
0.005543
0.006189
0.006761
0.006824
0.006687
0.006692
0.006775
0.006699
0.006260
0.005752
0.005533
0.005165
0.004563
0.004066
0.003589
0.003306
0.003096
0.002773
0.002502
0.002295
0.001963
0.001461
0.001031
0.000519
-0.000171
-0.000798
-0.001479
-0.002204
-0.002813
-0.003417
-0.003854
-0.004067
-0.004175
-0.004195
-0.004220
-0.004259
-0.004143
-0.003712
-0.003256
-0.002803
-0.002469
-0.002349
-0.002167
-0.001942
-0.001727
-0.001652
-0.001668
-0.001599
-0.001532
-0.001499
-0.001601
-0.001962
-0.002357
-0.002761
-0.003370
-0.004162
-0.004801
-0.004830
-0.004515
-0.004450
-0.004587
-0.004678
-0.004823
-0.005027
-0.004999
-0.004900
-0.004800
-0.004724
-0.004948
-0.005168
-0.005250
-0.005222
-0.005051
-0.005019
-0.005000
-0.004975
-0.005128
-0.005386
-0.005791
-0.006181
-0.006487
-0.006834
-0.007037
-0.007136
-0.007363
-0.007645
-0.007774
-0.007754
-0.007780
-0.007874
-0.008045
-0.008175
-0.008160
-0.008051
-0.007913
-0.007882
-0.007831
-0.007823
-0.007986
-0.008116
-0.008262
-0.008472
-0.008478
-0.008288
-0.008123
-0.007916
-0.007659
-0.007350
-0.006979
-0.006617
-0.006165
-0.005623
-0.005257
-0.005087
-0.004822
-0.004514
-0.004340
-0.004333
-0.004253
-0.004022
-0.003855
-0.003715
-0.003616
-0.003398
-0.003038
-0.002847
-0.002707
-0.002505
-0.002322
-0.002156
-0.002229
-0.002402
-0.002470
-0.002573
-0.002599
-0.002739
-0.003012
-0.003226
-0.003478
-0.003639
-0.003780
-0.003926
-0.003827
-0.003706
-0.003660
-0.003417
-0.003132
-0.002855
-0.002485
-0.002146
-0.001704
-0.001283
-0.001138
-0.000945
-0.000621
-0.000254
0.000104
0.000211
-0.000079
-0.000742
-0.001320
-0.001651
-0.002001
-0.002303
-0.002394
-0.002401
-0.002356
-0.002206
-0.002153
-0.002219
-0.002237
-0.002149
-0.001967
-0.001761
-0.001633
-0.001601
-0.001494
-0.001307
-0.001182
-0.001055
-0.000919
-0.000788
-0.000743
-0.000821
-0.000942
-0.000961
-0.000910
-0.001023
-0.001187
-0.001382
-0.001670
-0.001884
-0.002038
-0.002131
-0.002053
-0.001886
-0.001770
-0.001749
-0.001722
-0.001714
-0.001738
-0.001695
-0.001691
-0.001738
-0.001765
-0.001832
-0.001889
-0.001967
-0.002164
-0.002325
-0.002416
-0.002523
-0.002647
-0.002864
-0.003039
-0.003102
-0.003166
-0.003101
-0.002944
-0.002842
-0.002852
-0.002934
-0.002984
-0.003062
-0.003111
-0.003167
-0.003336
-0.003544
-0.003779
-0.004032
-0.004234
-0.004384
-0.004532
-0.004545
-0.004445
-0.004451
-0.004391
-0.004230
-0.004109
-0.003868
-0.003509
-0.003213
-0.003044
-0.002817
-0.002488
-0.002269
-0.002101
-0.001874
-0.001587
-0.001224
-0.000912
-0.000748
-0.000639
-0.000527
-0.000504
-0.000606
-0.000693
-0.000602
-0.000337
-0.000110
-0.000036
-0.000080
-0.000085
0.000064
0.000318
0.000640
0.000899
0.001076
0.001242
0.001380
0.001604
0.001863
0.002023
0.002154
0.002327
0.002516
0.002628
0.002688
0.002767
0.002802
0.002831
0.002793
0.002656
0.002525
0.002366
0.002146
0.001927
0.001691
0.001376
0.001110
0.000860
0.000601
0.000440
0.000331
0.000333
0.000440
0.000423
0.000256
0.000020
-0.000241
-0.000404
-0.000504
-0.000585
-0.000628
-0.000651
-0.000729
-0.000820
-0.000785
-0.000714
-0.000614
-0.000525
-0.000477
-0.000415
-0.000386
-0.000289
-0.000137
-0.000054
-0.000032
-0.000013
0.000038
0.000072
0.000062
0.000040
0.000009
-0.000045
-0.000111
-0.000174
-0.000239
-0.000324
-0.000457
-0.000563
-0.000599
-0.000636
-0.000689
-0.000731
-0.000697
-0.000585
-0.000501
-0.000460
-0.000442
-0.000381
-0.000276
-0.000214
-0.000168
-0.000131
-0.000098
-0.000043
-0.000004
0.000022
0.000065
0.000107
0.000172
0.000227
0.000268
0.000313
0.000372
0.000496
0.000582
0.000627
0.000684
0.000741
0.000834
0.000908
0.000954
0.001023
0.001105
0.001189
0.001239
0.001239
0.001219
0.001188
0.001159
0.001160
0.001159
0.001131
0.001087
0.001024
0.000977
0.000940
0.000903
0.000875
0.000847
0.000839
0.000831
0.000820
0.000820
0.000819
0.000824
0.000853
0.000939
0.001048
0.001145
0.001231
0.001301
0.001380
0.001489
0.001630
0.001764
0.001836
0.001844
0.001852
0.001906
0.001996
0.002083
0.002127
0.002120
0.002068
0.002018
0.001999
0.001999
0.001983
0.001941
0.001888
0.001818
0.001746
0.001693
0.001648
0.001592
0.001537
0.001488
0.001427
0.001346
0.001243
0.001171
0.001144
0.001130
0.001108
0.001083
0.001076
0.001083
0.001091
0.001097
0.001105
0.001112
0.001104
0.001094
0.001091
0.001088
0.001087
0.001084
0.001081
0.001089
0.001094
0.001091
0.001091
0.001089
0.001084
0.001084
0.001074
0.001063
0.001054
0.001041
0.001035
0.001026
0.001006
0.000993
0.000997
0.001006
0.001018
0.001024
0.001015
0.000999
0.000981
0.000963
0.000943
0.000926
0.000913
0.000894
0.000866
0.000832
0.000803
0.000783
0.000766
0.000742
0.000717
0.000695
0.000676
0.000659
0.000644
0.000632
0.000624
0.000617
0.000611
0.000607
0.000604
0.000601
0.000602
0.000602
0.000598
0.000593
0.000585
0.000577
0.000572
0.000571
0.000567
0.000559
0.000550
0.000543
0.000536
0.000529
0.000520
0.000511
0.000502
0.000493
0.000485
0.000477
0.000470
0.000462
0.000454
0.000448
0.000442
0.000436
0.000428
0.000420
0.000414
0.000405
0.000400
0.000394
0.000386
0.000379
0.000370
0.000364
0.000356
0.000347
0.000340
0.000333
0.000326
0.000319
0.000312
0.000305
0.000299
0.000292
0.000286
0.000280
0.000274
0.000268
0.000263
0.000257
0.000252
0.000246
0.000242
0.000237
0.000232
0.000227
0.000223
0.000219
0.000215
0.000211
0.000207
0.000203
0.000199
0.000196
0.000192
0.000188
0.000185
0.000181
0.000178
0.000174
0.000171
0.000167
0.000164
0.000160
0.000157
0.000153
0.000150
0.000146
0.000143
0.000139
0.000136
0.000133
