0.000255
0.000254
0.000253
0.000252
0.000251
0.000250
0.000248
0.000247
0.000245
0.000244
0.000241
0.000239
0.000236
0.000233
0.000230
0.000227
0.000225
0.000223
0.000221
0.000219
0.000216
0.000212
0.000208
0.000205
0.000204
0.000204
0.000202
0.000199
0.000191
0.000180
0.000167
0.000153
0.000141
0.000133
0.000129
0.000127
0.000124
0.000118
0.000109
0.000100
0.000091
0.000082
0.000073
0.000067
0.000060
0.000052
0.000039
0.000023
0.000003
-0.000018
-0.000040
-0.000061
-0.000077
-0.000085
-0.000084
-0.000080
-0.000074
-0.000064
-0.000043
-0.000012
0.000021
0.000048
0.000064
0.000067
0.000059
0.000043
0.000022
-0.000001
-0.000029
-0.000067
-0.000116
-0.000175
-0.000238
-0.000300
-0.000357
-0.000412
-0.000467
-0.000511
-0.000530
-0.000527
-0.000514
-0.000500
-0.000492
-0.000492
-0.000502
-0.000521
-0.000546
-0.000575
-0.000603
-0.000630
-0.000659
-0.000699
-0.000754
-0.000811
-0.000855
-0.000881
-0.000888
-0.000879
-0.000860
-0.000818
-0.000731
-0.000606
-0.000490
-0.000417
-0.000395
-0.000408
-0.000442
-0.000497
-0.000575
-0.000668
-0.000766
-0.000858
-0.000938
-0.001001
-0.001049
-0.001097
-0.001162
-0.001235
-0.001298
-0.001335
-0.001331
-0.001271
-0.001170
-0.001062
-0.000979
-0.000935
-0.000934
-0.000971
-0.001035
-0.001112
-0.001190
-0.001258
-0.001311
-0.001345
-0.001363
-0.001368
-0.001365
-0.001360
-0.001356
-0.001356
-0.001362
-0.001372
-0.001374
-0.001343
-0.001256
-0.001113
-0.000933
-0.000746
-0.000601
-0.000543
-0.000585
-0.000717
-0.000909
-0.001127
-0.001326
-0.001457
-0.001495
-0.001466
-0.001414
-0.001368
-0.001348
-0.001360
-0.001403
-0.001468
-0.001545
-0.001621
-0.001698
-0.001795
-0.001924
-0.002056
-0.002151
-0.002192
-0.002177
-0.002130
-0.002099
-0.002131
-0.002240
-0.002393
-0.002523
-0.002583
-0.002542
-0.002375
-0.002099
-0.001786
-0.001510
-0.001317
-0.001225
-0.001229
-0.001311
-0.001467
-0.001715
-0.002078
-0.002562
-0.003135
-0.003739
-0.004316
-0.004839
-0.005309
-0.005698
-0.005958
-0.006071
-0.006049
-0.005915
-0.005649
-0.005206
-0.004592
-0.003867
-0.003112
-0.002382
-0.001692
-0.001059
-0.000524
-0.000149
0.000023
-0.000001
-0.000152
-0.000330
-0.000493
-0.000641
-0.000779
-0.000876
-0.000889
-0.000829
-0.000771
-0.000806
-0.000963
-0.001191
-0.001420
-0.001586
-0.001620
-0.001477
-0.001162
-0.000689
-0.000076
0.000628
0.001372
0.002135
0.002887
0.003581
0.004174
0.004636
0.004956
0.005140
0.005211
0.005196
0.005130
0.005032
0.004863
0.004548
0.004100
0.003585
0.003024
0.002402
0.001722
0.001082
0.000607
0.000333
0.000257
0.000393
0.000755
0.001289
0.001841
0.002307
0.002702
0.003026
0.003199
0.003104
0.002704
0.002091
0.001400
0.000751
0.000219
-0.000201
-0.000611
-0.001087
-0.001642
-0.002242
-0.002838
-0.003376
-0.003814
-0.004110
-0.004218
-0.004132
-0.003926
-0.003692
-0.003497
-0.003372
-0.003306
-0.003235
-0.003104
-0.002897
-0.002621
-0.002283
-0.001866
-0.001368
-0.000834
-0.000349
0.000032
0.000360
0.000712
0.001126
0.001632
0.002244
0.002935
0.003614
0.004152
0.004424
0.004344
0.003877
0.003070
0.002040
0.000937
-0.000112
-0.001039
-0.001793
-0.002299
-0.002449
-0.002164
-0.001466
-0.000450
0.000773
0.002075
0.003311
0.004367
0.005192
0.005811
0.006235
0.006446
0.006457
0.006339
0.006199
0.006087
0.005971
0.005783
0.005473
0.005043
0.004532
0.003996
0.003491
0.003063
0.002739
0.002530
0.002427
0.002408
0.002446
0.002511
0.002584
0.002682
0.002895
0.003326
0.004024
0.004953
0.005990
0.006959
0.007706
0.008159
0.008349
0.008370
0.008316
0.008285
0.008369
0.008615
0.009022
0.009580
0.010221
0.010799
0.011126
0.011090
0.010744
0.010192
0.009484
0.008588
0.007465
0.006161
0.004789
0.003478
0.002341
0.001452
0.000843
0.000502
0.000386
0.000430
0.000567
0.000739
0.000932
0.001168
0.001460
0.001788
0.002125
0.002440
0.002705
0.002902
0.002999
0.002948
0.002728
0.002369
0.001928
0.001470
0.001048
0.000668
0.000298
-0.000076
-0.000421
-0.000665
-0.000757
-0.000694
-0.000507
-0.000244
0.000044
0.000312
0.000545
0.000768
0.000991
0.001178
0.001322
0.001483
0.001739
0.002161
0.002795
0.003660
0.004746
0.006006
0.007351
0.008662
0.009816
0.010689
0.011137
0.011050
0.010413
0.009295
0.007827
0.006190
0.004531
0.002898
0.001238
-0.000517
-0.002320
-0.004078
-0.005760
-0.007302
-0.008598
-0.009603
-0.010310
-0.010703
-0.010825
-0.010769
-0.010595
-0.010302
-0.009870
-0.009305
-0.008643
-0.007907
-0.007143
-0.006441
-0.005857
-0.005366
-0.004902
-0.004407
-0.003869
-0.003343
-0.002921
-0.002668
-0.002619
-0.002801
-0.003204
-0.003774
-0.004462
-0.005225
-0.006002
-0.006753
-0.007459
-0.008070
-0.008530
-0.008855
-0.009118
-0.009405
-0.009754
-0.010154
-0.010576
-0.010977
-0.011302
-0.011439
-0.011256
-0.010682
-0.009744
-0.008542
-0.007153
-0.005616
-0.003975
-0.002255
-0.000458
0.001404
0.003289
0.005148
0.006937
0.008610
0.010072
0.011189
0.011853
0.012056
0.011902
0.011502
0.010918
0.010188
0.009359
0.008502
0.007693
0.006995
0.006441
0.005989
0.005522
0.004951
0.004257
0.003438
0.002517
0.001560
0.000650
-0.000138
-0.000747
-0.001130
-0.001240
-0.001077
-0.000702
-0.000204
0.000323
0.000799
0.001170
0.001409
0.001514
0.001481
0.001293
0.000996
0.000691
0.000459
0.000342
0.000338
0.000390
0.000412
0.000349
0.000186
-0.000065
-0.000407
-0.000851
-0.001374
-0.001926
-0.002457
-0.002957
-0.003442
-0.003914
-0.004358
-0.004766
-0.005194
-0.005708
-0.006285
-0.006843
-0.007314
-0.007656
-0.007872
-0.008014
-0.008114
-0.008148
-0.008094
-0.007935
-0.007644
-0.007213
-0.006676
-0.006093
-0.005527
-0.005034
-0.004682
-0.004537
-0.004621
-0.004917
-0.005397
-0.005952
-0.006419
-0.006742
-0.006929
-0.006928
-0.006695
-0.006255
-0.005681
-0.005083
-0.004586
-0.004287
-0.004217
-0.004354
-0.004637
-0.004987
-0.005297
-0.005454
-0.005403
-0.005151
-0.004752
-0.004286
-0.003820
-0.003367
-0.002907
-0.002437
-0.001942
-0.001394
-0.000794
-0.000177
0.000404
0.000870
0.001136
0.001165
0.000956
0.000516
-0.000110
-0.000833
-0.001554
-0.002188
-0.002670
-0.002935
-0.002920
-0.002585
-0.001927
-0.000983
0.000152
0.001342
0.002451
0.003372
0.004044
0.004450
0.004616
0.004595
0.004452
0.004260
0.004110
0.004073
0.004138
0.004243
0.004316
0.004209
0.003739
0.002815
0.001482
-0.000101
-0.001697
-0.003080
-0.004136
-0.004844
-0.005227
-0.005305
-0.005123
-0.004788
-0.004406
-0.004017
-0.003641
-0.003279
-0.002907
-0.002521
-0.002177
-0.001927
-0.001792
-0.001767
-0.001857
-0.002083
-0.002442
-0.002886
-0.003352
-0.003753
-0.003988
-0.004003
-0.003808
-0.003455
-0.003016
-0.002572
-0.002221
-0.002036
-0.001997
-0.001980
-0.001812
-0.001350
-0.000518
0.000720
0.002312
0.004101
0.005848
0.007332
0.008442
0.009140
0.009410
0.009294
0.008892
0.008333
0.007769
0.007352
0.007175
0.007263
0.007612
0.008154
0.008745
0.009249
0.009563
0.009606
0.009323
0.008706
0.007818
0.006784
0.005742
0.004814
0.004084
0.003587
0.003302
0.003145
0.003020
0.002865
0.002660
0.002426
0.002230
0.002143
0.002189
0.002358
0.002613
0.002907
0.003194
0.003442
0.003664
0.003885
0.004083
0.004209
0.004240
0.004211
0.004197
0.004251
0.004387
0.004587
0.004794
0.004923
0.004910
0.004745
0.004454
0.004048
0.003488
0.002720
0.001732
0.000578
-0.000643
-0.001848
-0.002960
-0.003877
-0.004538
-0.004968
-0.005188
-0.005199
-0.005025
-0.004720
-0.004348
-0.003942
-0.003490
-0.002958
-0.002308
-0.001518
-0.000647
0.000145
0.000701
0.000946
0.000849
0.000423
-0.000251
-0.001007
-0.001616
-0.001906
-0.001826
-0.001417
-0.000748
0.000147
0.001252
0.002530
0.003923
0.005366
0.006764
0.008017
0.009044
0.009825
0.010405
0.010842
0.011160
0.011342
0.011359
0.011215
0.010972
0.010728
0.010531
0.010371
0.010265
0.010269
0.010445
0.010864
0.011592
0.012608
0.013799
0.015015
0.016135
0.017099
0.017850
0.018301
0.018351
0.017933
0.017081
0.015857
0.014280
0.012420
0.010427
0.008454
0.006604
0.004935
0.003507
0.002398
0.001628
0.001138
0.000881
0.000837
0.000962
0.001195
0.001469
0.001693
0.001775
0.001674
0.001406
0.001019
0.000556
0.000031
-0.000504
-0.000959
-0.001303
-0.001545
-0.001671
-0.001660
-0.001518
-0.001251
-0.000871
-0.000472
-0.000191
-0.000080
-0.000130
-0.000339
-0.000693
-0.001150
-0.001682
-0.002290
-0.002980
-0.003741
-0.004546
-0.005427
-0.006497
-0.007788
-0.009209
-0.010618
-0.011879
-0.012890
-0.013591
-0.013977
-0.014082
-0.013959
-0.013643
-0.013149
-0.012476
-0.011605
-0.010491
-0.009058
-0.007260
-0.005201
-0.003091
-0.001116
0.000597
0.001961
0.002933
0.003516
0.003724
0.003588
0.003174
0.002544
0.001719
0.000764
-0.000179
-0.000982
-0.001567
-0.001912
-0.002057
-0.002102
-0.002175
-0.002384
-0.002777
-0.003340
-0.004051
-0.004932
-0.006064
-0.007556
-0.009488
-0.011863
-0.014593
-0.017507
-0.020387
-0.022995
-0.025112
-0.026555
-0.027166
-0.026830
-0.025549
-0.023443
-0.020702
-0.017482
-0.013855
-0.009937
-0.005944
-0.002075
0.001561
0.004984
0.008249
0.011360
0.014295
0.017029
0.019434
0.021298
0.022451
0.022805
0.022333
0.021052
0.019023
0.016401
0.013390
0.010113
0.006627
0.002976
-0.000764
-0.004490
-0.008096
-0.011420
-0.014221
-0.016318
-0.017679
-0.018302
-0.018162
-0.017241
-0.015570
-0.013264
-0.010520
-0.007573
-0.004617
-0.001791
0.000803
0.003131
0.005218
0.007075
0.008688
0.010069
0.011209
0.012061
0.012630
0.012983
0.013192
0.013309
0.013373
0.013437
0.013557
0.013722
0.013866
0.013936
0.013908
0.013777
0.013521
0.013103
0.012495
0.011706
0.010799
0.009867
0.009000
0.008271
0.007742
0.007472
0.007477
0.007714
0.008103
0.008566
0.009068
0.009612
0.010224
0.010965
0.011909
0.013083
0.014437
0.015859
0.017206
0.018343
0.019143
0.019501
0.019368
0.018751
0.017703
0.016251
0.014416
0.012308
0.010080
0.007836
0.005647
0.003582
0.001722
0.000127
-0.001192
-0.002230
-0.002960
-0.003409
-0.003671
-0.003827
-0.003887
-0.003780
-0.003423
-0.002786
-0.001912
-0.000864
0.000329
0.001630
0.002939
0.004108
0.004973
0.005405
0.005287
0.004518
0.003094
0.001144
-0.001140
-0.003572
-0.006017
-0.008378
-0.010568
-0.012492
-0.014044
-0.015132
-0.015806
-0.016283
-0.016789
-0.017508
-0.018605
-0.020130
-0.021979
-0.023982
-0.026000
-0.027945
-0.029724
-0.031184
-0.032137
-0.032382
-0.031731
-0.030069
-0.027414
-0.023936
-0.019926
-0.015727
-0.011615
-0.007703
-0.004051
-0.000732
0.002194
0.004686
0.006721
0.008376
0.009838
0.011271
0.012739
0.014216
0.015617
0.016830
0.017696
0.018070
0.017913
0.017279
0.016261
0.015000
0.013670
0.012431
0.011403
0.010648
0.010178
0.009958
0.009918
0.009938
0.009841
0.009468
0.008718
0.007506
0.005813
0.003759
0.001537
-0.000666
-0.002673
-0.004319
-0.005468
-0.006065
-0.006154
-0.005855
-0.005339
-0.004799
-0.004374
-0.004097
-0.003942
-0.003851
-0.003691
-0.003296
-0.002511
-0.001177
0.000830
0.003511
0.006756
0.010408
0.014249
0.017990
0.021299
0.023830
0.025277
0.025441
0.024264
0.021808
0.018242
0.013835
0.008910
0.003801
-0.001125
-0.005541
-0.009306
-0.012427
-0.014963
-0.016974
-0.018507
-0.019615
-0.020379
-0.020917
-0.021359
-0.021816
-0.022333
-0.022895
-0.023439
-0.023828
-0.023845
-0.023335
-0.022259
-0.020643
-0.018555
-0.016092
-0.013371
-0.010494
-0.007522
-0.004499
-0.001509
0.001312
0.003813
0.005900
0.007540
0.008699
0.009342
0.009466
0.009135
0.008471
0.007590
0.006595
0.005588
0.004639
0.003767
0.002983
0.002322
0.001843
0.001594
0.001575
0.001775
0.002179
0.002737
0.003346
0.003872
0.004238
0.004438
0.004442
0.004185
0.003672
0.003000
0.002327
0.001787
0.001436
0.001245
0.001118
0.000941
0.000642
0.000220
-0.000250
-0.000640
-0.000827
-0.000716
-0.000258
0.000543
0.001656
0.003045
0.004621
0.006205
0.007631
0.008789
0.009522
0.009659
0.009135
0.008003
0.006400
0.004502
0.002515
0.000678
-0.000797
-0.001794
-0.002299
-0.002381
-0.002162
-0.001836
-0.001681
-0.001963
-0.002842
-0.004331
-0.006325
-0.008684
-0.011287
-0.014024
-0.016629
-0.018690
-0.019891
-0.020050
-0.019068
-0.016979
-0.013983
-0.010371
-0.006449
-0.002450
0.001477
0.005254
0.008773
0.011871
0.014406
0.016297
0.017547
0.018256
0.018618
0.018915
0.019450
0.020437
0.021994
0.024158
0.026893
0.030096
0.033595
0.037162
0.040554
0.043534
0.045904
0.047509
0.048215
0.047891
0.046493
0.044119
0.040948
0.037213
0.033206
0.029217
0.025461
0.022116
0.019331
0.017185
0.015674
0.014736
0.014343
0.014533
0.015326
0.016656
0.018350
0.020163
0.021858
0.023248
0.024248
0.024911
0.025344
0.025602
0.025758
0.025959
0.026369
0.027102
0.028187
0.029594
0.031273
0.033135
0.035043
0.036830
0.038312
0.039327
0.039787
0.039707
0.039148
0.038205
0.037018
0.035747
0.034538
0.033533
0.032851
0.032560
0.032629
0.032916
0.033247
0.033478
0.033480
0.033135
0.032354
0.031166
0.029738
0.028235
0.026754
0.025336
0.023987
0.022683
0.021392
0.020077
0.018714
0.017328
0.016012
0.014819
0.013709
0.012642
0.011576
0.010399
0.008967
0.007194
0.005121
0.002899
0.000686
-0.001377
-0.003164
-0.004583
-0.005598
-0.006224
-0.006500
-0.006467
-0.006213
-0.005868
-0.005484
-0.005035
-0.004518
-0.003939
-0.003277
-0.002438
-0.001305
0.000169
0.002008
0.004271
0.006961
0.009978
0.013138
0.016228
0.019053
0.021455
0.023344
0.024792
0.026001
0.027186
0.028550
0.030240
0.032248
0.034422
0.036581
0.038575
0.040291
0.041612
0.042446
0.042805
0.042812
0.042640
0.042493
0.042556
0.042896
0.043440
0.044018
0.044426
0.044468
0.043952
0.042742
0.040841
0.038303
0.035175
0.031596
0.027794
0.023982
0.020314
0.016876
0.013731
0.010931
0.008524
0.006480
0.004644
0.002754
0.000494
-0.002504
-0.006676
-0.012484
-0.020179
-0.029655
-0.040523
-0.052283
-0.064505
-0.076883
-0.089197
-0.101219
-0.112693
-0.123414
-0.133213
-0.141976
-0.149716
-0.156577
-0.162713
-0.168199
-0.173003
-0.177099
-0.180547
-0.183505
-0.186189
-0.188809
-0.191485
-0.194202
-0.196801
-0.199024
-0.200596
-0.201293
-0.200997
-0.199721
-0.197600
-0.194837
-0.191642
-0.188190
-0.184659
-0.181246
-0.178109
-0.175275
-0.172591
-0.169881
-0.167086
-0.164207
-0.161253
-0.158211
-0.155054
-0.151750
-0.148223
-0.144370
-0.140170
-0.135692
-0.131057
-0.126395
-0.121815
-0.117361
-0.113032
-0.108824
-0.104794
-0.101059
-0.097742
-0.094919
-0.092583
-0.090693
-0.089233
-0.088230
-0.087766
-0.087992
-0.089036
-0.090866
-0.093288
-0.096020
-0.098827
-0.101577
-0.104214
-0.106717
-0.109054
-0.111107
-0.112694
-0.113667
-0.113862
-0.113041
-0.110974
-0.107547
-0.102805
-0.096876
-0.089858
-0.081826
-0.072881
-0.063191
-0.053048
-0.042872
-0.033085
-0.023976
-0.015731
-0.008466
-0.002228
0.002992
0.007240
0.010547
0.012914
0.014328
0.014773
0.014246
0.012726
0.010186
0.006638
0.002188
-0.002939
-0.008483
-0.014242
-0.020050
-0.025773
-0.031311
-0.036573
-0.041442
-0.045750
-0.049300
-0.051921
-0.053536
-0.054229
-0.054160
-0.053482
-0.052304
-0.050705
-0.048769
-0.046504
-0.043794
-0.040499
-0.036537
-0.031912
-0.026702
-0.021039
-0.015079
-0.008980
-0.002881
0.003126
0.009050
0.015031
0.021306
0.027992
0.035035
0.042308
0.049711
0.057210
0.064801
0.072500
0.080433
0.088763
0.097516
0.106591
0.115837
0.125004
0.133844
0.142296
0.150476
0.158550
0.166755
0.175377
0.184646
0.194653
0.205345
0.216572
0.228159
0.239934
0.251748
0.263476
0.274950
0.285910
0.296059
0.305112
0.312808
0.318984
0.323667
0.326960
0.328959
0.329805
0.329691
0.328813
0.327348
0.325417
0.322835
0.319126
0.313843
0.306798
0.298152
0.288302
0.277718
0.266797
0.255785
0.244789
0.233846
0.222994
0.212235
0.201491
0.190544
0.179137
0.167114
0.154418
0.141037
0.126912
0.112012
0.096500
0.080646
0.064721
0.049031
0.033933
0.019776
0.006898
-0.004426
-0.014028
-0.021869
-0.027938
-0.032209
-0.034681
-0.035415
-0.034518
-0.031931
-0.027501
-0.021254
-0.013266
-0.003482
0.008080
0.021211
0.035570
0.050700
0.066041
0.081158
0.095882
0.110213
0.124198
0.137820
0.150942
0.163319
0.174644
0.184624
0.193082
0.199996
0.205489
0.209716
0.212774
0.214563
0.214814
0.213253
0.209648
0.203858
0.195941
0.186141
0.174707
0.161868
0.147914
0.133135
0.117775
0.102115
0.086521
0.071413
0.057156
0.043931
0.031824
0.020872
0.011039
0.002163
-0.006033
-0.013790
-0.021199
-0.028268
-0.035077
-0.041962
-0.049321
-0.057328
-0.065845
-0.074543
-0.083134
-0.091426
-0.099197
-0.106237
-0.112407
-0.117641
-0.121932
-0.125320
-0.127902
-0.129854
-0.131418
-0.132856
-0.134373
-0.136149
-0.138402
-0.141335
-0.145053
-0.149610
-0.155003
-0.161106
-0.167705
-0.174591
-0.181644
-0.188834
-0.196088
-0.203270
-0.210225
-0.216813
-0.222909
-0.228408
-0.233253
-0.237501
-0.241236
-0.244460
-0.247111
-0.249125
-0.250439
-0.251017
-0.250870
-0.250067
-0.248718
-0.246929
-0.244781
-0.242341
-0.239671
-0.236823
-0.233812
-0.230585
-0.226927
-0.222401
-0.216407
-0.208458
-0.198423
-0.186273
-0.172011
-0.155852
-0.138209
-0.119547
-0.100373
-0.081229
-0.062662
-0.045220
-0.029474
-0.015997
-0.005264
0.002454
0.007159
0.009156
0.008964
0.007185
0.004383
0.001049
-0.002331
-0.005340
-0.007777
-0.009629
-0.011013
-0.012222
-0.013662
-0.015641
-0.018302
-0.021656
-0.025723
-0.030573
-0.036222
-0.042632
-0.049781
-0.057718
-0.066548
-0.076260
-0.086673
-0.097482
-0.108379
-0.119148
-0.129666
-0.139803
-0.149205
-0.157214
-0.163000
-0.165726
-0.164752
-0.159729
-0.150604
-0.137553
-0.120856
-0.100856
-0.078186
-0.053765
-0.028509
-0.003213
0.021451
0.044904
0.066690
0.086564
0.104512
0.120729
0.135572
0.149478
0.162767
0.175608
0.188192
0.200782
0.213663
0.226963
0.240563
0.254123
0.267166
0.279231
0.289944
0.299089
0.306622
0.312624
0.317184
0.320362
0.322201
0.322594
0.321224
0.317520
0.310579
0.299222
0.282300
0.259070
0.229341
0.193398
0.151794
0.105332
0.055163
0.003023
-0.048880
-0.098285
-0.143232
-0.182388
-0.215086
-0.241333
-0.261707
-0.277188
-0.288930
-0.298062
-0.305552
-0.312122
-0.318214
-0.324060
-0.329729
-0.335203
-0.340483
-0.345578
-0.350355
-0.354426
-0.357178
-0.357876
-0.355822
-0.350490
-0.341578
-0.329046
-0.313155
-0.294372
-0.273046
-0.249483
-0.224284
-0.198256
-0.172215
-0.146978
-0.123349
-0.102016
-0.083465
-0.067899
-0.055355
-0.045806
-0.039240
-0.035596
-0.034654
-0.036028
-0.039204
-0.043596
-0.048643
-0.053897
-0.059027
-0.063774
-0.067903
-0.071203
-0.073533
-0.074695
-0.074401
-0.072414
-0.068629
-0.063085
-0.055971
-0.047606
-0.038360
-0.028657
-0.019018
-0.009890
-0.001498
0.006001
0.012480
0.017984
0.022676
0.026738
0.030331
0.033597
0.036649
0.039592
0.042528
0.045519
0.048564
0.051628
0.054658
0.057606
0.060437
0.063126
0.065631
0.067887
0.069802
0.071268
0.072165
0.072318
0.071555
0.069833
0.067200
0.063718
0.059283
0.053715
0.047041
0.039439
0.031086
0.022185
0.012977
0.003677
-0.005532
-0.014465
-0.022938
-0.030792
-0.037929
-0.044272
-0.049724
-0.054232
-0.057826
-0.060548
-0.062384
-0.063249
-0.063041
-0.061699
-0.059172
-0.055357
-0.050076
-0.043164
-0.034577
-0.024335
-0.012560
0.000430
0.014322
0.028978
0.044188
0.059578
0.074712
0.089126
0.102391
0.114253
0.124642
0.133516
0.140817
0.146539
0.150789
0.153797
0.155858
0.157251
0.158166
0.158706
0.158904
0.158697
0.157886
0.156158
0.153201
0.148833
0.143090
0.136130
0.128080
0.119099
0.109442
0.099386
0.089211
0.079239
0.069778
0.061056
0.053199
0.046213
0.039987
0.034406
0.029449
0.025202
0.021797
0.019311
0.017795
0.017299
0.017748
0.018947
0.020718
0.022903
0.025313
0.027758
0.030088
0.032239
0.034210
0.036017
0.037744
0.039558
0.041661
0.044201
0.047187
0.050543
0.054183
0.058041
0.062039
0.066061
0.070020
0.073898
0.077667
0.081283
0.084732
0.088011
0.091096
0.093929
0.096435
0.098551
0.100198
0.101280
0.101753
0.101623
0.100896
0.099572
0.097669
0.095167
0.091990
0.088012
0.083065
0.077000
0.069826
0.061706
0.052792
0.043265
0.033407
0.023503
0.013770
0.004430
-0.004279
-0.012147
-0.018959
-0.024505
-0.028626
-0.031248
-0.032388
-0.032166
-0.030788
-0.028516
-0.025600
-0.022208
-0.018428
-0.014299
-0.009814
-0.004962
0.000199
0.005584
0.011148
0.016877
0.022764
0.028802
0.034960
0.041160
0.047302
0.053273
0.058918
0.064071
0.068605
0.072437
0.075539
0.077972
0.079863
0.081341
0.082463
0.083186
0.083338
0.082706
0.081181
0.078795
0.075668
0.071857
0.067332
0.062085
0.056119
0.049433
0.042099
0.034265
0.026058
0.017554
0.008813
-0.000113
-0.009152
-0.018174
-0.027027
-0.035604
-0.043830
-0.051635
-0.058915
-0.065535
-0.071359
-0.076215
-0.079905
-0.082266
-0.083207
-0.082715
-0.080793
-0.077448
-0.072768
-0.066964
-0.060334
-0.053107
-0.045346
-0.037088
-0.028430
-0.019479
-0.010387
-0.001389
0.007253
0.015312
0.022601
0.028976
0.034321
0.038444
0.041088
0.042084
0.041428
0.039276
0.035875
0.031475
0.026169
0.019886
0.012543
0.004225
-0.004742
-0.013873
-0.022692
-0.030904
-0.038345
-0.044890
-0.050524
-0.055354
-0.059472
-0.062885
-0.065534
-0.067369
-0.068410
-0.068749
-0.068522
-0.067889
-0.066956
-0.065743
-0.064185
-0.062163
-0.059549
-0.056197
-0.051968
-0.046802
-0.040727
-0.033763
-0.025926
-0.017258
-0.007856
0.002115
0.012372
0.022569
0.032415
0.041673
0.050154
0.057755
0.064459
0.070307
0.075385
0.079811
0.083660
0.086947
0.089674
0.091834
0.093414
0.094416
0.094849
0.094694
0.093914
0.092489
0.090384
0.087521
0.083753
0.078907
0.072877
0.065665
0.057385
0.048206
0.038347
0.028100
0.017788
0.007694
-0.001940
-0.010903
-0.018985
-0.026046
-0.032110
-0.037309
-0.041806
-0.045749
-0.049232
-0.052295
-0.054947
-0.057190
-0.059037
-0.060488
-0.061495
-0.061965
-0.061805
-0.060984
-0.059523
-0.057417
-0.054674
-0.051379
-0.047594
-0.043345
-0.038737
-0.033965
-0.029245
-0.024790
-0.020796
-0.017416
-0.014718
-0.012628
-0.011013
-0.009759
-0.008740
-0.007824
-0.006895
-0.005871
-0.004689
-0.003229
-0.001343
0.001027
0.003833
0.006961
0.010273
0.013663
0.017106
0.020574
0.023974
0.027215
0.030248
0.033067
0.035694
0.038172
0.040551
0.042880
0.045200
0.047565
0.050048
0.052710
0.055541
0.058403
0.061104
0.063485
0.065451
0.066928
0.067811
0.068006
0.067485
0.066199
0.064070
0.061062
0.057228
0.052720
0.047752
0.042549
0.037310
0.032161
0.027142
0.022266
0.017570
0.013147
0.009089
0.005437
0.002185
-0.000713
-0.003329
-0.005768
-0.008144
-0.010550
-0.013020
-0.015522
-0.017974
-0.020273
-0.022269
-0.023784
-0.024685
-0.024938
-0.024604
-0.023726
-0.022338
-0.020575
-0.018647
-0.016778
-0.015150
-0.013879
-0.013014
-0.012590
-0.012649
-0.013187
-0.014101
-0.015182
-0.016116
-0.016557
-0.016208
-0.014861
-0.012385
-0.008738
-0.004005
0.001578
0.007681
0.014029
0.020462
0.026922
0.033357
0.039675
0.045752
0.051444
0.056629
0.061321
0.065639
0.069668
0.073454
0.077052
0.080518
0.083903
0.087246
0.090572
0.093887
0.097154
0.100285
0.103155
0.105618
0.107539
0.108856
0.109542
0.109477
0.108477
0.106392
0.103134
0.098670
0.092995
0.086122
0.078108
0.069122
0.059440
0.049360
0.039214
0.029397
0.020264
0.012049
0.004896
-0.001115
-0.005971
-0.009680
-0.012280
-0.013912
-0.014805
-0.015195
-0.015286
-0.015230
-0.015100
-0.014908
-0.014664
-0.014355
-0.013933
-0.013275
-0.012230
-0.010706
-0.008693
-0.006238
-0.003340
0.000017
0.003723
0.007593
0.011487
0.015351
0.019162
0.022804
0.026080
0.028805
0.030854
0.032188
0.032845
0.032888
0.032358
0.031313
0.029820
0.027876
0.025424
0.022446
0.019001
0.015220
0.011236
0.007189
0.003252
-0.000428
-0.003761
-0.006662
-0.009048
-0.010865
-0.012031
-0.012421
-0.011927
-0.010474
-0.008013
-0.004554
-0.000210
0.004826
0.010327
0.016059
0.021775
0.027220
0.032204
0.036588
0.040169
0.042731
0.044167
0.044529
0.043989
0.042736
0.040950
0.038825
0.036546
0.034276
0.032161
0.030322
0.028824
0.027630
0.026601
0.025616
0.024626
0.023631
0.022637
0.021636
0.020629
0.019638
0.018673
0.017732
0.016855
0.016054
0.015222
0.014223
0.012986
0.011539
0.009990
0.008466
0.007048
0.005726
0.004443
0.003150
0.001811
0.000383
-0.001221
-0.003097
-0.005290
-0.007784
-0.010522
-0.013419
-0.016388
-0.019355
-0.022304
-0.025293
-0.028354
-0.031433
-0.034490
-0.037525
-0.040528
-0.043477
-0.046336
-0.049025
-0.051413
-0.053374
-0.054826
-0.055739
-0.056108
-0.055906
-0.055086
-0.053615
-0.051559
-0.049086
-0.046401
-0.043659
-0.040926
-0.038267
-0.035794
-0.033590
-0.031664
-0.029950
-0.028349
-0.026785
-0.025185
-0.023491
-0.021719
-0.019953
-0.018272
-0.016718
-0.015297
-0.013935
-0.012504
-0.010953
-0.009316
-0.007616
-0.005820
-0.003847
-0.001610
0.000944
0.003791
0.006813
0.009801
0.012510
0.014727
0.016262
0.016958
0.016739
0.015628
0.013734
0.011204
0.008182
0.004798
0.001173
-0.002560
-0.006285
-0.009936
-0.013484
-0.016899
-0.020159
-0.023242
-0.026110
-0.028694
-0.030908
-0.032678
-0.033965
-0.034781
-0.035190
-0.035317
-0.035288
-0.035164
-0.034968
-0.034722
-0.034452
-0.034179
-0.033916
-0.033650
-0.033334
-0.032903
-0.032307
-0.031547
-0.030655
-0.029626
-0.028458
-0.027205
-0.025963
-0.024830
-0.023885
-0.023171
-0.022695
-0.022433
-0.022338
-0.022354
-0.022425
-0.022502
-0.022552
-0.022564
-0.022583
-0.022718
-0.023010
-0.023396
-0.023791
-0.024146
-0.024462
-0.024761
-0.025044
-0.025300
-0.025526
-0.025750
-0.026010
-0.026318
-0.026680
-0.027121
-0.027670
-0.028348
-0.029163
-0.030107
-0.031162
-0.032297
-0.033476
-0.034635
-0.035713
-0.036717
-0.037679
-0.038594
-0.039418
-0.040119
-0.040730
-0.041318
-0.041868
-0.042293
-0.042488
-0.042396
-0.042023
-0.041391
-0.040503
-0.039335
-0.037882
-0.036201
-0.034440
-0.032805
-0.031458
-0.030467
-0.029797
-0.029415
-0.029344
-0.029607
-0.030175
-0.030959
-0.031827
-0.032651
-0.033354
-0.033919
-0.034320
-0.034503
-0.034454
-0.034202
-0.033806
-0.033334
-0.032848
-0.032396
-0.031993
-0.031604
-0.031184
-0.030722
-0.030263
-0.029898
-0.029724
-0.029832
-0.030305
-0.031141
-0.032240
-0.033481
-0.034764
-0.036020
-0.037232
-0.038437
-0.039635
-0.040779
-0.041838
-0.042810
-0.043710
-0.044532
-0.045231
-0.045726
-0.045917
-0.045733
-0.045140
-0.044143
-0.042726
-0.040865
-0.038610
-0.036022
-0.033105
-0.029911
-0.026589
-0.023317
-0.020240
-0.017422
-0.014883
-0.012628
-0.010680
-0.009068
-0.007811
-0.006900
-0.006303
-0.005968
-0.005841
-0.005893
-0.006089
-0.006335
-0.006504
-0.006487
-0.006240
-0.005794
-0.005226
-0.004647
-0.004194
-0.003957
-0.003955
-0.004155
-0.004514
-0.005002
-0.005583
-0.006200
-0.006825
-0.007431
-0.007945
-0.008239
-0.008170
-0.007652
-0.006661
-0.005176
-0.003174
-0.000657
0.002331
0.005697
0.009270
0.012892
0.016537
0.020221
0.023908
0.027527
0.031000
0.034268
0.037272
0.039961
0.042319
0.044368
0.046069
0.047363
0.048248
0.048718
0.048722
0.048264
0.047438
0.046376
0.045200
0.043975
0.042694
0.041302
0.039756
0.038014
0.036006
0.033701
0.031132
0.028262
0.025026
0.021477
0.017738
0.013906
0.010044
0.006194
0.002410
-0.001245
-0.004720
-0.007987
-0.011015
-0.013705
-0.015930
-0.017642
-0.018866
-0.019654
-0.020081
-0.020216
-0.020106
-0.019788
-0.019320
-0.018742
-0.018064
-0.017275
-0.016365
-0.015330
-0.014204
-0.013062
-0.011996
-0.011115
-0.010558
-0.010425
-0.010712
-0.011356
-0.012279
-0.013399
-0.014638
-0.015932
-0.017263
-0.018652
-0.020113
-0.021611
-0.023071
-0.024415
-0.025595
-0.026480
-0.026868
-0.026630
-0.025742
-0.024249
-0.022293
-0.020097
-0.017839
-0.015611
-0.013439
-0.011328
-0.009295
-0.007359
-0.005535
-0.003826
-0.002229
-0.000737
0.000635
0.001834
0.002773
0.003354
0.003510
0.003219
0.002512
0.001492
0.000286
-0.001028
-0.002397
-0.003753
-0.005094
-0.006500
-0.007999
-0.009582
-0.011291
-0.013195
-0.015323
-0.017667
-0.020187
-0.022829
-0.025559
-0.028362
-0.031161
-0.033784
-0.036056
-0.037881
-0.039288
-0.040354
-0.041142
-0.041728
-0.042196
-0.042598
-0.042965
-0.043339
-0.043729
-0.044106
-0.044422
-0.044613
-0.044601
-0.044338
-0.043833
-0.043106
-0.042188
-0.041142
-0.040059
-0.039025
-0.038074
-0.037183
-0.036297
-0.035374
-0.034413
-0.033447
-0.032523
-0.031684
-0.030932
-0.030193
-0.029382
-0.028471
-0.027459
-0.026331
-0.025047
-0.023547
-0.021784
-0.019738
-0.017427
-0.014925
-0.012338
-0.009754
-0.007259
-0.004960
-0.002879
-0.000931
0.000969
0.002868
0.004813
0.006822
0.008863
0.010846
0.012672
0.014314
0.015782
0.017067
0.018136
0.018974
0.019611
0.020110
0.020514
0.020842
0.021099
0.021285
0.021411
0.021520
0.021638
0.021729
0.021744
0.021651
0.021411
0.020962
0.020224
0.019151
0.017741
0.015925
0.013572
0.010647
0.007189
0.003217
-0.001242
-0.006122
-0.011351
-0.016826
-0.022355
-0.027717
-0.032743
-0.037314
-0.041368
-0.044928
-0.048040
-0.050695
-0.052843
-0.054447
-0.055500
-0.056020
-0.056029
-0.055532
-0.054526
-0.053053
-0.051218
-0.049187
-0.047114
-0.045070
-0.043076
-0.041135
-0.039213
-0.037254
-0.035234
-0.033164
-0.031081
-0.029059
-0.027178
-0.025453
-0.023869
-0.022461
-0.021271
-0.020278
-0.019444
-0.018745
-0.018164
-0.017706
-0.017411
-0.017357
-0.017627
-0.018226
-0.019091
-0.020173
-0.021437
-0.022826
-0.024268
-0.025687
-0.026990
-0.028080
-0.028879
-0.029271
-0.029105
-0.028335
-0.027048
-0.025344
-0.023287
-0.020902
-0.018253
-0.015449
-0.012561
-0.009623
-0.006695
-0.003818
-0.000976
0.001836
0.004586
0.007287
0.009948
0.012503
0.014854
0.016937
0.018732
0.020227
0.021378
0.022120
0.022399
0.022175
0.021426
0.020196
0.018574
0.016649
0.014468
0.012046
0.009439
0.006744
0.004016
0.001303
-0.001278
-0.003546
-0.005308
-0.006423
-0.006827
-0.006541
-0.005661
-0.004324
-0.002657
-0.000749
0.001338
0.003563
0.005894
0.008284
0.010663
0.012986
0.015256
0.017498
0.019742
0.022018
0.024314
0.026587
0.028804
0.030935
0.032905
0.034584
0.035830
0.036529
0.036632
0.036151
0.035143
0.033677
0.031880
0.029941
0.028026
0.026225
0.024540
0.022929
0.021349
0.019743
0.018026
0.016094
0.013883
0.011423
0.008802
0.006108
0.003447
0.000947
-0.001263
-0.003141
-0.004781
-0.006308
-0.007812
-0.009367
-0.011008
-0.012684
-0.014310
-0.015827
-0.017236
-0.018572
-0.019825
-0.020968
-0.021995
-0.022925
-0.023783
-0.024563
-0.025232
-0.025750
-0.026060
-0.026099
-0.025849
-0.025338
-0.024595
-0.023621
-0.022390
-0.020898
-0.019187
-0.017326
-0.015374
-0.013355
-0.011259
-0.009065
-0.006754
-0.004317
-0.001759
0.000904
0.003643
0.006429
0.009230
0.012020
0.014779
0.017500
0.020203
0.022943
0.025717
0.028451
0.031050
0.033447
0.035631
0.037586
0.039269
0.040662
0.041783
0.042652
0.043332
0.043950
0.044625
0.045412
0.046295
0.047215
0.048125
0.048974
0.049697
0.050239
0.050566
0.050673
0.050580
0.050329
0.049968
0.049536
0.049028
0.048391
0.047533
0.046387
0.044948
0.043261
0.041400
0.039451
0.037494
0.035595
0.033792
0.032101
0.030516
0.029018
0.027581
0.026206
0.024929
0.023800
0.022859
0.022128
0.021605
0.021269
0.021080
0.020994
0.020967
0.020979
0.021053
0.021236
0.021577
0.022108
0.022806
0.023569
0.024258
0.024767
0.025045
0.025078
0.024858
0.024376
0.023640
0.022700
0.021644
0.020508
0.019275
0.017928
0.016455
0.014831
0.013053
0.011146
0.009093
0.006851
0.004407
0.001814
-0.000821
-0.003374
-0.005736
-0.007839
-0.009677
-0.011313
-0.012793
-0.014117
-0.015289
-0.016304
-0.017111
-0.017677
-0.018033
-0.018197
-0.018157
-0.017922
-0.017512
-0.016932
-0.016146
-0.015091
-0.013712
-0.012017
-0.010108
-0.008132
-0.006209
-0.004417
-0.002791
-0.001326
0.000028
0.001362
0.002728
0.004105
0.005463
0.006786
0.008068
0.009289
0.010399
0.011346
0.012101
0.012690
0.013165
0.013571
0.013983
0.014520
0.015275
0.016327
0.017791
0.019732
0.022080
0.024672
0.027320
0.029888
0.032308
0.034563
0.036625
0.038438
0.040007
0.041418
0.042781
0.044158
0.045529
0.046878
0.048226
0.049583
0.050933
0.052249
0.053504
0.054675
0.055713
0.056540
0.057063
0.057240
0.057129
0.056859
0.056577
0.056415
0.056444
0.056666
0.057071
0.057665
0.058375
0.059041
0.059531
0.059808
0.059950
0.060046
0.060142
0.060276
0.060475
0.060723
0.060971
0.061169
0.061338
0.061548
0.061827
0.062165
0.062547
0.062879
0.062986
0.062717
0.061992
0.060807
0.059219
0.057315
0.055137
0.052650
0.049769
0.046333
0.042133
0.037029
0.031030
0.024229
0.016737
0.008642
0.000057
-0.008840
-0.017845
-0.026755
-0.035344
-0.043402
-0.050783
-0.057434
-0.063378
-0.068677
-0.073391
-0.077564
-0.081205
-0.084306
-0.086895
-0.089055
-0.090899
-0.092528
-0.093998
-0.095333
-0.096518
-0.097470
-0.098018
-0.097944
-0.097074
-0.095339
-0.092666
-0.088963
-0.084249
-0.078636
-0.072253
-0.065230
-0.057704
-0.049808
-0.041671
-0.033407
-0.025159
-0.017105
-0.009451
-0.002385
0.003969
0.009535
0.014253
0.018043
0.020824
0.022563
0.023285
0.023061
0.022024
0.020366
0.018243
0.015759
0.013011
0.010100
0.007112
0.004087
0.001020
-0.002083
-0.005195
-0.008275
-0.011255
-0.014037
-0.016497
-0.018520
-0.020025
-0.020939
-0.021176
-0.020649
-0.019286
-0.017055
-0.014042
-0.010475
-0.006538
-0.002321
0.002053
0.006435
0.010721
0.014857
0.018835
0.022675
0.026394
0.029981
0.033375
0.036494
0.039295
0.041776
0.043944
0.045811
0.047415
0.048867
0.050317
0.051855
0.053510
0.055283
0.057101
0.058791
0.060110
0.060826
0.060807
0.060010
0.058463
0.056255
0.053527
0.050438
0.047148
0.043793
0.040473
0.037267
0.034254
0.031577
0.029439
0.028003
0.027342
0.027464
0.028323
0.029807
0.031713
0.033777
0.035803
0.037662
0.039241
0.040453
0.041254
0.041653
0.041703
0.041474
0.041000
0.040238
0.039092
0.037478
0.035396
0.032851
0.029788
0.026243
0.022374
0.018307
0.014155
0.010080
0.006236
0.002719
-0.000410
-0.003139
-0.005522
-0.007609
-0.009402
-0.010884
-0.012020
-0.012765
-0.013075
-0.012937
-0.012377
-0.011469
-0.010342
-0.009157
-0.008060
-0.007162
-0.006522
-0.006151
-0.006018
-0.006073
-0.006313
-0.006779
-0.007460
-0.008305
-0.009268
-0.010349
-0.011570
-0.012898
-0.014236
-0.015475
-0.016548
-0.017439
-0.018114
-0.018525
-0.018660
-0.018530
-0.018147
-0.017560
-0.016856
-0.016131
-0.015469
-0.014920
-0.014442
-0.013930
-0.013327
-0.012689
-0.012168
-0.011889
-0.011899
-0.012209
-0.012809
-0.013673
-0.014782
-0.016110
-0.017536
-0.018873
-0.019964
-0.020688
-0.020962
-0.020754
-0.020107
-0.019132
-0.017938
-0.016583
-0.015141
-0.013716
-0.012369
-0.011091
-0.009816
-0.008514
-0.007198
-0.005854
-0.004468
-0.003076
-0.001697
-0.000309
0.001066
0.002358
0.003481
0.004324
0.004746
0.004601
0.003819
0.002493
0.000808
-0.001063
-0.003042
-0.005116
-0.007256
-0.009455
-0.011758
-0.014206
-0.016784
-0.019422
-0.022035
-0.024566
-0.026928
-0.029026
-0.030840
-0.032420
-0.033821
-0.035060
-0.036118
-0.036972
-0.037661
-0.038330
-0.039099
-0.039993
-0.041028
-0.042223
-0.043561
-0.044991
-0.046445
-0.047863
-0.049197
-0.050419
-0.051498
-0.052383
-0.052997
-0.053264
-0.053163
-0.052716
-0.051960
-0.050962
-0.049818
-0.048600
-0.047319
-0.045932
-0.044396
-0.042704
-0.040882
-0.038974
-0.037027
-0.035063
-0.033052
-0.030918
-0.028566
-0.025947
-0.023051
-0.019883
-0.016524
-0.013121
-0.009803
-0.006629
-0.003583
-0.000652
0.002128
0.004710
0.007072
0.009240
0.011256
0.013144
0.014908
0.016538
0.017989
0.019204
0.020138
0.020775
0.021155
0.021409
0.021728
0.022290
0.023196
0.024448
0.025975
0.027668
0.029406
0.031055
0.032478
0.033576
0.034333
0.034848
0.035244
0.035596
0.035926
0.036226
0.036469
0.036574
0.036413
0.035875
0.034885
0.033341
0.031141
0.028263
0.024799
0.020925
0.016822
0.012651
0.008560
0.004642
0.000914
-0.002660
-0.006098
-0.009330
-0.012247
-0.014765
-0.016788
-0.018208
-0.018958
-0.019009
-0.018360
-0.017021
-0.015012
-0.012382
-0.009217
-0.005624
-0.001727
0.002345
0.006449
0.010456
0.014299
0.017945
0.021371
0.024567
0.027543
0.030320
0.032906
0.035280
0.037414
0.039273
0.040810
0.041978
0.042753
0.043110
0.043029
0.042506
0.041526
0.040045
0.038043
0.035553
0.032620
0.029248
0.025398
0.021037
0.016193
0.010945
0.005423
-0.000197
-0.005705
-0.010901
-0.015656
-0.019918
-0.023651
-0.026886
-0.029736
-0.032309
-0.034671
-0.036884
-0.038993
-0.041012
-0.042987
-0.044982
-0.046971
-0.048839
-0.050450
-0.051694
-0.052510
-0.052893
-0.052864
-0.052455
-0.051695
-0.050621
-0.049249
-0.047612
-0.045804
-0.043913
-0.041968
-0.039989
-0.038026
-0.036160
-0.034481
-0.033057
-0.031892
-0.030951
-0.030227
-0.029728
-0.029433
-0.029292
-0.029231
-0.029149
-0.028954
-0.028607
-0.028087
-0.027384
-0.026537
-0.025643
-0.024825
-0.024100
-0.023351
-0.022488
-0.021493
-0.020371
-0.019127
-0.017785
-0.016405
-0.015045
-0.013698
-0.012296
-0.010767
-0.009111
-0.007407
-0.005732
-0.004161
-0.002762
-0.001535
-0.000409
0.000656
0.001647
0.002530
0.003234
0.003673
0.003767
0.003437
0.002588
0.001194
-0.000667
-0.002878
-0.005305
-0.007797
-0.010205
-0.012413
-0.014356
-0.016037
-0.017519
-0.018826
-0.019889
-0.020682
-0.021229
-0.021458
-0.021273
-0.020673
-0.019682
-0.018310
-0.016570
-0.014495
-0.012127
-0.009463
-0.006453
-0.003075
0.000643
0.004628
0.008731
0.012754
0.016560
0.020084
0.023265
0.026051
0.028420
0.030389
0.031989
0.033244
0.034171
0.034788
0.035129
0.035220
0.035069
0.034686
0.034115
0.033390
0.032498
0.031356
0.029903
0.028187
0.026317
0.024406
0.022574
0.020881
0.019269
0.017674
0.016112
0.014642
0.013338
0.012266
0.011544
0.011334
0.011693
0.012557
0.013844
0.015482
0.017400
0.019491
0.021627
0.023690
0.025617
0.027416
0.029141
0.030829
0.032420
0.033786
0.034820
0.035441
0.035586
0.035238
0.034425
0.033213
0.031668
0.029834
0.027743
0.025409
0.022815
0.019935
0.016757
0.013328
0.009748
0.006136
0.002629
-0.000636
-0.003547
-0.006057
-0.008202
-0.010071
-0.011748
-0.013296
-0.014755
-0.016114
-0.017345
-0.018437
-0.019387
-0.020182
-0.020837
-0.021395
-0.021873
-0.022248
-0.022450
-0.022407
-0.022075
-0.021471
-0.020632
-0.019562
-0.018266
-0.016780
-0.015117
-0.013248
-0.011117
-0.008718
-0.006124
-0.003428
-0.000700
0.002010
0.004648
0.007150
0.009454
0.011531
0.013413
0.015184
0.016942
0.018773
0.020731
0.022808
0.024951
0.027115
0.029225
0.031165
0.032842
0.034202
0.035176
0.035716
0.035835
0.035602
0.035109
0.034423
0.033580
0.032599
0.031518
0.030392
0.029222
0.027974
0.026662
0.025350
0.024119
0.023037
0.022152
0.021481
0.021012
0.020711
0.020534
0.020440
0.020425
0.020523
0.020773
0.021237
0.021971
0.022959
0.024123
0.025413
0.026800
0.028241
0.029684
0.031069
0.032326
0.033417
0.034385
0.035306
0.036234
0.037198
0.038189
0.039152
0.040004
0.040669
0.041093
0.041242
0.041083
0.040589
0.039759
0.038618
0.037201
0.035526
0.033570
0.031286
0.028654
0.025692
0.022394
0.018767
0.014879
0.010802
0.006554
0.002132
-0.002438
-0.007064
-0.011659
-0.016192
-0.020612
-0.024836
-0.028782
-0.032370
-0.035532
-0.038261
-0.040608
-0.042633
-0.044389
-0.045922
-0.047245
-0.048349
-0.049248
-0.049967
-0.050527
-0.050989
-0.051472
-0.052068
-0.052802
-0.053619
-0.054393
-0.054960
-0.055175
-0.054979
-0.054442
-0.053698
-0.052882
-0.052103
-0.051471
-0.051114
-0.051085
-0.051294
-0.051595
-0.051879
-0.052096
-0.052239
-0.052303
-0.052315
-0.052312
-0.052285
-0.052203
-0.052090
-0.052008
-0.052006
-0.052057
-0.052102
-0.052125
-0.052129
-0.052093
-0.051965
-0.051699
-0.051321
-0.050866
-0.050326
-0.049701
-0.049000
-0.048212
-0.047306
-0.046250
-0.044988
-0.043439
-0.041512
-0.039148
-0.036366
-0.033246
-0.029878
-0.026294
-0.022470
-0.018376
-0.014050
-0.009606
-0.005162
-0.000817
0.003334
0.007211
0.010772
0.014011
0.016961
0.019674
0.022187
0.024509
0.026629
0.028519
0.030142
0.031526
0.032801
0.034051
0.035260
0.036365
0.037293
0.037979
0.038357
0.038377
0.038045
0.037382
0.036386
0.035104
0.033631
0.032023
0.030303
0.028500
0.026623
0.024674
0.022710
0.020843
0.019184
0.017818
0.016785
0.016088
0.015708
0.015641
0.015908
0.016528
0.017441
0.018514
0.019592
0.020538
0.021255
0.021693
0.021831
0.021648
0.021106
0.020158
0.018780
0.017022
0.015027
0.012933
0.010805
0.008658
0.006478
0.004238
0.001911
-0.000520
-0.003053
-0.005658
-0.008257
-0.010756
-0.013079
-0.015210
-0.017174
-0.019001
-0.020735
-0.022451
-0.024223
-0.026074
-0.027940
-0.029724
-0.031345
-0.032733
-0.033840
-0.034679
-0.035318
-0.035860
-0.036438
-0.037177
-0.038137
-0.039287
-0.040519
-0.041729
-0.042818
-0.043662
-0.044160
-0.044278
-0.044052
-0.043561
-0.042905
-0.042187
-0.041488
-0.040867
-0.040351
-0.039950
-0.039697
-0.039661
-0.039797
-0.039973
-0.040137
-0.040281
-0.040349
-0.040286
-0.040092
-0.039822
-0.039529
-0.039198
-0.038776
-0.038212
-0.037495
-0.036645
-0.035669
-0.034539
-0.033195
-0.031580
-0.029676
-0.027520
-0.025161
-0.022600
-0.019845
-0.016944
-0.013990
-0.011068
-0.008197
-0.005380
-0.002651
0.000003
0.002631
0.005238
0.007775
0.010173
0.012342
0.014181
0.015621
0.016652
0.017345
0.017823
0.018228
0.018685
0.019285
0.020073
0.021032
0.022078
0.023063
0.023826
0.024264
0.024356
0.024138
0.023641
0.022857
0.021826
0.020643
0.019395
0.018157
0.017003
0.015972
0.015056
0.014247
0.013548
0.012970
0.012542
0.012308
0.012248
0.012277
0.012317
0.012365
0.012500
0.012790
0.013242
0.013843
0.014570
0.015366
0.016176
0.016977
0.017775
0.018563
0.019276
0.019802
0.020032
0.019894
0.019354
0.018397
0.017034
0.015332
0.013382
0.011254
0.008996
0.006645
0.004222
0.001746
-0.000765
-0.003240
-0.005553
-0.007607
-0.009360
-0.010824
-0.012051
-0.013101
-0.013985
-0.014662
-0.015139
-0.015444
-0.015568
-0.015472
-0.015124
-0.014545
-0.013806
-0.013002
-0.012225
-0.011541
-0.010963
-0.010438
-0.009893
-0.009273
-0.008565
-0.007748
-0.006770
-0.005632
-0.004412
-0.003216
-0.002119
-0.001142
-0.000257
0.000576
0.001372
0.002115
0.002780
0.003369
0.003925
0.004507
0.005142
0.005783
0.006341
0.006753
0.006994
0.007071
0.007015
0.006891
0.006788
0.006760
0.006784
0.006854
0.007011
0.007305
0.007754
0.008331
0.009000
0.009738
0.010507
0.011262
0.011993
0.012752
0.013625
0.014675
0.015909
0.017298
0.018789
0.020316
0.021792
0.023130
0.024317
0.025395
0.026373
0.027200
0.027784
0.028034
0.027876
0.027254
0.026174
0.024742
0.023075
0.021247
0.019332
0.017423
0.015631
0.014040
0.012673
0.011533
0.010621
0.009930
0.009440
0.009119
0.008928
0.008827
0.008781
0.008760
0.008740
0.008681
0.008526
0.008243
0.007840
0.007319
0.006691
0.005998
0.005303
0.004656
0.004030
0.003371
0.002698
0.002083
0.001590
0.001283
0.001219
0.001404
0.001805
0.002391
0.003110
0.003888
0.004674
0.005444
0.006172
0.006841
0.007473
0.008114
0.008805
0.009547
0.010335
0.011206
0.012210
0.013365
0.014689
0.016196
0.017861
0.019616
0.021384
0.023092
0.024679
0.026080
0.027241
0.028165
0.028907
0.029540
0.030115
0.030634
0.031078
0.031424
0.031646
0.031705
0.031546
0.031121
0.030420
0.029488
0.028355
0.026980
0.025329
0.023423
0.021262
0.018832
0.016141
0.013192
0.009952
0.006439
0.002738
-0.001061
-0.004855
-0.008502
-0.011882
-0.014931
-0.017620
-0.019953
-0.021990
-0.023815
-0.025490
-0.027019
-0.028363
-0.029466
-0.030289
-0.030813
-0.031053
-0.031047
-0.030852
-0.030518
-0.030062
-0.029471
-0.028729
-0.027880
-0.027038
-0.026304
-0.025735
-0.025343
-0.025082
-0.024861
-0.024600
-0.024262
-0.023851
-0.023429
-0.023127
-0.023053
-0.023234
-0.023653
-0.024275
-0.025021
-0.025804
-0.026568
-0.027235
-0.027701
-0.027901
-0.027851
-0.027634
-0.027305
-0.026836
-0.026205
-0.025436
-0.024554
-0.023585
-0.022572
-0.021496
-0.020266
-0.018879
-0.017445
-0.016063
-0.014812
-0.013795
-0.013085
-0.012692
-0.012571
-0.012629
-0.012736
-0.012764
-0.012651
-0.012443
-0.012272
-0.012206
-0.012221
-0.012271
-0.012317
-0.012330
-0.012261
-0.012044
-0.011622
-0.010990
-0.010229
-0.009445
-0.008692
-0.007965
-0.007228
-0.006439
-0.005557
-0.004552
-0.003394
-0.002044
-0.000524
0.001072
0.002649
0.004147
0.005536
0.006795
0.007887
0.008781
0.009457
0.009919
0.010187
0.010296
0.010264
0.010081
0.009723
0.009175
0.008473
0.007690
0.006913
0.006196
0.005539
0.004904
0.004239
0.003494
0.002634
0.001647
0.000563
-0.000547
-0.001620
-0.002624
-0.003524
-0.004281
-0.004862
-0.005258
-0.005477
-0.005546
-0.005500
-0.005381
-0.005224
-0.005064
-0.004945
-0.004928
-0.005013
-0.005139
-0.005274
-0.005409
-0.005497
-0.005485
-0.005353
-0.005114
-0.004792
-0.004389
-0.003899
-0.003339
-0.002727
-0.002062
-0.001353
-0.000632
0.000091
0.000819
0.001534
0.002201
0.002774
0.003158
0.003237
0.002968
0.002386
0.001547
0.000510
-0.000665
-0.001923
-0.003219
-0.004515
-0.005758
-0.006874
-0.007794
-0.008452
-0.008779
-0.008689
-0.008101
-0.006977
-0.005344
-0.003318
-0.001056
0.001296
0.003682
0.006112
0.008607
0.011171
0.013778
0.016328
0.018691
0.020776
0.022551
0.024019
0.025189
0.026067
0.026672
0.027065
0.027328
0.027493
0.027567
0.027600
0.027674
0.027859
0.028173
0.028576
0.029007
0.029399
0.029698
0.029869
0.029902
0.029808
0.029614
0.029352
0.029059
0.028764
0.028480
0.028154
0.027668
0.026928
0.025898
0.024591
0.023057
0.021382
0.019684
0.018054
0.016501
0.015000
0.013562
0.012297
0.011331
0.010678
0.010260
0.009982
0.009835
0.009840
0.009953
0.010129
0.010340
0.010495
0.010499
0.010355
0.010120
0.009867
0.009684
0.009649
0.009785
0.010065
0.010445
0.010903
0.011447
0.012090
0.012815
0.013562
0.014264
0.014882
0.015427
0.015950
0.016515
0.017175
0.017967
0.018898
0.019894
0.020822
0.021599
0.022203
0.022632
0.022890
0.023007
0.023049
0.023074
0.023075
0.022985
0.022728
0.022240
0.021507
0.020577
0.019549
0.018530
0.017614
0.016847
0.016215
0.015673
0.015194
0.014765
0.014380
0.014042
0.013779
0.013643
0.013664
0.013819
0.014064
0.014339
0.014592
0.014781
0.014883
0.014891
0.014815
0.014678
0.014539
0.014476
0.014531
0.014720
0.015059
0.015533
0.016092
0.016704
0.017342
0.017966
0.018555
0.019126
0.019718
0.020374
0.021129
0.022031
0.023125
0.024380
0.025686
0.026908
0.027926
0.028659
0.029076
0.029210
0.029159
0.029063
0.029051
0.029188
0.029467
0.029831
0.030208
0.030534
0.030825
0.031140
0.031468
0.031742
0.031907
0.031935
0.031838
0.031677
0.031524
0.031414
0.031283
0.031009
0.030519
0.029822
0.028981
0.028077
0.027184
0.026326
0.025481
0.024601
0.023639
0.022566
0.021402
0.020197
0.018979
0.017752
0.016501
0.015175
0.013733
0.012200
0.010641
0.009099
0.007605
0.006180
0.004869
0.003726
0.002788
0.002045
0.001438
0.000910
0.000423
-0.000070
-0.000592
-0.001098
-0.001519
-0.001811
-0.001966
-0.002008
-0.002005
-0.002028
-0.002084
-0.002165
-0.002297
-0.002506
-0.002784
-0.003103
-0.003412
-0.003641
-0.003765
-0.003860
-0.003965
-0.004017
-0.003987
-0.003909
-0.003794
-0.003624
-0.003395
-0.003104
-0.002729
-0.002271
-0.001765
-0.001264
-0.000804
-0.000382
0.000042
0.000530
0.001133
0.001881
0.002749
0.003679
0.004617
0.005494
0.006210
0.006705
0.007005
0.007164
0.007235
0.007293
0.007371
0.007405
0.007302
0.007027
0.006599
0.006078
0.005567
0.005191
0.005056
0.005206
0.005603
0.006129
0.006621
0.006950
0.007042
0.006851
0.006353
0.005556
0.004499
0.003239
0.001844
0.000391
-0.001028
-0.002347
-0.003583
-0.004794
-0.006022
-0.007262
-0.008467
-0.009601
-0.010604
-0.011342
-0.011780
-0.012118
-0.012557
-0.013138
-0.013850
-0.014672
-0.015550
-0.016402
-0.017152
-0.017768
-0.018274
-0.018700
-0.019054
-0.019339
-0.019555
-0.019704
-0.019812
-0.019925
-0.020046
-0.020135
-0.020155
-0.020095
-0.019963
-0.019778
-0.019563
-0.019344
-0.019140
-0.018962
-0.018796
-0.018597
-0.018351
-0.018107
-0.017917
-0.017790
-0.017684
-0.017543
-0.017332
-0.016999
-0.016453
-0.015660
-0.014655
-0.013470
-0.012198
-0.011071
-0.010288
-0.009891
-0.009862
-0.010154
-0.010639
-0.011149
-0.011552
-0.011778
-0.011809
-0.011672
-0.011417
-0.011108
-0.010803
-0.010557
-0.010492
-0.010775
-0.011440
-0.012366
-0.013429
-0.014575
-0.015821
-0.017168
-0.018563
-0.019928
-0.021177
-0.022210
-0.022976
-0.023521
-0.023924
-0.024247
-0.024551
-0.024881
-0.025224
-0.025632
-0.026308
-0.027401
-0.028894
-0.030721
-0.032785
-0.034893
-0.036824
-0.038435
-0.039689
-0.043551
-0.044303
-0.044901
-0.045396
-0.045782
-0.046004
-0.046041
-0.045935
-0.045702
-0.045278
-0.044515
-0.043221
-0.041223
-0.038418
-0.034808
-0.030549
-0.025961
-0.021480
-0.017479
-0.014117
-0.011407
-0.009297
-0.007710
-0.006551
-0.005690
-0.005004
-0.004404
-0.003790
-0.003044
-0.002098
-0.000941
0.000414
0.001984
0.003770
0.005619
0.007295
0.008617
0.009525
0.010068
0.010344
0.010471
0.010546
0.010607
0.010619
0.010519
0.010224
0.009642
0.008665
0.007191
0.005180
0.002740
0.000139
-0.002407
-0.004802
-0.006958
-0.008778
-0.010197
-0.011194
-0.011799
-0.012076
-0.012108
-0.011991
-0.011839
-0.011767
-0.011832
-0.012008
-0.012196
-0.012246
-0.012044
-0.011625
-0.011080
-0.010439
-0.009700
-0.008824
-0.007664
-0.006103
-0.004185
-0.002054
0.000120
0.002152
0.003871
0.005156
0.005996
0.006490
0.006784
0.006969
0.007011
0.006753
0.006085
0.005226
0.004586
0.004487
0.005039
0.006159
0.007676
0.009376
0.011030
0.012436
0.013459
0.014040
0.014199
0.014009
0.013577
0.013031
0.012513
0.012134
0.011943
0.011956
0.012152
0.012439
0.012692
0.012820
0.012775
0.012555
0.012187
0.011719
0.011205
0.010694
0.010222
0.009810
0.009463
0.009175
0.008929
0.008721
0.008573
0.008529
0.008629
0.008867
0.009192
0.009532
0.009816
0.009991
0.010028
0.009937
0.009770
0.009593
0.009439
0.009316
0.009199
0.009027
0.008722
0.008217
0.007475
0.006490
0.005289
0.003920
0.002444
0.000917
-0.000638
-0.002257
-0.003957
-0.005687
-0.007404
-0.009081
-0.010663
-0.012095
-0.013350
-0.014407
-0.015247
-0.015862
-0.016264
-0.016481
-0.016552
-0.016518
-0.016425
-0.016305
-0.016186
-0.016084
-0.016004
-0.015943
-0.015872
-0.015741
-0.015527
-0.015255
-0.014996
-0.014830
-0.014813
-0.014959
-0.015265
-0.015747
-0.016391
-0.017116
-0.017791
-0.018308
-0.018646
-0.018854
-0.019005
-0.019154
-0.019328
-0.019520
-0.019685
-0.019767
-0.019755
-0.019678
-0.019559
-0.019366
-0.019045
-0.018605
-0.018089
-0.017527
-0.016940
-0.016352
-0.015759
-0.015150
-0.014528
-0.013849
-0.013037
-0.012078
-0.011003
-0.009842
-0.008651
-0.007523
-0.006541
-0.005768
-0.005239
-0.004991
-0.005064
-0.005452
-0.006133
-0.007079
-0.008235
-0.009512
-0.010816
-0.012065
-0.013200
-0.014193
-0.015049
-0.015811
-0.016532
-0.017240
-0.017927
-0.018562
-0.019145
-0.019688
-0.020177
-0.020595
-0.020942
-0.021230
-0.021462
-0.021606
-0.021635
-0.021552
-0.021344
-0.020969
-0.020411
-0.019673
-0.018737
-0.017626
-0.016437
-0.015287
-0.014247
-0.013326
-0.012495
-0.011735
-0.011010
-0.010266
-0.009479
-0.008661
-0.007828
-0.006990
-0.006158
-0.005359
-0.004644
-0.004093
-0.003767
-0.003669
-0.003721
-0.003811
-0.003880
-0.003930
-0.003966
-0.003985
-0.003981
-0.003952
-0.003909
-0.003896
-0.003954
-0.004088
-0.004273
-0.004468
-0.004632
-0.004732
-0.004751
-0.004697
-0.004602
-0.004498
-0.004401
-0.004333
-0.004297
-0.004266
-0.004218
-0.004151
-0.004052
-0.003905
-0.003719
-0.003519
-0.003318
-0.003110
-0.002880
-0.002635
-0.002395
-0.002177
-0.001982
-0.001806
-0.001644
-0.001492
-0.001358
-0.001241
-0.001117
-0.000948
-0.000713
-0.000423
-0.000118
0.000154
0.000361
0.000498
0.000579
0.000627
0.000667
0.000715
0.000767
0.000812
0.000838
0.000847
0.000853
0.000872
0.000911
0.000963
0.001015
0.001055
0.001086
0.001122
0.001176
0.001254
0.001346
0.001438
0.001514
0.001564
0.001583
0.001573
0.001550
0.001535
0.001544
0.001583
0.001663
0.001789
0.001962
0.002172
0.002399
0.002630
0.002863
0.003095
0.003322
0.003535
0.003723
0.003884
0.004025
0.004155
0.004280
0.004399
0.004514
0.004633
0.004766
0.004924
0.005113
0.005335
0.005585
0.005859
0.006146
0.006439
0.006730
0.007012
0.007281
0.007529
0.007750
0.007944
0.008123
0.008302
0.008490
0.008684
0.008885
0.009093
0.009300
0.009497
0.009679
0.009845
0.009998
0.010140
0.010278
0.010422
0.010571
0.010721
0.010869
0.011016
0.011160
0.011299
0.011428
0.011547
0.011652
0.011744
0.011823
0.011890
0.011948
0.012000
0.012048
0.012099
0.012153
0.012211
0.012271
0.012332
0.012390
0.012441
0.012486
0.012525
0.012557
0.012580
0.012590
0.012585
0.012564
0.012528
0.012482
0.012429
0.012372
0.012313
0.012254
0.012193
0.012130
0.012061
0.011985
0.011901
0.011811
0.011720
0.011628
0.011535
0.011438
0.011336
0.011227
0.011111
0.010992
0.010870
0.010747
0.010623
0.010494
0.010362
0.010224
0.010082
0.009933
0.009781
0.009625
0.009469
0.009312
0.009155
0.008998
0.008841
0.008683
0.008525
0.008364
0.008202
0.008038
0.007874
0.007709
0.007544
0.007379
0.007212
0.007045
0.006877
0.006708
0.006540
0.006374
0.006208
0.006045
0.005882
0.005722
0.005563
0.005406
0.005250
0.005095
0.004940
0.004787
0.004634
0.004481
0.004330
0.004179
0.004028
0.003878
0.003728
0.003577
0.003427
0.003276
0.003126
0.002976
0.002827
0.002678
0.002529
0.002381
0.002234
0.002088
0.001942
0.001797
0.001652
0.001508
0.001365
0.001222
0.001080
0.000938
0.000798
0.000657
0.000518
0.000380
0.000243
0.000106
-0.000029
-0.000162
-0.000295
-0.000426
-0.000556
-0.000685
-0.000812
-0.000939
-0.001064
-0.001188
-0.001310
-0.001431
-0.001551
-0.001669
-0.001786
-0.001902
-0.002016
-0.002129
-0.002240
-0.002350
-0.002458
-0.002565
-0.002671
-0.002775
-0.002877
-0.002978
-0.003078
-0.003176
-0.003273
-0.003368
-0.003462
-0.003554
