0.000704
0.002171
0.002317
0.000637
-0.000536
-0.002109
-0.001705
-0.000041
0.000188
0.000084
-0.001670
-0.002652
-0.001782
-0.000914
0.000183
-0.002068
-0.004434
-0.002657
-0.000361
0.000010
0.000478
-0.000219
-0.001889
-0.002503
-0.001892
0.000048
0.001879
0.002227
0.000729
-0.000007
0.000595
-0.002060
-0.004528
-0.000361
0.000425
0.000153
-0.000026
0.001079
0.002441
-0.002458
-0.002341
0.002707
0.002013
-0.000236
0.000928
0.003052
0.001324
-0.002602
-0.001552
0.002228
0.001883
0.000372
0.002931
0.000957
-0.002598
-0.000770
-0.000067
0.000255
0.002263
-0.000543
0.000609
0.001613
-0.002575
-0.001348
-0.000243
-0.000029
-0.000278
0.003620
0.006024
0.000125
0.002182
0.003262
-0.003246
-0.003666
-0.002119
0.002453
0.002557
-0.000193
0.004687
0.004220
-0.000411
0.000940
0.001372
0.000033
-0.000466
0.001517
0.001165
-0.000209
-0.001064
-0.003055
-0.002825
-0.003893
0.007256
0.013009
0.001339
-0.004958
-0.001596
0.002941
-0.001138
-0.004158
0.006122
0.004240
-0.009416
-0.005662
0.008152
0.001985
-0.006317
0.004930
0.011049
0.003086
-0.003415
0.006591
0.006931
-0.001760
-0.002003
-0.000379
0.001272
-0.001696
-0.002504
0.004032
0.002882
-0.005233
-0.006233
-0.002102
0.005272
0.004463
-0.003125
-0.010318
-0.010145
-0.005363
0.002347
-0.002219
-0.004608
0.004894
0.002183
-0.004346
-0.003606
0.004987
-0.000424
-0.004008
-0.000658
0.001416
-0.006461
-0.017150
-0.006868
0.001949
-0.004588
-0.005716
0.002165
0.004954
0.004996
0.009452
0.001634
-0.011059
-0.008268
0.002167
0.011608
0.012667
0.006079
-0.006698
-0.007301
0.001062
0.011535
0.010577
-0.003139
-0.012198
-0.005157
0.005622
-0.000183
-0.010068
-0.010842
-0.006076
0.001041
0.015799
0.004164
-0.014734
-0.010496
0.003344
0.010501
-0.000438
-0.004318
-0.001003
0.001743
0.003711
0.001771
0.005360
-0.007275
-0.012913
-0.002644
0.002195
-0.001053
-0.003608
0.007169
0.001875
-0.003844
-0.004303
0.003264
0.011183
0.009301
0.013413
0.006583
-0.006058
-0.011758
-0.006494
0.010594
0.008024
0.001625
0.002768
-0.002708
-0.004483
0.006730
0.011099
-0.002883
-0.007438
-0.004238
-0.007421
-0.018611
-0.017378
0.000048
0.008498
0.002560
0.005525
0.010814
0.009384
0.005585
0.005761
0.007649
-0.006509
-0.012574
-0.005526
-0.000984
0.006042
0.006880
-0.004071
-0.015393
-0.004879
0.016301
0.005790
-0.007555
-0.007046
0.001276
-0.001663
-0.007301
0.002986
0.005039
0.004767
-0.003643
0.002620
0.008976
-0.006385
-0.008498
-0.004118
-0.011031
-0.004398
0.016235
0.012237
-0.001550
-0.003756
-0.003498
0.007035
0.013454
0.004988
-0.010813
-0.014921
-0.003094
0.004257
0.004733
0.001286
0.003584
0.006357
0.005315
0.002384
0.005650
0.005683
-0.000344
-0.001061
-0.002457
0.001171
-0.001323
-0.002845
0.000217
0.005216
-0.003324
-0.013614
0.001774
0.026252
0.024887
-0.001769
-0.006455
-0.013901
-0.016808
0.006801
0.005247
-0.008121
-0.009916
-0.005085
0.005085
0.008980
-0.004842
-0.011687
-0.006647
-0.005080
0.004137
0.010564
-0.003892
-0.010954
0.001042
0.010093
0.003764
-0.001740
0.000048
-0.003427
0.009832
0.018089
0.018072
0.001451
-0.009262
-0.007443
-0.011010
-0.003199
-0.001359
0.007467
0.001490
-0.015359
-0.013720
-0.000084
0.005860
0.004941
-0.000515
0.001613
-0.002121
-0.008973
-0.001007
-0.002530
-0.008795
-0.013327
-0.004090
0.007538
0.007535
-0.005828
-0.003196
0.007692
0.001490
-0.009598
-0.010657
-0.009534
0.004324
0.016203
0.005479
-0.003846
0.007888
0.021753
0.006910
-0.001035
0.010061
0.017459
0.000941
-0.019552
-0.010469
0.007044
0.005919
0.005023
0.005292
0.001581
-0.011658
-0.002052
0.025401
0.026443
-0.000805
-0.017901
-0.002107
0.014040
0.011415
0.005133
0.006404
-0.005767
0.000197
0.014859
0.005472
-0.005532
0.008596
0.009344
0.001035
-0.002428
-0.008977
0.000716
0.000917
0.004682
-0.001945
-0.014369
0.002620
0.012824
-0.008537
-0.000632
0.007290
-0.007445
-0.005472
0.001132
0.011764
-0.016186
-0.028616
-0.006312
0.017170
0.021460
0.014262
0.009831
-0.010214
-0.007354
0.018129
0.036018
0.009584
-0.018873
-0.003526
0.006322
0.002956
0.001665
0.000540
0.002563
-0.004576
0.004333
-0.010924
-0.014193
0.004654
0.006463
0.018359
0.008367
-0.003175
-0.015387
-0.012215
-0.002763
-0.004129
-0.003706
-0.012085
-0.013129
-0.004514
0.008064
0.012148
-0.002260
0.004508
0.019998
0.017541
0.016058
0.010760
0.016512
0.005041
-0.002377
0.019959
0.013366
-0.003167
-0.010550
0.004131
0.000279
-0.003831
0.008406
0.003477
-0.010363
-0.018394
-0.010905
0.009541
0.026137
0.006255
-0.018422
-0.020014
0.003203
0.009647
0.005457
-0.001328
-0.002722
-0.003757
-0.001810
-0.002957
0.007804
0.012156
0.009036
-0.002573
-0.004092
0.005871
-0.000240
-0.014072
-0.021924
0.005209
0.021398
0.016713
-0.010408
-0.024982
-0.029639
-0.030127
-0.017590
-0.003853
0.000586
0.002766
0.007649
0.004919
0.007163
0.016263
0.022793
0.023293
0.016696
0.009783
0.002134
-0.001281
-0.010146
-0.009125
-0.007443
-0.006192
-0.006844
-0.028576
-0.032585
-0.028345
-0.003645
0.032340
0.013642
-0.021301
-0.000702
0.031298
0.053893
0.027567
-0.021831
-0.042582
-0.057583
-0.062335
-0.052944
-0.015413
-0.002956
-0.018555
-0.012377
0.007797
-0.011067
-0.030111
-0.005224
0.030789
0.023897
0.014302
0.026572
-0.005762
-0.044179
-0.054434
-0.040790
-0.026913
-0.014674
-0.005700
0.000337
0.012092
-0.012317
-0.008138
0.015915
0.000942
-0.009966
-0.009830
-0.000527
-0.025762
-0.031770
-0.003261
0.021061
0.032099
0.017941
-0.009579
-0.015112
-0.000577
0.007960
0.037893
0.045230
0.028257
0.018563
0.004413
-0.008854
-0.013268
-0.030168
-0.034496
-0.011337
0.005059
0.008076
-0.013504
-0.025752
-0.003477
-0.005307
-0.025044
0.002353
0.041581
0.050146
0.047456
0.038470
0.024033
0.027975
0.007950
0.000745
0.028130
0.018235
0.001897
-0.008946
-0.000039
0.006165
0.001758
0.003151
-0.028771
-0.044250
-0.017810
0.002619
0.008087
-0.005239
-0.014604
0.014774
0.015885
0.006002
0.020905
0.024792
0.019414
0.005840
0.018641
-0.000398
-0.043535
-0.072468
-0.082803
-0.074628
-0.076218
-0.051996
-0.012743
0.029180
0.068108
0.054162
0.013300
0.006935
0.025873
0.032849
0.031645
0.053011
0.034907
0.000612
0.000704
0.004745
0.019828
0.003007
-0.021294
-0.024768
-0.029874
-0.020526
-0.015643
-0.023983
-0.038317
-0.046132
-0.030862
-0.018926
-0.006362
-0.009026
-0.025763
-0.023704
-0.036570
-0.041070
-0.030038
-0.010303
0.014201
0.031235
0.048695
0.046355
0.036764
0.045085
0.045989
0.034411
0.020385
0.009802
0.001080
0.002584
0.014227
0.017502
0.025546
0.028389
-0.011469
-0.047721
-0.059369
-0.058804
-0.018006
0.010022
0.014017
-0.013069
-0.030431
-0.010360
0.000993
-0.001614
-0.000834
0.038193
0.065307
0.062934
0.046888
0.020781
-0.024578
-0.065355
-0.062841
-0.074382
-0.059037
-0.017533
-0.003104
-0.018863
-0.040818
-0.016672
-0.014531
-0.033586
-0.024792
0.006030
0.029307
0.019612
0.014670
0.007058
-0.021931
-0.039672
-0.059176
-0.071577
-0.038728
0.016904
0.054542
0.043702
-0.005969
-0.071636
-0.116641
-0.132623
-0.093345
0.007109
0.078709
0.051508
-0.008112
-0.018221
0.018074
0.067491
0.072083
0.034693
0.019928
0.041597
0.073579
0.084994
0.067616
0.023823
-0.003659
0.019112
0.036458
0.014105
-0.023991
-0.023792
0.002429
0.017660
0.003414
-0.048625
-0.117512
-0.151528
-0.126591
-0.101033
-0.082445
-0.049411
0.009916
0.084793
0.130260
0.134475
0.123438
0.130130
0.138617
0.123909
0.071356
-0.011489
-0.091286
-0.129987
-0.085128
-0.014141
0.001696
-0.014031
-0.034491
-0.030567
0.010493
0.052655
0.074361
0.060375
0.045887
0.035160
0.011714
-0.000820
0.007215
0.007294
-0.019952
-0.017887
0.018725
0.006957
-0.037156
-0.061337
-0.059619
-0.044588
-0.042385
-0.057900
-0.075258
-0.079824
-0.093636
-0.102582
-0.102521
-0.069540
-0.000780
0.047933
0.042314
0.009907
0.006268
0.033022
0.053089
0.046600
0.022575
-0.004046
-0.028670
-0.050594
-0.057770
-0.027844
0.044071
0.087094
0.103479
0.126191
0.140586
0.147248
0.103214
0.026534
-0.027996
-0.068347
-0.084401
-0.042556
0.029854
0.066029
0.064690
0.067199
0.060477
0.023204
-0.015011
-0.032569
-0.029065
0.005453
0.044345
0.060230
0.076173
0.093665
0.101810
0.080940
0.042390
0.001207
-0.056564
-0.101197
-0.118219
-0.126192
-0.125539
-0.113990
-0.118603
-0.135471
-0.147757
-0.144947
-0.108626
-0.046252
0.011698
0.036931
0.035427
0.024753
0.017097
0.026451
0.045336
0.047667
0.049030
0.050914
0.019783
0.004809
0.020505
0.019229
0.017459
0.012325
0.029832
0.065382
0.084639
0.096115
0.106634
0.121385
0.131021
0.119306
0.071875
0.027200
0.005329
0.022578
0.075593
0.115385
0.139577
0.137479
0.118069
0.086840
0.047715
0.017002
-0.024749
-0.052418
-0.057949
-0.039082
0.005292
0.039780
0.067284
0.079984
0.070514
0.057578
0.062276
0.063092
0.033884
-0.017131
-0.065685
-0.082950
-0.062531
-0.030548
-0.016954
-0.014360
-0.013153
-0.004211
0.005923
0.023121
0.049595
0.065965
0.048563
0.006267
-0.014714
-0.025482
-0.025703
-0.022571
-0.038427
-0.054824
-0.064990
-0.059428
-0.053974
-0.065459
-0.076196
-0.081472
-0.073166
-0.068125
-0.082716
-0.083029
-0.052139
-0.015908
-0.011712
-0.038556
-0.059675
-0.045243
0.001324
0.036559
0.041403
0.028523
0.033018
0.061962
0.086489
0.103336
0.103076
0.081930
0.051280
0.027160
0.024029
0.048721
0.065686
0.067275
0.075633
0.060416
0.043101
0.031965
0.024601
0.021129
0.013092
0.024410
0.026379
0.016992
0.012975
0.016264
0.000741
-0.034621
-0.050451
-0.045201
-0.025097
-0.001287
0.001455
-0.020517
-0.049745
-0.070219
-0.088894
-0.104100
-0.088376
-0.070402
-0.074096
-0.071226
-0.046928
-0.029913
-0.036883
-0.053876
-0.072508
-0.078598
-0.073819
-0.057424
-0.017790
0.016973
0.044853
0.067471
0.065003
0.051466
0.031764
-0.003577
-0.046982
-0.071631
-0.064180
-0.040737
-0.016109
-0.024593
-0.046396
-0.048581
-0.050949
-0.035212
-0.014772
-0.012920
-0.018701
-0.034047
-0.058838
-0.080109
-0.074087
-0.039531
-0.008867
-0.001493
-0.023139
-0.048136
-0.059822
-0.062658
-0.056495
-0.040004
-0.020377
0.005011
0.033485
0.046413
0.013954
-0.015213
0.002150
0.013541
-0.004599
-0.021606
-0.006266
0.008225
0.009317
0.008546
-0.004641
-0.020627
-0.005132
0.022820
0.039238
0.029224
0.001531
0.000002
0.002333
-0.021727
-0.060167
-0.080157
-0.071618
-0.052900
-0.046828
-0.051676
-0.043047
-0.014530
0.022411
0.048760
0.052291
0.048702
0.051205
0.033138
0.012472
0.004148
-0.001979
-0.003494
-0.015780
-0.045477
-0.072228
-0.072947
-0.070417
-0.070094
-0.058494
-0.038048
-0.009483
0.015620
0.022413
0.008473
-0.006797
-0.003729
-0.002679
-0.014939
-0.019670
-0.016642
-0.011407
-0.007966
0.008253
0.031788
0.044183
0.054454
0.052164
0.033768
0.022848
0.029195
0.041862
0.037982
0.030530
0.034729
0.043304
0.041394
0.037582
0.031214
0.017561
0.024093
0.034098
0.039621
0.041186
0.037961
0.039295
0.044707
0.047632
0.047182
0.047655
0.030096
0.009035
0.019278
0.032249
0.020735
-0.005354
-0.006584
0.019801
0.032287
0.029584
0.017103
0.001217
-0.011257
-0.015563
-0.015546
-0.013545
0.006336
0.019782
0.012819
0.009590
0.015492
-0.003146
-0.022194
-0.014450
-0.003203
-0.003583
-0.009190
0.008575
0.020243
0.011652
0.003114
0.001272
0.007555
0.009945
0.021017
0.021035
0.013833
0.028665
0.021778
-0.003929
-0.020445
-0.023379
-0.014183
-0.012078
-0.002530
0.004917
-0.004798
-0.021383
-0.011841
0.023452
0.038561
0.011284
-0.037946
-0.058643
-0.043428
-0.020194
-0.017577
-0.010354
-0.000625
-0.015190
-0.000124
0.043160
0.042949
0.008904
-0.018867
0.002031
0.036834
0.021709
0.031871
0.061222
0.057218
0.044540
0.054503
0.030051
-0.012109
-0.002219
-0.026235
-0.072972
-0.047321
-0.009874
-0.022575
-0.020164
0.023995
0.013204
-0.021752
0.003097
0.007215
-0.020310
-0.026071
-0.035807
-0.045081
-0.045478
-0.053475
-0.058140
-0.060593
-0.042565
-0.018134
-0.026606
-0.043472
-0.054630
-0.051624
-0.036958
-0.028389
-0.013123
-0.011053
-0.017896
-0.007656
0.024010
0.041579
0.028412
0.015692
0.014263
0.018238
0.006114
-0.014305
-0.009508
0.016854
0.038842
0.034380
0.029930
0.051632
0.066193
0.057092
0.019511
-0.007851
-0.001461
-0.001063
-0.012837
-0.018632
-0.019978
-0.017045
-0.005118
0.008093
0.016331
0.003800
-0.008734
-0.008719
-0.013562
-0.020414
-0.021833
-0.015585
-0.009000
0.002206
0.023587
0.042226
0.038435
0.026752
0.017398
0.017422
0.037189
0.049117
0.044457
0.047830
0.048376
0.018545
0.003469
0.004550
-0.006790
-0.002273
0.000484
-0.012168
-0.028133
-0.021828
0.004599
0.006758
-0.008606
-0.024644
-0.031893
-0.033445
-0.035670
-0.032876
-0.031118
-0.022061
-0.003751
-0.000803
-0.002146
0.002742
0.000231
-0.006625
-0.001828
0.012894
0.020081
0.020808
0.020951
0.024964
0.033766
0.036767
0.027316
0.017110
0.017059
0.015713
0.002443
-0.007669
-0.009220
-0.002379
-0.002175
-0.010986
-0.005517
0.005072
0.012341
0.017185
0.013071
0.009991
0.018106
0.039665
0.052924
0.052535
0.041787
0.022447
0.009315
-0.007038
-0.018492
-0.011810
0.001556
0.004723
-0.000268
-0.001742
-0.010495
-0.029929
-0.034143
-0.024469
-0.024806
-0.043978
-0.067761
-0.081921
-0.079550
-0.065914
-0.066580
-0.078391
-0.079210
-0.061290
-0.038130
-0.028429
-0.036986
-0.045025
-0.047858
-0.034178
-0.022922
-0.023471
-0.029554
-0.037151
-0.034049
-0.030714
-0.024813
-0.007631
0.014214
0.031218
0.031936
0.009692
-0.014532
-0.011133
0.004397
0.010352
0.017602
0.021509
0.030248
0.033787
0.034188
0.033480
0.023560
0.010853
-0.005517
-0.006530
0.014489
0.032721
0.043507
0.045758
0.041502
0.037532
0.033590
0.044973
0.059693
0.056119
0.045457
0.046255
0.040495
0.039468
0.034640
0.017624
0.011269
0.012409
0.025376
0.041332
0.050504
0.048156
0.038512
0.030416
0.033030
0.026100
0.008115
-0.007245
-0.029941
-0.037082
-0.010451
0.012688
0.009971
-0.002540
-0.011012
-0.012041
-0.012036
-0.009430
-0.011695
-0.011677
-0.000777
0.011633
0.022040
0.024456
-0.000137
-0.032077
-0.037052
-0.034847
-0.034150
-0.036145
-0.042447
-0.046884
-0.050362
-0.050170
-0.050157
-0.045501
-0.030690
-0.023178
-0.021234
-0.019102
-0.019336
-0.010085
-0.006733
-0.015931
-0.018070
-0.011120
0.002987
0.021429
0.032287
0.029286
0.016772
-0.000607
-0.007153
0.000449
0.011610
0.013997
-0.001138
-0.014184
-0.030002
-0.041976
-0.017449
0.001481
-0.001041
-0.019056
-0.021080
0.001449
0.003346
-0.008627
-0.035749
-0.042105
-0.009576
0.028684
0.039220
0.027158
0.022234
0.038494
0.063588
0.067448
0.049558
0.015125
-0.036680
-0.092030
-0.112132
-0.088283
-0.034784
0.053981
0.108733
0.109670
0.084578
0.064739
0.054152
0.014752
-0.040487
-0.033418
0.020652
0.029122
0.012420
-0.016078
-0.027194
-0.025109
-0.000060
0.005539
-0.019967
-0.018470
-0.029279
-0.050138
-0.041929
-0.000490
0.021194
0.017619
0.018280
0.005177
0.015350
0.051539
0.068667
0.027615
-0.048250
-0.069813
-0.048873
0.000656
0.034455
0.024346
-0.004097
0.003666
0.034516
0.057650
0.068564
0.058250
0.033170
0.017978
0.018178
0.013834
0.007893
-0.014137
-0.025643
-0.024501
-0.019995
-0.014755
-0.002403
-0.001809
-0.010586
-0.000103
0.011927
0.025620
0.030380
0.020026
-0.005176
-0.025527
-0.034235
-0.040287
-0.048883
-0.043170
-0.015312
0.016401
0.020792
0.004880
0.002047
-0.004882
0.008293
0.034626
0.037209
0.009847
-0.021944
-0.045391
-0.057462
-0.041714
-0.016300
-0.004398
-0.011310
-0.009413
0.003304
0.000090
-0.013895
-0.017256
-0.009163
-0.013822
-0.020681
-0.019009
-0.018739
-0.017652
-0.005760
0.015034
0.030455
0.031321
0.020461
0.008772
0.004719
0.011434
0.011093
0.009640
0.015303
0.014317
0.004869
0.005400
0.015348
0.017756
0.015047
0.012283
0.014906
0.027211
0.042843
0.043199
0.039043
0.030155
0.007523
-0.014098
-0.023150
-0.013221
0.004378
0.005711
-0.008925
-0.021932
-0.021906
-0.008476
-0.005160
-0.015452
-0.014921
-0.004595
-0.000025
-0.005594
-0.022494
-0.034553
-0.018548
0.007942
0.003774
-0.014415
-0.028616
-0.018313
-0.000228
-0.005039
-0.016651
-0.026781
-0.030630
-0.030719
-0.016865
0.002216
0.017483
0.014375
-0.003136
-0.020122
-0.016885
-0.005861
-0.020155
-0.039000
-0.040385
-0.019025
0.017117
0.029735
0.011557
0.010746
0.015036
0.018882
0.026213
0.027122
0.019795
0.018706
0.031459
0.035132
0.030938
0.030207
0.025492
0.006631
-0.005526
-0.015994
-0.023328
-0.015324
-0.008964
-0.005267
-0.000076
-0.003274
-0.005640
0.010257
0.032617
0.036948
0.024605
0.011948
-0.012544
-0.024462
-0.013078
-0.001460
0.001864
0.000079
-0.003781
0.000462
0.002122
-0.007343
-0.002115
0.012253
0.012990
-0.001044
0.002373
0.017166
0.014537
0.004068
0.004963
0.007197
-0.010107
-0.026053
-0.028518
-0.024357
-0.027422
-0.039912
-0.049495
-0.043762
-0.020428
-0.000483
0.004131
-0.004165
-0.003805
0.002054
0.007221
0.010976
-0.001293
-0.019179
-0.028627
-0.034339
-0.037326
-0.030737
-0.009275
0.000968
0.004347
0.012950
0.012061
0.009923
0.009848
0.008633
0.013200
0.019654
0.010623
-0.003520
0.001208
0.010474
0.006934
0.001350
-0.002385
-0.007166
-0.010967
-0.007780
-0.003514
-0.003928
0.003748
0.018624
0.025015
0.014061
0.008711
0.009907
0.009799
0.008458
0.009877
0.016880
0.015728
0.016291
0.017627
0.015531
0.013147
0.018494
0.028082
0.035104
0.031257
0.027205
0.028185
0.023614
0.016151
0.013798
0.015485
0.007417
-0.005919
-0.010562
-0.008915
-0.010501
-0.006376
-0.003365
-0.007662
-0.003205
0.006553
0.007155
0.003125
0.001949
-0.001612
-0.002722
0.002331
0.002132
-0.010032
-0.017477
-0.009304
-0.002488
-0.000012
0.003026
-0.000415
-0.002884
0.000519
0.001888
-0.004932
-0.008735
-0.001851
0.006647
0.004115
-0.000421
0.000093
0.001311
0.001885
0.002847
0.009157
0.012458
0.005992
-0.003568
-0.007708
-0.008790
-0.011753
-0.017363
-0.022355
-0.022491
-0.021551
-0.025993
-0.024433
-0.019516
-0.010568
-0.005486
-0.006377
-0.011695
-0.011278
0.004395
0.012510
0.010040
0.007476
0.002857
-0.004125
-0.006345
-0.009690
-0.008599
-0.006608
-0.013444
-0.023848
-0.026772
-0.020401
-0.021360
-0.023814
-0.022458
-0.026024
-0.026834
-0.023159
-0.022120
-0.023816
-0.024535
-0.020431
-0.016734
-0.016040
-0.014026
-0.015716
-0.019432
-0.016426
-0.008528
0.001118
0.009694
0.014532
0.016645
0.018685
0.019435
0.019960
0.021902
0.017091
0.010156
0.005271
0.003390
0.007591
0.012052
0.009018
0.007382
0.008442
0.010779
0.023246
0.022735
0.007891
0.009636
0.018899
0.019706
0.020329
0.020789
0.017247
0.016504
0.019386
0.016434
0.007294
0.002264
0.005493
0.004646
0.005927
0.009708
0.004274
-0.006833
-0.010108
-0.001426
0.004007
0.004098
0.005845
0.008829
0.004432
0.002013
0.005304
0.009133
0.006989
0.000838
-0.002573
-0.008449
-0.010708
-0.013246
-0.016724
-0.014147
-0.014257
-0.016036
-0.014383
-0.012674
-0.011109
-0.007840
0.001473
0.004624
-0.000079
-0.000463
0.007442
0.008442
0.001585
-0.005824
-0.009690
-0.003246
0.001652
-0.001108
-0.002356
0.000658
0.002288
0.004880
0.002358
-0.000380
-0.000472
-0.000111
0.001481
-0.000870
0.000815
0.005350
0.002246
0.002193
0.007387
0.002453
-0.005954
-0.007121
-0.001050
0.001143
0.000018
0.001750
0.004234
0.008870
0.007245
0.008848
0.009633
0.011388
0.015117
0.012762
0.012826
0.014712
0.013601
0.004776
0.002801
0.008461
0.014417
0.018258
0.017214
0.015018
0.012720
0.010779
0.009752
0.003077
-0.006903
-0.012958
-0.010186
-0.008469
-0.009697
-0.003499
-0.000385
-0.001739
-0.007475
-0.010434
-0.005576
-0.005847
-0.009607
-0.010664
-0.010429
-0.010861
-0.009544
-0.011190
-0.018959
-0.018974
-0.016303
-0.017394
-0.018145
-0.014204
-0.013954
-0.017465
-0.016669
-0.009368
-0.000133
0.003383
0.002604
0.002769
0.006592
0.001278
-0.007659
-0.010565
-0.010730
-0.009793
-0.008287
-0.006579
-0.004917
-0.002868
0.001424
0.001180
-0.001929
0.002692
0.007484
0.006346
0.002510
-0.001815
-0.000048
0.005226
0.009215
0.009974
0.008277
0.007805
0.009686
0.012652
0.010137
0.008074
0.007514
0.013049
0.019989
0.018351
0.013293
0.011494
0.012704
0.010422
0.009816
0.010594
0.009570
0.004064
0.002700
0.009046
0.012866
0.013946
0.009044
0.003439
0.002404
0.000756
-0.000675
-0.002168
-0.001848
-0.003674
-0.006344
-0.003438
-0.001993
-0.004031
-0.008866
-0.011391
-0.009092
-0.005821
-0.002568
-0.002976
-0.003499
-0.001856
-0.004797
-0.006882
-0.006845
-0.005405
-0.003193
-0.002795
-0.002311
-0.003326
-0.005099
-0.008474
-0.008848
-0.008635
-0.009181
-0.009261
-0.010828
-0.011011
-0.011589
-0.011413
-0.009683
-0.007416
-0.004982
-0.001168
0.002888
0.004515
0.003067
-0.001129
-0.000791
0.002772
0.002914
0.001919
0.003786
0.006739
0.005735
0.004118
0.001555
0.000586
0.003267
0.006092
0.007474
0.006111
0.003676
0.001756
0.002755
0.004854
0.003539
0.002431
0.003150
0.002801
0.001209
0.000062
-0.001639
-0.003657
-0.003056
-0.002541
-0.001798
-0.000613
-0.000484
-0.001750
-0.001975
-0.000303
0.002146
0.002412
-0.000312
-0.000820
-0.001206
-0.001247
-0.000736
-0.000701
-0.001300
-0.001718
-0.000509
0.000784
0.001409
0.000783
-0.000344
-0.000554
-0.000370
-0.000122
0.000265
-0.000542
-0.001452
-0.001222
-0.000509
-0.000246
-0.000298
-0.000094
0.000418
0.000335
0.000077
0.000414
0.000907
0.001449
0.001735
0.001682
0.001452
0.001560
0.001456
0.000983
0.000998
0.001054
0.000984
0.000664
0.000338
0.000525
0.000773
0.000818
0.000511
0.000061
0.000059
0.000218
0.000201
0.000045
-0.000159
-0.000171
-0.000047
0.000139
0.000154
-0.000053
-0.000081
-0.000026
-0.000067
-0.000101
-0.000109
-0.000086
-0.000010
0.000014
-0.000032
-0.000082
-0.000123
-0.000160
-0.000201
-0.000205
-0.000203
-0.000233
-0.000258
-0.000266
-0.000253
-0.000230
-0.000205
-0.000171
-0.000135
-0.000099
-0.000063
-0.000029
