-0.000336
0.000296
0.000959
-0.000276
-0.001696
0.001559
0.003306
0.002069
0.000677
0.001940
0.003930
0.001846
0.002184
0.003503
0.002669
0.000805
0.000525
0.002583
0.004194
0.001895
-0.002124
-0.001711
0.002080
0.002159
0.002321
0.001571
-0.000157
-0.000478
0.000372
0.002234
0.000301
-0.001528
-0.000088
0.001678
0.002823
0.003076
-0.001001
-0.001751
-0.000864
-0.000086
0.001935
-0.000893
-0.003428
0.000177
0.003495
0.002327
-0.001602
-0.003054
0.002305
0.004491
0.001138
0.000917
0.002376
-0.000463
-0.002287
-0.001848
0.000594
0.004080
0.001937
-0.001048
0.001023
0.001170
0.000511
-0.000277
0.003263
0.003688
-0.002189
-0.001599
-0.001319
0.002347
0.002669
-0.001429
0.000396
0.003275
0.003289
-0.001714
-0.002937
-0.002121
-0.001764
-0.002347
0.003243
0.002951
0.001130
-0.000074
-0.003527
0.001024
0.000437
-0.001154
-0.002514
0.002061
0.003048
0.006582
0.004670
-0.001180
-0.001060
0.000424
-0.000571
-0.000747
-0.000090
0.000738
0.004427
0.004273
0.002177
-0.002219
-0.001902
-0.000863
-0.000694
-0.001648
-0.001740
-0.004408
-0.002594
0.001825
0.008430
0.004239
-0.005142
0.003058
0.006931
0.004345
0.000230
-0.006632
-0.008992
0.002215
0.008333
0.005689
-0.000458
-0.017618
-0.015388
0.006380
0.011031
0.003596
-0.007405
-0.005710
-0.000663
0.004493
0.008964
-0.000364
-0.011706
-0.011165
0.007514
0.008696
0.000261
-0.003593
-0.002836
0.000462
0.007963
0.003264
-0.019955
-0.026010
-0.007923
0.012566
0.009385
-0.004865
-0.016153
-0.012226
0.007141
0.018829
0.009799
-0.004383
-0.019978
-0.012579
0.017074
0.015438
-0.008374
-0.017475
0.000619
0.012882
0.008415
-0.000483
-0.003386
-0.003898
-0.000128
0.001588
-0.001839
-0.002502
-0.001367
0.007092
0.001935
-0.004553
-0.002804
0.006109
0.007583
-0.001723
-0.002624
-0.001280
0.007093
0.007520
-0.003036
0.004504
0.009522
0.001798
-0.012563
-0.007230
0.003249
0.001735
0.006275
-0.000864
-0.002308
-0.002690
-0.000842
0.007307
0.005984
-0.002774
-0.005921
-0.002589
0.000880
-0.003198
0.002578
0.011803
0.006528
0.005994
0.003119
-0.007383
-0.008807
-0.001788
-0.003568
-0.015199
-0.007978
-0.001781
-0.006512
-0.007329
0.001077
0.002833
-0.002811
-0.012147
-0.017773
-0.000324
0.000981
-0.001514
-0.002933
-0.000340
0.004665
0.000622
-0.009813
-0.011844
-0.003620
0.003970
0.000134
-0.001321
0.004332
-0.003151
-0.009091
-0.001681
0.007179
0.001790
-0.005406
0.004452
0.010215
0.003888
-0.010350
-0.000501
0.016522
0.012052
0.010769
0.003521
-0.009327
-0.013352
0.006230
0.008642
-0.002824
-0.000977
0.004617
0.003922
0.003087
0.005893
-0.001569
-0.006707
-0.008844
-0.007882
0.001835
0.006974
0.003969
-0.007499
-0.006572
-0.006895
-0.009084
0.001049
0.000207
-0.001862
0.003673
0.004033
0.001335
-0.009868
-0.007421
0.003711
-0.001314
-0.001757
0.003691
0.008645
0.005107
0.006778
0.009035
0.010025
0.013824
0.006754
-0.006758
-0.005102
0.002910
-0.002732
-0.004552
0.000626
-0.007083
-0.018079
-0.011599
-0.005570
-0.006235
0.002077
0.007048
0.005837
0.003312
0.003541
-0.000370
-0.005815
-0.010832
-0.014514
-0.009616
-0.005690
0.002606
0.006465
0.012861
0.008022
-0.005055
-0.001814
0.004586
0.004002
-0.006144
-0.018830
-0.025576
-0.001836
0.017439
0.004769
-0.013706
-0.007504
0.005656
0.003046
0.005078
-0.000625
-0.003292
-0.004286
-0.008602
-0.014227
-0.000147
0.001578
-0.010209
-0.009190
-0.005311
0.006886
0.002622
-0.011380
-0.011036
0.000840
-0.004806
-0.009410
-0.002087
0.008787
0.018613
0.004885
-0.016672
-0.009253
0.020895
0.016547
-0.011279
-0.017894
0.000025
0.014634
0.000273
-0.010131
-0.010625
-0.007740
-0.008033
0.006849
0.022006
-0.005716
-0.029473
-0.013170
0.015428
0.030281
0.016875
0.000144
-0.001718
0.001684
0.009435
0.001337
0.008335
0.008365
-0.000107
0.000214
-0.003227
-0.002989
-0.019314
0.001538
0.017437
0.002925
-0.005934
-0.022216
-0.035782
-0.024421
-0.004804
0.008976
-0.004290
-0.009590
0.006205
0.014939
0.023375
0.003820
-0.012670
-0.009277
-0.006477
-0.003540
0.010470
0.010558
0.006417
0.011135
0.003687
-0.010322
-0.024008
-0.012859
-0.000598
-0.011549
0.000164
0.022928
0.023808
0.001625
-0.008984
0.005687
0.011069
0.005393
-0.002001
-0.006373
-0.007490
-0.014554
0.003055
0.007086
-0.013962
-0.025030
-0.014943
0.001751
-0.011149
-0.015167
-0.020526
-0.007868
0.020105
0.030778
0.018734
0.000822
-0.009482
-0.011010
0.002418
-0.001031
-0.015753
-0.002929
0.017054
0.007115
-0.002677
0.002120
0.012508
0.013142
0.003567
-0.002857
-0.006957
-0.007227
-0.006488
-0.006045
-0.003558
-0.011920
-0.006791
0.002549
-0.000563
0.001543
-0.000686
-0.006329
0.004770
0.009076
-0.004979
-0.012243
-0.008694
-0.002694
-0.013469
-0.008459
-0.011635
-0.006148
0.012446
0.000619
-0.014048
0.007664
0.033298
0.023875
0.000652
-0.004091
0.008092
0.007817
0.008986
0.011641
-0.000826
-0.002638
0.000775
-0.008418
-0.016900
-0.014445
-0.010885
-0.021899
-0.012269
0.001916
-0.008380
-0.009145
0.002474
0.008602
0.012258
0.013154
0.004739
-0.008331
-0.015133
-0.001643
0.020580
0.033921
0.019006
-0.016096
-0.024305
-0.002723
0.006976
-0.007576
-0.007498
0.005810
0.004757
0.006730
0.019741
0.031397
0.024730
-0.007459
-0.032800
-0.031246
-0.019167
-0.002010
0.004748
-0.006109
0.012721
0.035442
0.036835
0.005413
0.000590
0.000526
-0.009563
-0.009504
-0.019653
-0.023745
-0.027260
-0.027553
-0.012601
0.017391
0.020866
0.005011
-0.010538
0.005240
0.010827
0.016621
0.006928
0.018892
0.033486
0.032759
0.008232
-0.023311
-0.018078
-0.015015
-0.002890
-0.010854
0.006560
0.011819
-0.013699
-0.017608
-0.014052
-0.005145
0.004806
-0.011788
-0.019689
-0.000754
0.013923
-0.007010
0.000939
0.014516
-0.010541
-0.022346
-0.032551
-0.009932
-0.004992
-0.026813
-0.026940
-0.010396
-0.014637
-0.031612
-0.039224
-0.019950
-0.004869
-0.004287
0.015784
0.035760
0.036008
0.047759
0.021014
-0.016000
0.007281
0.016520
0.028241
0.024538
0.023838
0.032544
0.044510
0.022641
0.005183
0.026844
0.028210
-0.001547
-0.023295
-0.018465
-0.023023
-0.034912
-0.060192
-0.051064
0.002079
0.050158
0.042793
0.029464
0.032863
0.021117
0.000961
-0.015940
-0.009732
-0.007396
0.005028
0.036628
0.029555
0.002871
-0.015528
-0.037234
-0.016941
0.025365
0.057453
0.061071
0.034074
0.015119
0.005527
0.003466
0.011286
0.017781
0.025312
0.050285
0.049059
0.029598
0.042487
0.057243
0.057384
0.064506
0.078215
0.081920
0.074090
0.064021
0.055768
0.033236
-0.008569
-0.035836
-0.030890
-0.012551
0.002618
0.011436
0.027167
0.046409
0.054021
0.045234
0.028392
0.011660
-0.012809
-0.037109
-0.040835
-0.038658
-0.027822
-0.001466
0.010822
-0.008764
-0.052750
-0.078596
-0.082301
-0.076140
-0.061648
-0.063751
-0.072556
-0.080003
-0.080672
-0.069178
-0.045430
-0.013238
0.004287
-0.011424
-0.028881
-0.009578
0.042854
0.103716
0.139602
0.141125
0.083839
0.021805
-0.005689
0.002607
0.043680
0.075271
0.111131
0.138348
0.146080
0.148780
0.121426
0.089307
0.049922
0.005327
-0.001002
0.003606
-0.018530
-0.067098
-0.106668
-0.118624
-0.110429
-0.050661
0.015037
0.010846
-0.027401
-0.048674
-0.009958
0.055209
0.085658
0.091943
0.079380
0.061633
0.054674
0.067199
0.104337
0.119691
0.082400
0.008908
-0.055231
-0.090099
-0.107566
-0.115391
-0.122934
-0.131431
-0.124917
-0.113734
-0.121531
-0.124840
-0.097909
-0.077317
-0.101010
-0.140535
-0.152735
-0.116211
-0.033945
0.051459
0.095505
0.080137
0.033643
0.006885
-0.003118
-0.009623
-0.002309
0.021369
0.068402
0.082411
0.045450
0.008354
-0.026615
-0.025018
0.015139
0.052163
0.071601
0.088031
0.104729
0.083076
0.023139
-0.013712
-0.010545
-0.011599
-0.023740
0.003541
0.074504
0.105222
0.083984
0.071242
0.069693
0.065715
0.068681
0.041952
0.014703
0.024914
0.044637
0.039202
0.029576
0.043591
0.068768
0.096311
0.099721
0.094340
0.067362
0.044410
0.038712
0.037258
0.021953
-0.015774
-0.015066
0.006057
0.019498
0.037107
0.036992
-0.000435
-0.064299
-0.120557
-0.154397
-0.180722
-0.203999
-0.222439
-0.230100
-0.241212
-0.244803
-0.225838
-0.199112
-0.181082
-0.169700
-0.149026
-0.119631
-0.094375
-0.073631
-0.050980
-0.048633
-0.052792
-0.058344
-0.066863
-0.073677
-0.074507
-0.058233
-0.036113
-0.015911
0.002480
0.021148
0.043152
0.066585
0.090140
0.111975
0.138976
0.157530
0.168674
0.168142
0.136579
0.088670
0.039988
0.026102
0.028579
0.014313
0.007924
0.012642
0.029747
0.057518
0.070702
0.078860
0.080191
0.060047
0.029115
0.005396
-0.009957
-0.021650
-0.046460
-0.070469
-0.078295
-0.081108
-0.089741
-0.112599
-0.125533
-0.133185
-0.121262
-0.098454
-0.092995
-0.098729
-0.111544
-0.112195
-0.106586
-0.102443
-0.098386
-0.085398
-0.067314
-0.038152
-0.004730
0.018820
0.026463
0.016645
-0.000081
-0.012223
-0.012353
-0.021249
-0.030383
-0.045440
-0.067718
-0.085531
-0.073871
-0.024507
0.011329
0.020984
0.014790
0.007691
0.001790
-0.010361
-0.033251
-0.064950
-0.070531
-0.063460
-0.070377
-0.080634
-0.079784
-0.069799
-0.074608
-0.082402
-0.088958
-0.086384
-0.053611
-0.004583
0.036732
0.053227
0.066582
0.094948
0.112939
0.127697
0.139218
0.145570
0.139968
0.115594
0.090074
0.069741
0.059070
0.042899
0.017581
-0.008373
-0.030259
-0.044052
-0.053510
-0.056577
-0.048560
-0.034884
-0.023773
-0.010981
0.014591
0.046375
0.074130
0.080014
0.063363
0.036454
0.012013
-0.011680
-0.020704
-0.006302
0.001273
-0.010328
-0.027360
-0.035547
-0.040786
-0.043201
-0.040385
-0.036197
-0.020834
-0.003328
0.014955
0.037916
0.051702
0.059297
0.055957
0.049343
0.051185
0.060756
0.064268
0.062375
0.059909
0.045864
0.022713
0.019300
0.038953
0.051075
0.050857
0.045754
0.041493
0.040756
0.045582
0.047684
0.042796
0.031594
0.027665
0.029245
0.035330
0.047641
0.065644
0.079295
0.075961
0.072890
0.077510
0.073163
0.064359
0.057321
0.051289
0.062086
0.078771
0.079940
0.061627
0.026683
-0.020790
-0.059484
-0.077983
-0.079691
-0.060975
-0.031732
-0.020007
-0.019625
-0.015483
-0.005932
-0.001451
0.007077
0.021875
0.032364
0.028970
0.014212
0.004994
-0.004054
-0.014195
-0.021618
-0.017397
-0.015514
-0.017575
-0.008659
0.015315
0.036611
0.030114
0.007357
-0.025674
-0.046846
-0.030963
-0.009280
-0.018059
-0.035946
-0.040453
-0.007777
0.048989
0.070561
0.068679
0.068787
0.077808
0.080824
0.073253
0.077198
0.085180
0.086873
0.071395
0.042224
0.018703
0.011293
0.017044
0.022058
0.014838
-0.004720
-0.026231
-0.049315
-0.065520
-0.075749
-0.075002
-0.054353
-0.022133
0.014068
0.040773
0.044315
0.035367
0.024550
0.017999
0.025632
0.044118
0.065194
0.067215
0.035804
0.005131
-0.010765
-0.021671
-0.013907
0.000658
0.012505
0.003151
-0.005958
0.011042
0.032636
0.046068
0.033704
0.000475
-0.020359
-0.027676
-0.015908
0.003573
-0.003567
-0.026864
-0.048633
-0.063686
-0.072256
-0.068338
-0.058847
-0.060040
-0.067035
-0.060109
-0.051749
-0.052381
-0.052577
-0.048546
-0.049818
-0.052322
-0.051607
-0.058540
-0.073968
-0.077661
-0.063181
-0.039892
-0.001662
0.019080
0.019643
0.019670
0.018405
0.010669
0.011350
0.031199
0.058222
0.075962
0.076500
0.065204
0.053480
0.053304
0.058231
0.051608
0.032199
0.008204
-0.006416
0.002764
0.021685
0.034465
0.029640
0.018698
0.001366
-0.027201
-0.045344
-0.060396
-0.072492
-0.074515
-0.064343
-0.038684
-0.015798
-0.003942
0.000449
-0.002566
-0.002862
-0.011468
-0.022099
-0.012898
-0.002398
0.008655
0.019030
0.009620
-0.009335
-0.018232
-0.026004
-0.034522
-0.033346
-0.027787
-0.006019
0.001295
0.002042
0.011900
-0.001573
-0.017543
-0.015045
0.002503
0.011701
-0.001842
0.006019
0.036117
0.033466
0.011333
-0.006986
-0.022441
-0.044444
-0.044450
-0.038700
-0.044829
-0.023764
-0.004726
-0.001597
0.007782
0.002027
-0.020538
-0.048775
-0.048901
-0.032995
-0.036825
-0.040430
-0.044440
-0.034598
-0.013292
-0.011638
-0.028399
-0.042301
-0.044804
-0.025146
-0.022250
-0.031842
-0.021675
-0.006329
0.007967
0.025182
0.032464
0.013118
-0.002750
-0.001839
0.021688
0.039597
0.043305
0.045625
0.036633
0.018304
-0.005468
-0.020552
-0.001079
0.034031
0.049642
0.043230
0.035156
0.038795
0.033437
0.016959
0.011116
0.028628
0.038552
0.009885
-0.017999
-0.012278
0.008570
0.015912
0.011985
0.007074
-0.000623
0.007167
0.016539
0.017532
0.012955
-0.002564
-0.004380
0.004652
0.017046
0.033456
0.041472
0.038535
0.022734
0.007358
0.015217
0.029429
0.034244
0.028095
0.007244
-0.002522
0.002157
0.007916
0.010976
0.006259
-0.004257
-0.001957
0.014054
0.020101
0.017752
0.030915
0.052097
0.061925
0.059657
0.058528
0.067768
0.067326
0.045864
0.023629
0.016681
0.022156
0.030277
0.026762
0.008479
0.009115
0.021919
0.017695
0.006653
-0.006843
-0.027401
-0.053860
-0.068165
-0.071098
-0.071649
-0.063207
-0.047935
-0.039743
-0.039394
-0.041283
-0.047025
-0.051152
-0.045587
-0.031018
-0.018534
-0.014772
-0.012160
-0.006964
-0.007649
-0.010218
-0.003043
0.006136
0.008862
0.006993
0.005960
0.002838
-0.004607
-0.006254
0.001250
0.005034
0.002483
0.000005
-0.002435
-0.004963
-0.012563
-0.017406
-0.024704
-0.037913
-0.037629
-0.034147
-0.037060
-0.041177
-0.038513
-0.024971
-0.018441
-0.018583
-0.017314
-0.016467
-0.014291
-0.013310
-0.018453
-0.030657
-0.040644
-0.037115
-0.019372
-0.005804
-0.009450
-0.016577
-0.014390
-0.006406
-0.001814
-0.003614
-0.007492
-0.009063
-0.017530
-0.027362
-0.034795
-0.038759
-0.030513
-0.016792
-0.006313
-0.006922
-0.014917
-0.019322
-0.023312
-0.040684
-0.060987
-0.069153
-0.055551
-0.037563
-0.018518
0.014993
0.036784
0.027522
0.004477
0.000652
0.009641
0.015961
0.026413
0.036898
0.045419
0.044999
0.046472
0.058298
0.062206
0.056503
0.048722
0.043310
0.036786
0.030343
0.032102
0.035256
0.038387
0.047232
0.056025
0.061816
0.065039
0.068990
0.064502
0.052545
0.048464
0.044410
0.038243
0.025684
0.005892
-0.004758
0.000342
0.013449
0.021466
0.018850
0.013271
0.012025
0.017797
0.017482
0.010820
0.006711
-0.006014
-0.018272
-0.014286
0.004517
0.013652
0.010635
0.007423
0.002402
0.003240
0.009086
0.009931
0.013065
0.024926
0.034186
0.026503
0.007894
-0.004105
-0.012055
-0.023785
-0.028165
-0.024483
-0.024930
-0.034345
-0.044564
-0.046067
-0.045850
-0.047317
-0.045798
-0.037670
-0.029710
-0.024718
-0.028252
-0.028825
-0.025182
-0.018837
-0.009095
-0.005567
-0.007560
-0.022894
-0.035925
-0.036677
-0.026528
-0.018721
-0.019756
-0.019182
-0.015791
-0.008199
-0.000447
-0.004769
-0.020939
-0.021843
-0.007214
0.008126
0.014133
0.008505
0.001058
-0.007663
-0.010510
0.002555
0.019910
0.019744
-0.003716
-0.040216
-0.067021
-0.058732
-0.030545
-0.012261
0.005086
0.030787
0.059248
0.068888
0.037331
-0.010780
-0.035523
-0.014684
0.021888
0.036722
0.037309
0.010965
-0.022634
-0.049671
-0.068654
-0.043988
-0.012794
0.003237
0.019826
0.027292
-0.000730
-0.018628
-0.002146
-0.013005
-0.030474
-0.032869
-0.024214
0.013187
0.041099
0.026567
-0.002943
-0.009943
0.011721
0.030896
0.038905
0.044559
0.045682
0.032578
0.014612
-0.000818
-0.012173
-0.007776
0.004978
0.023217
0.039724
0.047518
0.047299
0.027488
0.002230
-0.010402
-0.003374
0.019060
0.037068
0.043413
0.039431
0.027586
0.006469
-0.006479
-0.003621
0.010698
0.014400
0.006349
0.004967
0.005800
0.009523
0.013085
0.002550
-0.019851
-0.031533
-0.021960
-0.007657
-0.001024
0.001195
-0.001884
-0.002510
-0.004453
-0.010821
-0.014765
-0.022572
-0.031083
-0.040266
-0.055204
-0.068010
-0.066862
-0.059566
-0.050191
-0.033679
-0.018535
-0.009570
-0.003690
-0.000680
-0.004378
-0.012850
-0.019764
-0.020066
-0.012584
-0.009502
-0.018133
-0.024885
-0.021975
-0.014047
-0.010360
-0.005489
0.002372
0.005946
0.004800
0.004007
0.006740
0.008104
0.007988
0.006476
0.007455
0.010644
0.011588
0.020155
0.028271
0.024065
0.013350
-0.002710
-0.009161
0.005182
0.024660
0.034300
0.029390
0.017628
0.012872
0.013688
0.010741
0.008496
0.014400
0.028177
0.037976
0.042502
0.030590
0.004043
-0.002123
0.008321
0.019537
0.028166
0.040971
0.056363
0.065194
0.069373
0.065492
0.050006
0.024901
0.002854
0.002607
0.014555
0.024988
0.023557
0.006090
-0.016303
-0.033084
-0.040468
-0.036027
-0.029552
-0.017559
-0.003139
0.000796
0.001493
0.001060
-0.007445
-0.021497
-0.019859
-0.007622
-0.005439
-0.016067
-0.025962
-0.031852
-0.033960
-0.024576
-0.016865
-0.017499
-0.013251
-0.005758
-0.004460
-0.008020
-0.010368
-0.008683
-0.002709
-0.007555
-0.021082
-0.029441
-0.026825
-0.015045
-0.010479
-0.006552
-0.004673
-0.010707
-0.018991
-0.017533
-0.006236
0.004926
0.005117
0.000075
0.001457
-0.007945
-0.022329
-0.020372
-0.007149
-0.009115
-0.011095
-0.000874
-0.000348
-0.010271
-0.012590
-0.002953
0.006674
0.013010
0.013545
0.010474
0.008864
0.011644
0.011698
0.010026
0.011498
0.008599
0.000488
-0.011673
-0.024575
-0.034252
-0.040423
-0.036945
-0.029215
-0.021444
-0.017793
-0.014418
-0.011248
-0.015897
-0.015920
-0.018656
-0.023616
-0.025163
-0.022364
-0.015112
-0.003940
0.000773
-0.000207
-0.000368
-0.003938
-0.006951
-0.005114
0.004955
0.014710
0.016794
0.010497
0.004085
0.002529
0.005895
0.010284
0.012034
0.015601
0.020064
0.022519
0.026047
0.025726
0.026204
0.026987
0.024742
0.026637
0.031347
0.036625
0.041425
0.045348
0.046131
0.039207
0.025289
0.015903
0.017075
0.017616
0.017082
0.020628
0.020573
0.015579
0.010266
0.008136
0.006838
0.005557
0.010361
0.015487
0.012635
0.011863
0.012567
0.003511
-0.007245
-0.007231
-0.001663
0.001301
-0.000006
-0.004774
-0.012429
-0.018851
-0.016329
-0.016230
-0.019950
-0.020442
-0.018682
-0.017820
-0.017269
-0.013318
-0.012109
-0.010100
-0.004364
0.000893
-0.001943
-0.007890
-0.003822
-0.002057
-0.002995
-0.003203
-0.002864
-0.006323
-0.013395
-0.013239
-0.013566
-0.020845
-0.024550
-0.021645
-0.021250
-0.023600
-0.026632
-0.027733
-0.023847
-0.015210
-0.007402
-0.005848
-0.006802
-0.006081
-0.002043
0.005268
0.007182
0.003674
0.005195
0.009811
0.014684
0.018797
0.018648
0.017710
0.016013
0.011816
0.004583
0.004034
0.006195
0.004198
-0.000314
-0.004696
-0.005362
-0.010259
-0.017463
-0.021880
-0.017048
-0.006122
0.003091
0.009881
0.012370
0.011480
0.014628
0.021372
0.026244
0.025047
0.018598
0.013401
0.010026
0.010592
0.008576
0.004281
0.002529
0.001741
0.002051
0.004326
0.009056
0.011241
0.005649
0.003468
0.004365
0.002336
0.004098
0.005668
0.010618
0.012368
0.006296
0.004094
0.006024
0.004206
0.000088
0.001313
0.004816
0.007119
0.006344
-0.002067
-0.010545
-0.013359
-0.014752
-0.015906
-0.014606
-0.009949
-0.006224
-0.004443
0.001291
0.007401
0.005279
-0.000341
-0.005660
-0.006441
-0.008549
-0.013504
-0.012507
-0.008392
-0.008461
-0.014236
-0.018118
-0.016157
-0.009238
-0.001081
0.003624
0.005448
0.004828
0.001064
-0.000181
0.000804
-0.000713
-0.000697
-0.001532
-0.001978
-0.002636
-0.004079
0.000362
-0.001744
-0.009945
-0.013309
-0.011678
-0.006254
-0.006883
-0.009221
-0.009130
-0.006982
-0.005483
-0.006190
-0.004697
-0.006576
-0.008108
-0.007946
-0.006652
-0.004323
-0.004529
-0.003803
-0.003569
-0.003641
0.001283
0.007498
0.011626
0.014220
0.016135
0.015457
0.015205
0.016939
0.014277
0.013207
0.013115
0.014755
0.016491
0.015616
0.017670
0.018254
0.020833
0.023625
0.022117
0.016617
0.014263
0.016718
0.014878
0.013237
0.012368
0.012031
0.012148
0.008800
0.004326
0.001669
0.001910
0.002432
0.004453
0.008195
0.007673
0.003392
-0.002435
-0.007968
-0.009266
-0.003890
0.004027
0.004046
-0.002059
-0.007317
-0.009538
-0.009724
-0.009552
-0.011151
-0.014360
-0.013674
-0.010974
-0.011538
-0.014657
-0.015136
-0.015927
-0.017193
-0.015012
-0.010042
-0.005126
-0.007111
-0.013331
-0.014423
-0.009688
-0.005459
-0.002302
0.003324
0.007428
0.007204
0.001014
-0.005046
-0.005497
-0.004548
-0.002995
-0.001756
-0.002461
-0.002404
-0.002442
-0.002260
-0.000447
0.002013
0.005215
0.005309
-0.001528
-0.008295
-0.009359
-0.007122
0.000312
0.005351
0.001803
-0.003875
-0.007336
-0.007497
-0.008929
-0.013439
-0.014446
-0.007428
0.000354
0.001326
0.001557
0.003185
0.001770
-0.000515
-0.000965
-0.000960
0.000949
0.005401
0.008769
0.010372
0.012749
0.012444
0.008105
0.005256
0.004713
0.005869
0.007787
0.009417
0.010529
0.009590
0.009114
0.009888
0.012029
0.013171
0.011398
0.009220
0.009107
0.009794
0.009752
0.009978
0.010876
0.011801
0.008810
0.004923
0.001423
0.000501
0.001978
0.000230
-0.003367
-0.006423
-0.006757
-0.005852
-0.006992
-0.009056
-0.009810
-0.008319
-0.007905
-0.009093
-0.007238
-0.005867
-0.005341
-0.007807
-0.009952
-0.009342
-0.009175
-0.008370
-0.008554
-0.008235
-0.008055
-0.009656
-0.009932
-0.009489
-0.008849
-0.006951
-0.006059
-0.004935
-0.004207
-0.004185
-0.004133
-0.003138
-0.002575
-0.003921
-0.006131
-0.006485
-0.005494
-0.005624
-0.006030
-0.004426
-0.001835
-0.001131
-0.001469
-0.002257
-0.002311
-0.001284
-0.000876
-0.000445
0.001046
0.002182
0.002000
0.000607
-0.000599
0.000295
0.001150
0.000712
0.001091
0.002066
0.003133
0.003989
0.005033
0.005337
0.005293
0.004704
0.004206
0.004754
0.004383
0.004109
0.004170
0.004165
0.004583
0.004704
0.004347
0.003816
0.003507
0.003480
0.003831
0.003779
0.003383
0.003395
0.003494
0.003570
0.003244
0.002565
0.001919
0.001434
0.001008
0.000486
0.000275
0.000324
0.000459
0.000460
0.000601
0.000737
0.000636
0.000308
-0.000161
-0.000294
-0.000403
-0.000510
-0.000805
-0.001117
-0.001320
-0.001382
-0.001222
-0.001182
-0.001084
-0.001019
-0.001084
-0.001069
-0.001044
-0.001059
-0.001046
-0.000999
-0.000872
-0.000665
-0.000545
-0.000503
-0.000434
-0.000379
-0.000318
-0.000241
-0.000180
-0.000133
-0.000070
0.000011
0.000070
0.000118
0.000163
0.000202
0.000236
0.000260
0.000269
0.000262
0.000241
