-0.004811
-0.004990
-0.001313
0.003170
0.002323
0.002222
0.002183
0.002210
0.002267
0.002338
0.002422
0.002545
0.002695
0.002834
0.002912
0.002894
0.002780
0.002630
0.002503
0.002407
0.002333
0.002347
0.002615
0.003246
0.004059
0.004640
0.004674
0.004230
0.003643
0.003151
0.002794
0.002573
0.002475
0.002433
0.002376
0.002278
0.002130
0.001947
0.001764
0.001607
0.001500
0.001445
0.001414
0.001385
0.001344
0.001305
0.001282
0.001276
0.001322
0.001474
0.001698
0.001918
0.002092
0.002198
0.002210
0.002131
0.001984
0.001790
0.001572
0.001346
0.001126
0.000956
0.000841
0.000719
0.000540
0.000329
0.000160
0.000057
-0.000035
-0.000171
-0.000329
-0.000441
-0.000498
-0.000549
-0.000630
-0.000768
-0.000981
-0.001245
-0.001505
-0.001699
-0.001798
-0.001840
-0.001886
-0.001928
-0.001901
-0.001792
-0.001677
-0.001557
-0.001317
-0.000928
-0.000557
-0.000372
-0.000386
-0.000474
-0.000495
-0.000383
-0.000270
-0.000378
-0.000660
-0.000853
-0.000901
-0.000985
-0.001141
-0.001213
-0.001215
-0.001222
-0.001154
-0.001008
-0.000872
-0.000733
-0.000536
-0.000309
-0.000147
-0.000032
0.000130
0.000333
0.000571
0.000868
0.001126
0.001265
0.001373
0.001466
0.001380
0.001090
0.000829
0.000789
0.000842
0.000777
0.000647
0.000591
0.000604
0.000617
0.000590
0.000457
0.000148
-0.000276
-0.000720
-0.001195
-0.001605
-0.001700
-0.001483
-0.001287
-0.001279
-0.001219
-0.000968
-0.000807
-0.000944
-0.001139
-0.001086
-0.000902
-0.000811
-0.000649
-0.000257
0.000197
0.000554
0.000946
0.001438
0.001732
0.001597
0.001176
0.000858
0.000880
0.001055
0.001222
0.001553
0.002078
0.002559
0.002752
0.002415
0.001587
0.000677
0.000071
0.000026
0.000607
0.001371
0.001680
0.001484
0.001216
0.001199
0.001374
0.001341
0.000873
0.000340
0.000231
0.000499
0.000701
0.000523
0.000055
-0.000318
-0.000430
-0.000495
-0.000662
-0.000690
-0.000184
0.000754
0.001335
0.000876
-0.000319
-0.001234
-0.001289
-0.000677
0.000093
0.000631
0.000884
0.000962
0.000775
0.000200
-0.000538
-0.001212
-0.001862
-0.002635
-0.003625
-0.004567
-0.005035
-0.005159
-0.005371
-0.005848
-0.006404
-0.006708
-0.006772
-0.006634
-0.006169
-0.005567
-0.005058
-0.004638
-0.004161
-0.003235
-0.001619
0.000328
0.001867
0.002529
0.002385
0.001761
0.001073
0.000545
0.000225
0.000178
0.000402
0.000822
0.001227
0.001340
0.000831
-0.000288
-0.001204
-0.001355
-0.001112
-0.001019
-0.001360
-0.001992
-0.002604
-0.003439
-0.004843
-0.006107
-0.006344
-0.005909
-0.005523
-0.005368
-0.005183
-0.004901
-0.004884
-0.004716
-0.003543
-0.001462
0.000772
0.002465
0.003440
0.003975
0.004225
0.004358
0.004881
0.005753
0.006066
0.005604
0.005154
0.005008
0.004798
0.004508
0.004377
0.004259
0.004008
0.003880
0.003827
0.003603
0.003242
0.002553
0.001097
-0.000944
-0.002629
-0.003695
-0.004720
-0.005815
-0.006661
-0.006977
-0.006539
-0.005699
-0.005607
-0.006818
-0.008093
-0.008300
-0.008160
-0.008004
-0.006747
-0.004308
-0.002016
-0.000705
0.000004
0.001037
0.002574
0.003978
0.005480
0.007821
0.010625
0.012668
0.012449
0.008936
0.002898
-0.002777
-0.005458
-0.005102
-0.003249
-0.001594
-0.001811
-0.004803
-0.009302
-0.012257
-0.012139
-0.010791
-0.010768
-0.011874
-0.012028
-0.010631
-0.009317
-0.009686
-0.011483
-0.012936
-0.011739
-0.006897
0.000106
0.006158
0.008536
0.007622
0.006791
0.008260
0.010721
0.012239
0.012261
0.010228
0.006441
0.002596
-0.000237
-0.001973
-0.003124
-0.004509
-0.006275
-0.007387
-0.006436
-0.002948
0.001985
0.005969
0.007147
0.006314
0.005580
0.005089
0.003487
0.000842
-0.002163
-0.006091
-0.010789
-0.014755
-0.017250
-0.018763
-0.020207
-0.022129
-0.024343
-0.025456
-0.023172
-0.016518
-0.007717
-0.000475
0.003361
0.004328
0.003996
0.003986
0.005124
0.006655
0.007114
0.006131
0.004664
0.004065
0.005234
0.007476
0.008506
0.006614
0.002049
-0.003322
-0.007385
-0.008704
-0.006674
-0.002424
0.001787
0.004306
0.004978
0.003879
-0.000055
-0.006462
-0.012796
-0.017295
-0.020010
-0.020478
-0.017060
-0.010498
-0.004486
-0.001814
-0.003613
-0.010411
-0.019897
-0.027209
-0.030228
-0.030722
-0.029643
-0.026209
-0.020044
-0.011228
-0.001382
0.006062
0.009806
0.012135
0.014604
0.016292
0.017849
0.022199
0.028748
0.032109
0.027759
0.014989
-0.003142
-0.018969
-0.024553
-0.019650
-0.011884
-0.008358
-0.009292
-0.010520
-0.009067
-0.005081
-0.000957
0.000498
-0.001181
-0.003709
-0.005462
-0.006948
-0.008849
-0.011520
-0.014965
-0.017855
-0.017369
-0.011270
-0.000636
0.010827
0.019646
0.024471
0.025643
0.023903
0.020429
0.016596
0.013852
0.013542
0.015165
0.016663
0.016566
0.014854
0.012584
0.010799
0.009520
0.006637
-0.001030
-0.013343
-0.025376
-0.032641
-0.036319
-0.040378
-0.045902
-0.051135
-0.054138
-0.053981
-0.051023
-0.045779
-0.037801
-0.027780
-0.019102
-0.014347
-0.010781
-0.002338
0.013618
0.033601
0.051461
0.063755
0.071068
0.074191
0.071282
0.060390
0.042818
0.021408
-0.001427
-0.021760
-0.035040
-0.040198
-0.040353
-0.039806
-0.039892
-0.038674
-0.034024
-0.026145
-0.018135
-0.012634
-0.009373
-0.006274
-0.001346
0.005616
0.013135
0.019619
0.025225
0.031810
0.040599
0.051515
0.064568
0.078794
0.090872
0.097006
0.094717
0.084773
0.070350
0.054053
0.037640
0.022294
0.008632
-0.004495
-0.018892
-0.034139
-0.048219
-0.060248
-0.072264
-0.086412
-0.100531
-0.109934
-0.112194
-0.108871
-0.102844
-0.093922
-0.077938
-0.052378
-0.024426
-0.006327
-0.002175
-0.006181
-0.009993
-0.008314
-0.000999
0.009261
0.022165
0.039167
0.057316
0.070351
0.074685
0.070993
0.062485
0.052409
0.042044
0.031230
0.019739
0.007325
-0.004718
-0.014024
-0.019966
-0.021719
-0.016435
-0.003077
0.013731
0.025850
0.027922
0.022590
0.017962
0.018615
0.023156
0.028396
0.032255
0.033864
0.033040
0.031667
0.033429
0.039797
0.047860
0.053308
0.053896
0.050502
0.046156
0.043809
0.043567
0.042004
0.036116
0.025865
0.012464
-0.002721
-0.017524
-0.030872
-0.045015
-0.061453
-0.077467
-0.088923
-0.092594
-0.086837
-0.072357
-0.050146
-0.020742
0.010713
0.034895
0.046991
0.050190
0.051438
0.054827
0.057842
0.055677
0.047699
0.037510
0.028257
0.018363
0.002495
-0.022187
-0.052587
-0.081770
-0.102564
-0.112365
-0.114488
-0.114505
-0.115515
-0.114133
-0.103196
-0.079171
-0.043976
-0.004611
0.028184
0.048998
0.062744
0.076788
0.093257
0.109457
0.122219
0.130746
0.135379
0.134733
0.125361
0.103320
0.068925
0.032837
0.009022
0.001002
0.001330
0.001941
0.000901
-0.001181
-0.005310
-0.012180
-0.020356
-0.027252
-0.029056
-0.021128
-0.003745
0.014899
0.026497
0.029865
0.027751
0.021932
0.013662
0.005061
-0.001361
-0.002847
0.003755
0.019431
0.039143
0.053148
0.053234
0.039340
0.020872
0.007212
-0.000826
-0.006766
-0.010136
-0.006623
0.004455
0.017717
0.026449
0.026450
0.017075
0.000423
-0.021380
-0.045602
-0.067033
-0.079593
-0.078292
-0.063140
-0.040994
-0.020229
-0.005899
-0.000052
-0.002883
-0.012661
-0.026887
-0.043038
-0.056958
-0.063310
-0.060978
-0.055779
-0.052372
-0.047511
-0.036651
-0.021650
-0.007912
0.002268
0.010904
0.020508
0.031763
0.045051
0.060804
0.076691
0.087534
0.089447
0.082194
0.068463
0.051720
0.034272
0.016863
-0.001170
-0.022106
-0.047777
-0.073089
-0.086167
-0.082212
-0.072460
-0.072351
-0.083639
-0.092971
-0.088227
-0.071095
-0.051503
-0.036343
-0.026377
-0.019167
-0.010229
0.007033
0.038856
0.087257
0.144996
0.197042
0.231638
0.246139
0.242948
0.226453
0.202093
0.172895
0.139663
0.102395
0.059785
0.011408
-0.041091
-0.094870
-0.145186
-0.185178
-0.210235
-0.220185
-0.216776
-0.203595
-0.185978
-0.165889
-0.138840
-0.097976
-0.043491
0.008740
0.037519
0.039608
0.032125
0.031609
0.039040
0.045435
0.044248
0.034474
0.017992
-0.001357
-0.018244
-0.028733
-0.034954
-0.044853
-0.064105
-0.090714
-0.119366
-0.147383
-0.171580
-0.180899
-0.161805
-0.113346
-0.048567
0.015727
0.065264
0.096443
0.119692
0.147545
0.183572
0.222228
0.255442
0.277589
0.284947
0.276226
0.252047
0.212509
0.160273
0.101408
0.042408
-0.009098
-0.047839
-0.076099
-0.101178
-0.128001
-0.155816
-0.182274
-0.204064
-0.213459
-0.201525
-0.165953
-0.115578
-0.066631
-0.030831
-0.008144
0.009152
0.029535
0.056860
0.087900
0.115082
0.132988
0.141794
0.142686
0.133101
0.110611
0.077961
0.042146
0.010427
-0.014589
-0.036541
-0.060546
-0.087012
-0.111904
-0.134015
-0.157496
-0.183147
-0.200694
-0.195500
-0.162527
-0.109112
-0.045899
0.016396
0.065616
0.095368
0.108432
0.109028
0.098512
0.078386
0.052564
0.024926
-0.002948
-0.028067
-0.044715
-0.051337
-0.053902
-0.060283
-0.073436
-0.085908
-0.078689
-0.033771
0.044787
0.128529
0.191218
0.229489
0.252719
0.264335
0.260032
0.238975
0.208794
0.177678
0.145427
0.105876
0.057975
0.009892
-0.030775
-0.066781
-0.107127
-0.153151
-0.191636
-0.205031
-0.187074
-0.147773
-0.105562
-0.073469
-0.052403
-0.036751
-0.021843
-0.006450
0.007710
0.017847
0.022090
0.019282
0.009375
-0.004225
-0.015536
-0.020875
-0.022898
-0.028794
-0.043092
-0.062513
-0.078304
-0.082758
-0.074363
-0.057598
-0.038566
-0.023037
-0.016656
-0.018595
-0.014752
0.011780
0.063298
0.125544
0.177521
0.201245
0.191715
0.160229
0.122142
0.083769
0.043848
0.003648
-0.029666
-0.048228
-0.049054
-0.038016
-0.027798
-0.027379
-0.033460
-0.036278
-0.032509
-0.027771
-0.029753
-0.041873
-0.061313
-0.080855
-0.092908
-0.094461
-0.088162
-0.077891
-0.063581
-0.041619
-0.012921
0.012486
0.024777
0.023502
0.014538
0.003543
-0.006982
-0.014831
-0.014923
-0.004831
0.010082
0.022974
0.033601
0.046192
0.062222
0.078530
0.090448
0.095574
0.094545
0.088764
0.079041
0.065582
0.048229
0.024567
-0.009983
-0.056491
-0.112191
-0.171372
-0.219807
-0.239068
-0.221887
-0.179771
-0.132028
-0.087460
-0.044114
-0.002168
0.034979
0.068247
0.104051
0.144043
0.177942
0.195409
0.196540
0.187776
0.175977
0.164518
0.151875
0.133386
0.104927
0.066710
0.024606
-0.012612
-0.040608
-0.064565
-0.092818
-0.126355
-0.158875
-0.182998
-0.190271
-0.172680
-0.132710
-0.086429
-0.050876
-0.031449
-0.022930
-0.015532
0.000567
0.029031
0.064009
0.094564
0.113089
0.118426
0.111767
0.093403
0.064473
0.030620
0.000753
-0.019879
-0.032784
-0.043664
-0.058226
-0.076387
-0.090466
-0.094045
-0.091851
-0.094241
-0.103911
-0.113955
-0.117183
-0.114460
-0.111425
-0.107887
-0.094898
-0.059641
0.004061
0.082404
0.147040
0.176808
0.169991
0.142237
0.114426
0.098907
0.095050
0.093492
0.084756
0.067439
0.046821
0.024308
-0.004970
-0.042347
-0.080834
-0.110141
-0.123652
-0.120466
-0.103796
-0.079349
-0.051972
-0.024856
-0.001855
0.012704
0.014750
0.001841
-0.024100
-0.058454
-0.094526
-0.124302
-0.146257
-0.166413
-0.189512
-0.213061
-0.227448
-0.219553
-0.181550
-0.119275
-0.052285
-0.005205
0.011999
0.015542
0.029861
0.062033
0.098975
0.124801
0.135229
0.135990
0.131844
0.120911
0.100356
0.073536
0.048181
0.030918
0.023115
0.018163
0.006442
-0.014636
-0.038584
-0.057362
-0.068098
-0.073819
-0.080104
-0.090620
-0.105039
-0.119860
-0.130710
-0.132480
-0.119374
-0.089619
-0.048125
-0.005664
0.025199
0.038781
0.038617
0.032300
0.026756
0.025159
0.027005
0.029400
0.029209
0.026617
0.025306
0.028961
0.037831
0.048792
0.057845
0.060705
0.053845
0.039060
0.024641
0.019330
0.026010
0.040018
0.053614
0.061868
0.063935
0.061832
0.058494
0.056086
0.057135
0.066125
0.085465
0.109436
0.126720
0.130595
0.123515
0.111628
0.097992
0.081115
0.059485
0.036097
0.016641
0.003702
-0.005375
-0.014453
-0.025416
-0.038475
-0.052874
-0.067409
-0.080245
-0.089050
-0.092326
-0.092172
-0.094401
-0.103003
-0.115407
-0.124018
-0.122303
-0.110515
-0.094513
-0.078580
-0.064103
-0.054553
-0.054515
-0.063582
-0.076350
-0.087858
-0.095593
-0.097032
-0.088871
-0.070376
-0.045228
-0.018915
0.005167
0.026692
0.044570
0.055235
0.057709
0.058681
0.071306
0.104657
0.154258
0.207772
0.255126
0.291333
0.315608
0.327536
0.323113
0.297836
0.249774
0.182983
0.113035
0.046276
-0.030968
-0.097600
-0.106444
-0.080312
-0.086791
-0.132825
-0.168710
-0.165125
-0.137866
-0.112347
-0.096861
-0.086882
-0.076123
-0.061391
-0.044030
-0.028987
-0.020820
-0.020168
-0.024846
-0.033339
-0.046809
-0.067720
-0.094425
-0.113635
-0.106797
-0.071690
-0.028897
-0.005256
-0.013190
-0.042941
-0.076234
-0.104075
-0.125665
-0.139093
-0.141011
-0.132144
-0.119310
-0.109479
-0.105200
-0.107203
-0.115632
-0.127002
-0.134719
-0.136354
-0.137550
-0.145271
-0.158108
-0.164595
-0.153581
-0.126870
-0.095134
-0.062744
-0.026574
0.016318
0.064042
0.107026
0.135687
0.150721
0.160063
0.169753
0.180710
0.191753
0.202652
0.215207
0.232138
0.253646
0.274476
0.287845
0.292977
0.293764
0.292353
0.289771
0.290304
0.298367
0.312438
0.326874
0.336842
0.340223
0.334588
0.314833
0.278512
0.232441
0.189752
0.158897
0.139429
0.125815
0.111641
0.093962
0.074920
0.059361
0.051579
0.051630
0.054372
0.054587
0.050932
0.042955
0.028181
0.003654
-0.030943
-0.070355
-0.106404
-0.136124
-0.164803
-0.199477
-0.240884
-0.283209
-0.318911
-0.342489
-0.358753
-0.385945
-0.425437
-0.432374
-0.357287
-0.222837
-0.117016
-0.095623
-0.126532
-0.143672
-0.123950
-0.092687
-0.078181
-0.083745
-0.096211
-0.105632
-0.111511
-0.115446
-0.117578
-0.121155
-0.131024
-0.145343
-0.155406
-0.155538
-0.149953
-0.146250
-0.143052
-0.130326
-0.102237
-0.064225
-0.026011
0.008218
0.040099
0.070655
0.097043
0.117529
0.135691
0.155933
0.179626
0.206415
0.233184
0.253007
0.260931
0.257654
0.245120
0.224517
0.198724
0.172535
0.148173
0.123665
0.097304
0.070448
0.046291
0.028228
0.020999
0.028419
0.045780
0.061383
0.067651
0.065577
0.060377
0.055023
0.047727
0.035620
0.018631
-0.001272
-0.023365
-0.047968
-0.073169
-0.095602
-0.113734
-0.128500
-0.142352
-0.157503
-0.176075
-0.202955
-0.245153
-0.295930
-0.322934
-0.298671
-0.233166
-0.158464
-0.099014
-0.061790
-0.042207
-0.033195
-0.027019
-0.015614
0.004013
0.027983
0.050448
0.067772
0.079950
0.090431
0.103882
0.121660
0.139588
0.150560
0.147997
0.132596
0.115283
0.107542
0.110333
0.111810
0.097028
0.062663
0.020462
-0.013833
-0.033545
-0.042559
-0.047169
-0.050656
-0.053899
-0.057169
-0.060162
-0.060465
-0.054002
-0.039975
-0.022627
-0.006224
0.008045
0.019835
0.027907
0.030716
0.027614
0.019620
0.008966
-0.002119
-0.012806
-0.023841
-0.035931
-0.047206
-0.052240
-0.046794
-0.034349
-0.022076
-0.012087
-0.002551
0.008141
0.020927
0.035141
0.048320
0.057974
0.063014
0.064458
0.064631
0.064869
0.065066
0.065541
0.066422
0.065246
0.058449
0.044917
0.027011
0.008821
-0.006164
-0.016121
-0.021203
-0.023262
-0.025182
-0.029810
-0.039262
-0.055465
-0.082990
-0.130169
-0.200597
-0.275615
-0.318352
-0.313938
-0.283770
-0.245247
-0.192409
-0.128775
-0.077584
-0.052569
-0.046947
-0.048638
-0.052884
-0.060014
-0.066217
-0.062430
-0.046453
-0.028582
-0.021088
-0.028213
-0.044455
-0.060812
-0.073105
-0.082278
-0.090553
-0.099271
-0.108728
-0.117496
-0.119841
-0.110012
-0.090236
-0.067695
-0.046695
-0.027657
-0.009840
0.007152
0.022617
0.035717
0.048421
0.063688
0.080093
0.092991
0.101183
0.107285
0.113675
0.121220
0.129540
0.138537
0.150090
0.167457
0.191318
0.216114
0.232950
0.236481
0.227744
0.211422
0.193061
0.178562
0.174463
0.184611
0.203365
0.219401
0.227589
0.230451
0.230501
0.225912
0.214831
0.201633
0.193764
0.193937
0.197560
0.198134
0.194947
0.190962
0.186009
0.176022
0.158370
0.136240
0.115302
0.097469
0.080154
0.061359
0.041256
0.019442
-0.003484
-0.023881
-0.037817
-0.043976
-0.043430
-0.038095
-0.028472
-0.013186
0.005438
0.019936
0.025938
0.026974
0.029923
0.035995
0.037986
0.029026
0.010897
-0.008332
-0.022658
-0.031203
-0.035849
-0.035694
-0.026637
-0.010424
0.005476
0.014652
0.013862
0.004415
-0.009693
-0.025715
-0.044449
-0.068089
-0.095216
-0.119792
-0.134174
-0.133825
-0.120452
-0.102684
-0.089049
-0.080182
-0.076134
-0.088574
-0.140363
-0.242047
-0.363133
-0.443293
-0.442358
-0.376138
-0.294310
-0.228774
-0.183827
-0.158025
-0.147985
-0.145315
-0.141873
-0.131421
-0.111563
-0.086171
-0.061770
-0.043473
-0.032396
-0.026603
-0.022509
-0.016474
-0.008730
-0.002469
-0.000495
-0.004151
-0.015259
-0.036463
-0.067420
-0.102216
-0.131380
-0.148845
-0.156115
-0.156795
-0.149932
-0.134719
-0.113923
-0.090058
-0.064081
-0.036535
-0.010361
0.012481
0.033029
0.051431
0.067534
0.082306
0.097218
0.112311
0.125822
0.135821
0.142703
0.149562
0.158719
0.171088
0.186581
0.203139
0.220227
0.238952
0.257759
0.272522
0.278544
0.275442
0.267719
0.258854
0.247043
0.226224
0.194103
0.157762
0.130332
0.118772
0.118672
0.122303
0.126944
0.136652
0.154797
0.178489
0.200520
0.214540
0.220316
0.220239
0.213722
0.199827
0.180239
0.159845
0.142591
0.127624
0.112660
0.096299
0.077674
0.057449
0.037285
0.017423
-0.002042
-0.020500
-0.038110
-0.054234
-0.068635
-0.082941
-0.097833
-0.112782
-0.126555
-0.136287
-0.140289
-0.140027
-0.137898
-0.136241
-0.136827
-0.138793
-0.139773
-0.138324
-0.135114
-0.131808
-0.129012
-0.126556
-0.123498
-0.120035
-0.117154
-0.114455
-0.111747
-0.110683
-0.113047
-0.118145
-0.123840
-0.129887
-0.139070
-0.153403
-0.173733
-0.201690
-0.236212
-0.266179
-0.270642
-0.240384
-0.193251
-0.156040
-0.139311
-0.135825
-0.135902
-0.135244
-0.133172
-0.130453
-0.126329
-0.118288
-0.105747
-0.092316
-0.082124
-0.076554
-0.074093
-0.071727
-0.069309
-0.069296
-0.073663
-0.082300
-0.093529
-0.106311
-0.120110
-0.133984
-0.147328
-0.160779
-0.175083
-0.189345
-0.202641
-0.215395
-0.227357
-0.236899
-0.241861
-0.238822
-0.223867
-0.196253
-0.162490
-0.134777
-0.120046
-0.112196
-0.097049
-0.068173
-0.032661
-0.000583
0.023323
0.040875
0.054786
0.065628
0.074113
0.082439
0.093097
0.107488
0.124577
0.141423
0.156192
0.167342
0.175101
0.182581
0.193611
0.211017
0.234089
0.257224
0.274348
0.284496
0.291125
0.299198
0.312153
0.328887
0.343778
0.350815
0.347155
0.336380
0.328831
0.331311
0.340609
0.349395
0.353246
0.353828
0.356293
0.362478
0.368222
0.367218
0.354583
0.329429
0.295592
0.258293
0.220996
0.183898
0.147148
0.115736
0.097024
0.091861
0.090815
0.084790
0.075688
0.070784
0.071678
0.071867
0.063095
0.043062
0.016937
-0.008010
-0.028684
-0.046071
-0.060615
-0.070202
-0.073426
-0.073992
-0.077971
-0.087741
-0.100981
-0.113460
-0.121752
-0.124583
-0.124182
-0.124591
-0.127192
-0.129836
-0.131039
-0.132426
-0.136007
-0.141838
-0.147656
-0.151214
-0.153891
-0.158207
-0.165244
-0.173596
-0.179230
-0.180254
-0.179245
-0.178865
-0.177587
-0.176108
-0.177120
-0.173101
-0.156837
-0.138431
-0.129162
-0.124210
-0.114004
-0.099432
-0.090699
-0.095617
-0.112950
-0.136767
-0.162311
-0.186135
-0.205386
-0.218572
-0.224757
-0.221848
-0.208412
-0.185312
-0.154221
-0.118480
-0.085721
-0.065097
-0.058025
-0.054551
-0.044678
-0.028755
-0.012938
-0.000419
0.010063
0.021587
0.035876
0.050262
0.060901
0.066452
0.066508
0.060712
0.050371
0.038546
0.027321
0.016730
0.007164
0.002866
0.008291
0.020676
0.032243
0.037562
0.037305
0.035854
0.035880
0.036643
0.037378
0.037875
0.037777
0.038183
0.039713
0.041566
0.042011
0.038356
0.029087
0.014439
-0.003633
-0.020785
-0.031074
-0.029046
-0.014384
0.005959
0.024016
0.038282
0.051608
0.065065
0.077341
0.087130
0.093420
0.094953
0.091936
0.085990
0.078871
0.072012
0.065042
0.056285
0.044605
0.030453
0.015117
-0.000164
-0.012908
-0.020218
-0.022054
-0.021658
-0.022004
-0.024661
-0.030794
-0.040125
-0.051096
-0.062099
-0.071274
-0.076051
-0.073854
-0.064641
-0.052147
-0.041235
-0.033738
-0.028441
-0.026628
-0.031319
-0.041963
-0.055569
-0.070299
-0.087259
-0.108145
-0.130302
-0.148168
-0.158838
-0.162218
-0.159061
-0.150292
-0.136650
-0.117740
-0.091287
-0.058609
-0.028810
-0.010746
-0.005876
-0.010704
-0.019118
-0.024577
-0.025121
-0.023047
-0.020015
-0.014525
-0.004540
0.009119
0.025003
0.041902
0.056939
0.065392
0.064552
0.056380
0.044952
0.033550
0.021348
0.005650
-0.013624
-0.033624
-0.050192
-0.061143
-0.066826
-0.068996
-0.069860
-0.070461
-0.069098
-0.062494
-0.049501
-0.032783
-0.016377
-0.002312
0.009214
0.018198
0.024073
0.027056
0.029565
0.034390
0.041104
0.046596
0.049392
0.050419
0.050924
0.050636
0.049162
0.047530
0.046206
0.044434
0.040989
0.035451
0.028942
0.023609
0.021504
0.021498
0.019436
0.013728
0.008225
0.008601
0.016928
0.031332
0.049020
0.068212
0.086147
0.097940
0.100890
0.097305
0.092245
0.088789
0.086855
0.084883
0.081042
0.075673
0.070718
0.066141
0.060798
0.055701
0.052774
0.052400
0.053536
0.053978
0.052788
0.051291
0.050903
0.052203
0.053702
0.052727
0.049131
0.045511
0.043802
0.043863
0.044706
0.046004
0.047775
0.048647
0.047028
0.043066
0.037747
0.031003
0.022101
0.010552
-0.006108
-0.032662
-0.072586
-0.120682
-0.159585
-0.172049
-0.156308
-0.127184
-0.102003
-0.086676
-0.076156
-0.064419
-0.052002
-0.043406
-0.040104
-0.039181
-0.036903
-0.030402
-0.017916
-0.000884
0.016973
0.032020
0.042016
0.047371
0.049960
0.051704
0.054146
0.058252
0.064421
0.072706
0.082478
0.091954
0.099126
0.102504
0.101089
0.094257
0.082098
0.065823
0.047747
0.031613
0.022544
0.024608
0.035837
0.049589
0.061470
0.070279
0.075659
0.078014
0.078081
0.076634
0.074407
0.071537
0.068280
0.065229
0.062805
0.061282
0.061144
0.062496
0.064320
0.064952
0.063379
0.060672
0.058895
0.058175
0.056558
0.052845
0.048444
0.045421
0.043921
0.042374
0.039568
0.035285
0.029412
0.022659
0.016285
0.010092
0.002423
-0.007195
-0.017758
-0.027787
-0.036256
-0.043856
-0.051172
-0.057762
-0.064059
-0.070792
-0.077724
-0.083349
-0.085546
-0.085830
-0.088871
-0.096805
-0.107499
-0.117400
-0.124980
-0.129512
-0.127616
-0.115767
-0.095081
-0.070349
-0.046877
-0.030057
-0.022673
-0.020907
-0.019065
-0.015307
-0.010617
-0.006158
-0.001903
0.003632
0.011584
0.021480
0.032546
0.043321
0.052244
0.058668
0.062399
0.064097
0.064963
0.065710
0.065683
0.063981
0.061695
0.059842
0.057610
0.053620
0.045597
0.032750
0.018879
0.009045
0.004782
0.003954
0.003169
-0.001015
-0.009356
-0.018835
-0.026920
-0.032929
-0.036854
-0.038976
-0.039386
-0.038954
-0.039857
-0.043177
-0.048676
-0.057987
-0.075219
-0.103269
-0.136568
-0.162426
-0.173699
-0.173708
-0.169817
-0.166225
-0.163020
-0.160158
-0.158556
-0.158260
-0.157220
-0.153251
-0.146402
-0.139317
-0.135609
-0.135665
-0.135324
-0.129146
-0.116034
-0.100232
-0.086344
-0.076192
-0.068958
-0.063697
-0.059974
-0.057672
-0.056795
-0.056279
-0.055321
-0.053675
-0.051476
-0.049299
-0.046631
-0.043031
-0.039066
-0.034761
-0.029451
-0.022879
-0.014791
-0.004499
0.007739
0.021571
0.036307
0.048872
0.056975
0.061232
0.062582
0.063815
0.069638
0.080890
0.093058
0.101793
0.106728
0.109341
0.110935
0.111508
0.109211
0.103988
0.099302
0.097568
0.099124
0.103533
0.108874
0.113247
0.117015
0.121372
0.125406
0.127763
0.127618
0.124239
0.118234
0.110960
0.102799
0.092796
0.080405
0.067331
0.056419
0.049658
0.046558
0.044169
0.040784
0.037572
0.035670
0.033625
0.028428
0.018925
0.007254
-0.003347
-0.010641
-0.014200
-0.015139
-0.014748
-0.013586
-0.011298
-0.007734
-0.003577
-0.000101
0.001715
0.001897
0.000638
-0.001317
-0.002327
-0.000643
0.004632
0.012885
0.022786
0.033167
0.043491
0.053043
0.060493
0.064899
0.065310
0.061695
0.055569
0.048709
0.043385
0.040717
0.039159
0.037041
0.034893
0.034726
0.037043
0.038981
0.038801
0.037157
0.033442
0.026959
0.018608
0.010399
0.003711
-0.000627
-0.002112
-0.001912
-0.001896
-0.002515
-0.003851
-0.006631
-0.010149
-0.012949
-0.015001
-0.016883
-0.018670
-0.021001
-0.025038
-0.029603
-0.032277
-0.033164
-0.034742
-0.038563
-0.043089
-0.046003
-0.046896
-0.047443
-0.048982
-0.050669
-0.050263
-0.046432
-0.039601
-0.030373
-0.020105
-0.011454
-0.005838
-0.003057
-0.003877
-0.009602
-0.019043
-0.028153
-0.032854
-0.030895
-0.023291
-0.013624
-0.004490
0.003082
0.008557
0.011277
0.010584
0.008034
0.006529
0.007273
0.009740
0.013400
0.018133
0.023020
0.027071
0.029743
0.030924
0.031702
0.032250
0.031190
0.027742
0.021119
0.011908
0.003102
-0.003351
-0.008208
-0.013196
-0.018253
-0.021451
-0.022360
-0.023365
-0.026081
-0.029653
-0.033592
-0.037774
-0.041051
-0.043653
-0.046387
-0.047944
-0.045303
-0.036769
-0.024689
-0.011308
0.003376
0.018062
0.030115
0.037366
0.039854
0.040654
0.041988
0.042866
0.041944
0.040053
0.039188
0.039949
0.040935
0.040488
0.038260
0.035280
0.032657
0.029211
0.023068
0.015041
0.007329
0.000830
-0.004490
-0.008514
-0.011801
-0.015459
-0.019705
-0.023422
-0.025642
-0.026529
-0.026360
-0.024582
-0.020895
-0.016911
-0.014644
-0.013513
-0.010798
-0.005262
0.001856
0.008317
0.012594
0.014537
0.015492
0.017135
0.018632
0.018648
0.018279
0.018954
0.020112
0.021316
0.023238
0.025498
0.026889
0.027252
0.028053
0.030443
0.033600
0.035695
0.035359
0.033058
0.030822
0.029526
0.028802
0.028342
0.027841
0.026948
0.025192
0.022617
0.019054
0.014041
0.008377
0.003176
-0.001423
-0.005606
-0.009542
-0.013531
-0.016783
-0.018331
-0.018419
-0.017656
-0.016108
-0.013153
-0.008857
-0.004130
0.000566
0.004392
0.005293
0.002873
-0.002123
-0.010578
-0.024123
-0.043341
-0.065858
-0.086597
-0.099896
-0.101116
-0.088843
-0.065498
-0.034464
-0.002407
0.019615
0.024196
0.014220
0.004050
0.007076
0.020387
0.031170
0.031638
0.024173
0.016126
0.011755
0.010212
0.008568
0.006476
0.005171
0.005157
0.006865
0.008520
0.006466
-0.001244
-0.012550
-0.022647
-0.027537
-0.026256
-0.021702
-0.018099
-0.016797
-0.016671
-0.015932
-0.014784
-0.016628
-0.022991
-0.031291
-0.037963
-0.041470
-0.043047
-0.044619
-0.047228
-0.051059
-0.056320
-0.062975
-0.069201
-0.073640
-0.077390
-0.081077
-0.083816
-0.085507
-0.087189
-0.088997
-0.089489
-0.086752
-0.079491
-0.068188
-0.055324
-0.043977
-0.036516
-0.033679
-0.033375
-0.033336
-0.033650
-0.034861
-0.037808
-0.042837
-0.048013
-0.051116
-0.052060
-0.052489
-0.053730
-0.055451
-0.055099
-0.050151
-0.041001
-0.029972
-0.019549
-0.011444
-0.006357
-0.003596
-0.001653
0.000305
0.002883
0.006347
0.010037
0.013733
0.018752
0.026694
0.037615
0.049705
0.060197
0.067046
0.069576
0.068523
0.066015
0.063337
0.060072
0.056164
0.052768
0.051090
0.050416
0.048996
0.046591
0.043904
0.040882
0.036975
0.032401
0.027562
0.022350
0.016718
0.011042
0.005190
-0.000873
-0.005944
-0.009838
-0.013558
-0.017521
-0.021396
-0.023768
-0.023464
-0.020558
-0.015584
-0.008844
-0.000516
0.008023
0.015135
0.020869
0.026083
0.030978
0.035992
0.042922
0.053365
0.066754
0.080710
0.092644
0.100701
0.104017
0.103361
0.100948
0.098705
0.097296
0.096509
0.096659
0.098934
0.103790
0.109637
0.113575
0.114246
0.113094
0.111983
0.111312
0.110336
0.108452
0.105941
0.102931
0.098753
0.092772
0.084979
0.075946
0.065630
0.052354
0.034821
0.015185
-0.001673
-0.011735
-0.014266
-0.012345
-0.010794
-0.012983
-0.018981
-0.027409
-0.037694
-0.049582
-0.062913
-0.077904
-0.094450
-0.110445
-0.122826
-0.129604
-0.129740
-0.123994
-0.115444
-0.107287
-0.101301
-0.098538
-0.099295
-0.102324
-0.104848
-0.104057
-0.099360
-0.092179
-0.084359
-0.076555
-0.067847
-0.058146
-0.049198
-0.042279
-0.037476
-0.035443
-0.036410
-0.038527
-0.039567
-0.038891
-0.037237
-0.034912
-0.031374
-0.027135
-0.022899
-0.017647
-0.011258
-0.005388
-0.000799
0.002299
0.003112
0.002163
0.002241
0.004827
0.008389
0.011040
0.012552
0.013859
0.015144
0.015588
0.015061
0.014831
0.015029
0.012904
0.006299
-0.003082
-0.011804
-0.017268
-0.019062
-0.019238
-0.019603
-0.019976
-0.018909
-0.016273
-0.013343
-0.010432
-0.008045
-0.007038
-0.007055
-0.007631
-0.008790
-0.010352
-0.011614
-0.012320
-0.013525
-0.015087
-0.013492
-0.005041
0.009026
0.023630
0.035405
0.044499
0.052061
0.058674
0.065111
0.072049
0.079444
0.087560
0.096749
0.106395
0.116197
0.126491
0.137441
0.148883
0.159690
0.168154
0.173379
0.175876
0.176316
0.175076
0.173181
0.171741
0.170743
0.169549
0.167511
0.163061
0.154640
0.142854
0.129534
0.115568
0.099771
0.080733
0.060750
0.044643
0.033948
0.026393
0.020304
0.016033
0.013899
0.012135
0.009278
0.006193
0.004079
0.002528
-0.000052
-0.004026
-0.008376
-0.012290
-0.016928
-0.024238
-0.033508
-0.042165
-0.048834
-0.054253
-0.059441
-0.064514
-0.068802
-0.071259
-0.071890
-0.072257
-0.074209
-0.077032
-0.078340
-0.078267
-0.078407
-0.079503
-0.082216
-0.086738
-0.091680
-0.095451
-0.099280
-0.106368
-0.117437
-0.129858
-0.139872
-0.145589
-0.149185
-0.154821
-0.163422
-0.171023
-0.173014
-0.169126
-0.163303
-0.158455
-0.154668
-0.151210
-0.147435
-0.142068
-0.133327
-0.121407
-0.108142
-0.095334
-0.084166
-0.074904
-0.066867
-0.058176
-0.047980
-0.038008
-0.031058
-0.028866
-0.030310
-0.033496
-0.038114
-0.044369
-0.051547
-0.057903
-0.062968
-0.068312
-0.074960
-0.081640
-0.086286
-0.087797
-0.086638
-0.084655
-0.082882
-0.080295
-0.074434
-0.064006
-0.050818
-0.037771
-0.026358
-0.016166
-0.006322
0.003182
0.011660
0.018885
0.025970
0.033491
0.039589
0.042832
0.044089
0.044642
0.045059
0.045427
0.045817
0.046108
0.046093
0.045627
0.045163
0.046066
0.048404
0.050887
0.052928
0.054637
0.056685
0.059911
0.064522
0.069918
0.075398
0.080161
0.083386
0.085461
0.087515
0.089545
0.090212
0.089082
0.086999
0.084625
0.081992
0.079111
0.076982
0.075926
0.074611
0.072623
0.070436
0.067704
0.064155
0.060584
0.057880
0.056227
0.055276
0.054793
0.054969
0.055727
0.057054
0.059111
0.061687
0.064087
0.065628
0.066189
0.065909
0.065039
0.063949
0.062924
0.062122
0.061929
0.062667
0.063667
0.063574
0.062253
0.060717
0.058993
0.056363
0.053116
0.049722
0.045681
0.040372
0.034526
0.030152
0.027882
0.026673
0.025220
0.023013
0.020835
0.019110
0.017388
0.015239
0.013045
0.011457
0.010225
0.008860
0.007776
0.007336
0.007557
0.008541
0.010356
0.012856
0.015330
0.017911
0.021543
0.026911
0.033707
0.040238
0.044936
0.047756
0.049817
0.051284
0.051515
0.050966
0.050369
0.049473
0.047820
0.045744
0.043765
0.041942
0.039873
0.037538
0.035647
0.034164
0.032265
0.029585
0.026613
0.023450
0.019292
0.014054
0.008779
0.004702
0.001851
-0.000624
-0.003407
-0.006597
-0.009391
-0.011353
-0.013241
-0.016116
-0.019449
-0.022420
-0.025388
-0.028631
-0.032668
-0.037307
-0.041142
-0.044068
-0.047517
-0.051949
-0.056020
-0.058764
-0.061144
-0.064485
-0.068663
-0.072453
-0.075552
-0.078748
-0.081789
-0.083366
-0.083645
-0.083408
-0.081936
-0.078532
-0.073893
-0.069676
-0.067293
-0.066673
-0.066599
-0.066363
-0.066006
-0.065689
-0.065847
-0.066888
-0.068464
-0.069873
-0.070745
-0.071129
-0.071796
-0.073582
-0.076385
-0.079935
-0.084231
-0.088875
-0.093492
-0.098272
-0.104459
-0.113423
-0.124194
-0.134597
-0.142965
-0.148312
-0.150391
-0.148664
-0.143019
-0.135046
-0.126501
-0.117161
-0.105889
-0.092566
-0.078525
-0.066362
-0.058733
-0.056871
-0.059091
-0.061039
-0.058900
-0.052063
-0.043151
-0.035000
-0.028634
-0.024149
-0.020842
-0.017672
-0.013970
-0.009569
-0.005212
-0.001944
0.000124
0.001911
0.003723
0.005347
0.006862
0.007908
0.008517
0.008833
0.008807
0.008643
0.008332
0.008446
0.009651
0.011161
0.011695
0.011145
0.009931
0.008072
0.006038
0.005039
0.005218
0.005360
0.004795
0.004631
0.005894
0.007719
0.009003
0.009599
0.010252
0.011715
0.014109
0.016976
0.019866
0.022676
0.025372
0.027971
0.029585
0.029185
0.026626
0.022589
0.018707
0.015957
0.013988
0.012007
0.010087
0.008668
0.007428
0.006127
0.004464
0.002145
-0.000442
-0.002563
-0.003806
-0.004212
-0.004045
-0.003718
-0.003275
-0.002090
0.000419
0.004400
0.009750
0.015848
0.021877
0.027259
0.031921
0.035866
0.038624
0.040082
0.040867
0.041873
0.043291
0.044489
0.045001
0.044819
0.044360
0.044260
0.044636
0.045127
0.045950
0.047292
0.048274
0.047965
0.046448
0.044516
0.042365
0.039634
0.035429
0.029046
0.021305
0.013815
0.008245
0.005260
0.004318
0.004171
0.003691
0.002929
0.002146
0.001029
-0.000540
-0.002187
-0.003814
-0.005510
-0.007258
-0.009095
-0.010274
-0.010191
-0.009639
-0.008965
-0.007589
-0.005253
-0.001799
0.002576
0.007198
0.011527
0.015034
0.017406
0.019642
0.023164
0.027630
0.031394
0.033654
0.035755
0.038791
0.041596
0.043144
0.043834
0.044402
0.045243
0.045584
0.044205
0.041811
0.039488
0.036752
0.033149
0.029321
0.025719
0.022131
0.019466
0.018892
0.019663
0.020862
0.022421
0.023945
0.024771
0.024909
0.025695
0.027851
0.031058
0.035013
0.039484
0.044420
0.049005
0.052521
0.055229
0.057656
0.059830
0.061046
0.061333
0.061691
0.062074
0.061747
0.061069
0.060670
0.061194
0.062834
0.064486
0.065735
0.067248
0.069195
0.071592
0.074490
0.077110
0.078888
0.080411
0.082239
0.083703
0.083790
0.083022
0.082299
0.081886
0.080926
0.078153
0.074646
0.071147
0.066194
0.059583
0.052926
0.047678
0.044675
0.043761
0.043364
0.042312
0.041169
0.039904
0.037946
0.035755
0.033162
0.030046
0.026968
0.024160
0.021954
0.020198
0.017682
0.014712
0.012913
0.011963
0.010591
0.007973
0.004993
0.003212
0.001834
-0.000507
-0.003658
-0.006721
-0.009669
-0.013227
-0.017665
-0.022621
-0.027434
-0.031619
-0.034822
-0.036987
-0.038802
-0.040993
-0.043458
-0.046433
-0.050095
-0.053374
-0.056136
-0.058805
-0.061132
-0.063529
-0.066381
-0.069066
-0.071543
-0.074766
-0.079569
-0.086365
-0.093715
-0.099410
-0.103354
-0.105593
-0.105626
-0.104631
-0.104036
-0.103771
-0.103305
-0.102489
-0.101571
-0.101110
-0.100948
-0.099997
-0.098007
-0.096190
-0.095933
-0.097878
-0.101504
-0.105796
-0.110322
-0.114704
-0.118056
-0.119620
-0.119753
-0.120055
-0.121522
-0.123072
-0.122892
-0.119443
-0.112191
-0.102477
-0.092362
-0.083802
-0.077767
-0.073272
-0.068371
-0.061756
-0.053782
-0.045225
-0.037135
-0.031393
-0.028175
-0.026279
-0.024868
-0.022971
-0.020691
-0.019051
-0.017674
-0.015682
-0.012699
-0.009130
-0.006041
-0.003427
-0.000660
0.002256
0.004788
0.006585
0.007724
0.008476
0.008903
0.009307
0.010144
0.011084
0.011771
0.012106
0.012678
0.014013
0.015612
0.016817
0.017160
0.017532
0.018692
0.019710
0.020212
0.020844
0.021632
0.021856
0.021497
0.021240
0.021391
0.021915
0.022394
0.021999
0.020691
0.019152
0.017674
0.015686
0.012163
0.007395
0.002585
-0.001086
-0.002640
-0.002687
-0.002183
-0.000669
0.002276
0.005435
0.007067
0.006835
0.005688
0.004781
0.004634
0.005216
0.006286
0.007248
0.007476
0.007061
0.006569
0.006192
0.005928
0.006111
0.007330
0.009760
0.013113
0.016806
0.019603
0.020846
0.020953
0.020552
0.020596
0.021467
0.022625
0.024178
0.026538
0.029223
0.031656
0.033885
0.036028
0.037895
0.039248
0.039782
0.039607
0.039370
0.039024
0.038614
0.038826
0.039397
0.039731
0.039661
0.039192
0.038587
0.037608
0.035751
0.032820
0.028371
0.022742
0.017966
0.015527
0.014750
0.014060
0.012602
0.010875
0.009940
0.010011
0.010515
0.011311
0.012593
0.014127
0.015871
0.017752
0.018877
0.019306
0.020023
0.020759
0.020834
0.020551
0.020616
0.021206
0.021719
0.021810
0.021763
0.021743
0.021937
0.022280
0.022916
0.023962
0.024450
0.023865
0.022482
0.020925
0.019718
0.018788
0.017951
0.016688
0.014889
0.012995
0.011266
0.009863
0.008123
0.005102
0.001557
-0.001200
-0.003233
-0.005020
-0.006914
-0.009426
-0.012588
-0.015663
-0.018062
-0.019886
-0.021360
-0.023105
-0.025364
-0.027208
-0.028553
-0.030398
-0.032728
-0.035008
-0.037238
-0.039528
-0.041646
-0.043270
-0.044683
-0.046041
-0.047024
-0.047042
-0.045554
-0.042651
-0.039003
-0.035215
-0.031186
-0.026967
-0.022791
-0.018225
-0.013020
-0.007870
-0.003607
-0.000169
0.003266
0.007830
0.013456
0.018522
0.022448
0.025634
0.028016
0.029536
0.030145
0.029998
0.029712
0.030029
0.031133
0.031990
0.031557
0.030482
0.029952
0.029932
0.029611
0.028708
0.028054
0.028306
0.028786
0.028911
0.029196
0.029875
0.030770
0.031727
0.032130
0.031760
0.031450
0.031765
0.031938
0.031488
0.031164
0.031250
0.031510
0.031794
0.031829
0.031681
0.031436
0.030838
0.030010
0.028992
0.027108
0.023731
0.019321
0.015758
0.014151
0.013517
0.012727
0.011836
0.011404
0.011351
0.011016
0.009948
0.008248
0.006569
0.005443
0.004897
0.004907
0.005262
0.005436
0.005146
0.004741
0.004656
0.004551
0.003583
0.002136
0.001316
0.000940
0.000395
-0.000231
-0.000575
-0.000647
-0.000356
0.000418
0.001186
0.001568
0.001534
0.001007
-0.000139
-0.001585
-0.003124
-0.005328
-0.008366
-0.011566
-0.014537
-0.017375
-0.020186
-0.022959
-0.025873
-0.029028
-0.031722
-0.033668
-0.036154
-0.039742
-0.042668
-0.043909
-0.044951
-0.046914
-0.049034
-0.050071
-0.050013
-0.049950
-0.050170
-0.049903
-0.048498
-0.046424
-0.044669
-0.043306
-0.041680
-0.039548
-0.037235
-0.034961
-0.033024
-0.031856
-0.031903
-0.033040
-0.034237
-0.034810
-0.034744
-0.034717
-0.035485
-0.036234
-0.035970
-0.035427
-0.035753
-0.036656
-0.037016
-0.036695
-0.036195
-0.035870
-0.036090
-0.036756
-0.037057
-0.036603
-0.035749
-0.034663
-0.033002
-0.030446
-0.027654
-0.025248
-0.022943
-0.021093
-0.020381
-0.020170
-0.019750
-0.019496
-0.019530
-0.019585
-0.019654
-0.020018
-0.020614
-0.020771
-0.020441
-0.020257
-0.020079
-0.019473
-0.018879
-0.018576
-0.017957
-0.016481
-0.014461
-0.012281
-0.009442
-0.005187
0.000610
0.007084
0.013075
0.018188
0.022560
0.026386
0.029684
0.032597
0.035061
0.036473
0.037024
0.037526
0.037883
0.037601
0.036466
0.034622
0.032554
0.029963
0.026328
0.022714
0.021052
0.021726
0.023622
0.025449
0.026234
0.025978
0.025749
0.026533
0.027596
0.027120
0.025100
0.023665
0.023790
0.024295
0.023783
0.021799
0.019262
0.017429
0.016369
0.015556
0.014959
0.014252
0.013016
0.011837
0.011072
0.010033
0.008258
0.006579
0.006026
0.005862
0.005068
0.004480
0.004987
0.006068
0.007038
0.008008
0.009184
0.010472
0.011419
0.011702
0.012073
0.013506
0.015982
0.018542
0.020498
0.021879
0.023200
0.024966
0.027016
0.028900
0.030283
0.030996
0.031488
0.032350
0.033215
0.033753
0.034368
0.034962
0.035100
0.035143
0.035431
0.035229
0.033929
0.032418
0.031844
0.031664
0.030574
0.028832
0.027386
0.026219
0.025279
0.024594
0.023542
0.021552
0.019303
0.017514
0.015498
0.012819
0.009974
0.007423
0.005296
0.003615
0.002077
0.000134
-0.001845
-0.003559
-0.005535
-0.007365
-0.008365
-0.008970
-0.009840
-0.011168
-0.012463
-0.012881
-0.012485
-0.012139
-0.012222
-0.012449
-0.011976
-0.010070
-0.007412
-0.004838
-0.002349
-0.000339
0.000772
0.001108
0.001069
0.001086
0.000810
-0.000297
-0.001937
-0.003414
-0.004069
-0.003882
-0.003567
-0.003578
-0.003798
-0.003899
-0.003751
-0.003537
-0.003410
-0.003396
-0.003427
-0.003394
-0.003311
-0.003330
-0.003950
-0.005248
-0.006162
-0.005964
-0.005345
-0.005714
-0.007343
-0.009109
-0.010266
-0.010918
-0.011628
-0.012474
-0.012975
-0.013547
-0.014628
-0.015457
-0.016127
-0.017761
-0.020181
-0.022391
-0.024239
-0.025991
-0.027500
-0.028617
-0.029174
-0.028971
-0.028216
-0.027170
-0.025792
-0.023847
-0.021203
-0.018017
-0.014820
-0.011916
-0.008835
-0.005366
-0.002141
0.000707
0.004109
0.008185
0.011951
0.014542
0.015788
0.016795
0.018296
0.019498
0.019788
0.019381
0.018530
0.017550
0.016719
0.015668
0.014144
0.012518
0.011051
0.009320
0.007207
0.005822
0.005611
0.005241
0.003987
0.002805
0.002100
0.001170
-0.000270
-0.001776
-0.003054
-0.004146
-0.005069
-0.005993
-0.007211
-0.008586
-0.009647
-0.010453
-0.011503
-0.012950
-0.014487
-0.015801
-0.016941
-0.018068
-0.019167
-0.020040
-0.020724
-0.021288
-0.021356
-0.021136
-0.021539
-0.022369
-0.022503
-0.022312
-0.022941
-0.023826
-0.023443
-0.021556
-0.019328
-0.017198
-0.014336
-0.010179
-0.005404
-0.001152
0.002309
0.005242
0.007809
0.010302
0.013043
0.016249
0.019822
0.023113
0.025735
0.028097
0.030443
0.032331
0.033711
0.034953
0.035757
0.035629
0.034521
0.032351
0.029498
0.026875
0.024304
0.021115
0.017965
0.015962
0.015208
0.015003
0.014734
0.014206
0.013288
0.011884
0.010194
0.008711
0.007676
0.006675
0.005309
0.003609
0.001720
-0.000154
-0.001928
-0.003341
-0.004119
-0.004597
-0.005236
-0.006078
-0.006862
-0.007316
-0.007447
-0.007729
-0.008432
-0.009387
-0.010331
-0.010806
-0.010642
-0.010267
-0.010130
-0.009827
-0.008673
-0.007285
-0.006422
-0.005562
-0.004169
-0.002580
-0.001368
-0.000503
0.000827
0.002792
0.004596
0.006039
0.007418
0.008971
0.010542
0.011633
0.012369
0.013077
0.013509
0.013375
0.012584
0.011324
0.010301
0.010037
0.010407
0.011223
0.012388
0.013590
0.014496
0.014755
0.014410
0.014019
0.013432
0.011539
0.007629
0.002714
-0.001132
-0.003353
-0.005731
-0.009725
-0.014245
-0.017241
-0.018052
-0.017715
-0.017974
-0.019183
-0.020127
-0.020174
-0.019956
-0.020400
-0.021223
-0.020943
-0.019163
-0.017493
-0.017291
-0.018137
-0.019132
-0.019851
-0.020227
-0.020440
-0.020522
-0.020348
-0.019783
-0.018544
-0.016487
-0.014125
-0.012482
-0.012042
-0.011933
-0.011139
-0.009876
-0.009015
-0.009000
-0.009428
-0.009608
-0.009345
-0.008946
-0.008739
-0.008744
-0.008804
-0.008752
-0.008585
-0.008396
-0.008340
-0.008715
-0.009405
-0.010105
-0.011032
-0.012494
-0.014260
-0.015395
-0.015267
-0.014579
-0.014285
-0.014402
-0.014481
-0.014289
-0.013964
-0.013971
-0.014717
-0.015818
-0.016302
-0.015903
-0.015308
-0.014668
-0.013480
-0.011798
-0.009601
-0.006330
-0.001902
0.002747
0.006734
0.010204
0.013403
0.016389
0.019304
0.022393
0.026211
0.030615
0.034186
0.035773
0.036169
0.037294
0.039822
0.042398
0.043253
0.042391
0.041208
0.040195
0.038568
0.036129
0.033406
0.030060
0.025217
0.018927
0.012568
0.007700
0.005002
0.004381
0.004965
0.005752
0.006296
0.006606
0.006980
0.007571
0.008615
0.010356
0.012278
0.013798
0.015027
0.016196
0.017559
0.019186
0.020638
0.021691
0.022682
0.024118
0.025787
0.026648
0.026705
0.027558
0.029603
0.030951
0.030926
0.031069
0.031798
0.032076
0.031662
0.031092
0.030768
0.030663
0.030439
0.030039
0.029669
0.029323
0.028714
0.027489
0.026053
0.025235
0.024641
0.023407
0.022110
0.021658
0.021830
0.022176
0.022710
0.023449
0.024303
0.025192
0.025602
0.025197
0.024628
0.024813
0.025820
0.026642
0.026481
0.025654
0.024971
0.024869
0.024718
0.023626
0.021772
0.020065
0.018634
0.016794
0.014705
0.012887
0.011146
0.009537
0.008370
0.007093
0.005233
0.003383
0.002222
0.001260
-0.000423
-0.002367
-0.003592
-0.004484
-0.005549
-0.006351
-0.006985
-0.008249
-0.010226
-0.011998
-0.013095
-0.013678
-0.013740
-0.013711
-0.014325
-0.015544
-0.016371
-0.016129
-0.015383
-0.015043
-0.015201
-0.015796
-0.017177
-0.018942
-0.020268
-0.021338
-0.022811
-0.024513
-0.026056
-0.027564
-0.028994
-0.030319
-0.031605
-0.033153
-0.035376
-0.037557
-0.039206
-0.041160
-0.043542
-0.045344
-0.045911
-0.045698
-0.045744
-0.046305
-0.046559
-0.045854
-0.044800
-0.044540
-0.045148
-0.045850
-0.046409
-0.047091
-0.047946
-0.048596
-0.048413
-0.047232
-0.045555
-0.044033
-0.042776
-0.041386
-0.039788
-0.037917
-0.035941
-0.034475
-0.033348
-0.032299
-0.031568
-0.030801
-0.029507
-0.028097
-0.027335
-0.027276
-0.027514
-0.028109
-0.028900
-0.029280
-0.029599
-0.030303
-0.030739
-0.030999
-0.032133
-0.033981
-0.035547
-0.036794
-0.038413
-0.040237
-0.041414
-0.042168
-0.043315
-0.044565
-0.045125
-0.044879
-0.044279
-0.043639
-0.042634
-0.040816
-0.038171
-0.034867
-0.030823
-0.026183
-0.021726
-0.017742
-0.013961
-0.010873
-0.008892
-0.007490
-0.006543
-0.006238
-0.006238
-0.005932
-0.004844
-0.003439
-0.002754
-0.002738
-0.002237
-0.000953
0.000006
0.000016
-0.000166
0.000537
0.001981
0.002819
0.002809
0.003175
0.004364
0.005550
0.006135
0.006264
0.006437
0.007076
0.008045
0.009155
0.010690
0.012683
0.014392
0.015201
0.015211
0.015049
0.015136
0.015398
0.015601
0.015612
0.015526
0.015475
0.015775
0.016705
0.017781
0.018127
0.017701
0.017254
0.017309
0.017959
0.019054
0.019910
0.019993
0.020039
0.021182
0.023061
0.024330
0.024942
0.025743
0.027033
0.028378
0.029149
0.029523
0.030127
0.030880
0.031299
0.031911
0.033284
0.034493
0.034825
0.034837
0.035224
0.036165
0.036996
0.036801
0.035509
0.033879
0.032888
0.032865
0.033106
0.032905
0.032353
0.031950
0.032287
0.033450
0.034808
0.035967
0.037221
0.038862
0.040552
0.041790
0.043042
0.044607
0.045950
0.047565
0.049616
0.051143
0.052457
0.054126
0.055384
0.055746
0.055675
0.055653
0.055855
0.056125
0.056010
0.055363
0.054623
0.053906
0.052771
0.050840
0.048227
0.045691
0.043539
0.041019
0.037764
0.034623
0.032241
0.029956
0.026969
0.023563
0.020320
0.017463
0.015427
0.014279
0.012958
0.010533
0.007259
0.003896
0.001435
0.000351
-0.000778
-0.003309
-0.006315
-0.008509
-0.009646
-0.010042
-0.010398
-0.010986
-0.011363
-0.011585
-0.012495
-0.013722
-0.014116
-0.013894
-0.014172
-0.015424
-0.016644
-0.016937
-0.016651
-0.016455
-0.016554
-0.016687
-0.016883
-0.016840
-0.016520
-0.016847
-0.017551
-0.017785
-0.017758
-0.017946
-0.018237
-0.018391
-0.018898
-0.020067
-0.021426
-0.022236
-0.022453
-0.022924
-0.023930
-0.025063
-0.026153
-0.027189
-0.028095
-0.028793
-0.029160
-0.029428
-0.029869
-0.029983
-0.029376
-0.028622
-0.028623
-0.028999
-0.028504
-0.026921
-0.024892
-0.022823
-0.020455
-0.017672
-0.015175
-0.013449
-0.011981
-0.010399
-0.009438
-0.009445
-0.009725
-0.009892
-0.009882
-0.009738
-0.009928
-0.010645
-0.011446
-0.012085
-0.012804
-0.013389
-0.013269
-0.013120
-0.013844
-0.014695
-0.014855
-0.014740
-0.014984
-0.015464
-0.015780
-0.015858
-0.016039
-0.016285
-0.015457
-0.013574
-0.012410
-0.012597
-0.012800
-0.011980
-0.010713
-0.010147
-0.010716
-0.011724
-0.012298
-0.012149
-0.011707
-0.011564
-0.012061
-0.012749
-0.012195
-0.010460
-0.009209
-0.008869
-0.008469
-0.007718
-0.007196
-0.006928
-0.006613
-0.006367
-0.006159
-0.005736
-0.005352
-0.005250
-0.005410
-0.005668
-0.005344
-0.004542
-0.004441
-0.005202
-0.005757
-0.005556
-0.004954
-0.004366
-0.004413
-0.005398
-0.006472
-0.006539
-0.005450
-0.004334
-0.004175
-0.004709
-0.005310
-0.005441
-0.005043
-0.004577
-0.004231
-0.003826
-0.002908
-0.001478
-0.000216
0.000694
0.001300
0.001541
0.001936
0.002698
0.003699
0.004719
0.005042
0.004892
0.004989
0.005380
0.005968
0.006520
0.006704
0.006235
0.005019
0.003639
0.003138
0.003618
0.003789
0.002872
0.001854
0.001647
0.001739
0.001430
0.000917
0.000669
0.000416
-0.000488
-0.002057
-0.003602
-0.004550
-0.005007
-0.005454
-0.006052
-0.006724
-0.007549
-0.008564
-0.009784
-0.011052
-0.012149
-0.013254
-0.014500
-0.015612
-0.016139
-0.015833
-0.015152
-0.014868
-0.014753
-0.013875
-0.012015
-0.009556
-0.006472
-0.002776
0.000676
0.003445
0.006014
0.008728
0.012005
0.016570
0.021780
0.025571
0.027864
0.030657
0.034310
0.037339
0.039005
0.039868
0.040537
0.041057
0.041427
0.041747
0.041836
0.041512
0.040919
0.040412
0.039938
0.038841
0.036804
0.034406
0.032331
0.030360
0.028080
0.025516
0.022983
0.021130
0.019826
0.018208
0.016147
0.014443
0.013398
0.012019
0.009689
0.007019
0.004845
0.003346
0.002024
0.000516
-0.001112
-0.002892
-0.004628
-0.005789
-0.006570
-0.007359
-0.007890
-0.008264
-0.009075
-0.010156
-0.010677
-0.010454
-0.010292
-0.010900
-0.011905
-0.012612
-0.012696
-0.012299
-0.012073
-0.012441
-0.013184
-0.013674
-0.013728
-0.013684
-0.013670
-0.013863
-0.014201
-0.014341
-0.014730
-0.015810
-0.016735
-0.016609
-0.015681
-0.015116
-0.015556
-0.016201
-0.016148
-0.015636
-0.015645
-0.016379
-0.017168
-0.017725
-0.018410
-0.019429
-0.020433
-0.021205
-0.021753
-0.021840
-0.021657
-0.022124
-0.023368
-0.024438
-0.024762
-0.024768
-0.024938
-0.025055
-0.024848
-0.024413
-0.024126
-0.024400
-0.025357
-0.026593
-0.027617
-0.028535
-0.029731
-0.031060
-0.031892
-0.031961
-0.031554
-0.031158
-0.030933
-0.030959
-0.031656
-0.032758
-0.033407
-0.033326
-0.032877
-0.032373
-0.031474
-0.029580
-0.027109
-0.024835
-0.022177
-0.018818
-0.015930
-0.013648
-0.010572
-0.006769
-0.003601
-0.000936
0.002087
0.004995
0.007050
0.008854
0.010741
0.012193
0.013692
0.016092
0.018939
0.021295
0.023284
0.025431
0.027567
0.029410
0.031096
0.032902
0.034689
0.035887
0.036438
0.037047
0.038149
0.039263
0.039947
0.040524
0.041215
0.041925
0.042492
0.042456
0.041674
0.041151
0.041396
0.040920
0.038907
0.036816
0.035679
0.034557
0.032418
0.029935
0.028400
0.027998
0.028345
0.029148
0.030104
0.030844
0.030897
0.030568
0.030818
0.031749
0.032425
0.032315
0.032038
0.032132
0.032051
0.031153
0.029822
0.028551
0.027079
0.025125
0.022610
0.019835
0.017460
0.015310
0.012892
0.010503
0.008404
0.006834
0.005962
0.005177
0.003979
0.002795
0.002071
0.001507
0.000616
-0.000761
-0.002121
-0.003071
-0.004012
-0.005119
-0.006204
-0.007440
-0.008862
-0.009937
-0.010213
-0.009853
-0.009694
-0.010472
-0.011925
-0.012958
-0.013268
-0.013848
-0.014938
-0.015794
-0.016206
-0.016482
-0.016734
-0.017030
-0.017745
-0.018735
-0.019172
-0.018733
-0.017910
-0.017433
-0.017698
-0.018170
-0.017549
-0.015709
-0.014277
-0.014307
-0.015244
-0.016280
-0.017005
-0.017336
-0.017593
-0.018066
-0.018618
-0.018854
-0.019028
-0.019759
-0.020640
-0.020852
-0.020548
-0.020901
-0.022205
-0.023054
-0.022687
-0.021905
-0.021575
-0.021805
-0.022298
-0.022772
-0.023231
-0.024023
-0.025104
-0.025962
-0.026738
-0.027919
-0.029201
-0.030287
-0.031499
-0.032668
-0.033251
-0.033399
-0.033519
-0.033487
-0.033320
-0.033273
-0.032630
-0.030886
-0.029045
-0.027644
-0.026127
-0.024185
-0.021962
-0.019694
-0.017511
-0.015548
-0.014052
-0.013278
-0.013137
-0.012990
-0.012244
-0.011542
-0.012120
-0.013496
-0.014019
-0.013227
-0.011968
-0.011262
-0.011372
-0.011695
-0.011672
-0.011133
-0.010226
-0.009469
-0.009259
-0.009268
-0.008782
-0.007708
-0.006490
-0.005427
-0.004598
-0.003698
-0.002154
-0.000142
0.001323
0.002015
0.002430
0.002721
0.003450
0.004896
0.005990
0.006322
0.006764
0.007664
0.008776
0.009801
0.010279
0.010341
0.010889
0.012087
0.012908
0.012780
0.012293
0.012134
0.012336
0.012520
0.012737
0.013303
0.013962
0.014506
0.015327
0.016746
0.018164
0.018522
0.018204
0.018412
0.019045
0.019830
0.021178
0.022557
0.023170
0.023613
0.024653
0.025996
0.026886
0.027255
0.027764
0.028394
0.028264
0.027615
0.027807
0.028791
0.029199
0.028784
0.028830
0.029857
0.030697
0.030790
0.031001
0.031693
0.032505
0.033273
0.033674
0.033438
0.032853
0.032309
0.031663
0.030907
0.030787
0.031330
0.031369
0.030279
0.028861
0.028355
0.028755
0.028500
0.026992
0.025696
0.025426
0.025151
0.023903
0.022235
0.021115
0.020500
0.019882
0.019172
0.018484
0.017593
0.016315
0.014927
0.013591
0.012476
0.011689
0.010872
0.009996
0.009349
0.008980
0.008731
0.008707
0.009269
0.010088
0.010571
0.011252
0.012427
0.013111
0.013083
0.012915
0.012470
0.011465
0.010113
0.008474
0.006905
0.005934
0.005150
0.003897
0.002632
0.002238
0.002035
0.000675
-0.001795
-0.003865
-0.004557
-0.004625
-0.005413
-0.007374
-0.009547
-0.011244
-0.012691
-0.013867
-0.014850
-0.016167
-0.017951
-0.019773
-0.021395
-0.022817
-0.023725
-0.024356
-0.025589
-0.027010
-0.027170
-0.026241
-0.025837
-0.026253
-0.026627
-0.026683
-0.026558
-0.026253
-0.025764
-0.024767
-0.023216
-0.021900
-0.021108
-0.020132
-0.018538
-0.016806
-0.015798
-0.015982
-0.016388
-0.015467
-0.013415
-0.011869
-0.011312
-0.010759
-0.009838
-0.009271
-0.009296
-0.009400
-0.009329
-0.008996
-0.008365
-0.007557
-0.006787
-0.006169
-0.005567
-0.004982
-0.004654
-0.004702
-0.004551
-0.003456
-0.002096
-0.001955
-0.002709
-0.002505
-0.001560
-0.001753
-0.002958
-0.003524
-0.003084
-0.002599
-0.002761
-0.003765
-0.005112
-0.005787
-0.005533
-0.005065
-0.005024
-0.005254
-0.005431
-0.005364
-0.004676
-0.003350
-0.002040
-0.001100
-0.000125
0.001183
0.002186
0.002306
0.002167
0.002421
0.002615
0.002334
0.001747
0.000780
-0.000614
-0.002283
-0.003989
-0.005601
-0.007283
-0.008984
-0.010636
-0.012360
-0.013751
-0.014623
-0.015826
-0.017709
-0.019275
-0.019801
-0.020077
-0.020889
-0.021768
-0.021974
-0.021554
-0.020989
-0.020084
-0.018742
-0.017847
-0.017834
-0.018069
-0.017788
-0.016987
-0.016148
-0.015191
-0.014003
-0.013016
-0.012211
-0.011354
-0.010858
-0.010851
-0.010840
-0.010481
-0.009679
-0.008846
-0.008404
-0.008021
-0.007459
-0.006769
-0.005714
-0.004349
-0.003184
-0.001949
0.000029
0.002239
0.004059
0.005745
0.007341
0.008488
0.009125
0.009771
0.011085
0.012970
0.014456
0.015134
0.015580
0.016005
0.016140
0.015969
0.015769
0.015934
0.016552
0.017229
0.017657
0.017547
0.016946
0.016487
0.016305
0.016302
0.016653
0.017076
0.017253
0.017208
0.017112
0.017536
0.018422
0.018866
0.018544
0.017964
0.017768
0.017847
0.017545
0.016942
0.016797
0.017131
0.017155
0.016436
0.015304
0.014346
0.013674
0.012957
0.011844
0.010603
0.009652
0.008712
0.007728
0.006804
0.005770
0.004657
0.003142
0.000916
-0.000967
-0.001360
-0.001264
-0.002158
-0.003514
-0.004037
-0.003640
-0.003256
-0.003338
-0.003485
-0.003234
-0.002928
-0.003206
-0.004033
-0.005200
-0.006212
-0.006402
-0.006156
-0.006617
-0.007959
-0.009005
-0.008908
-0.008606
-0.009478
-0.010966
-0.011674
-0.011487
-0.011341
-0.012029
-0.013093
-0.013606
-0.013487
-0.013428
-0.014130
-0.015117
-0.015339
-0.014810
-0.014385
-0.014690
-0.015507
-0.016200
-0.016624
-0.017232
-0.018300
-0.019381
-0.020172
-0.021098
-0.022608
-0.024486
-0.025754
-0.025751
-0.025409
-0.026027
-0.027266
-0.028130
-0.028555
-0.028860
-0.028889
-0.028603
-0.028532
-0.028601
-0.028186
-0.027280
-0.026018
-0.024487
-0.023145
-0.022305
-0.021509
-0.020257
-0.018879
-0.017760
-0.016604
-0.015093
-0.013403
-0.011847
-0.010352
-0.008603
-0.006829
-0.005238
-0.003303
-0.001047
0.000691
0.001620
0.002185
0.003174
0.004942
0.006862
0.008251
0.009239
0.010184
0.011124
0.012261
0.013544
0.014638
0.015509
0.016372
0.017474
0.018344
0.018350
0.017899
0.018112
0.019669
0.021576
0.022357
0.022247
0.022560
0.023852
0.025495
0.026781
0.027461
0.027518
0.027464
0.028076
0.028939
0.028946
0.027984
0.026767
0.025903
0.025284
0.024472
0.023251
0.021941
0.021111
0.020492
0.019561
0.018495
0.017197
0.015458
0.013640
0.011899
0.010175
0.008405
0.006787
0.005602
0.004229
0.002186
0.000220
-0.000839
-0.001300
-0.002226
-0.003776
-0.004861
-0.005093
-0.005557
-0.006609
-0.007044
-0.006408
-0.005332
-0.004384
-0.003812
-0.002952
-0.001131
0.000971
0.002593
0.004126
0.005854
0.007577
0.009563
0.011726
0.013204
0.013841
0.014524
0.015694
0.016541
0.016284
0.015225
0.014155
0.013256
0.011633
0.008872
0.006160
0.004418
0.003231
0.001930
0.000636
-0.000040
-0.000213
-0.000411
-0.000894
-0.001809
-0.002730
-0.003262
-0.004036
-0.005053
-0.005436
-0.005296
-0.005062
-0.004598
-0.003868
-0.003185
-0.003105
-0.003571
-0.003590
-0.002938
-0.002469
-0.002576
-0.002870
-0.002878
-0.002389
-0.001550
-0.000807
-0.000604
-0.000701
-0.000098
0.001413
0.002773
0.003370
0.003943
0.005233
0.006836
0.007914
0.008449
0.009127
0.009937
0.010345
0.010686
0.011568
0.012579
0.013282
0.013969
0.014582
0.014702
0.014405
0.014150
0.013877
0.013064
0.012158
0.012078
0.012318
0.011806
0.010786
0.010247
0.010235
0.009920
0.009013
0.007967
0.007338
0.007294
0.007138
0.006369
0.005572
0.005019
0.004472
0.003955
0.003609
0.003697
0.003637
0.002495
0.001061
0.000694
0.000992
0.000489
-0.000936
-0.002239
-0.003105
-0.003880
-0.004948
-0.006606
-0.008461
-0.009884
-0.010904
-0.011700
-0.012368
-0.013223
-0.014262
-0.015009
-0.015102
-0.014554
-0.014028
-0.014332
-0.015311
-0.016137
-0.016390
-0.016218
-0.015945
-0.015804
-0.015775
-0.015740
-0.015518
-0.014970
-0.014436
-0.014169
-0.013760
-0.012902
-0.011984
-0.011492
-0.011015
-0.009929
-0.008797
-0.008227
-0.007523
-0.006201
-0.004821
-0.003783
-0.002923
-0.001831
-0.000360
0.001182
0.002473
0.003650
0.005418
0.007767
0.009438
0.010034
0.010641
0.012173
0.014265
0.015547
0.015536
0.015494
0.016417
0.017502
0.017629
0.017002
0.016349
0.015945
0.015816
0.015397
0.014234
0.012921
0.011852
0.010717
0.009718
0.009216
0.008551
0.007503
0.006981
0.007350
0.007847
0.007547
0.006700
0.006291
0.006513
0.007006
0.007276
0.006830
0.006123
0.005831
0.005419
0.004236
0.002784
0.001641
0.000891
0.000523
0.000265
-0.000116
-0.000780
-0.001750
-0.002494
-0.002891
-0.003566
-0.004485
-0.004965
-0.005184
-0.005918
-0.006983
-0.007415
-0.007147
-0.007328
-0.008490
-0.009748
-0.010436
-0.010957
-0.011780
-0.012954
-0.014143
-0.015014
-0.015825
-0.016940
-0.018291
-0.019433
-0.020027
-0.020404
-0.021187
-0.022155
-0.022759
-0.022901
-0.022841
-0.022919
-0.022817
-0.022278
-0.021763
-0.021434
-0.020842
-0.019851
-0.018686
-0.017472
-0.016463
-0.015758
-0.015226
-0.014899
-0.014768
-0.014592
-0.014293
-0.014024
-0.013923
-0.014111
-0.014789
-0.015752
-0.016206
-0.016108
-0.015968
-0.015767
-0.015818
-0.016445
-0.016865
-0.016607
-0.016254
-0.016248
-0.016499
-0.016376
-0.015280
-0.013786
-0.013071
-0.012932
-0.012170
-0.010795
-0.009890
-0.009897
-0.010185
-0.010084
-0.009676
-0.009332
-0.008997
-0.008660
-0.008712
-0.008718
-0.007737
-0.006245
-0.005216
-0.004424
-0.003195
-0.001182
0.001466
0.003667
0.004329
0.004297
0.005257
0.007147
0.009151
0.010720
0.011368
0.011857
0.013386
0.015411
0.016530
0.016681
0.016826
0.017607
0.018852
0.019731
0.019786
0.019784
0.020658
0.021721
0.021835
0.021351
0.021354
0.021895
0.021914
0.021268
0.020753
0.020937
0.021551
0.021237
0.019872
0.018572
0.017495
0.016416
0.015477
0.014706
0.013622
0.011844
0.009903
0.008428
0.007443
0.006556
0.005473
0.004436
0.003673
0.003083
0.002403
0.001191
-0.000315
-0.000508
0.001018
0.001891
0.000701
-0.000673
-0.000700
-0.000377
-0.000862
-0.002125
-0.003379
-0.003849
-0.003560
-0.003184
-0.003216
-0.003708
-0.004384
-0.004813
-0.004946
-0.005049
-0.005158
-0.005168
-0.005058
-0.004656
-0.003710
-0.002844
-0.002695
-0.002403
-0.001111
0.000714
0.002469
0.003920
0.004709
0.004909
0.005388
0.006638
0.007842
0.007865
0.006909
0.006326
0.006797
0.007510
0.007223
0.006158
0.005778
0.006172
0.005910
0.004660
0.003531
0.003426
0.004123
0.004678
0.004536
0.004043
0.003839
0.004024
0.004750
0.006319
0.008006
0.008820
0.008856
0.008947
0.009914
0.011629
0.013087
0.013568
0.013215
0.012646
0.012262
0.012159
0.012122
0.011648
0.010802
0.010335
0.010394
0.010516
0.010402
0.010365
0.010900
0.011466
0.011595
0.012031
0.012835
0.013088
0.012996
0.013513
0.014773
0.016198
0.016976
0.016813
0.016605
0.017435
0.018806
0.019221
0.018680
0.018713
0.019841
0.020817
0.020530
0.019220
0.017946
0.017317
0.017061
0.016520
0.015026
0.013108
0.012219
0.012378
0.012180
0.011090
0.009982
0.009318
0.008433
0.007264
0.006684
0.006649
0.006262
0.005426
0.004702
0.004016
0.003197
0.002726
0.002649
0.002283
0.001378
0.000529
-0.000079
-0.000810
-0.001416
-0.001726
-0.002197
-0.003218
-0.004667
-0.005888
-0.006473
-0.006775
-0.007045
-0.007429
-0.008306
-0.009409
-0.009998
-0.010245
-0.011024
-0.012077
-0.012411
-0.012245
-0.012742
-0.014220
-0.015471
-0.015634
-0.015719
-0.016372
-0.017043
-0.017741
-0.018561
-0.019213
-0.019649
-0.020022
-0.020504
-0.021276
-0.022443
-0.023722
-0.024779
-0.025549
-0.026258
-0.027305
-0.028673
-0.030179
-0.031517
-0.032512
-0.033336
-0.033732
-0.033771
-0.034283
-0.035518
-0.036801
-0.037425
-0.037493
-0.037782
-0.038505
-0.038857
-0.038384
-0.037679
-0.037276
-0.037421
-0.038091
-0.038216
-0.036950
-0.035832
-0.036550
-0.037750
-0.037375
-0.035581
-0.033868
-0.033115
-0.032949
-0.032430
-0.031011
-0.029296
-0.028368
-0.027692
-0.025784
-0.023008
-0.020809
-0.019394
-0.018247
-0.016925
-0.014977
-0.012536
-0.010451
-0.009089
-0.007952
-0.006557
-0.004898
-0.003303
-0.001944
-0.000869
0.000045
0.001049
0.002250
0.003568
0.004703
0.005662
0.006472
0.006845
0.006857
0.007336
0.008684
0.009815
0.009817
0.009528
0.010244
0.011676
0.012690
0.013277
0.013864
0.014282
0.014795
0.015861
0.016826
0.017369
0.018118
0.018799
0.018873
0.019043
0.020077
0.021178
0.021670
0.022036
0.022323
0.022449
0.022618
0.023169
0.024235
0.025030
0.025094
0.025348
0.026204
0.026702
0.026473
0.026535
0.027604
0.028891
0.029745
0.030768
0.032400
0.034060
0.035127
0.035902
0.037072
0.038618
0.039913
0.040671
0.040883
0.041073
0.041843
0.042572
0.042628
0.042489
0.042720
0.043144
0.043190
0.042663
0.042016
0.041638
0.041311
0.040342
0.038605
0.037087
0.036073
0.034605
0.032692
0.031336
0.030596
0.029833
0.029001
0.028177
0.026926
0.025202
0.023438
0.022098
0.021106
0.019750
0.018011
0.016460
0.015128
0.013747
0.012123
0.010134
0.007928
0.005838
0.004195
0.002858
0.001248
-0.000616
-0.002160
-0.003306
-0.004182
-0.004701
-0.004733
-0.004813
-0.005740
-0.006632
-0.006359
-0.005463
-0.004699
-0.004090
-0.003599
-0.003216
-0.002735
-0.002228
-0.001862
-0.001792
-0.002491
-0.003582
-0.004074
-0.004231
-0.004956
-0.006057
-0.006718
-0.007338
-0.008830
-0.010700
-0.011688
-0.011724
-0.012208
-0.013532
-0.014347
-0.014178
-0.014056
-0.014691
-0.015652
-0.016210
-0.016084
-0.015661
-0.015512
-0.015332
-0.014395
-0.012919
-0.012138
-0.012208
-0.011585
-0.010001
-0.009006
-0.009210
-0.009546
-0.009021
-0.007800
-0.006823
-0.006840
-0.007657
-0.008538
-0.008924
-0.008947
-0.009629
-0.011448
-0.013236
-0.013959
-0.014095
-0.014728
-0.015690
-0.016080
-0.016355
-0.017205
-0.018364
-0.019502
-0.020583
-0.021582
-0.022318
-0.022735
-0.023350
-0.024240
-0.024711
-0.024783
-0.025034
-0.025576
-0.026002
-0.025891
-0.025391
-0.025062
-0.024967
-0.024671
-0.023893
-0.022787
-0.021810
-0.020893
-0.019563
-0.017840
-0.016130
-0.014848
-0.013879
-0.012857
-0.011634
-0.010368
-0.009633
-0.009634
-0.010006
-0.010027
-0.009257
-0.008592
-0.009013
-0.010103
-0.010935
-0.011254
-0.011511
-0.012030
-0.012713
-0.013146
-0.013017
-0.012903
-0.013590
-0.014783
-0.015177
-0.014225
-0.013327
-0.013821
-0.015048
-0.015581
-0.015076
-0.014355
-0.014188
-0.014676
-0.015434
-0.015939
-0.015929
-0.015596
-0.015244
-0.014853
-0.014188
-0.013262
-0.012424
-0.011924
-0.011557
-0.010882
-0.009880
-0.008944
-0.008472
-0.008493
-0.008541
-0.008387
-0.008077
-0.007441
-0.006314
-0.005142
-0.004693
-0.004548
-0.003668
-0.002352
-0.001549
-0.000970
0.000028
0.001015
0.001845
0.002939
0.004113
0.005145
0.005904
0.006082
0.005946
0.006328
0.007501
0.008660
0.008852
0.008297
0.008043
0.008543
0.009437
0.009878
0.009537
0.009086
0.009089
0.009563
0.009980
0.009982
0.009998
0.010166
0.010287
0.010734
0.011783
0.012700
0.012729
0.012203
0.012137
0.013213
0.014716
0.015195
0.014811
0.015138
0.016420
0.017214
0.017063
0.017357
0.018544
0.019259
0.018978
0.018897
0.019826
0.020876
0.021176
0.021481
0.022486
0.023490
0.023797
0.023598
0.023629
0.024220
0.024946
0.025431
0.025694
0.025870
0.025856
0.025564
0.025329
0.025593
0.026113
0.025985
0.024912
0.023750
0.023389
0.023580
0.023564
0.023009
0.022170
0.021785
0.022075
0.022323
0.022029
0.021492
0.020996
0.020367
0.019823
0.019633
0.019084
0.017900
0.017054
0.016869
0.016512
0.015556
0.014414
0.013671
0.013230
0.012263
0.010889
0.010232
0.010406
0.010435
0.009658
0.008600
0.008196
0.008422
0.008419
0.007630
0.006701
0.006417
0.006614
0.006779
0.006628
0.006303
0.005923
0.005502
0.005266
0.005077
0.004708
0.004397
0.004109
0.003489
0.002821
0.002665
0.002861
0.002916
0.002716
0.002477
0.002378
0.002182
0.001356
0.000294
-0.000057
-0.000194
-0.001222
-0.002756
-0.003582
-0.003831
-0.004702
-0.006223
-0.007557
-0.008339
-0.008504
-0.008297
-0.008243
-0.008695
-0.009529
-0.010346
-0.010905
-0.011336
-0.011817
-0.011871
-0.011171
-0.010451
-0.010400
-0.010743
-0.010859
-0.010608
-0.010345
-0.010279
-0.010335
-0.010622
-0.011221
-0.011907
-0.012451
-0.012717
-0.012974
-0.013785
-0.014920
-0.015713
-0.016355
-0.017019
-0.017242
-0.016981
-0.016717
-0.016676
-0.016686
-0.016610
-0.016302
-0.015314
-0.013800
-0.012855
-0.012556
-0.011846
-0.010658
-0.009867
-0.009528
-0.009160
-0.009112
-0.009722
-0.010456
-0.010719
-0.010956
-0.011849
-0.012936
-0.013573
-0.013849
-0.014378
-0.015547
-0.016788
-0.017142
-0.016706
-0.016672
-0.017454
-0.018387
-0.018843
-0.018634
-0.018129
-0.017886
-0.017916
-0.017872
-0.017656
-0.017404
-0.017082
-0.016551
-0.016241
-0.016624
-0.017243
-0.017341
-0.017051
-0.017156
-0.017851
-0.018444
-0.018346
-0.018003
-0.018378
-0.019537
-0.020328
-0.020025
-0.019324
-0.018863
-0.018547
-0.018174
-0.017492
-0.016662
-0.016074
-0.015702
-0.015397
-0.015186
-0.015044
-0.014848
-0.014606
-0.014408
-0.014259
-0.014109
-0.013924
-0.013765
-0.014057
-0.015129
-0.016149
-0.016060
-0.015564
-0.016008
-0.017052
-0.017458
-0.017163
-0.016903
-0.016911
-0.016906
-0.016698
-0.016410
-0.015915
-0.014732
-0.013007
-0.011384
-0.010321
-0.009768
-0.009142
-0.008181
-0.007231
-0.006689
-0.006311
-0.005434
-0.004107
-0.002753
-0.001247
0.000471
0.001988
0.003200
0.004424
0.005787
0.006958
0.007914
0.009070
0.010492
0.011973
0.013381
0.014567
0.015412
0.016160
0.017062
0.018182
0.019292
0.019810
0.019931
0.020499
0.021441
0.021907
0.021942
0.022462
0.023463
0.024096
0.024067
0.023964
0.024289
0.024725
0.024882
0.024753
0.024413
0.024076
0.024019
0.024505
0.025526
0.026274
0.026063
0.025357
0.024935
0.025148
0.026133
0.027304
0.027476
0.026685
0.026128
0.026510
0.027429
0.028051
0.028083
0.027709
0.027399
0.027686
0.028273
0.028479
0.028457
0.028514
0.028420
0.028100
0.027746
0.027308
0.026582
0.025716
0.025060
0.024418
0.023644
0.022968
0.022115
0.020810
0.019353
0.017958
0.016836
0.016397
0.016323
0.015525
0.013891
0.012681
0.012622
0.012998
0.012710
0.011405
0.009816
0.009002
0.008736
0.007821
0.006503
0.006182
0.006780
0.006713
0.005546
0.004433
0.003723
0.003146
0.002907
0.002727
0.002070
0.001086
0.000253
-0.000151
-0.000339
-0.000868
-0.001870
-0.003043
-0.004044
-0.004666
-0.005091
-0.005383
-0.005454
-0.005770
-0.006776
-0.007964
-0.008411
-0.008087
-0.007976
-0.008639
-0.009408
-0.009503
-0.009091
-0.008792
-0.008821
-0.009004
-0.009276
-0.009457
-0.009184
-0.008999
-0.009489
-0.010102
-0.010538
-0.011190
-0.012087
-0.012888
-0.013625
-0.014308
-0.014706
-0.015225
-0.016416
-0.017880
-0.018668
-0.018553
-0.018498
-0.019452
-0.020931
-0.021575
-0.021047
-0.020313
-0.020152
-0.020345
-0.020362
-0.020086
-0.019731
-0.019613
-0.019831
-0.020116
-0.020385
-0.020693
-0.020692
-0.020015
-0.018826
-0.017842
-0.017515
-0.016872
-0.014894
-0.012362
-0.010385
-0.008626
-0.006384
-0.004096
-0.002466
-0.001116
0.000574
0.001971
0.002216
0.001783
0.001386
0.000781
-0.000357
-0.001786
-0.003147
-0.004324
-0.005239
-0.005678
-0.006040
-0.007072
-0.008261
-0.008508
-0.007890
-0.006909
-0.005692
-0.004544
-0.003309
-0.001460
0.000766
0.002569
0.003494
0.004115
0.005092
0.006413
0.007765
0.008550
0.009090
0.010446
0.012283
0.013415
0.013671
0.013670
0.013489
0.012844
0.011869
0.010737
0.009388
0.007966
0.007029
0.006758
0.006295
0.005070
0.003590
0.002280
0.001306
0.000875
0.000519
-0.000588
-0.002357
-0.003876
-0.004455
-0.004226
-0.003896
-0.004083
-0.004873
-0.005805
-0.006489
-0.006965
-0.007609
-0.008605
-0.009358
-0.009516
-0.009658
-0.010082
-0.010386
-0.010463
-0.010762
-0.011235
-0.011358
-0.011142
-0.010934
-0.011075
-0.011442
-0.011341
-0.010927
-0.011283
-0.012272
-0.012661
-0.012422
-0.012322
-0.012444
-0.012475
-0.012304
-0.011811
-0.010715
-0.009447
-0.008899
-0.009078
-0.009277
-0.009072
-0.008703
-0.008822
-0.009766
-0.010885
-0.011278
-0.011453
-0.012469
-0.014120
-0.015506
-0.016190
-0.016721
-0.017804
-0.019172
-0.019991
-0.019877
-0.019274
-0.018533
-0.017534
-0.016246
-0.014314
-0.011622
-0.008862
-0.006566
-0.005075
-0.004362
-0.003904
-0.003388
-0.002733
-0.002500
-0.003301
-0.004606
-0.005862
-0.007243
-0.008918
-0.010645
-0.011852
-0.012519
-0.013369
-0.014539
-0.015291
-0.015335
-0.015024
-0.014300
-0.012943
-0.010999
-0.008361
-0.005002
-0.001378
0.002006
0.004910
0.007223
0.009114
0.011045
0.013399
0.015883
0.017751
0.019056
0.020543
0.022259
0.023505
0.024047
0.024570
0.025337
0.025465
0.024541
0.023253
0.022070
0.020808
0.019343
0.017811
0.016299
0.014859
0.013747
0.013089
0.012261
0.010881
0.009868
0.009825
0.010212
0.010668
0.011354
0.012214
0.013321
0.015144
0.017007
0.017516
0.017070
0.017453
0.018864
0.019933
0.020463
0.021166
0.021994
0.022442
0.022318
0.021946
0.021709
0.021489
0.021037
0.020738
0.020770
0.020423
0.019588
0.018985
0.018603
0.017609
0.016167
0.015497
0.015713
0.015896
0.015620
0.015396
0.015943
0.016836
0.017064
0.016748
0.016622
0.016757
0.016972
0.017113
0.016751
0.015767
0.014701
0.013961
0.013316
0.012247
0.010767
0.009673
0.009302
0.008929
0.007934
0.006521
0.005334
0.004678
0.004204
0.003528
0.002673
0.001848
0.001207
0.000775
0.000173
-0.000735
-0.001406
-0.001656
-0.001722
-0.001824
-0.002189
-0.002463
-0.002123
-0.001739
-0.002164
-0.003211
-0.003942
-0.003885
-0.003516
-0.003074
-0.002355
-0.001866
-0.002145
-0.002473
-0.002104
-0.001581
-0.001511
-0.001736
-0.001875
-0.001807
-0.001918
-0.002488
-0.003124
-0.003484
-0.003836
-0.004269
-0.004653
-0.005391
-0.006768
-0.008138
-0.008811
-0.009055
-0.009547
-0.010575
-0.011732
-0.012518
-0.013132
-0.013598
-0.013719
-0.013825
-0.014026
-0.014062
-0.013985
-0.014111
-0.014262
-0.013933
-0.013367
-0.012915
-0.012038
-0.010730
-0.009915
-0.009507
-0.008653
-0.007546
-0.007093
-0.007315
-0.007471
-0.007286
-0.007167
-0.007387
-0.007638
-0.007931
-0.008662
-0.009367
-0.009371
-0.008977
-0.009001
-0.009951
-0.011260
-0.011822
-0.011653
-0.011726
-0.012197
-0.012410
-0.012209
-0.011886
-0.011447
-0.010784
-0.010063
-0.009195
-0.007861
-0.006091
-0.004019
-0.002050
-0.000684
0.000336
0.001595
0.003187
0.004985
0.006692
0.007718
0.008050
0.008370
0.009339
0.010965
0.012027
0.011589
0.010631
0.010403
0.010625
0.010328
0.009155
0.007389
0.005647
0.004135
0.002462
0.000566
-0.001460
-0.003665
-0.005833
-0.007543
-0.008564
-0.009296
-0.010240
-0.011213
-0.011881
-0.012047
-0.011581
-0.010698
-0.009782
-0.008890
-0.007883
-0.006522
-0.004413
-0.001944
-0.000039
0.001308
0.002539
0.003672
0.004866
0.006350
0.007790
0.008539
0.008445
0.007971
0.007309
0.006234
0.004828
0.003422
0.002136
0.000999
-0.000005
-0.001160
-0.002496
-0.003641
-0.004492
-0.005315
-0.006463
-0.007583
-0.007872
-0.007626
-0.007867
-0.008605
-0.009008
-0.008965
-0.008710
-0.007927
-0.006916
-0.006580
-0.006884
-0.007083
-0.006884
-0.006545
-0.006386
-0.006418
-0.006474
-0.006666
-0.006921
-0.006936
-0.006712
-0.006299
-0.005860
-0.005462
-0.004899
-0.004365
-0.003918
-0.003038
-0.001799
-0.000855
-0.000401
-0.000210
0.000156
0.000933
0.001856
0.002493
0.002608
0.002444
0.002269
0.001925
0.001427
0.001055
0.000563
-0.000431
-0.001404
-0.001585
-0.001201
-0.000971
-0.001132
-0.001816
-0.002483
-0.002612
-0.002287
-0.002043
-0.002121
-0.002299
-0.002190
-0.001527
-0.000575
0.000029
0.000031
-0.000255
-0.000509
-0.000447
0.000175
0.000890
0.001009
0.000687
0.000551
0.000928
0.001764
0.002695
0.003315
0.003489
0.003390
0.003648
0.004723
0.005960
0.006464
0.006696
0.007601
0.008616
0.008835
0.009002
0.010031
0.011125
0.011186
0.010625
0.010639
0.011412
0.012024
0.011788
0.011044
0.010885
0.011497
0.011746
0.011281
0.011117
0.011728
0.012264
0.012075
0.011670
0.011798
0.012519
0.013328
0.013737
0.013724
0.013929
0.014826
0.015881
0.016556
0.017094
0.017544
0.017782
0.018274
0.018942
0.019180
0.019072
0.018893
0.018809
0.019098
0.019506
0.019122
0.017986
0.017249
0.017299
0.017135
0.015531
0.012613
0.009994
0.008860
0.008656
0.008031
0.006567
0.005256
0.004992
0.005335
0.005267
0.004450
0.003647
0.003882
0.004742
0.005002
0.004600
0.004395
0.004914
0.005613
0.005458
0.004642
0.004385
0.004925
0.005320
0.004900
0.004065
0.003653
0.003830
0.004222
0.004245
0.003555
0.002522
0.001655
0.001063
0.000532
-0.000158
-0.001175
-0.002247
-0.002722
-0.002876
-0.003574
-0.004786
-0.006012
-0.007054
-0.007915
-0.008719
-0.009549
-0.010498
-0.011632
-0.012868
-0.014107
-0.015307
-0.016345
-0.017022
-0.017277
-0.017310
-0.017532
-0.018015
-0.018280
-0.018043
-0.017529
-0.017007
-0.016673
-0.016392
-0.015734
-0.014921
-0.014441
-0.014179
-0.013900
-0.013672
-0.013516
-0.013339
-0.013154
-0.012974
-0.012810
-0.012668
-0.012518
-0.012359
-0.012101
-0.011546
-0.010701
-0.009846
-0.009256
-0.009048
-0.008929
-0.008239
-0.006949
-0.005843
-0.005315
-0.005103
-0.004988
-0.004899
-0.004755
-0.004446
-0.003854
-0.003251
-0.003212
-0.003704
-0.004046
-0.003874
-0.003519
-0.003384
-0.003489
-0.003749
-0.004048
-0.004275
-0.004597
-0.005124
-0.005694
-0.006200
-0.006629
-0.007050
-0.007550
-0.008098
-0.008562
-0.008788
-0.008892
-0.008946
-0.008675
-0.008196
-0.007918
-0.007675
-0.007187
-0.006862
-0.006950
-0.006877
-0.006399
-0.006017
-0.005990
-0.005991
-0.005664
-0.005179
-0.004866
-0.004606
-0.004331
-0.004129
-0.003776
-0.003196
-0.002714
-0.002331
-0.001939
-0.001869
-0.002004
-0.001867
-0.001748
-0.001979
-0.002081
-0.001880
-0.001987
-0.002500
-0.002766
-0.002659
-0.002639
-0.002794
-0.002827
-0.002674
-0.002527
-0.002465
-0.002425
-0.002370
-0.002203
-0.001650
-0.000667
0.000162
0.000270
0.000073
0.000491
0.001631
0.002557
0.002838
0.003270
0.004081
0.004521
0.004495
0.004656
0.005265
0.005974
0.006342
0.006252
0.005864
0.005353
0.004950
0.004743
0.004453
0.004010
0.003646
0.003167
0.002376
0.001731
0.001658
0.001931
0.002225
0.002716
0.003421
0.003831
0.003747
0.003831
0.004680
0.005662
0.006138
0.006558
0.007250
0.007871
0.008229
0.008479
0.008683
0.009013
0.009720
0.010384
0.010394
0.009972
0.009841
0.010266
0.010677
0.010370
0.009496
0.008877
0.008847
0.008803
0.008273
0.007655
0.007422
0.007495
0.007486
0.007079
0.006410
0.005923
0.005689
0.005343
0.004732
0.004103
0.003768
0.003789
0.003889
0.003778
0.003357
0.002829
0.002715
0.002977
0.002884
0.002221
0.001525
0.001299
0.001479
0.001635
0.001542
0.001348
0.001272
0.001302
0.001319
0.001274
0.001299
0.001698
0.002309
0.002584
0.002532
0.002530
0.002791
0.003157
0.003160
0.002839
0.002780
0.003026
0.003169
0.003247
0.003432
0.003577
0.003505
0.003401
0.003774
0.004554
0.004933
0.004733
0.004782
0.005430
0.006014
0.006181
0.006325
0.006453
0.006279
0.006113
0.006257
0.006428
0.006290
0.005963
0.005742
0.005651
0.005632
0.005755
0.005954
0.005949
0.005605
0.005132
0.004910
0.005056
0.005272
0.005375
0.005407
0.005264
0.004814
0.004271
0.003955
0.003736
0.003276
0.002406
0.001257
0.000211
-0.000681
-0.001603
-0.002389
-0.002891
-0.003409
-0.004003
-0.004406
-0.004772
-0.005316
-0.005833
-0.006121
-0.006278
-0.006435
-0.006507
-0.006419
-0.006290
-0.006286
-0.006496
-0.006766
-0.006842
-0.006848
-0.006960
-0.007066
-0.007187
-0.007420
-0.007677
-0.007818
-0.007739
-0.007513
-0.007459
-0.007847
-0.008514
-0.009074
-0.009285
-0.009234
-0.009371
-0.009781
-0.009996
-0.009982
-0.010125
-0.010351
-0.010300
-0.009967
-0.009641
-0.009467
-0.009401
-0.009379
-0.009210
-0.008838
-0.008588
-0.008486
-0.008224
-0.007858
-0.007613
-0.007483
-0.007285
-0.006935
-0.006654
-0.006616
-0.006613
-0.006440
-0.006172
-0.005947
-0.005803
-0.005677
-0.005512
-0.005243
-0.004850
-0.004467
-0.004196
-0.003930
-0.003612
-0.003371
-0.003148
-0.002674
-0.001959
-0.001230
-0.000598
-0.000070
0.000407
0.000967
0.001630
0.002097
0.002200
0.002282
0.002624
0.002969
0.003072
0.003152
0.003432
0.003697
0.003687
0.003568
0.003589
0.003675
0.003707
0.003765
0.003858
0.003852
0.003792
0.003790
0.003798
0.003793
0.003848
0.003932
0.003915
0.003827
0.003799
0.003806
0.003787
0.003774
0.003739
0.003639
0.003532
0.003406
0.003231
0.003131
0.003122
0.002997
0.002700
0.002397
0.002179
0.001967
0.001676
0.001435
0.001290
0.001050
0.000755
0.000588
0.000482
0.000282
0.000073
0.000035
0.000113
0.000146
0.000076
-0.000036
-0.000078
-0.000057
-0.000029
0.000049
0.000168
0.000219
0.000190
0.000166
0.000186
0.000230
0.000255
0.000254
0.000258
0.000279
0.000299
0.000311
0.000400
0.000619
0.000816
0.000833
0.000738
0.000691
0.000737
0.000785
0.000774
0.000746
0.000801
0.000999
0.001176
0.001169
0.001094
0.001155
0.001348
0.001459
0.001396
0.001282
0.001236
0.001245
0.001276
0.001351
0.001420
0.001366
0.001227
0.001145
0.001140
0.001116
0.001003
0.000872
0.000817
0.000798
0.000725
0.000618
0.000534
0.000462
0.000354
0.000201
0.000075
0.000003
-0.000058
-0.000107
-0.000132
-0.000126
-0.000099
-0.000101
-0.000084
0.000019
0.000129
0.000192
0.000254
0.000304
0.000306
0.000304
0.000366
0.000458
0.000511
0.000540
0.000574
0.000584
0.000554
0.000536
0.000577
0.000642
0.000650
0.000589
0.000521
0.000477
0.000444
0.000397
0.000315
0.000236
0.000207
0.000207
0.000180
0.000111
0.000038
-0.000008
-0.000027
-0.000043
-0.000077
-0.000115
-0.000144
-0.000170
-0.000189
-0.000207
-0.000247
-0.000296
-0.000342
-0.000383
-0.000401
-0.000390
-0.000381
-0.000408
-0.000453
-0.000486
-0.000506
-0.000516
-0.000527
-0.000538
-0.000532
-0.000505
-0.000477
-0.000465
-0.000458
-0.000435
-0.000409
-0.000402
-0.000396
-0.000368
-0.000331
-0.000308
-0.000289
-0.000258
-0.000214
-0.000175
-0.000159
-0.000156
-0.000139
-0.000102
-0.000066
-0.000052
-0.000056
-0.000056
-0.000038
-0.000007
0.000018
0.000022
0.000015
0.000013
0.000019
0.000026
0.000029
0.000028
0.000028
0.000031
0.000043
0.000055
0.000054
0.000046
0.000047
0.000057
0.000064
0.000061
0.000054
0.000048
0.000046
0.000050
0.000053
0.000052
0.000047
0.000044
0.000043
0.000043
0.000041
0.000042
0.000045
0.000047
0.000048
0.000046
0.000043
0.000039
0.000038
0.000036
0.000033
0.000030
0.000028
0.000027
0.000028
0.000028
0.000024
0.000018
0.000015
0.000016
0.000016
0.000012
0.000006
0.000002
0.000000
-0.000001
-0.000002
-0.000003
-0.000005
-0.000007
-0.000008
-0.000009
-0.000010
-0.000011
-0.000012
-0.000013
-0.000015
-0.000017
-0.000019
-0.000019
-0.000019
-0.000019
-0.000020
-0.000022
-0.000023
-0.000023
-0.000023
-0.000023
-0.000023
-0.000024
-0.000024
-0.000025
-0.000025
-0.000026
-0.000027
-0.000027
-0.000027
-0.000028
-0.000029
-0.000029
-0.000030
-0.000030
-0.000030
-0.000031
-0.000031
-0.000031
-0.000032
-0.000032
-0.000032
-0.000032
-0.000033
-0.000033
-0.000033
-0.000034
-0.000034
-0.000034
-0.000035
-0.000035
-0.000035
-0.000036
-0.000036
-0.000036
-0.000037
-0.000037
-0.000037
-0.000037
-0.000037
-0.000038
-0.000038
-0.000038
-0.000038
-0.000039
-0.000039
-0.000039
-0.000039
-0.000039
-0.000040
-0.000040
-0.000040
-0.000040
-0.000041
-0.000041
-0.000041
