-0.002035
-0.001899
0.000365
0.002977
0.002832
0.002885
0.002853
0.002803
0.002737
0.002643
0.002537
0.002449
0.002376
0.002300
0.002227
0.002196
0.002249
0.002398
0.002581
0.002745
0.002916
0.003094
0.003205
0.003221
0.003053
0.002604
0.002197
0.002388
0.003119
0.003717
0.003710
0.003256
0.002878
0.002868
0.003079
0.003294
0.003487
0.003678
0.003790
0.003781
0.003713
0.003669
0.003655
0.003646
0.003650
0.003646
0.003529
0.003238
0.002857
0.002497
0.002189
0.001914
0.001646
0.001382
0.001135
0.000883
0.000640
0.000484
0.000427
0.000434
0.000464
0.000412
0.000212
0.000005
-0.000079
-0.000138
-0.000231
-0.000270
-0.000240
-0.000240
-0.000317
-0.000405
-0.000413
-0.000435
-0.000644
-0.000860
-0.000828
-0.000659
-0.000495
-0.000331
-0.000190
-0.000075
-0.000010
-0.000012
0.000013
0.000058
-0.000016
-0.000201
-0.000441
-0.000631
-0.000566
-0.000289
-0.000042
0.000152
0.000352
0.000480
0.000463
0.000264
-0.000066
-0.000396
-0.000599
-0.000714
-0.001037
-0.001643
-0.002149
-0.002484
-0.002945
-0.003439
-0.003747
-0.004002
-0.004247
-0.004153
-0.003612
-0.002998
-0.002676
-0.002513
-0.002064
-0.001446
-0.001079
-0.000814
-0.000453
-0.000167
0.000011
0.000129
0.000062
-0.000227
-0.000475
-0.000470
-0.000535
-0.001189
-0.002424
-0.003717
-0.004751
-0.005558
-0.006041
-0.006062
-0.005900
-0.005929
-0.006032
-0.005782
-0.005043
-0.004135
-0.003265
-0.002361
-0.001543
-0.000985
-0.000203
0.001204
0.002577
0.003366
0.003812
0.004310
0.005173
0.006512
0.007677
0.007824
0.007475
0.007359
0.007205
0.007049
0.006963
0.006210
0.004492
0.002603
0.000917
-0.001038
-0.003062
-0.004386
-0.005223
-0.006168
-0.007004
-0.007513
-0.008003
-0.008802
-0.009610
-0.009795
-0.009312
-0.007857
-0.004906
-0.001760
-0.000126
0.000202
0.000192
0.000528
0.001136
0.001668
0.002255
0.002922
0.003382
0.003257
0.002624
0.001992
0.001743
0.001393
0.000148
-0.001231
-0.001576
-0.001212
-0.000754
-0.000456
-0.000665
-0.001378
-0.002610
-0.004002
-0.004412
-0.003886
-0.003563
-0.003701
-0.004132
-0.005090
-0.006524
-0.007913
-0.008906
-0.009692
-0.010262
-0.010011
-0.008701
-0.006716
-0.004354
-0.001820
0.000215
0.001629
0.003042
0.004542
0.006402
0.008691
0.010814
0.013099
0.015399
0.016199
0.015660
0.015522
0.016098
0.016119
0.014438
0.011204
0.008053
0.006794
0.006962
0.006422
0.004492
0.002089
-0.000192
-0.002201
-0.004018
-0.006235
-0.009369
-0.013967
-0.019263
-0.021837
-0.020066
-0.017436
-0.016914
-0.016804
-0.015818
-0.015377
-0.015145
-0.012564
-0.007054
-0.000992
0.002972
0.004820
0.007228
0.010678
0.011961
0.010590
0.010080
0.011300
0.012428
0.013374
0.014026
0.013094
0.009916
0.004716
-0.001387
-0.006951
-0.010417
-0.010221
-0.007218
-0.005233
-0.006552
-0.009887
-0.013181
-0.014775
-0.014843
-0.015253
-0.016126
-0.016232
-0.015138
-0.013762
-0.013450
-0.013223
-0.009872
-0.002226
0.006924
0.013556
0.014992
0.011679
0.006596
0.002227
0.000398
0.001840
0.005177
0.009217
0.012502
0.013312
0.012259
0.010013
0.006990
0.005355
0.005521
0.004988
0.003048
0.001456
0.000736
-0.000560
-0.003873
-0.009756
-0.017669
-0.024946
-0.028572
-0.027993
-0.024409
-0.020904
-0.021568
-0.026683
-0.031849
-0.033047
-0.030463
-0.027118
-0.025106
-0.024232
-0.023818
-0.022337
-0.016865
-0.006616
0.006741
0.021527
0.033742
0.038606
0.036780
0.033259
0.031591
0.030757
0.029016
0.027818
0.028565
0.029960
0.029440
0.025700
0.020034
0.014843
0.011253
0.009964
0.011092
0.012393
0.012867
0.013798
0.014662
0.013681
0.010067
0.003765
-0.004941
-0.014594
-0.023092
-0.030188
-0.036627
-0.042269
-0.046510
-0.049055
-0.050542
-0.051553
-0.051663
-0.050352
-0.047513
-0.043958
-0.040906
-0.037915
-0.032979
-0.024876
-0.013952
-0.000515
0.012805
0.020976
0.023327
0.023243
0.022978
0.023191
0.023180
0.021999
0.020869
0.021105
0.022061
0.022492
0.021624
0.019036
0.013476
0.003240
-0.011528
-0.026849
-0.036543
-0.038078
-0.033929
-0.028596
-0.025563
-0.024325
-0.021878
-0.015062
-0.001350
0.017941
0.036783
0.050217
0.057035
0.055729
0.045816
0.034399
0.030067
0.029580
0.023691
0.013752
0.009051
0.012416
0.019245
0.024610
0.025079
0.018169
0.005244
-0.008780
-0.019716
-0.025000
-0.025080
-0.024178
-0.026192
-0.031730
-0.037836
-0.041008
-0.041961
-0.043813
-0.048615
-0.056104
-0.064000
-0.071824
-0.078796
-0.079987
-0.073345
-0.063231
-0.053404
-0.045180
-0.038749
-0.030808
-0.016857
0.003254
0.024008
0.039846
0.049488
0.053832
0.055167
0.053533
0.046651
0.037668
0.033173
0.034590
0.038380
0.042228
0.045713
0.046898
0.044853
0.042391
0.042093
0.043960
0.046321
0.046152
0.040616
0.030727
0.021166
0.014399
0.009684
0.007474
0.008060
0.008262
0.004985
-0.002043
-0.012140
-0.023074
-0.031919
-0.037489
-0.037383
-0.030510
-0.023631
-0.027259
-0.046329
-0.074490
-0.093996
-0.086437
-0.049865
-0.001245
0.036711
0.052899
0.053439
0.047846
0.041075
0.036313
0.034284
0.032773
0.031873
0.033928
0.037184
0.037579
0.033725
0.026572
0.017278
0.006855
-0.003824
-0.013562
-0.020326
-0.024149
-0.028157
-0.035141
-0.046664
-0.063561
-0.083849
-0.102205
-0.113358
-0.115890
-0.112055
-0.103051
-0.087592
-0.064959
-0.037678
-0.010944
0.012700
0.034236
0.056059
0.079141
0.098557
0.111034
0.122606
0.140938
0.166155
0.189602
0.203208
0.206760
0.200521
0.182016
0.152281
0.115673
0.081088
0.060567
0.056556
0.062310
0.071465
0.077972
0.075164
0.059362
0.033327
0.003999
-0.022181
-0.041365
-0.055428
-0.068568
-0.078144
-0.078811
-0.073148
-0.068057
-0.066715
-0.070760
-0.080804
-0.095647
-0.113951
-0.130725
-0.137725
-0.130339
-0.110423
-0.083451
-0.057083
-0.037653
-0.021981
-0.002354
0.020007
0.035634
0.038418
0.032317
0.026111
0.023945
0.023638
0.020159
0.008529
-0.013086
-0.040666
-0.065217
-0.079746
-0.083662
-0.079572
-0.071200
-0.061743
-0.049995
-0.032048
-0.008007
0.015526
0.029805
0.030420
0.018859
0.001191
-0.013646
-0.020116
-0.019835
-0.018126
-0.019412
-0.024880
-0.034838
-0.048382
-0.058646
-0.058282
-0.049279
-0.039005
-0.030675
-0.022866
-0.014579
-0.005405
0.007401
0.023814
0.038809
0.050323
0.061041
0.073840
0.088072
0.098932
0.101415
0.089801
0.059503
0.019123
-0.012113
-0.023635
-0.019238
-0.009744
-0.004907
-0.002867
0.007680
0.029845
0.054206
0.070721
0.074617
0.067205
0.057117
0.054731
0.063415
0.077466
0.089293
0.096092
0.098997
0.099725
0.096599
0.084762
0.062337
0.032564
0.002732
-0.017511
-0.024263
-0.023555
-0.026027
-0.041672
-0.075149
-0.122067
-0.166865
-0.188065
-0.177727
-0.147532
-0.111249
-0.082381
-0.076536
-0.091971
-0.108066
-0.112025
-0.109227
-0.109305
-0.115101
-0.122059
-0.122470
-0.113167
-0.097489
-0.079058
-0.059535
-0.041610
-0.027782
-0.015833
0.000900
0.027229
0.062948
0.101888
0.129026
0.134492
0.128349
0.125115
0.128020
0.133100
0.135568
0.132789
0.124217
0.109106
0.087081
0.060079
0.032294
0.007082
-0.016327
-0.039225
-0.060678
-0.079949
-0.098241
-0.116721
-0.131406
-0.137115
-0.135104
-0.130607
-0.126739
-0.122388
-0.113927
-0.097013
-0.065309
-0.015452
0.040432
0.083307
0.109906
0.132041
0.159070
0.188727
0.214168
0.231813
0.239221
0.236889
0.232348
0.231537
0.230818
0.226331
0.221963
0.218929
0.199324
0.138678
0.051842
-0.012073
-0.032067
-0.032761
-0.045393
-0.073902
-0.104326
-0.129177
-0.150237
-0.170307
-0.187243
-0.196263
-0.195699
-0.186744
-0.170696
-0.148367
-0.121610
-0.096477
-0.078774
-0.063469
-0.038672
0.000362
0.045876
0.082337
0.097471
0.088148
0.058506
0.019895
-0.013479
-0.035882
-0.051437
-0.063716
-0.070244
-0.066993
-0.053741
-0.035110
-0.018226
-0.007770
-0.000875
0.010125
0.026143
0.041206
0.053756
0.065042
0.072610
0.075819
0.082271
0.102319
0.138861
0.182705
0.215828
0.228875
0.231211
0.233609
0.235846
0.232694
0.220675
0.198269
0.162772
0.115693
0.066752
0.025430
-0.004769
-0.027252
-0.045953
-0.059213
-0.069859
-0.085161
-0.105649
-0.129239
-0.153844
-0.172287
-0.173974
-0.153106
-0.115648
-0.070851
-0.022276
0.023248
0.054935
0.071691
0.081384
0.085757
0.078089
0.055404
0.022504
-0.013441
-0.048802
-0.088447
-0.137238
-0.185131
-0.218452
-0.238066
-0.250709
-0.257694
-0.253468
-0.225528
-0.163165
-0.069711
0.031566
0.104454
0.132627
0.139717
0.153706
0.174598
0.191894
0.207023
0.227633
0.253575
0.274883
0.279330
0.262924
0.236221
0.215656
0.205730
0.198822
0.188293
0.171834
0.143411
0.099932
0.052182
0.004849
-0.044901
-0.085663
-0.101603
-0.089220
-0.058905
-0.030154
-0.018986
-0.030122
-0.058702
-0.091256
-0.113591
-0.123907
-0.129304
-0.136021
-0.149594
-0.174995
-0.209707
-0.240752
-0.257761
-0.263823
-0.263968
-0.253497
-0.227105
-0.187743
-0.140511
-0.085693
-0.026700
0.023169
0.054517
0.071611
0.084720
0.100935
0.121482
0.141439
0.150276
0.139546
0.111571
0.078287
0.053988
0.048797
0.062947
0.089283
0.125896
0.179340
0.236951
0.262876
0.256092
0.253043
0.263998
0.270712
0.266554
0.260419
0.257883
0.256549
0.249443
0.219853
0.146875
0.036536
-0.071346
-0.149940
-0.210161
-0.268832
-0.323205
-0.361699
-0.386055
-0.408702
-0.429743
-0.437488
-0.430975
-0.425654
-0.431691
-0.435079
-0.408697
-0.336867
-0.228928
-0.117971
-0.037922
0.003386
0.014795
-0.001817
-0.038497
-0.068728
-0.078924
-0.089040
-0.121714
-0.165090
-0.188630
-0.185037
-0.163713
-0.126000
-0.077572
-0.034426
-0.003809
0.019963
0.045302
0.076097
0.110722
0.141825
0.160409
0.168116
0.173540
0.179473
0.185217
0.195053
0.216438
0.249530
0.282764
0.299163
0.291663
0.261474
0.202110
0.121967
0.052195
0.001713
-0.043446
-0.084877
-0.114760
-0.130961
-0.138736
-0.146575
-0.157575
-0.168855
-0.179924
-0.191772
-0.199361
-0.197227
-0.188368
-0.178995
-0.170897
-0.162900
-0.156276
-0.154905
-0.159096
-0.164779
-0.171255
-0.182408
-0.196324
-0.204551
-0.202699
-0.193309
-0.182111
-0.172019
-0.162686
-0.156296
-0.154344
-0.149246
-0.130554
-0.099216
-0.064901
-0.030737
0.006743
0.043294
0.067385
0.077856
0.085426
0.095189
0.105714
0.121893
0.149793
0.183164
0.208836
0.221491
0.225990
0.224555
0.213218
0.192076
0.164554
0.135410
0.111724
0.096753
0.086661
0.072633
0.046093
0.008044
-0.029121
-0.058190
-0.081955
-0.100910
-0.117815
-0.140630
-0.167508
-0.185365
-0.187783
-0.180596
-0.170760
-0.160383
-0.153085
-0.159631
-0.189261
-0.240829
-0.299664
-0.340035
-0.345743
-0.319490
-0.264605
-0.184217
-0.097078
-0.023472
0.027711
0.056204
0.079117
0.114641
0.157985
0.192338
0.208790
0.208602
0.193762
0.166816
0.135301
0.112829
0.111678
0.128779
0.150297
0.170745
0.193211
0.215592
0.232483
0.242843
0.250438
0.259956
0.271268
0.279348
0.281013
0.279968
0.280309
0.281871
0.284202
0.283988
0.271650
0.237904
0.181094
0.110076
0.046086
0.011442
0.005040
0.005387
0.000412
-0.006707
-0.012241
-0.013739
-0.007933
0.003690
0.013461
0.011571
-0.004746
-0.027203
-0.046356
-0.055413
-0.051870
-0.044076
-0.044309
-0.055241
-0.070088
-0.081393
-0.084167
-0.076001
-0.061181
-0.049365
-0.046235
-0.050814
-0.058924
-0.064503
-0.060439
-0.043012
-0.015083
0.017239
0.048067
0.073875
0.095070
0.115227
0.138854
0.167081
0.196921
0.227951
0.260360
0.284583
0.291837
0.290068
0.290636
0.293707
0.294563
0.289379
0.268269
0.211632
0.115896
0.016637
-0.048341
-0.081936
-0.106741
-0.131740
-0.154133
-0.171128
-0.182395
-0.190623
-0.199087
-0.205911
-0.204816
-0.192566
-0.171080
-0.141520
-0.101668
-0.048893
0.009428
0.057775
0.090590
0.114255
0.136500
0.160093
0.184009
0.207095
0.228267
0.247671
0.262989
0.268139
0.264598
0.262060
0.263870
0.266304
0.269261
0.278118
0.293431
0.298832
0.274610
0.219703
0.147568
0.071867
0.009369
-0.025740
-0.041180
-0.051281
-0.056482
-0.055796
-0.059504
-0.077925
-0.110678
-0.150371
-0.192289
-0.240491
-0.294330
-0.342612
-0.378345
-0.403054
-0.419972
-0.433593
-0.452319
-0.480183
-0.509906
-0.528519
-0.522620
-0.487599
-0.436271
-0.387196
-0.350198
-0.324720
-0.302250
-0.273912
-0.236214
-0.194186
-0.140683
-0.082259
-0.108126
-0.229248
-0.278679
-0.193192
-0.094733
-0.060627
-0.055575
-0.030919
0.009683
0.041448
0.063877
0.088748
0.120187
0.152496
0.181405
0.211974
0.245940
0.281530
0.331485
0.394950
0.428186
0.424681
0.433636
0.450819
0.428453
0.372213
0.334695
0.337833
0.346440
0.319168
0.254005
0.177390
0.113301
0.071437
0.048365
0.035404
0.029200
0.028345
0.026416
0.020077
0.013510
0.006792
-0.007750
-0.031436
-0.052618
-0.063856
-0.071618
-0.081067
-0.087328
-0.087317
-0.085100
-0.086363
-0.094343
-0.105491
-0.115035
-0.124531
-0.137882
-0.153288
-0.164099
-0.171093
-0.182464
-0.199218
-0.215074
-0.228013
-0.240633
-0.254192
-0.267298
-0.280903
-0.301447
-0.333033
-0.368654
-0.395072
-0.405162
-0.399727
-0.378851
-0.342438
-0.294568
-0.232824
-0.153329
-0.074302
-0.019463
0.012642
0.035512
0.054599
0.070273
0.084597
0.100814
0.120268
0.140595
0.156933
0.167244
0.173338
0.177882
0.185284
0.199699
0.221479
0.247762
0.270350
0.280900
0.280446
0.275411
0.271898
0.274807
0.288440
0.316108
0.355751
0.392500
0.390750
0.329702
0.247323
0.191949
0.165484
0.147111
0.127827
0.111264
0.097139
0.078586
0.054264
0.030049
0.012704
0.002499
-0.008858
-0.028709
-0.055322
-0.079393
-0.096988
-0.117208
-0.147978
-0.182659
-0.212005
-0.240606
-0.273404
-0.303700
-0.328991
-0.355143
-0.382048
-0.399900
-0.402272
-0.398969
-0.407806
-0.432307
-0.455758
-0.460896
-0.446710
-0.421218
-0.387413
-0.341336
-0.282600
-0.228410
-0.206264
-0.215100
-0.217717
-0.188136
-0.134907
-0.083232
-0.046946
-0.014710
0.024048
0.061121
0.091296
0.122697
0.155825
0.177645
0.184789
0.190343
0.206054
0.230082
0.252681
0.267919
0.275718
0.277199
0.272485
0.261976
0.245956
0.225990
0.207033
0.192769
0.182220
0.170764
0.151978
0.126154
0.102676
0.084666
0.063404
0.036044
0.017134
0.015023
0.006914
-0.035004
-0.105274
-0.174188
-0.220176
-0.243013
-0.256269
-0.272191
-0.288593
-0.289054
-0.262209
-0.214044
-0.157491
-0.101218
-0.050668
-0.013619
0.009935
0.033159
0.063800
0.095494
0.119744
0.139761
0.162150
0.182474
0.192909
0.189136
0.175186
0.169129
0.183730
0.205928
0.220816
0.243357
0.285706
0.318495
0.319916
0.318431
0.340403
0.369788
0.386130
0.392881
0.397252
0.398207
0.395672
0.391791
0.386729
0.380959
0.375959
0.370155
0.360321
0.343546
0.313653
0.269983
0.221452
0.171402
0.121678
0.082467
0.058708
0.042019
0.026075
0.016173
0.011652
0.000418
-0.019139
-0.035685
-0.044161
-0.048767
-0.052128
-0.053180
-0.053729
-0.059284
-0.070702
-0.082422
-0.090947
-0.097400
-0.103850
-0.112299
-0.124413
-0.139280
-0.154751
-0.169922
-0.182075
-0.188357
-0.192579
-0.200249
-0.204966
-0.190360
-0.159070
-0.154117
-0.209800
-0.279922
-0.283778
-0.213142
-0.126856
-0.072015
-0.055715
-0.065173
-0.087018
-0.110367
-0.125366
-0.128594
-0.126895
-0.129965
-0.139110
-0.148278
-0.154827
-0.161288
-0.168573
-0.175034
-0.180359
-0.185433
-0.190385
-0.194212
-0.194408
-0.192353
-0.196381
-0.210034
-0.224180
-0.224495
-0.205278
-0.174109
-0.142601
-0.117878
-0.100972
-0.089793
-0.083480
-0.080522
-0.076165
-0.068063
-0.058869
-0.050955
-0.041400
-0.024779
-0.000159
0.028391
0.053689
0.070365
0.081935
0.096863
0.117098
0.137028
0.151069
0.155914
0.154147
0.153850
0.153594
0.141138
0.115362
0.087113
0.057426
0.014190
-0.048361
-0.108090
-0.134404
-0.129934
-0.118621
-0.111681
-0.108271
-0.105759
-0.103863
-0.104960
-0.107050
-0.104210
-0.095361
-0.083979
-0.071548
-0.057700
-0.044847
-0.036485
-0.031164
-0.022678
-0.009228
0.002101
0.007317
0.014469
0.034260
0.067183
0.100029
0.120310
0.132268
0.144236
0.153188
0.154027
0.149974
0.146916
0.147398
0.151807
0.157464
0.156923
0.143297
0.113791
0.068084
0.018210
-0.015170
-0.026964
-0.027494
-0.024801
-0.019542
-0.010492
-0.000285
0.007402
0.013479
0.019780
0.024389
0.022107
0.007085
-0.020734
-0.052735
-0.082548
-0.113713
-0.144501
-0.164403
-0.167595
-0.142259
-0.081964
-0.037847
-0.080661
-0.190471
-0.271767
-0.267825
-0.208742
-0.165124
-0.171453
-0.207801
-0.245301
-0.276293
-0.301841
-0.317315
-0.318090
-0.307012
-0.294507
-0.288316
-0.286704
-0.285081
-0.277383
-0.254086
-0.210949
-0.155156
-0.099783
-0.056054
-0.024431
0.004064
0.032628
0.054067
0.063626
0.067154
0.069124
0.063922
0.048083
0.028697
0.013204
0.002300
-0.004837
-0.005758
0.002105
0.016226
0.030985
0.042131
0.049938
0.057230
0.065348
0.077147
0.099244
0.132776
0.164118
0.179987
0.182411
0.176388
0.160993
0.136136
0.111923
0.103928
0.114625
0.130787
0.142201
0.157684
0.197115
0.258204
0.302890
0.305505
0.285451
0.269053
0.261979
0.259440
0.258470
0.258178
0.249561
0.225260
0.196350
0.178851
0.180059
0.200724
0.231526
0.254733
0.262792
0.267362
0.279870
0.295488
0.302183
0.299421
0.296717
0.296627
0.295771
0.291724
0.281856
0.263586
0.238685
0.215824
0.199593
0.185302
0.171153
0.160424
0.153917
0.149709
0.145515
0.138098
0.125381
0.113869
0.110158
0.105902
0.093295
0.078085
0.066885
0.058479
0.047484
0.031544
0.012925
-0.005620
-0.024761
-0.043245
-0.055476
-0.059754
-0.058103
-0.052222
-0.044825
-0.040118
-0.038194
-0.032000
-0.013079
0.018678
0.049697
0.057519
0.024078
-0.038709
-0.089887
-0.109567
-0.117190
-0.126828
-0.131161
-0.129859
-0.130805
-0.130648
-0.117498
-0.089275
-0.055794
-0.026470
-0.005431
0.007310
0.012569
0.011149
0.005712
0.000885
0.000816
0.005587
0.012521
0.018971
0.024258
0.030101
0.036266
0.039807
0.039640
0.036588
0.031316
0.025752
0.020821
0.016188
0.016715
0.025764
0.037604
0.045534
0.044936
0.033725
0.020078
0.015160
0.017034
0.013730
-0.003453
-0.030569
-0.056353
-0.076258
-0.091846
-0.104079
-0.111512
-0.112813
-0.111107
-0.108373
-0.101277
-0.090321
-0.081653
-0.079637
-0.083282
-0.088383
-0.094286
-0.103479
-0.117219
-0.137381
-0.162722
-0.183264
-0.192783
-0.201240
-0.221812
-0.252234
-0.278753
-0.292991
-0.297869
-0.301634
-0.308874
-0.321370
-0.342348
-0.367932
-0.383323
-0.377091
-0.350617
-0.311293
-0.264283
-0.212958
-0.163567
-0.118952
-0.076070
-0.043653
-0.035558
-0.034562
-0.007993
0.030996
0.034287
-0.005952
-0.052175
-0.084041
-0.112018
-0.141626
-0.163623
-0.166083
-0.146229
-0.120495
-0.108336
-0.106435
-0.099357
-0.082168
-0.056332
-0.021159
0.023071
0.065808
0.090198
0.097169
0.104410
0.118389
0.130510
0.133902
0.129170
0.119790
0.107466
0.091831
0.073714
0.055248
0.038688
0.026716
0.018955
0.012364
0.007556
0.005718
0.004313
0.003801
0.007256
0.012948
0.015303
0.012940
0.012028
0.017778
0.027187
0.036142
0.049175
0.070080
0.090561
0.095394
0.076593
0.044636
0.017882
0.004588
-0.002278
-0.014365
-0.034104
-0.060830
-0.094135
-0.124621
-0.143810
-0.157297
-0.172280
-0.182803
-0.174069
-0.146013
-0.132805
-0.168741
-0.231533
-0.264750
-0.251812
-0.223087
-0.202448
-0.182373
-0.151517
-0.117194
-0.089974
-0.070369
-0.053460
-0.034965
-0.016420
-0.003020
0.004474
0.010928
0.021002
0.035581
0.052882
0.068690
0.078885
0.082458
0.082892
0.087439
0.101614
0.126265
0.154707
0.179319
0.199793
0.216222
0.228105
0.236527
0.242513
0.248948
0.259104
0.271795
0.279468
0.274857
0.257573
0.233483
0.209831
0.189716
0.173515
0.163378
0.160725
0.159819
0.152768
0.140062
0.126726
0.112035
0.091817
0.065941
0.040553
0.025747
0.024214
0.027509
0.027978
0.026343
0.026677
0.029465
0.033301
0.037609
0.042881
0.048770
0.052026
0.051981
0.051646
0.050658
0.047725
0.045905
0.047033
0.049472
0.051864
0.053125
0.052735
0.051422
0.050490
0.050317
0.050389
0.050395
0.049721
0.048352
0.046976
0.045890
0.045311
0.045766
0.047548
0.050625
0.055197
0.059774
0.061684
0.060457
0.058540
0.060204
0.066974
0.074257
0.077642
0.079607
0.084217
0.090523
0.095255
0.097773
0.099830
0.102578
0.103620
0.098852
0.087942
0.074898
0.065542
0.062756
0.064442
0.067108
0.066645
0.061038
0.055027
0.055992
0.067904
0.089487
0.114099
0.132108
0.137303
0.133590
0.128532
0.122930
0.116770
0.111403
0.104826
0.095220
0.082545
0.068888
0.057876
0.049274
0.040203
0.031224
0.023534
0.016364
0.009410
0.003729
-0.001387
-0.008645
-0.017061
-0.024637
-0.032318
-0.040190
-0.045631
-0.047291
-0.047981
-0.050903
-0.054853
-0.056020
-0.055061
-0.057909
-0.066959
-0.078372
-0.087779
-0.093622
-0.095441
-0.091853
-0.085800
-0.083209
-0.084038
-0.084101
-0.081299
-0.077072
-0.073743
-0.071780
-0.070039
-0.068251
-0.067275
-0.067241
-0.068094
-0.069367
-0.070100
-0.071348
-0.073120
-0.071046
-0.063261
-0.055169
-0.054246
-0.062501
-0.076648
-0.092969
-0.107854
-0.118711
-0.125812
-0.131004
-0.134636
-0.133277
-0.123836
-0.108841
-0.095137
-0.088478
-0.089341
-0.094274
-0.102075
-0.115541
-0.133391
-0.148310
-0.155256
-0.156126
-0.153997
-0.150120
-0.146374
-0.140532
-0.124644
-0.096313
-0.073089
-0.080464
-0.114570
-0.143597
-0.151534
-0.148891
-0.145482
-0.140935
-0.134187
-0.125086
-0.113804
-0.102875
-0.096791
-0.098282
-0.105405
-0.112219
-0.113252
-0.109655
-0.107738
-0.112999
-0.123750
-0.132933
-0.138286
-0.143751
-0.151210
-0.157505
-0.160876
-0.161073
-0.155553
-0.140064
-0.113867
-0.084421
-0.057672
-0.032758
-0.012998
-0.004528
-0.004951
-0.005539
-0.002203
0.002950
0.008962
0.015795
0.021128
0.022694
0.020031
0.014603
0.008602
0.003601
0.001816
0.004957
0.011184
0.017773
0.024898
0.033536
0.042339
0.049925
0.056954
0.063888
0.070400
0.074921
0.075974
0.075442
0.076283
0.078500
0.080309
0.081709
0.082420
0.081901
0.081378
0.080581
0.079320
0.078993
0.079748
0.081236
0.083801
0.088470
0.095428
0.102437
0.108776
0.116376
0.125185
0.134324
0.143560
0.149546
0.150102
0.149510
0.153087
0.163986
0.180416
0.193070
0.196799
0.194577
0.183759
0.157128
0.115935
0.073981
0.047188
0.035629
0.026891
0.016066
0.007169
0.002610
0.001236
0.001048
0.000640
-0.000036
0.000462
0.002540
0.004021
0.003076
0.000597
-0.002167
-0.006155
-0.011629
-0.015595
-0.015649
-0.013517
-0.012299
-0.011303
-0.008908
-0.006485
-0.005528
-0.005368
-0.004921
-0.005935
-0.010007
-0.015757
-0.020725
-0.022973
-0.023311
-0.023232
-0.022682
-0.021611
-0.020604
-0.020571
-0.021516
-0.022706
-0.023211
-0.021851
-0.017689
-0.011384
-0.005479
0.000062
0.012207
0.034060
0.052816
0.054953
0.045674
0.041835
0.048971
0.054852
0.049835
0.041001
0.038191
0.041667
0.045611
0.043242
0.034466
0.025848
0.022418
0.024730
0.030192
0.035852
0.041127
0.047018
0.053740
0.060024
0.064526
0.068108
0.072039
0.075842
0.079791
0.084218
0.088159
0.091763
0.095368
0.098597
0.100792
0.100834
0.098018
0.092017
0.081893
0.064442
0.036649
0.002507
-0.028177
-0.050435
-0.066452
-0.076135
-0.078109
-0.076016
-0.073132
-0.068073
-0.059547
-0.051366
-0.049174
-0.052322
-0.053710
-0.051108
-0.049948
-0.053340
-0.060314
-0.069857
-0.081818
-0.093659
-0.101983
-0.108666
-0.115684
-0.120737
-0.122654
-0.123403
-0.123908
-0.120541
-0.109450
-0.092100
-0.072551
-0.050690
-0.023700
0.004928
0.026582
0.037459
0.042049
0.045235
0.047629
0.050151
0.053843
0.057219
0.060354
0.066444
0.075646
0.084971
0.092755
0.098798
0.104072
0.108995
0.110076
0.102957
0.086154
0.059826
0.030669
0.012002
0.008359
0.011048
0.010823
0.004397
-0.007233
-0.021162
-0.034911
-0.047485
-0.060579
-0.075828
-0.088952
-0.094674
-0.094482
-0.090838
-0.083276
-0.074949
-0.071860
-0.074479
-0.077581
-0.079533
-0.084965
-0.093258
-0.095378
-0.087640
-0.075863
-0.064155
-0.051984
-0.041102
-0.035084
-0.033962
-0.034010
-0.032961
-0.031915
-0.031856
-0.032211
-0.032205
-0.032426
-0.033395
-0.034219
-0.035435
-0.039289
-0.046275
-0.053997
-0.059776
-0.063874
-0.067812
-0.071302
-0.074323
-0.078343
-0.083188
-0.086775
-0.087844
-0.087415
-0.087023
-0.085943
-0.082823
-0.078221
-0.073948
-0.068943
-0.057746
-0.039271
-0.022471
-0.015208
-0.015161
-0.017409
-0.021153
-0.026772
-0.032071
-0.034364
-0.033270
-0.028691
-0.020698
-0.011189
-0.002237
0.005848
0.012847
0.018530
0.024182
0.030401
0.037111
0.045325
0.055686
0.067818
0.080891
0.095308
0.111916
0.129000
0.143192
0.153012
0.160345
0.167298
0.175381
0.188134
0.208114
0.232792
0.257516
0.278061
0.283070
0.264555
0.238267
0.221945
0.210830
0.193585
0.173699
0.162658
0.161877
0.163906
0.160791
0.147801
0.126002
0.100851
0.077909
0.059152
0.044370
0.034136
0.026929
0.017905
0.006061
-0.005266
-0.015418
-0.025229
-0.034497
-0.042223
-0.046992
-0.049221
-0.051592
-0.054883
-0.057089
-0.057451
-0.056600
-0.053529
-0.045320
-0.029813
-0.007032
0.019538
0.045854
0.071000
0.093691
0.110938
0.121676
0.126145
0.124755
0.119248
0.110692
0.099092
0.085160
0.072124
0.063791
0.059901
0.057679
0.053969
0.046392
0.035696
0.023585
0.011530
0.002099
-0.004476
-0.010353
-0.014420
-0.015188
-0.015125
-0.015129
-0.013887
-0.012669
-0.012757
-0.013598
-0.014838
-0.017476
-0.023193
-0.031051
-0.037160
-0.039935
-0.040504
-0.039162
-0.035693
-0.029945
-0.023675
-0.019728
-0.019140
-0.020968
-0.023044
-0.024805
-0.027160
-0.029810
-0.032105
-0.033626
-0.034497
-0.035279
-0.036119
-0.037691
-0.040926
-0.045692
-0.051131
-0.057297
-0.063777
-0.068542
-0.070056
-0.069058
-0.069002
-0.075013
-0.090565
-0.114855
-0.143263
-0.165529
-0.174023
-0.175208
-0.178302
-0.181004
-0.177289
-0.170488
-0.172072
-0.192146
-0.233310
-0.286167
-0.322684
-0.317411
-0.284805
-0.262459
-0.261164
-0.259907
-0.244269
-0.220171
-0.192736
-0.162621
-0.132317
-0.102358
-0.074961
-0.053802
-0.037121
-0.022032
-0.009854
-0.001989
0.004926
0.015361
0.028718
0.039400
0.042278
0.038296
0.033200
0.031768
0.034301
0.039262
0.046284
0.054469
0.062924
0.071238
0.078498
0.083227
0.084437
0.083878
0.085681
0.092513
0.102164
0.110381
0.115575
0.116898
0.112740
0.104556
0.095646
0.085960
0.073007
0.055973
0.036381
0.018016
0.005335
-0.000500
-0.000670
0.004232
0.012543
0.020137
0.024475
0.026369
0.027440
0.027850
0.025557
0.020064
0.011992
0.001739
-0.007423
-0.012869
-0.016453
-0.021173
-0.028254
-0.037135
-0.045965
-0.052402
-0.054787
-0.054017
-0.053213
-0.054499
-0.057380
-0.060014
-0.061325
-0.063161
-0.067860
-0.074402
-0.080213
-0.084094
-0.087403
-0.091015
-0.093364
-0.094233
-0.096538
-0.101272
-0.105592
-0.107497
-0.107299
-0.106321
-0.104335
-0.099922
-0.093387
-0.086023
-0.078468
-0.070433
-0.060984
-0.049645
-0.037668
-0.026950
-0.018178
-0.011499
-0.006362
-0.001840
0.000894
0.001234
0.002079
0.005511
0.009981
0.013881
0.017681
0.021593
0.024841
0.026024
0.023777
0.018885
0.012552
0.005411
-0.001860
-0.008773
-0.014411
-0.019120
-0.023702
-0.027803
-0.030457
-0.030870
-0.029430
-0.026544
-0.022207
-0.016326
-0.009448
-0.003392
0.000820
0.003907
0.007380
0.012318
0.017302
0.020482
0.023498
0.029104
0.037959
0.048014
0.056983
0.066005
0.076944
0.088731
0.100219
0.112471
0.125723
0.138407
0.149370
0.157730
0.163761
0.169768
0.176610
0.183048
0.187613
0.190579
0.193533
0.196779
0.198931
0.198686
0.199264
0.205290
0.215721
0.228527
0.247975
0.276474
0.306921
0.332412
0.349232
0.349012
0.325861
0.288250
0.249840
0.214132
0.184203
0.168197
0.164238
0.163492
0.161802
0.159846
0.156599
0.147741
0.132588
0.115616
0.100833
0.088016
0.074836
0.060884
0.047865
0.035702
0.023217
0.010789
-0.000384
-0.009663
-0.018991
-0.029397
-0.039198
-0.046525
-0.052031
-0.059268
-0.067965
-0.074171
-0.078223
-0.083450
-0.089595
-0.094895
-0.099331
-0.103471
-0.107177
-0.109623
-0.110598
-0.110464
-0.107543
-0.101105
-0.094594
-0.090690
-0.088346
-0.085047
-0.081525
-0.079395
-0.078095
-0.077349
-0.077194
-0.078100
-0.081355
-0.087257
-0.094181
-0.100066
-0.104346
-0.107425
-0.109445
-0.111598
-0.115382
-0.120366
-0.125423
-0.130893
-0.136919
-0.140415
-0.137881
-0.131096
-0.125516
-0.123643
-0.125728
-0.132140
-0.140122
-0.145264
-0.146314
-0.145953
-0.147822
-0.152907
-0.160087
-0.169392
-0.182143
-0.197061
-0.210633
-0.222231
-0.234932
-0.250211
-0.263258
-0.267618
-0.261647
-0.249544
-0.237705
-0.228818
-0.221076
-0.210706
-0.195644
-0.177480
-0.159872
-0.144521
-0.127898
-0.103667
-0.067902
-0.024812
0.012517
0.033615
0.043889
0.055907
0.070198
0.080862
0.089073
0.098641
0.109009
0.117736
0.124868
0.131289
0.135361
0.136205
0.136190
0.136583
0.137559
0.139569
0.140930
0.140604
0.140453
0.139221
0.133658
0.125799
0.119245
0.113690
0.109144
0.107253
0.106591
0.104519
0.102639
0.104110
0.107893
0.111408
0.113415
0.110680
0.100550
0.088902
0.084629
0.087414
0.088793
0.084452
0.081344
0.086295
0.095010
0.098789
0.094975
0.087828
0.080771
0.073047
0.065013
0.058838
0.052825
0.040732
0.020185
-0.003704
-0.027098
-0.049079
-0.069254
-0.090902
-0.116322
-0.139709
-0.154182
-0.163631
-0.174161
-0.178981
-0.168786
-0.148653
-0.132159
-0.125263
-0.122405
-0.117016
-0.111254
-0.111169
-0.115894
-0.117848
-0.112042
-0.100129
-0.084487
-0.065657
-0.044876
-0.022792
0.001328
0.025826
0.044398
0.054526
0.061075
0.065190
0.063284
0.056160
0.048044
0.040449
0.032326
0.023641
0.015735
0.009223
0.003390
-0.000961
-0.001816
-0.000609
-0.000424
-0.001579
-0.003044
-0.004491
-0.005243
-0.004890
-0.005062
-0.006437
-0.007284
-0.007391
-0.008332
-0.010403
-0.012587
-0.012831
-0.010090
-0.007589
-0.007744
-0.008139
-0.007241
-0.006792
-0.007694
-0.008421
-0.007791
-0.006185
-0.003513
0.000486
0.005311
0.009764
0.012713
0.014698
0.016437
0.017177
0.016265
0.015119
0.015572
0.017751
0.021171
0.025170
0.027798
0.027653
0.025685
0.022984
0.019310
0.014216
0.009439
0.007933
0.009213
0.010286
0.009764
0.008791
0.008674
0.007717
0.004336
0.000102
-0.002938
-0.004245
-0.004741
-0.005394
-0.005786
-0.005556
-0.005486
-0.005747
-0.005988
-0.005065
-0.001201
0.002849
0.002659
0.001752
0.006116
0.014004
0.020764
0.026100
0.031953
0.037703
0.041931
0.044688
0.045300
0.043803
0.042003
0.040668
0.038569
0.035373
0.032648
0.029878
0.025402
0.020476
0.016391
0.011693
0.005293
-0.002234
-0.009626
-0.015636
-0.020421
-0.023635
-0.024502
-0.024199
-0.023928
-0.022231
-0.017087
-0.010678
-0.006648
-0.004819
-0.002862
0.000019
0.002803
0.005164
0.008069
0.011587
0.015777
0.021400
0.027454
0.032498
0.036239
0.039931
0.045273
0.050992
0.054784
0.057120
0.060612
0.066295
0.072177
0.075551
0.076009
0.075849
0.075903
0.075490
0.074162
0.070867
0.066771
0.064807
0.065476
0.067647
0.071750
0.078255
0.085244
0.090395
0.093148
0.094245
0.094191
0.092929
0.089771
0.084092
0.077302
0.070679
0.063074
0.053192
0.041069
0.028942
0.019817
0.013627
0.009615
0.008221
0.007052
0.003150
-0.002822
-0.008697
-0.012913
-0.014231
-0.013171
-0.013557
-0.018207
-0.025214
-0.031225
-0.036503
-0.042078
-0.046388
-0.050072
-0.055502
-0.062928
-0.070806
-0.077357
-0.082992
-0.088464
-0.091757
-0.091794
-0.090302
-0.087830
-0.082971
-0.075004
-0.065338
-0.055955
-0.049002
-0.045863
-0.044560
-0.043240
-0.042363
-0.040399
-0.034015
-0.024219
-0.015628
-0.011508
-0.012749
-0.016167
-0.016757
-0.013430
-0.007735
-0.000921
0.005392
0.010629
0.014373
0.014378
0.010200
0.003865
-0.003279
-0.010864
-0.017922
-0.022678
-0.024444
-0.023673
-0.020296
-0.014840
-0.008551
-0.001351
0.006256
0.011966
0.015272
0.018709
0.023205
0.026298
0.026560
0.025606
0.025158
0.024755
0.023142
0.020222
0.016612
0.012917
0.009984
0.008171
0.006848
0.005115
0.003153
0.001523
0.000530
0.000220
-0.000935
-0.003866
-0.007199
-0.008627
-0.007716
-0.006421
-0.004768
-0.000803
0.004901
0.008718
0.008924
0.008019
0.007736
0.006384
0.002916
-0.000860
-0.003405
-0.005689
-0.009324
-0.014563
-0.019987
-0.023525
-0.025033
-0.026771
-0.029456
-0.031052
-0.031477
-0.032085
-0.032315
-0.032132
-0.032090
-0.031635
-0.030743
-0.031535
-0.036152
-0.043238
-0.049052
-0.051696
-0.052947
-0.054144
-0.054527
-0.054439
-0.054457
-0.053868
-0.052436
-0.050736
-0.048355
-0.045064
-0.041863
-0.039240
-0.037534
-0.036766
-0.035081
-0.029995
-0.020018
-0.006062
0.008289
0.019766
0.028206
0.035252
0.040881
0.044065
0.045928
0.049249
0.054777
0.060045
0.062756
0.063400
0.063197
0.062717
0.061378
0.057862
0.054198
0.052793
0.052452
0.051400
0.048663
0.045030
0.041896
0.038957
0.034987
0.029209
0.022629
0.016289
0.009991
0.004756
0.001473
-0.001172
-0.003334
-0.004175
-0.004330
-0.004375
-0.003788
-0.001685
0.001082
0.002864
0.003395
0.002919
0.001794
0.000759
0.000378
-0.000085
-0.001230
-0.002423
-0.004245
-0.008187
-0.013959
-0.019168
-0.021857
-0.023376
-0.025754
-0.028738
-0.032102
-0.036089
-0.040770
-0.045832
-0.049938
-0.052638
-0.054164
-0.054762
-0.055539
-0.056120
-0.055053
-0.052732
-0.049399
-0.044680
-0.039932
-0.035706
-0.030371
-0.023373
-0.015790
-0.008814
-0.003725
-0.001315
-0.000580
0.000406
0.002332
0.003282
0.001757
0.000352
0.001209
0.003395
0.007167
0.013967
0.023340
0.033201
0.042241
0.050416
0.056736
0.060443
0.063005
0.064348
0.063492
0.062205
0.061888
0.060398
0.055921
0.050864
0.046626
0.041587
0.035498
0.029374
0.023157
0.016586
0.010897
0.006211
0.000943
-0.004426
-0.007877
-0.009903
-0.012698
-0.015827
-0.017524
-0.018603
-0.020147
-0.021705
-0.023726
-0.025719
-0.025526
-0.022307
-0.016928
-0.011469
-0.006659
-0.001062
0.005050
0.008763
0.008894
0.008154
0.009269
0.011850
0.014267
0.016477
0.018909
0.021565
0.026024
0.032312
0.037294
0.041495
0.048013
0.055283
0.059938
0.062186
0.063667
0.064611
0.065582
0.067393
0.069024
0.069547
0.069290
0.068065
0.064688
0.058216
0.050470
0.044700
0.039894
0.033682
0.026954
0.021112
0.016869
0.014449
0.013695
0.013020
0.009873
0.004971
0.001682
-0.000059
-0.004197
-0.012030
-0.020202
-0.026382
-0.032103
-0.039943
-0.051445
-0.065126
-0.076092
-0.081266
-0.082224
-0.082139
-0.083167
-0.084937
-0.085706
-0.084840
-0.083271
-0.082183
-0.080901
-0.078615
-0.076123
-0.074405
-0.073978
-0.074445
-0.074808
-0.074887
-0.075022
-0.074740
-0.073705
-0.072488
-0.071093
-0.068931
-0.065842
-0.062343
-0.058693
-0.053504
-0.046315
-0.038831
-0.031899
-0.025504
-0.020119
-0.016494
-0.014451
-0.012297
-0.009530
-0.007165
-0.004252
0.000587
0.006471
0.012156
0.017297
0.021948
0.026740
0.032282
0.038804
0.046321
0.053492
0.059327
0.065266
0.071813
0.076706
0.078725
0.078686
0.077302
0.075263
0.073419
0.072541
0.073778
0.076614
0.078988
0.080946
0.082446
0.080694
0.073998
0.063343
0.050567
0.039559
0.034238
0.033775
0.033737
0.032292
0.030977
0.029539
0.026575
0.022652
0.019115
0.016021
0.013191
0.011575
0.011584
0.011993
0.011789
0.010686
0.008005
0.004413
0.002151
0.001379
0.000249
-0.001020
-0.001688
-0.002452
-0.002587
-0.002087
-0.003115
-0.004958
-0.005232
-0.005422
-0.007981
-0.011040
-0.013038
-0.015236
-0.016422
-0.016008
-0.015852
-0.015758
-0.014555
-0.011816
-0.007657
-0.002698
0.002494
0.007288
0.010767
0.013527
0.017448
0.021952
0.025764
0.029305
0.031929
0.032736
0.032922
0.034071
0.035443
0.035384
0.034575
0.034032
0.031840
0.026276
0.019245
0.013141
0.008710
0.006035
0.004137
0.002304
0.000659
-0.000917
-0.002678
-0.004637
-0.006444
-0.008107
-0.009356
-0.010090
-0.011038
-0.012299
-0.013758
-0.014809
-0.014961
-0.015693
-0.017403
-0.018584
-0.019154
-0.019461
-0.018968
-0.017593
-0.016133
-0.015737
-0.016309
-0.016415
-0.015570
-0.014051
-0.012496
-0.011882
-0.011424
-0.009543
-0.006898
-0.005334
-0.003980
-0.001517
0.000484
0.001965
0.004827
0.008848
0.012494
0.015444
0.018521
0.022371
0.026696
0.030087
0.032044
0.033356
0.034447
0.035569
0.036197
0.035304
0.032910
0.029428
0.025070
0.020602
0.016552
0.012177
0.006812
0.001559
-0.002537
-0.006713
-0.011603
-0.016540
-0.021805
-0.026549
-0.029258
-0.031142
-0.034063
-0.037476
-0.039722
-0.040476
-0.040532
-0.040405
-0.040111
-0.039270
-0.037590
-0.035259
-0.032047
-0.028073
-0.024430
-0.020723
-0.015974
-0.010507
-0.004875
0.000511
0.005551
0.009976
0.014132
0.019371
0.025068
0.029863
0.034665
0.040183
0.045011
0.047928
0.049597
0.050656
0.050323
0.048689
0.046611
0.044569
0.044047
0.045793
0.048034
0.048222
0.045690
0.041573
0.035824
0.028274
0.020883
0.015082
0.010297
0.006423
0.004003
0.001695
-0.002707
-0.008863
-0.014466
-0.018687
-0.022552
-0.026129
-0.028741
-0.031091
-0.034001
-0.036972
-0.039487
-0.042122
-0.045124
-0.047386
-0.048884
-0.050478
-0.051608
-0.052253
-0.052586
-0.052615
-0.053664
-0.056160
-0.058973
-0.060638
-0.061198
-0.062741
-0.065691
-0.067587
-0.068302
-0.070766
-0.073432
-0.072195
-0.068875
-0.066388
-0.063380
-0.059102
-0.054762
-0.050912
-0.046824
-0.042136
-0.037829
-0.033719
-0.029087
-0.025057
-0.021708
-0.017436
-0.012761
-0.009649
-0.008439
-0.007904
-0.006582
-0.004806
-0.004321
-0.004850
-0.004826
-0.004301
-0.004450
-0.005515
-0.006861
-0.008786
-0.011657
-0.014624
-0.017739
-0.022018
-0.026538
-0.029598
-0.031252
-0.032136
-0.032154
-0.031729
-0.031689
-0.031335
-0.029429
-0.026669
-0.024758
-0.023622
-0.022574
-0.021706
-0.020216
-0.017964
-0.015755
-0.013269
-0.010890
-0.009489
-0.008355
-0.006807
-0.005685
-0.005184
-0.003778
-0.001618
0.000681
0.003910
0.006846
0.008626
0.010931
0.014219
0.017000
0.018724
0.021021
0.024911
0.029441
0.034273
0.040085
0.047460
0.056654
0.067279
0.078912
0.091348
0.103622
0.113215
0.119076
0.124431
0.131571
0.137885
0.140655
0.141185
0.141472
0.141846
0.142195
0.141446
0.138993
0.135816
0.132465
0.128674
0.125523
0.124116
0.122020
0.116119
0.108113
0.101962
0.097658
0.091551
0.080713
0.065416
0.048543
0.034021
0.022795
0.012099
0.001687
-0.006388
-0.012280
-0.016948
-0.020801
-0.024407
-0.028139
-0.032134
-0.037017
-0.042816
-0.048240
-0.052088
-0.054457
-0.056197
-0.057353
-0.057827
-0.057584
-0.055855
-0.053060
-0.051622
-0.051937
-0.051073
-0.048522
-0.046619
-0.044835
-0.042012
-0.040054
-0.039966
-0.040452
-0.040300
-0.039431
-0.038695
-0.038110
-0.036787
-0.035112
-0.034151
-0.033244
-0.031741
-0.031212
-0.032588
-0.033902
-0.033453
-0.032204
-0.030973
-0.029529
-0.028937
-0.029470
-0.029523
-0.028372
-0.027240
-0.027651
-0.028493
-0.028477
-0.028479
-0.028997
-0.029566
-0.029253
-0.027471
-0.025510
-0.025147
-0.025148
-0.023410
-0.020849
-0.018641
-0.016681
-0.015162
-0.014009
-0.012883
-0.011366
-0.009598
-0.008406
-0.007612
-0.006570
-0.005031
-0.003774
-0.003440
-0.002556
-0.000933
-0.000584
-0.001350
-0.001636
-0.002028
-0.003281
-0.004586
-0.005552
-0.006607
-0.007863
-0.008769
-0.009413
-0.010258
-0.010814
-0.010551
-0.010407
-0.011346
-0.012519
-0.013059
-0.013034
-0.013485
-0.015040
-0.016371
-0.016683
-0.016801
-0.017400
-0.018180
-0.019073
-0.019918
-0.019849
-0.019179
-0.018898
-0.018929
-0.018329
-0.016643
-0.015133
-0.015081
-0.015633
-0.015447
-0.014338
-0.012769
-0.011655
-0.010873
-0.009216
-0.006991
-0.005350
-0.004094
-0.002169
-0.000340
-0.000165
-0.000199
0.001349
0.003252
0.004857
0.007335
0.010589
0.013828
0.017097
0.020563
0.023829
0.026716
0.029191
0.031500
0.034609
0.037737
0.039648
0.041531
0.044349
0.046741
0.047508
0.048326
0.051298
0.055031
0.056797
0.056181
0.054769
0.053156
0.049218
0.041540
0.031907
0.022148
0.012189
0.001810
-0.006981
-0.012534
-0.017566
-0.023581
-0.028027
-0.029950
-0.032004
-0.036404
-0.040879
-0.042996
-0.044486
-0.047152
-0.050188
-0.051921
-0.051479
-0.049389
-0.047206
-0.046102
-0.044737
-0.041417
-0.037279
-0.034080
-0.031993
-0.029842
-0.026738
-0.024010
-0.022972
-0.022180
-0.020601
-0.019694
-0.019937
-0.019875
-0.018635
-0.016598
-0.014811
-0.013513
-0.011418
-0.007745
-0.004138
-0.002036
0.000457
0.004901
0.009468
0.012392
0.014207
0.015807
0.017861
0.021583
0.026309
0.030024
0.033297
0.038052
0.043856
0.048552
0.052696
0.058055
0.063228
0.066105
0.066580
0.066045
0.066505
0.067993
0.067993
0.065469
0.062399
0.060045
0.056925
0.051939
0.046451
0.042186
0.039106
0.035317
0.030014
0.025412
0.023431
0.022517
0.020473
0.017791
0.015847
0.015230
0.015054
0.014149
0.012856
0.011968
0.011876
0.012157
0.012073
0.011712
0.011350
0.010541
0.009129
0.007866
0.006923
0.005452
0.003571
0.002584
0.002915
0.003195
0.001978
-0.000008
-0.000723
0.000030
0.000659
0.001494
0.003755
0.006317
0.008060
0.009406
0.010385
0.010892
0.011414
0.012192
0.012946
0.012446
0.010331
0.008893
0.008635
0.007059
0.004131
0.001737
-0.000464
-0.003327
-0.006529
-0.009955
-0.013107
-0.015567
-0.018547
-0.022798
-0.026788
-0.029208
-0.031292
-0.034353
-0.037341
-0.038578
-0.039045
-0.041232
-0.044708
-0.047338
-0.049162
-0.051677
-0.054589
-0.056444
-0.057907
-0.060100
-0.061917
-0.063286
-0.066526
-0.070889
-0.073205
-0.074164
-0.076412
-0.078988
-0.079073
-0.077217
-0.076417
-0.077359
-0.077789
-0.076168
-0.073859
-0.072768
-0.072731
-0.072709
-0.072836
-0.073084
-0.071797
-0.068767
-0.066912
-0.067303
-0.067359
-0.066056
-0.064781
-0.064140
-0.063689
-0.063007
-0.062172
-0.061359
-0.060695
-0.060518
-0.060662
-0.060262
-0.059046
-0.056744
-0.052420
-0.046031
-0.037761
-0.028421
-0.020032
-0.013162
-0.008141
-0.005971
-0.005594
-0.005053
-0.004148
-0.003166
-0.001120
0.002468
0.006148
0.008639
0.010015
0.011211
0.014311
0.019643
0.024437
0.027927
0.031820
0.035827
0.038500
0.040417
0.042844
0.045217
0.046755
0.048428
0.050701
0.052948
0.055169
0.057467
0.059735
0.061931
0.064591
0.068369
0.072346
0.074774
0.075037
0.074094
0.073336
0.073131
0.072986
0.073162
0.073395
0.071691
0.068376
0.065744
0.063349
0.059967
0.056788
0.055019
0.053291
0.049875
0.045534
0.042201
0.041022
0.041142
0.040497
0.039776
0.041114
0.043149
0.043956
0.044372
0.045532
0.047590
0.049734
0.051252
0.052765
0.055029
0.057886
0.060916
0.063791
0.066775
0.070211
0.072768
0.073768
0.074564
0.074936
0.074092
0.072731
0.071104
0.069002
0.066122
0.061759
0.056296
0.050978
0.046176
0.042336
0.039471
0.036339
0.032875
0.030138
0.027841
0.025011
0.021716
0.018476
0.015427
0.012020
0.008036
0.004174
0.000765
-0.002230
-0.004909
-0.006873
-0.007588
-0.007841
-0.007857
-0.007166
-0.006798
-0.007377
-0.007738
-0.007442
-0.007286
-0.007457
-0.007637
-0.007633
-0.007754
-0.008454
-0.009400
-0.010189
-0.010559
-0.010602
-0.010967
-0.011210
-0.010815
-0.011067
-0.011897
-0.011406
-0.010262
-0.010966
-0.013144
-0.014112
-0.013958
-0.014746
-0.015992
-0.016709
-0.017519
-0.018373
-0.018862
-0.019146
-0.019383
-0.019951
-0.020530
-0.020359
-0.019922
-0.019888
-0.020062
-0.020071
-0.019857
-0.019671
-0.019620
-0.019540
-0.019652
-0.020601
-0.022256
-0.023695
-0.024425
-0.025486
-0.028170
-0.031224
-0.033310
-0.035379
-0.038154
-0.041034
-0.043924
-0.047639
-0.051524
-0.054174
-0.055977
-0.058196
-0.060647
-0.062563
-0.064616
-0.067265
-0.069648
-0.071127
-0.071759
-0.071846
-0.071379
-0.069635
-0.066341
-0.063110
-0.061467
-0.060057
-0.056779
-0.052652
-0.050315
-0.049840
-0.048673
-0.046096
-0.044049
-0.043092
-0.042553
-0.042025
-0.040899
-0.039225
-0.037480
-0.035715
-0.033736
-0.030913
-0.027879
-0.025984
-0.024269
-0.022290
-0.021424
-0.021055
-0.019936
-0.018986
-0.018921
-0.018738
-0.017388
-0.015436
-0.014145
-0.012863
-0.010627
-0.008595
-0.007165
-0.005086
-0.002390
0.000003
0.002027
0.004071
0.006421
0.009179
0.012253
0.015197
0.017535
0.019325
0.021144
0.023589
0.026855
0.030182
0.032492
0.034919
0.039645
0.045959
0.051489
0.055703
0.059147
0.061819
0.063925
0.065441
0.065852
0.065381
0.064086
0.061289
0.057080
0.052103
0.045980
0.038553
0.031290
0.024342
0.016492
0.009515
0.005465
0.002593
-0.000225
-0.001844
-0.002767
-0.003935
-0.004507
-0.004607
-0.005319
-0.006334
-0.006880
-0.006345
-0.005085
-0.004221
-0.003823
-0.003733
-0.004193
-0.004994
-0.006118
-0.008271
-0.010405
-0.011407
-0.013133
-0.015901
-0.017566
-0.018161
-0.019306
-0.021092
-0.022525
-0.022832
-0.021738
-0.020004
-0.018967
-0.018177
-0.016265
-0.014079
-0.012247
-0.009847
-0.007454
-0.006211
-0.005309
-0.003918
-0.003417
-0.004526
-0.005693
-0.006063
-0.006308
-0.006840
-0.007067
-0.006822
-0.006772
-0.006910
-0.007021
-0.007767
-0.009165
-0.009837
-0.009459
-0.009786
-0.011429
-0.012581
-0.012592
-0.012746
-0.013543
-0.014129
-0.013873
-0.013598
-0.014107
-0.013943
-0.011870
-0.009530
-0.008078
-0.006104
-0.002876
0.000387
0.003321
0.007074
0.011510
0.014614
0.015933
0.017431
0.019773
0.021533
0.022185
0.022206
0.022186
0.022971
0.023564
0.022486
0.020928
0.019971
0.019130
0.018375
0.017728
0.016868
0.015690
0.014169
0.012651
0.011444
0.010182
0.008371
0.006038
0.004141
0.003172
0.002406
0.001143
-0.000712
-0.002547
-0.004550
-0.007159
-0.009112
-0.009956
-0.011002
-0.012276
-0.011986
-0.009844
-0.007814
-0.006541
-0.005250
-0.003444
-0.000819
0.001723
0.002892
0.002997
0.003693
0.006045
0.008209
0.007917
0.006710
0.007470
0.009672
0.010261
0.009139
0.009261
0.011282
0.013197
0.014204
0.015432
0.017105
0.018374
0.019365
0.020513
0.021267
0.021701
0.023357
0.026436
0.028756
0.029274
0.029663
0.031166
0.033513
0.035985
0.037420
0.037858
0.038469
0.039215
0.039489
0.039278
0.039132
0.039100
0.038876
0.038873
0.038815
0.038027
0.036723
0.035674
0.035258
0.034596
0.033162
0.031997
0.032048
0.032652
0.032415
0.031440
0.030687
0.030109
0.029686
0.029401
0.028508
0.027093
0.026051
0.024952
0.022861
0.020566
0.017982
0.013421
0.007353
0.001080
-0.005287
-0.010632
-0.014517
-0.018785
-0.023370
-0.026184
-0.027283
-0.028322
-0.029918
-0.031548
-0.032925
-0.034652
-0.036750
-0.038183
-0.038198
-0.037238
-0.036079
-0.034610
-0.033361
-0.033076
-0.032402
-0.030696
-0.029656
-0.029379
-0.028652
-0.028201
-0.029041
-0.030352
-0.030837
-0.030468
-0.029956
-0.029936
-0.030620
-0.031196
-0.030777
-0.030112
-0.030489
-0.031438
-0.031642
-0.030940
-0.030462
-0.031169
-0.032478
-0.033028
-0.032858
-0.033024
-0.033643
-0.034221
-0.034506
-0.034871
-0.036364
-0.039025
-0.040955
-0.041638
-0.042934
-0.045220
-0.047030
-0.047471
-0.047489
-0.048640
-0.048938
-0.046254
-0.045189
-0.048261
-0.049866
-0.047724
-0.046192
-0.046554
-0.044929
-0.040778
-0.037172
-0.033891
-0.029332
-0.023723
-0.017626
-0.011878
-0.007277
-0.004359
-0.003475
-0.002925
-0.000849
0.001996
0.003814
0.003641
0.003544
0.006071
0.008900
0.009198
0.008637
0.009398
0.010860
0.011430
0.010930
0.010826
0.011657
0.011537
0.009808
0.008585
0.008505
0.008482
0.008084
0.007456
0.007542
0.008314
0.008435
0.008277
0.009273
0.010918
0.011353
0.010596
0.010604
0.011863
0.012631
0.012143
0.012006
0.013472
0.016168
0.019181
0.021411
0.022781
0.024092
0.026234
0.029399
0.032112
0.034237
0.037256
0.040631
0.043315
0.045782
0.048273
0.050246
0.050976
0.050708
0.050470
0.051067
0.052505
0.052690
0.050239
0.046578
0.042214
0.036064
0.028168
0.020265
0.014177
0.009374
0.004141
-0.001416
-0.005773
-0.008318
-0.010520
-0.013816
-0.017565
-0.020830
-0.023401
-0.025217
-0.026651
-0.027627
-0.028469
-0.030158
-0.031597
-0.031673
-0.031557
-0.031727
-0.031095
-0.029300
-0.027325
-0.025864
-0.024046
-0.020964
-0.017483
-0.014434
-0.010891
-0.007238
-0.005286
-0.003711
-0.000907
0.001425
0.002464
0.004004
0.006814
0.009451
0.011008
0.012334
0.015041
0.019061
0.022159
0.023369
0.023958
0.025374
0.027761
0.029930
0.031115
0.032240
0.033572
0.034283
0.035459
0.037700
0.039245
0.039757
0.040301
0.040426
0.039920
0.039939
0.040100
0.039126
0.037584
0.036286
0.034471
0.032371
0.031203
0.030129
0.028310
0.026801
0.025134
0.021415
0.017370
0.015810
0.014884
0.012473
0.010087
0.008783
0.007576
0.005934
0.004319
0.002710
0.000735
-0.000774
-0.001367
-0.002371
-0.004209
-0.005928
-0.007133
-0.008511
-0.010492
-0.011945
-0.012486
-0.013260
-0.014249
-0.015071
-0.016108
-0.017191
-0.018465
-0.020615
-0.022678
-0.022773
-0.021553
-0.021546
-0.022355
-0.021569
-0.019088
-0.016237
-0.013919
-0.012139
-0.010403
-0.008855
-0.007179
-0.005010
-0.003489
-0.003130
-0.002460
-0.000875
-0.000048
-0.000553
-0.000906
-0.000533
-0.000427
-0.001560
-0.003434
-0.004890
-0.005576
-0.005614
-0.005613
-0.006613
-0.008567
-0.009921
-0.010014
-0.010703
-0.013045
-0.014497
-0.013885
-0.013523
-0.013692
-0.013287
-0.012988
-0.013093
-0.012800
-0.011703
-0.010534
-0.009664
-0.008305
-0.006771
-0.006295
-0.006381
-0.005208
-0.002577
-0.000354
0.000612
0.001890
0.004749
0.007842
0.009404
0.010715
0.013335
0.016057
0.018152
0.019883
0.021104
0.022435
0.023916
0.024167
0.023285
0.022206
0.020386
0.018144
0.016333
0.014296
0.011464
0.008591
0.006760
0.005011
0.001876
-0.000934
-0.001183
-0.000516
-0.001039
-0.001166
0.000180
0.001247
0.002128
0.004269
0.006538
0.007656
0.008535
0.010366
0.012778
0.014442
0.015739
0.018150
0.020389
0.020272
0.019066
0.018871
0.018983
0.017712
0.015616
0.014948
0.015559
0.014293
0.010265
0.006538
0.005408
0.005630
0.004618
0.001620
-0.001815
-0.003640
-0.004163
-0.005821
-0.008862
-0.011202
-0.012014
-0.012295
-0.013601
-0.016073
-0.017963
-0.018602
-0.018887
-0.019580
-0.020910
-0.021992
-0.022379
-0.023117
-0.024127
-0.024435
-0.024067
-0.023758
-0.024272
-0.025295
-0.025785
-0.025243
-0.024056
-0.023828
-0.025291
-0.025982
-0.024480
-0.023225
-0.023602
-0.024318
-0.024470
-0.024058
-0.023572
-0.022990
-0.021640
-0.020841
-0.022175
-0.023292
-0.022351
-0.022429
-0.024970
-0.026959
-0.027306
-0.027828
-0.029240
-0.030287
-0.029863
-0.028973
-0.028667
-0.028162
-0.026990
-0.025739
-0.024477
-0.022720
-0.020989
-0.020470
-0.020507
-0.018909
-0.016089
-0.015362
-0.016262
-0.014824
-0.012425
-0.013280
-0.015829
-0.016414
-0.015379
-0.014990
-0.016510
-0.019007
-0.020178
-0.019732
-0.019931
-0.021499
-0.022005
-0.020151
-0.017744
-0.016284
-0.014790
-0.011214
-0.005928
-0.002665
-0.002554
-0.002152
-0.000154
0.001754
0.003115
0.005108
0.007814
0.009358
0.009990
0.011878
0.014007
0.014366
0.014180
0.015699
0.018931
0.021149
0.021376
0.022307
0.024504
0.025563
0.025470
0.026647
0.028814
0.029661
0.029758
0.030852
0.032412
0.033095
0.033052
0.033701
0.035292
0.036593
0.037269
0.038078
0.039251
0.040795
0.043037
0.044511
0.043829
0.042834
0.042468
0.041529
0.039623
0.037644
0.036499
0.035397
0.033390
0.030728
0.028214
0.026692
0.025945
0.024687
0.023139
0.022409
0.021247
0.018864
0.017229
0.016838
0.015889
0.014345
0.013530
0.013556
0.013874
0.013924
0.013010
0.011787
0.011518
0.011407
0.010210
0.008342
0.006513
0.004738
0.003362
0.002510
0.001262
-0.000391
-0.001077
-0.000583
-0.000502
-0.001973
-0.003440
-0.003350
-0.003561
-0.004645
-0.004457
-0.003840
-0.004485
-0.005339
-0.005852
-0.006449
-0.007088
-0.007766
-0.008170
-0.007696
-0.006881
-0.007220
-0.008581
-0.008777
-0.006928
-0.005424
-0.006015
-0.006911
-0.006558
-0.005513
-0.004206
-0.002364
-0.000445
0.000446
0.000626
0.001258
0.002020
0.002110
0.001846
0.001862
0.002437
0.003310
0.003738
0.003360
0.002569
0.002293
0.002629
0.002423
0.001706
0.001087
0.000550
0.000701
0.001316
0.001414
0.001351
0.001176
0.000832
0.001249
0.001898
0.001801
0.001859
0.002714
0.003345
0.003318
0.003172
0.003272
0.003772
0.004278
0.005288
0.007236
0.008415
0.008170
0.007713
0.007914
0.009181
0.010557
0.010901
0.010825
0.010764
0.010615
0.010614
0.010444
0.009379
0.007749
0.006938
0.007148
0.006635
0.004430
0.001819
0.000376
-0.000337
-0.001377
-0.002818
-0.004937
-0.007425
-0.009497
-0.011092
-0.012109
-0.012827
-0.014644
-0.017449
-0.019051
-0.019544
-0.020264
-0.021318
-0.022703
-0.024116
-0.024921
-0.025053
-0.025597
-0.027142
-0.028476
-0.028314
-0.027875
-0.029222
-0.031087
-0.031059
-0.029785
-0.029628
-0.030306
-0.029553
-0.027680
-0.026190
-0.024519
-0.022018
-0.019836
-0.018568
-0.016893
-0.013888
-0.011085
-0.009931
-0.008794
-0.006197
-0.003352
-0.002013
-0.001967
-0.001099
0.000709
0.001343
0.000657
0.000332
0.000386
-0.000288
-0.001743
-0.003331
-0.004635
-0.005690
-0.005952
-0.005521
-0.005736
-0.005917
-0.004603
-0.003296
-0.003191
-0.002817
-0.001073
0.001408
0.003172
0.004119
0.005788
0.008318
0.010045
0.010974
0.012585
0.014542
0.015947
0.017209
0.017765
0.017136
0.016331
0.015480
0.014347
0.013010
0.011247
0.009181
0.007503
0.006246
0.005294
0.004768
0.003808
0.002510
0.001799
0.001344
0.000423
-0.000903
-0.001915
-0.002457
-0.003046
-0.003846
-0.004366
-0.004226
-0.004231
-0.005143
-0.005962
-0.005711
-0.005167
-0.005190
-0.005709
-0.006488
-0.007137
-0.007909
-0.009419
-0.010761
-0.011042
-0.011549
-0.013213
-0.014597
-0.015194
-0.016488
-0.017851
-0.017878
-0.018122
-0.019494
-0.020792
-0.021409
-0.021275
-0.020744
-0.020571
-0.020642
-0.019941
-0.018250
-0.016765
-0.015810
-0.014480
-0.012964
-0.011271
-0.008921
-0.006863
-0.005304
-0.003203
-0.000472
0.002586
0.005629
0.008266
0.010833
0.013712
0.016680
0.019200
0.020694
0.022273
0.025515
0.028484
0.029508
0.030929
0.033754
0.036524
0.039144
0.041568
0.043179
0.044722
0.047044
0.049127
0.049670
0.049365
0.049533
0.049980
0.050007
0.049441
0.047850
0.046025
0.045388
0.044645
0.042094
0.038415
0.035008
0.032136
0.029187
0.026177
0.023642
0.021347
0.019314
0.017924
0.016454
0.014493
0.011975
0.009456
0.008051
0.006806
0.004668
0.002334
0.000570
-0.000282
-0.001086
-0.002914
-0.005365
-0.007554
-0.008877
-0.009730
-0.011527
-0.014485
-0.016469
-0.016038
-0.015360
-0.016901
-0.019733
-0.021424
-0.021394
-0.021228
-0.022045
-0.022967
-0.022970
-0.022781
-0.022551
-0.020700
-0.018279
-0.017934
-0.018272
-0.016733
-0.014621
-0.013954
-0.013789
-0.012796
-0.011527
-0.010736
-0.010134
-0.009372
-0.008338
-0.006762
-0.005241
-0.004358
-0.003516
-0.002574
-0.001854
-0.001153
0.000030
0.001470
0.002196
0.002427
0.002775
0.002878
0.002485
0.001729
0.001197
0.001408
0.001532
0.000343
-0.001747
-0.003079
-0.002972
-0.002760
-0.003999
-0.005857
-0.006961
-0.007815
-0.008082
-0.006939
-0.006403
-0.007827
-0.008936
-0.008297
-0.007481
-0.007549
-0.007470
-0.006993
-0.007315
-0.008069
-0.008316
-0.008235
-0.008112
-0.008502
-0.009508
-0.010823
-0.012531
-0.013728
-0.013909
-0.014454
-0.015322
-0.015744
-0.016157
-0.016439
-0.016723
-0.017168
-0.016768
-0.015959
-0.015709
-0.014848
-0.013350
-0.012524
-0.012228
-0.011945
-0.011068
-0.009376
-0.007989
-0.007456
-0.007176
-0.006997
-0.006968
-0.006783
-0.006358
-0.005460
-0.003841
-0.002189
-0.000776
0.000939
0.002625
0.003891
0.005309
0.007333
0.009090
0.009497
0.009763
0.011406
0.013174
0.013300
0.012456
0.012305
0.012263
0.010509
0.007596
0.004633
0.001354
-0.001446
-0.003101
-0.004778
-0.007560
-0.011281
-0.014675
-0.017006
-0.019146
-0.021551
-0.024015
-0.026687
-0.028640
-0.028631
-0.027963
-0.028543
-0.029029
-0.027763
-0.025557
-0.022791
-0.019183
-0.015818
-0.013690
-0.011605
-0.008822
-0.006654
-0.004987
-0.002319
0.000700
0.002730
0.004492
0.006916
0.009291
0.010797
0.012205
0.013916
0.015453
0.017028
0.018160
0.018443
0.018687
0.019098
0.019503
0.019805
0.020316
0.021514
0.022501
0.022462
0.022130
0.022634
0.023571
0.023307
0.021819
0.020595
0.020072
0.019707
0.019242
0.018211
0.015955
0.013340
0.012162
0.011844
0.010667
0.009474
0.009522
0.009598
0.008189
0.006217
0.005693
0.006186
0.005382
0.003086
0.001153
0.000419
0.000424
0.000537
0.000379
-0.000259
-0.001250
-0.002048
-0.002954
-0.004774
-0.006487
-0.006857
-0.007242
-0.008614
-0.010064
-0.011327
-0.012718
-0.014175
-0.015512
-0.016706
-0.017416
-0.017326
-0.017541
-0.019365
-0.021062
-0.020179
-0.018462
-0.018094
-0.018001
-0.017061
-0.015291
-0.013215
-0.011702
-0.011121
-0.010569
-0.008931
-0.006796
-0.005206
-0.003981
-0.002715
-0.001697
-0.000942
0.000381
0.002140
0.003184
0.003379
0.003300
0.003477
0.004101
0.004674
0.004967
0.004708
0.004308
0.005501
0.007473
0.007521
0.006303
0.006074
0.006673
0.007173
0.007411
0.006944
0.006611
0.007894
0.009158
0.008937
0.008623
0.008795
0.008868
0.008785
0.008709
0.008659
0.008580
0.008488
0.008409
0.008319
0.007849
0.006485
0.005044
0.004874
0.005488
0.005525
0.005015
0.004766
0.004869
0.004955
0.004886
0.004770
0.004773
0.005247
0.006119
0.006865
0.007323
0.007415
0.007683
0.008947
0.010308
0.010806
0.011441
0.012494
0.012725
0.012159
0.012040
0.012789
0.013199
0.012321
0.011479
0.011780
0.012073
0.011284
0.010595
0.011250
0.011917
0.011435
0.010816
0.010851
0.011060
0.010957
0.010726
0.010617
0.010572
0.010520
0.010242
0.009195
0.007395
0.005702
0.004688
0.003974
0.002631
0.000915
-0.000183
-0.000979
-0.002156
-0.003256
-0.003011
-0.002489
-0.004112
-0.006172
-0.005610
-0.004162
-0.004656
-0.005482
-0.004544
-0.002802
-0.001655
-0.001548
-0.002001
-0.002082
-0.001690
-0.001478
-0.001987
-0.003348
-0.004693
-0.005144
-0.005010
-0.004943
-0.005838
-0.007796
-0.009119
-0.008447
-0.007544
-0.009255
-0.012286
-0.013308
-0.013059
-0.014451
-0.016729
-0.017462
-0.017186
-0.017166
-0.017253
-0.017195
-0.016994
-0.016367
-0.015352
-0.014387
-0.013206
-0.012043
-0.011796
-0.011655
-0.010590
-0.009255
-0.008030
-0.007083
-0.007011
-0.007248
-0.006373
-0.004556
-0.004029
-0.005334
-0.006079
-0.005226
-0.003954
-0.003281
-0.003362
-0.003197
-0.002196
-0.001041
0.000191
0.001602
0.002454
0.002744
0.003212
0.003801
0.004460
0.004910
0.004199
0.003109
0.002976
0.002954
0.001966
0.000017
-0.002170
-0.003568
-0.004246
-0.004838
-0.005569
-0.006437
-0.007091
-0.006585
-0.005160
-0.004802
-0.005337
-0.004777
-0.003358
-0.002191
-0.001021
0.000115
0.000960
0.002480
0.004775
0.006385
0.007172
0.008325
0.010016
0.011272
0.012212
0.014175
0.016275
0.016705
0.016850
0.018497
0.020899
0.022943
0.024217
0.025007
0.026440
0.028754
0.030620
0.031766
0.033342
0.034781
0.034604
0.033251
0.032111
0.031856
0.031727
0.030328
0.027581
0.024215
0.020833
0.017908
0.015282
0.012867
0.011011
0.009191
0.007147
0.005508
0.004146
0.002634
0.001021
-0.000506
-0.001888
-0.003237
-0.004672
-0.006150
-0.007569
-0.008894
-0.010216
-0.011695
-0.013278
-0.014708
-0.015796
-0.016544
-0.017406
-0.018439
-0.019563
-0.020695
-0.020758
-0.020143
-0.021075
-0.022956
-0.022634
-0.020408
-0.019133
-0.019191
-0.019106
-0.017452
-0.014606
-0.012600
-0.011688
-0.010317
-0.007610
-0.004587
-0.003203
-0.003097
-0.001954
0.000334
0.001893
0.002397
0.003346
0.004803
0.005093
0.004379
0.004224
0.004713
0.004550
0.002883
0.001151
0.001281
0.002259
0.002483
0.002895
0.004205
0.004886
0.004560
0.005196
0.006979
0.007663
0.007413
0.008591
0.010229
0.010800
0.012266
0.014216
0.013957
0.012645
0.012888
0.014426
0.015133
0.014336
0.013846
0.014844
0.015806
0.015053
0.013363
0.012657
0.012851
0.012304
0.010963
0.010272
0.010526
0.010314
0.009033
0.007467
0.006407
0.006234
0.005805
0.004324
0.003732
0.004671
0.005014
0.003910
0.002576
0.002272
0.002500
0.002151
0.001353
0.000541
0.000117
-0.000416
-0.001983
-0.003548
-0.004327
-0.005415
-0.007156
-0.009079
-0.010794
-0.011998
-0.012735
-0.012938
-0.013117
-0.014290
-0.016147
-0.017564
-0.018138
-0.018441
-0.019448
-0.020656
-0.020731
-0.020518
-0.021247
-0.021793
-0.021305
-0.020770
-0.020799
-0.020913
-0.020700
-0.020310
-0.020049
-0.019990
-0.020330
-0.021057
-0.021609
-0.021784
-0.021630
-0.021211
-0.020418
-0.019001
-0.018109
-0.018385
-0.018126
-0.016608
-0.014843
-0.013841
-0.013902
-0.014194
-0.013873
-0.012769
-0.011135
-0.009914
-0.009508
-0.009052
-0.008089
-0.006974
-0.006058
-0.005363
-0.004756
-0.004519
-0.004516
-0.003951
-0.003329
-0.003439
-0.003703
-0.003581
-0.003343
-0.003299
-0.003385
-0.003264
-0.002588
-0.001623
-0.000888
-0.000449
-0.000359
-0.000504
-0.000500
-0.000488
-0.000908
-0.001266
-0.001192
-0.001345
-0.001202
-0.000273
0.000156
-0.000430
-0.001176
-0.001208
-0.000876
-0.001143
-0.001068
-0.000049
0.000371
-0.000246
-0.001212
-0.002408
-0.003008
-0.002148
-0.001380
-0.002233
-0.003183
-0.002836
-0.002208
-0.002264
-0.002552
-0.002513
-0.002347
-0.002183
-0.001619
-0.000687
0.000118
0.000601
0.000606
0.000380
0.000418
0.000733
0.001377
0.002121
0.002049
0.001114
0.000715
0.001110
0.000952
0.000362
0.000369
0.000561
-0.000058
-0.001178
-0.001860
-0.002112
-0.002127
-0.001843
-0.001351
-0.001290
-0.001970
-0.001761
0.000115
0.001550
0.001748
0.002542
0.004463
0.006212
0.007314
0.008428
0.009898
0.011303
0.011903
0.011805
0.012677
0.014674
0.015811
0.016220
0.017409
0.018860
0.019118
0.018860
0.019258
0.019234
0.018470
0.018213
0.018419
0.018180
0.017225
0.016050
0.015188
0.014607
0.014380
0.014467
0.014113
0.012568
0.010712
0.010227
0.009898
0.008190
0.006418
0.004795
0.002621
0.000851
-0.000192
-0.001471
-0.003053
-0.003906
-0.003658
-0.003504
-0.004939
-0.006962
-0.007381
-0.007479
-0.008891
-0.009936
-0.010479
-0.011700
-0.012276
-0.011615
-0.011182
-0.011515
-0.011585
-0.010434
-0.008500
-0.006906
-0.005576
-0.003721
-0.002123
-0.001446
-0.000220
0.002187
0.003960
0.004361
0.004779
0.005100
0.004291
0.003156
0.002788
0.003090
0.003318
0.003077
0.002783
0.002792
0.002668
0.002143
0.001907
0.001767
0.000695
-0.000451
-0.000104
0.001078
0.001086
-0.000080
-0.000514
0.000099
0.000474
0.000203
-0.000029
0.000125
0.000245
0.000186
0.000184
0.000214
0.000180
0.000191
0.000277
0.000294
0.000266
0.000303
-0.000238
-0.001660
-0.002413
-0.002298
-0.003395
-0.005344
-0.006064
-0.006284
-0.007406
-0.008236
-0.008097
-0.008710
-0.010370
-0.011039
-0.010258
-0.009727
-0.009804
-0.008967
-0.007273
-0.006371
-0.005904
-0.004758
-0.003346
-0.001903
-0.000877
-0.001053
-0.001021
0.000806
0.003123
0.004380
0.004616
0.004662
0.005735
0.007365
0.007754
0.007729
0.009253
0.011435
0.012630
0.012668
0.012515
0.013227
0.014069
0.014227
0.014478
0.014502
0.013106
0.011392
0.011151
0.011140
0.009445
0.007101
0.005627
0.004852
0.003898
0.002564
0.001088
-0.000398
-0.000963
-0.000453
-0.000241
-0.000699
-0.001024
-0.000886
-0.000220
0.001083
0.002190
0.002600
0.003387
0.004651
0.005319
0.005238
0.005479
0.006847
0.007801
0.007197
0.006547
0.006726
0.006597
0.005574
0.004505
0.003918
0.003825
0.004007
0.003826
0.003028
0.002532
0.002751
0.002452
0.001233
0.000327
0.000374
0.000109
-0.001401
-0.002689
-0.002445
-0.001718
-0.002045
-0.003763
-0.005524
-0.005607
-0.005261
-0.006593
-0.008171
-0.008129
-0.007944
-0.008691
-0.008585
-0.007319
-0.006887
-0.007880
-0.009501
-0.010732
-0.011048
-0.011216
-0.011910
-0.012572
-0.012893
-0.013911
-0.015297
-0.015413
-0.015317
-0.016591
-0.017686
-0.016966
-0.015556
-0.015468
-0.016526
-0.016798
-0.015766
-0.014427
-0.013966
-0.014870
-0.015751
-0.015278
-0.014609
-0.015014
-0.015463
-0.015274
-0.015301
-0.015728
-0.016293
-0.016598
-0.016244
-0.016073
-0.016579
-0.016414
-0.015654
-0.015806
-0.015935
-0.015357
-0.015375
-0.015480
-0.014441
-0.013086
-0.012380
-0.011651
-0.010360
-0.009008
-0.007606
-0.006274
-0.005272
-0.003998
-0.002257
-0.000678
0.000555
0.001854
0.003611
0.005638
0.007111
0.008396
0.010244
0.011581
0.012106
0.013211
0.014732
0.015663
0.016572
0.018032
0.019756
0.021424
0.022122
0.022159
0.023266
0.024496
0.024450
0.024757
0.026068
0.026122
0.024016
0.022407
0.022970
0.023414
0.022371
0.021473
0.020811
0.019171
0.017847
0.018178
0.018708
0.018268
0.017572
0.016669
0.014619
0.012239
0.011355
0.011693
0.011135
0.008958
0.006735
0.005492
0.004514
0.003066
0.001368
-0.000148
-0.001477
-0.002789
-0.003857
-0.004775
-0.005781
-0.006495
-0.006599
-0.006532
-0.007438
-0.008812
-0.008508
-0.006777
-0.005675
-0.005036
-0.003771
-0.002582
-0.002019
-0.001061
0.000260
0.000551
-0.000058
-0.000258
0.000246
0.001515
0.003559
0.004382
0.002902
0.001792
0.003071
0.005288
0.006216
0.005549
0.004822
0.005096
0.006218
0.007711
0.008467
0.007931
0.007315
0.007470
0.007935
0.008475
0.009005
0.009106
0.009276
0.009971
0.010217
0.009777
0.009543
0.009552
0.008879
0.007284
0.006149
0.006521
0.007491
0.007624
0.007542
0.008502
0.009271
0.009423
0.010444
0.011788
0.012017
0.011408
0.011310
0.011887
0.011510
0.010202
0.009865
0.010064
0.008334
0.004725
0.002198
0.001460
-0.000168
-0.003554
-0.006234
-0.007281
-0.008529
-0.010425
-0.011982
-0.012710
-0.012900
-0.013929
-0.015521
-0.015622
-0.014607
-0.014579
-0.016130
-0.017773
-0.017275
-0.014600
-0.012911
-0.013843
-0.014338
-0.012073
-0.009857
-0.010252
-0.011360
-0.011076
-0.010202
-0.009997
-0.010464
-0.011573
-0.012893
-0.013159
-0.012456
-0.012096
-0.012370
-0.012569
-0.012347
-0.012081
-0.011714
-0.010420
-0.008413
-0.006863
-0.006171
-0.006105
-0.006186
-0.005943
-0.005598
-0.005452
-0.005003
-0.003748
-0.003122
-0.004655
-0.006154
-0.005490
-0.004795
-0.006174
-0.008067
-0.008910
-0.009671
-0.010394
-0.010148
-0.009654
-0.009781
-0.010590
-0.011881
-0.012704
-0.012361
-0.011704
-0.011682
-0.011975
-0.011950
-0.011654
-0.011426
-0.011396
-0.011258
-0.010129
-0.008252
-0.007550
-0.008296
-0.008601
-0.007517
-0.006027
-0.005174
-0.004867
-0.004824
-0.004828
-0.004676
-0.004467
-0.004367
-0.004354
-0.004343
-0.004084
-0.002819
-0.001075
-0.000787
-0.001664
-0.001839
-0.001090
-0.000225
-0.000140
-0.001048
-0.001591
-0.001110
-0.000665
-0.000847
-0.001091
-0.001005
-0.001036
-0.001945
-0.003521
-0.004182
-0.003514
-0.002982
-0.003221
-0.003732
-0.004635
-0.005746
-0.005395
-0.003410
-0.002082
-0.001923
-0.001244
-0.000190
0.000081
0.000615
0.002209
0.003205
0.002916
0.003235
0.004979
0.006140
0.005549
0.005094
0.006447
0.008371
0.008762
0.007264
0.005700
0.006496
0.008620
0.008770
0.007385
0.007008
0.007601
0.007845
0.007269
0.006465
0.006718
0.007384
0.006551
0.005523
0.006171
0.006326
0.004516
0.003328
0.004339
0.005859
0.006337
0.006315
0.006462
0.006482
0.006396
0.006482
0.007231
0.008470
0.008818
0.008838
0.010231
0.012245
0.013507
0.014680
0.016339
0.017421
0.017977
0.018486
0.018423
0.018431
0.018893
0.018754
0.017281
0.015235
0.014628
0.015384
0.014693
0.012201
0.010924
0.010872
0.009669
0.008340
0.008037
0.007115
0.005571
0.005236
0.005838
0.005854
0.005320
0.005111
0.005205
0.005228
0.005173
0.005077
0.004992
0.004984
0.004977
0.004910
0.004817
0.004881
0.005461
0.006354
0.007011
0.007335
0.007334
0.007034
0.006278
0.004943
0.003976
0.004135
0.004814
0.005878
0.007080
0.007313
0.007438
0.008735
0.009824
0.009619
0.009801
0.011372
0.012402
0.012153
0.012824
0.014687
0.015415
0.014655
0.014101
0.014136
0.013842
0.013394
0.013350
0.013325
0.013104
0.012601
0.011352
0.009226
0.007057
0.005737
0.004720
0.003215
0.001458
0.000191
-0.000670
-0.001818
-0.002496
-0.002444
-0.003294
-0.005119
-0.006523
-0.007457
-0.008009
-0.008503
-0.010314
-0.012822
-0.014151
-0.014746
-0.016261
-0.018442
-0.019890
-0.020683
-0.021152
-0.020916
-0.020113
-0.019210
-0.018373
-0.017246
-0.015533
-0.013324
-0.011023
-0.009286
-0.007666
-0.005395
-0.002977
-0.000899
0.001172
0.003715
0.005869
0.006496
0.006539
0.007263
0.007701
0.006182
0.003231
0.000359
-0.002104
-0.004596
-0.007115
-0.008830
-0.009859
-0.010949
-0.011428
-0.011075
-0.010486
-0.009486
-0.008705
-0.008353
-0.006376
-0.002949
-0.001085
-0.000430
0.001639
0.004171
0.005403
0.006128
0.006713
0.006462
0.005814
0.005318
0.003830
0.001681
0.001235
0.001915
0.001207
0.000330
0.001896
0.003870
0.003419
0.002161
0.002274
0.002985
0.003053
0.003100
0.004227
0.005635
0.005771
0.004990
0.004024
0.002660
0.001842
0.002330
0.002785
0.002358
0.001869
0.001878
0.002024
0.001985
0.001889
0.001750
0.000750
-0.001079
-0.001742
-0.000871
-0.000405
-0.001040
-0.002419
-0.003958
-0.004495
-0.004961
-0.007005
-0.009401
-0.010942
-0.011933
-0.012657
-0.013663
-0.014647
-0.014700
-0.014851
-0.016298
-0.017445
-0.016287
-0.013919
-0.012796
-0.012698
-0.011780
-0.010301
-0.009447
-0.009153
-0.008865
-0.008268
-0.008229
-0.009497
-0.010659
-0.010982
-0.012085
-0.014962
-0.018426
-0.020473
-0.020270
-0.019831
-0.020958
-0.021229
-0.019243
-0.017420
-0.016235
-0.013878
-0.010361
-0.007167
-0.004823
-0.002736
-0.000435
0.001905
0.003719
0.004576
0.004597
0.004089
0.003708
0.003650
0.002793
0.000592
-0.002319
-0.005337
-0.008217
-0.010793
-0.012425
-0.013301
-0.014511
-0.015812
-0.016758
-0.017486
-0.018007
-0.018388
-0.018021
-0.016678
-0.015130
-0.013638
-0.012034
-0.010507
-0.008868
-0.006127
-0.002644
0.000346
0.003485
0.007621
0.011641
0.014886
0.018673
0.023725
0.028511
0.030927
0.030849
0.030089
0.030319
0.031396
0.031321
0.028764
0.024331
0.018812
0.013115
0.008559
0.005669
0.004070
0.002484
-0.000209
-0.002910
-0.004215
-0.005261
-0.007523
-0.009951
-0.011155
-0.011983
-0.013207
-0.014137
-0.014543
-0.014682
-0.014920
-0.015645
-0.016119
-0.015712
-0.015207
-0.015199
-0.015282
-0.015103
-0.014812
-0.014656
-0.015043
-0.016224
-0.017195
-0.016879
-0.016043
-0.015932
-0.016104
-0.014962
-0.012684
-0.010682
-0.008590
-0.006571
-0.005040
-0.002166
0.001690
0.004127
0.005897
0.008798
0.011984
0.013678
0.014375
0.015331
0.016205
0.017283
0.018577
0.018613
0.017923
0.018395
0.019668
0.020425
0.020085
0.018253
0.016382
0.016528
0.017501
0.017265
0.016380
0.016094
0.015695
0.013998
0.012467
0.012797
0.012933
0.010789
0.008080
0.006758
0.006752
0.007079
0.006210
0.003926
0.001914
0.000942
0.000687
0.000479
-0.000753
-0.002017
-0.001389
0.000229
0.000924
0.000524
0.000024
0.000114
0.000447
0.000488
0.000422
0.000879
0.001882
0.002765
0.003164
0.003079
0.002980
0.003500
0.004084
0.003928
0.003342
0.002879
0.002838
0.003085
0.003168
0.002629
0.001096
-0.000324
-0.000373
-0.000572
-0.002666
-0.005326
-0.006022
-0.005460
-0.006563
-0.008501
-0.008562
-0.007523
-0.007346
-0.007817
-0.007576
-0.006435
-0.005406
-0.004479
-0.002969
-0.001645
-0.001626
-0.002079
-0.000968
0.001278
0.001571
0.000111
0.000220
0.001483
0.001191
0.000163
0.000122
0.000157
-0.000184
-0.000337
-0.000817
-0.001714
-0.001937
-0.001440
-0.001659
-0.003408
-0.005052
-0.004764
-0.003738
-0.004004
-0.005442
-0.006286
-0.005771
-0.005148
-0.005295
-0.005662
-0.005397
-0.004081
-0.002514
-0.001442
0.000327
0.002849
0.004345
0.005391
0.007558
0.010183
0.011955
0.012910
0.013647
0.014747
0.016269
0.016895
0.016638
0.017088
0.018238
0.018804
0.018096
0.017259
0.017153
0.016404
0.014919
0.013879
0.012167
0.008868
0.005664
0.003132
0.000132
-0.003309
-0.006397
-0.008131
-0.008754
-0.010237
-0.012664
-0.014452
-0.014856
-0.014269
-0.013910
-0.014223
-0.014489
-0.014021
-0.012870
-0.011848
-0.010733
-0.008763
-0.007085
-0.006304
-0.005475
-0.004828
-0.004157
-0.002524
-0.001298
-0.001755
-0.002043
-0.000475
0.001412
0.001590
0.001115
0.001857
0.003254
0.003950
0.003803
0.003992
0.005429
0.006881
0.007272
0.007849
0.009012
0.009303
0.008847
0.009253
0.010358
0.010609
0.009772
0.008288
0.006873
0.006650
0.006747
0.005894
0.005017
0.004570
0.003793
0.002779
0.002248
0.002383
0.002586
0.002424
0.002155
0.002273
0.003275
0.004749
0.005556
0.006060
0.007153
0.008112
0.008802
0.009900
0.010533
0.010369
0.010493
0.010499
0.009930
0.009332
0.008706
0.007752
0.006911
0.006250
0.005194
0.004186
0.003876
0.003118
0.001528
-0.000182
-0.001874
-0.003006
-0.003393
-0.003884
-0.004763
-0.005243
-0.005488
-0.006630
-0.008046
-0.008601
-0.009182
-0.010215
-0.010555
-0.010601
-0.011318
-0.011874
-0.012059
-0.012494
-0.012802
-0.013067
-0.013670
-0.013737
-0.012669
-0.011549
-0.011410
-0.011281
-0.010206
-0.008997
-0.008475
-0.008148
-0.006797
-0.005121
-0.004608
-0.003936
-0.002410
-0.001956
-0.002278
-0.001026
0.000933
0.001059
0.000032
0.000112
0.001293
0.001747
0.001389
0.001600
0.002299
0.002998
0.003187
0.002254
0.001052
0.000524
0.000504
0.000645
0.000641
0.000232
-0.000876
-0.002289
-0.002697
-0.002050
-0.001732
-0.002124
-0.002453
-0.001842
0.000006
0.002041
0.003170
0.003956
0.005614
0.007754
0.008773
0.008394
0.007917
0.008117
0.008426
0.007636
0.005694
0.004588
0.004515
0.003412
0.001633
0.000484
-0.000248
-0.000472
-0.000216
-0.000267
-0.000980
-0.001481
-0.000827
-0.000058
-0.000297
-0.000770
-0.000696
-0.000414
-0.000388
-0.000513
-0.000501
-0.000512
-0.001402
-0.003093
-0.003669
-0.002729
-0.002429
-0.004096
-0.006132
-0.006211
-0.005038
-0.004772
-0.005375
-0.005576
-0.005237
-0.005008
-0.004955
-0.004439
-0.003411
-0.002590
-0.002106
-0.001369
-0.000440
-0.000827
-0.002473
-0.002157
0.001511
0.004835
0.004707
0.003587
0.004432
0.005999
0.006143
0.005397
0.005210
0.005541
0.005634
0.005379
0.005451
0.005969
0.005816
0.004911
0.004633
0.005035
0.005643
0.006634
0.006606
0.004765
0.003883
0.005150
0.005621
0.004321
0.003612
0.004112
0.004080
0.002667
0.001116
0.000348
-0.000485
-0.001919
-0.003709
-0.005307
-0.006069
-0.006580
-0.007792
-0.008729
-0.008368
-0.007756
-0.007862
-0.008592
-0.009786
-0.010646
-0.009883
-0.007925
-0.006846
-0.007287
-0.007399
-0.005864
-0.004236
-0.004126
-0.003998
-0.002435
-0.000901
-0.000224
0.000315
0.001118
0.002308
0.003160
0.003180
0.003787
0.005349
0.005863
0.005038
0.004650
0.005057
0.005298
0.005079
0.004833
0.004826
0.004678
0.003563
0.002016
0.001617
0.001816
0.001186
0.000095
-0.000407
-0.000322
-0.000808
-0.002111
-0.003166
-0.003934
-0.004890
-0.005429
-0.004996
-0.004408
-0.004796
-0.005481
-0.005296
-0.004528
-0.004049
-0.004222
-0.004272
-0.003203
-0.001705
-0.001371
-0.001840
-0.001197
0.000458
0.001101
0.000458
0.000075
0.000452
0.000804
0.000477
-0.000158
0.000016
0.000856
0.001026
0.000538
0.000406
0.000667
0.000794
0.000710
0.000640
0.000662
0.000723
0.001258
0.002258
0.002619
0.002403
0.002509
0.003001
0.003927
0.004857
0.004910
0.004679
0.005489
0.006744
0.007186
0.007447
0.007891
0.007497
0.006376
0.005729
0.005862
0.005705
0.004497
0.003205
0.002449
0.001665
0.001123
0.000630
-0.000500
-0.001192
-0.000778
-0.000421
-0.000794
-0.001431
-0.001609
-0.001051
-0.000562
-0.000753
-0.001091
-0.000966
-0.000018
0.001244
0.001594
0.001708
0.002724
0.003780
0.004313
0.004749
0.005522
0.006522
0.007120
0.007508
0.007944
0.007962
0.007719
0.007901
0.008057
0.007512
0.006828
0.006053
0.005013
0.004724
0.004908
0.003936
0.002455
0.002306
0.002960
0.002959
0.002470
0.002286
0.002150
0.001253
0.000191
0.000075
0.000053
-0.000880
-0.001786
-0.002127
-0.002643
-0.003293
-0.003788
-0.004405
-0.004825
-0.004642
-0.004459
-0.004926
-0.005669
-0.005909
-0.005428
-0.004684
-0.004195
-0.004032
-0.004093
-0.004023
-0.003308
-0.002221
-0.001768
-0.002009
-0.001857
-0.001089
-0.000423
-0.000240
-0.000410
-0.000539
-0.000345
0.000285
0.001108
0.001562
0.001539
0.001369
0.001345
0.001287
0.000967
0.000804
0.000778
0.000188
-0.000767
-0.001216
-0.001425
-0.002052
-0.002802
-0.003519
-0.004018
-0.004012
-0.004105
-0.004647
-0.005179
-0.005171
-0.004342
-0.003357
-0.003232
-0.003386
-0.002594
-0.001463
-0.000948
-0.000661
-0.000411
-0.000466
-0.000577
-0.000490
-0.000385
-0.000417
-0.000350
-0.000089
-0.000166
-0.000590
-0.000964
-0.001547
-0.002085
-0.002209
-0.002646
-0.003303
-0.003542
-0.003950
-0.004542
-0.004459
-0.004283
-0.005010
-0.005770
-0.005503
-0.004920
-0.004904
-0.005010
-0.004447
-0.003525
-0.003212
-0.003491
-0.003552
-0.003277
-0.002981
-0.002477
-0.001781
-0.001516
-0.001757
-0.001861
-0.001637
-0.001455
-0.001465
-0.001492
-0.001453
-0.001397
-0.001349
-0.001327
-0.001287
-0.001335
-0.001755
-0.002324
-0.002408
-0.002301
-0.002725
-0.003162
-0.003098
-0.002971
-0.002978
-0.002945
-0.002854
-0.002772
-0.002691
-0.002455
-0.002036
-0.001913
-0.002188
-0.002252
-0.002104
-0.002120
-0.002137
-0.002037
-0.002206
-0.002777
-0.003073
-0.002995
-0.003273
-0.003647
-0.003473
-0.003111
-0.003048
-0.003365
-0.003879
-0.003996
-0.003359
-0.002493
-0.002215
-0.002475
-0.002546
-0.002240
-0.001745
-0.001149
-0.000831
-0.000962
-0.000944
-0.000361
0.000265
0.000335
0.000109
0.000223
0.000796
0.001307
0.001313
0.001083
0.001189
0.001708
0.002145
0.002115
0.001896
0.002086
0.002683
0.002976
0.002812
0.002892
0.003425
0.003890
0.003990
0.004039
0.004345
0.004565
0.004476
0.004536
0.004839
0.004890
0.004707
0.004724
0.004907
0.004984
0.004877
0.004608
0.004281
0.004026
0.003843
0.003629
0.003289
0.002847
0.002452
0.002216
0.002070
0.001814
0.001477
0.001189
0.000934
0.000839
0.000905
0.000738
0.000310
0.000151
0.000340
0.000371
0.000117
-0.000099
-0.000145
-0.000099
-0.000044
-0.000022
0.000031
0.000107
0.000127
0.000179
0.000273
0.000287
0.000253
0.000262
0.000302
0.000314
0.000302
0.000317
0.000389
0.000441
0.000355
0.000187
0.000039
0.000024
0.000240
0.000460
0.000437
0.000375
0.000486
0.000595
0.000563
0.000511
0.000530
0.000556
0.000548
0.000591
0.000752
0.000940
0.001071
0.001173
0.001271
0.001353
0.001448
0.001559
0.001616
0.001649
0.001681
0.001637
0.001544
0.001491
0.001466
0.001422
0.001360
0.001286
0.001183
0.001073
0.001012
0.000954
0.000839
0.000720
0.000652
0.000631
0.000612
0.000532
0.000428
0.000394
0.000417
0.000388
0.000263
0.000163
0.000202
0.000258
0.000182
0.000074
0.000098
0.000198
0.000235
0.000212
0.000183
0.000168
0.000159
0.000121
0.000058
0.000034
0.000043
0.000010
-0.000057
-0.000074
-0.000025
0.000019
0.000025
0.000019
0.000018
0.000035
0.000083
0.000113
0.000084
0.000044
0.000041
0.000061
0.000051
0.000001
-0.000032
-0.000028
-0.000033
-0.000076
-0.000126
-0.000153
-0.000171
-0.000199
-0.000228
-0.000255
-0.000292
-0.000334
-0.000367
-0.000392
-0.000417
-0.000444
-0.000468
-0.000486
-0.000502
-0.000522
-0.000546
-0.000555
-0.000544
-0.000540
-0.000541
-0.000531
-0.000518
-0.000509
-0.000496
-0.000471
-0.000444
-0.000422
-0.000404
-0.000382
-0.000347
-0.000304
-0.000269
-0.000248
-0.000231
-0.000206
-0.000180
-0.000155
-0.000137
-0.000123
-0.000103
-0.000084
-0.000067
-0.000052
-0.000041
-0.000030
-0.000021
-0.000015
-0.000006
0.000000
-0.000003
-0.000002
0.000007
0.000013
0.000012
0.000014
0.000016
0.000010
0.000005
0.000010
0.000014
0.000008
-0.000002
-0.000004
-0.000002
-0.000008
-0.000018
-0.000026
-0.000025
-0.000024
-0.000030
-0.000037
-0.000041
-0.000045
-0.000051
-0.000056
-0.000062
-0.000066
-0.000069
-0.000073
-0.000077
-0.000077
-0.000077
-0.000080
-0.000084
-0.000086
-0.000085
-0.000084
-0.000087
-0.000088
-0.000087
-0.000085
-0.000085
-0.000087
-0.000087
-0.000086
-0.000085
-0.000085
-0.000085
-0.000084
-0.000083
-0.000083
-0.000083
-0.000082
-0.000081
-0.000081
-0.000080
-0.000079
-0.000079
-0.000079
-0.000078
-0.000078
-0.000077
-0.000077
-0.000077
-0.000077
-0.000076
-0.000076
-0.000076
-0.000075
-0.000075
-0.000074
-0.000074
-0.000073
-0.000073
-0.000072
-0.000072
-0.000071
-0.000070
-0.000069
-0.000069
-0.000068
-0.000067
-0.000066
-0.000065
-0.000065
-0.000064
-0.000063
-0.000062
-0.000061
-0.000061
-0.000060
-0.000059
-0.000058
-0.000057
-0.000057
-0.000056
-0.000055
-0.000054
-0.000053
-0.000053
-0.000052
-0.000051
-0.000050
-0.000050
