0.002230
0.002897
0.002801
0.001659
0.001789
0.001775
0.001757
0.001735
0.001713
0.001689
0.001666
0.001645
0.001628
0.001616
0.001606
0.001596
0.001583
0.001569
0.001556
0.001548
0.001545
0.001550
0.001562
0.001576
0.001586
0.001587
0.001577
0.001557
0.001527
0.001494
0.001470
0.001463
0.001471
0.001491
0.001523
0.001561
0.001598
0.001625
0.001643
0.001664
0.001697
0.001730
0.001731
0.001690
0.001622
0.001553
0.001512
0.001516
0.001559
0.001619
0.001658
0.001652
0.001617
0.001593
0.001591
0.001576
0.001511
0.001397
0.001266
0.001159
0.001115
0.001144
0.001230
0.001347
0.001449
0.001469
0.001384
0.001238
0.001109
0.001048
0.001027
0.000961
0.000811
0.000649
0.000598
0.000714
0.000948
0.001206
0.001396
0.001472
0.001475
0.001498
0.001566
0.001599
0.001501
0.001245
0.000935
0.000733
0.000724
0.000875
0.001047
0.001083
0.000951
0.000753
0.000629
0.000639
0.000698
0.000679
0.000512
0.000227
-0.000033
-0.000081
0.000161
0.000626
0.001190
0.001696
0.001962
0.001864
0.001474
0.001030
0.000691
0.000420
0.000112
-0.000248
-0.000557
-0.000709
-0.000686
-0.000536
-0.000338
-0.000199
-0.000184
-0.000208
-0.000099
0.000252
0.000760
0.001196
0.001324
0.001106
0.000761
0.000467
0.000229
0.000000
-0.000250
-0.000462
-0.000648
-0.000878
-0.001014
-0.000830
-0.000312
0.000366
0.000980
0.001306
0.001153
0.000497
-0.000370
-0.000945
-0.000932
-0.000498
-0.000110
-0.000056
-0.000235
-0.000436
-0.000483
-0.000270
0.000141
0.000544
0.000772
0.000763
0.000528
0.000064
-0.000594
-0.001261
-0.001784
-0.002065
-0.002016
-0.001657
-0.001069
-0.000301
0.000651
0.001697
0.002581
0.003025
0.002840
0.002038
0.000874
-0.000324
-0.001308
-0.001994
-0.002458
-0.002681
-0.002459
-0.001681
-0.000589
0.000422
0.001125
0.001343
0.000972
0.000295
-0.000133
0.000162
0.001281
0.002806
0.004017
0.004300
0.003525
0.002226
0.001059
0.000141
-0.000730
-0.001588
-0.002117
-0.002092
-0.001840
-0.002025
-0.002855
-0.003709
-0.003724
-0.002589
-0.000772
0.001051
0.002435
0.003096
0.002805
0.001611
-0.000071
-0.001701
-0.002554
-0.001903
0.000126
0.002336
0.003191
0.001845
-0.001268
-0.004923
-0.007895
-0.009504
-0.009563
-0.008173
-0.005770
-0.002879
0.000013
0.002377
0.003693
0.003654
0.002226
-0.000429
-0.003848
-0.007294
-0.009828
-0.010655
-0.009761
-0.007863
-0.006022
-0.005039
-0.004767
-0.004287
-0.002721
-0.000128
0.002490
0.003980
0.003704
0.002188
0.000894
0.001234
0.003327
0.005689
0.006643
0.005525
0.002804
-0.000485
-0.003143
-0.004428
-0.004553
-0.004133
-0.003757
-0.003814
-0.004474
-0.005834
-0.007475
-0.008526
-0.008453
-0.007456
-0.006248
-0.005341
-0.004806
-0.004303
-0.003512
-0.002619
-0.002158
-0.002652
-0.004175
-0.006121
-0.007480
-0.007471
-0.005539
-0.001379
0.004586
0.010899
0.015528
0.017140
0.015583
0.010906
0.003256
-0.005631
-0.012657
-0.015626
-0.014802
-0.012611
-0.011496
-0.011902
-0.012296
-0.010935
-0.007510
-0.003238
0.000271
0.001980
0.001522
-0.000796
-0.004066
-0.007084
-0.008655
-0.008034
-0.005168
-0.000751
0.003839
0.007468
0.009626
0.009930
0.008285
0.004710
-0.000445
-0.005753
-0.009384
-0.010014
-0.007716
-0.004370
-0.002325
-0.003084
-0.006544
-0.010989
-0.014534
-0.016218
-0.016155
-0.015078
-0.013650
-0.012368
-0.011386
-0.010432
-0.009034
-0.006313
-0.001228
0.006103
0.013922
0.019553
0.020913
0.018073
0.012693
0.005922
-0.002319
-0.011473
-0.018656
-0.020531
-0.016700
-0.010042
-0.004288
-0.001386
-0.000846
-0.001382
-0.002636
-0.005206
-0.008820
-0.011776
-0.012631
-0.011626
-0.009836
-0.007540
-0.004156
0.000763
0.006648
0.012135
0.015769
0.016313
0.013352
0.007276
-0.001233
-0.010589
-0.018382
-0.022377
-0.021532
-0.016564
-0.009249
-0.001682
0.004246
0.007507
0.007966
0.005662
0.000672
-0.005559
-0.009731
-0.008503
-0.000839
0.010509
0.020258
0.023713
0.019421
0.010149
0.000573
-0.006106
-0.009474
-0.011067
-0.012234
-0.012893
-0.012607
-0.011620
-0.009991
-0.007064
-0.002415
0.002681
0.005360
0.003924
-0.000466
-0.005342
-0.008916
-0.009898
-0.007184
-0.001028
0.006414
0.012185
0.014286
0.012870
0.009961
0.007917
0.007545
0.006769
0.001702
-0.009410
-0.023219
-0.033312
-0.035104
-0.028590
-0.017354
-0.005819
0.002890
0.007978
0.010880
0.013191
0.014502
0.012675
0.005900
-0.005239
-0.017724
-0.027241
-0.029839
-0.024522
-0.014094
-0.003214
0.004035
0.005839
0.003085
-0.001738
-0.005816
-0.007380
-0.006724
-0.005794
-0.006727
-0.010052
-0.014227
-0.016826
-0.016663
-0.014974
-0.013759
-0.013582
-0.013133
-0.010361
-0.004434
0.002698
0.006939
0.005057
-0.002933
-0.013867
-0.023643
-0.029417
-0.030226
-0.026973
-0.022109
-0.018307
-0.016433
-0.014713
-0.010164
-0.001368
0.009415
0.016862
0.016031
0.006571
-0.006058
-0.014036
-0.011998
-0.000405
0.014629
0.025461
0.027632
0.022147
0.013753
0.007056
0.004126
0.004095
0.003964
0.000826
-0.005413
-0.011237
-0.012286
-0.008016
-0.002844
-0.001098
-0.002201
-0.001710
0.003769
0.012864
0.020650
0.022607
0.018129
0.011702
0.009778
0.015618
0.026762
0.036813
0.039791
0.033839
0.022028
0.009853
0.001319
-0.003248
-0.006592
-0.012098
-0.021192
-0.032129
-0.041022
-0.044355
-0.040634
-0.030377
-0.015525
0.000795
0.014202
0.020285
0.017635
0.009586
0.002516
0.001748
0.007974
0.016497
0.020339
0.016328
0.008390
0.003941
0.006872
0.013333
0.014415
0.003664
-0.016917
-0.037280
-0.046100
-0.038749
-0.020319
-0.001161
0.010144
0.010519
0.002590
-0.006724
-0.009689
-0.002882
0.009817
0.019543
0.018661
0.005679
-0.013843
-0.031354
-0.041362
-0.043993
-0.042934
-0.041232
-0.039068
-0.034916
-0.028111
-0.019435
-0.009113
0.003197
0.015524
0.022052
0.016662
0.000718
-0.014873
-0.017863
-0.005103
0.014832
0.029164
0.030007
0.017702
-0.002297
-0.023188
-0.037964
-0.041209
-0.032116
-0.015829
-0.000166
0.009125
0.010404
0.006494
0.003302
0.006262
0.015734
0.025028
0.025927
0.017167
0.006166
0.002483
0.009733
0.023149
0.033694
0.033602
0.019259
-0.006914
-0.035749
-0.055866
-0.060954
-0.053470
-0.041500
-0.031211
-0.022953
-0.013539
-0.000157
0.017023
0.033793
0.043287
0.039852
0.023326
0.000731
-0.016066
-0.016363
0.001608
0.027293
0.042433
0.032779
0.000788
-0.033634
-0.048839
-0.038708
-0.015257
0.003898
0.010022
0.006286
0.000765
-0.000820
0.002716
0.009446
0.016386
0.020982
0.022328
0.022137
0.024117
0.030661
0.039857
0.046297
0.044523
0.033594
0.017955
0.003259
-0.007243
-0.013404
-0.017116
-0.020670
-0.026239
-0.035426
-0.047903
-0.061998
-0.075503
-0.085385
-0.088027
-0.080306
-0.062088
-0.037139
-0.010454
0.013830
0.032938
0.045367
0.050039
0.047357
0.040194
0.032810
0.028664
0.028181
0.028507
0.025578
0.016831
0.002432
-0.016085
-0.036580
-0.055742
-0.069979
-0.076875
-0.076927
-0.073504
-0.070222
-0.067473
-0.062637
-0.053070
-0.037436
-0.016851
0.006246
0.030140
0.053520
0.074838
0.091187
0.099047
0.097076
0.086843
0.072365
0.057597
0.044115
0.031641
0.018362
0.001652
-0.018795
-0.038091
-0.048799
-0.047309
-0.036990
-0.024623
-0.014683
-0.008412
-0.005284
-0.004282
-0.003397
0.001279
0.011609
0.024418
0.033671
0.035230
0.031044
0.026782
0.025781
0.025835
0.021947
0.012406
0.000341
-0.009512
-0.015013
-0.017946
-0.022128
-0.029303
-0.037100
-0.041482
-0.040279
-0.035039
-0.028802
-0.023196
-0.017756
-0.011784
-0.006236
-0.003402
-0.003513
-0.002779
0.003130
0.014596
0.027830
0.039068
0.046197
0.047913
0.042873
0.031035
0.016329
0.004019
-0.003807
-0.008849
-0.013699
-0.019166
-0.023694
-0.025080
-0.022921
-0.018279
-0.013107
-0.008596
-0.003647
0.003130
0.011279
0.018323
0.021861
0.022438
0.022982
0.025773
0.030501
0.034234
0.034284
0.030172
0.022964
0.014238
0.006614
0.001421
-0.001731
-0.002703
-0.002045
0.000068
0.002570
0.002834
-0.001282
-0.008650
-0.013381
-0.010239
0.000852
0.014925
0.024974
0.026561
0.020741
0.012984
0.009013
0.013761
0.028101
0.046274
0.060721
0.066586
0.065783
0.064661
0.066868
0.071778
0.075974
0.076350
0.072627
0.066103
0.058380
0.050469
0.042933
0.035833
0.028933
0.022700
0.017268
0.013123
0.010933
0.010632
0.011560
0.012891
0.015271
0.019793
0.026528
0.035082
0.044562
0.053983
0.063661
0.073893
0.084207
0.094006
0.101219
0.105260
0.106835
0.105819
0.102565
0.095943
0.084656
0.069043
0.049828
0.029635
0.011225
-0.005909
-0.021932
-0.036644
-0.050325
-0.061169
-0.068278
-0.072960
-0.077259
-0.081769
-0.084826
-0.084461
-0.080676
-0.075585
-0.070367
-0.065962
-0.063135
-0.061191
-0.059082
-0.056479
-0.053719
-0.051117
-0.048909
-0.046158
-0.042370
-0.036878
-0.028333
-0.017093
-0.003146
0.013549
0.034008
0.059355
0.087177
0.114032
0.136962
0.154253
0.165922
0.173334
0.179132
0.184423
0.187793
0.188271
0.186299
0.182571
0.178153
0.173768
0.169661
0.165781
0.161915
0.158596
0.156239
0.154856
0.154776
0.156769
0.161247
0.167104
0.172923
0.177380
0.180126
0.183839
0.189516
0.196393
0.203959
0.210022
0.213407
0.213926
0.211491
0.206369
0.196764
0.178662
0.149464
0.109333
0.060756
0.006847
-0.051682
-0.115153
-0.181755
-0.244476
-0.294657
-0.328670
-0.348380
-0.359491
-0.368204
-0.378655
-0.391787
-0.407272
-0.423735
-0.438087
-0.448987
-0.456126
-0.459266
-0.459066
-0.455620
-0.448346
-0.436742
-0.422055
-0.407844
-0.396837
-0.390131
-0.385361
-0.375075
-0.349709
-0.301666
-0.232001
-0.149533
-0.062726
0.024907
0.114661
0.206401
0.298103
0.388145
0.468125
0.521700
0.536539
0.512229
0.455361
0.375303
0.283458
0.186139
0.079379
-0.041933
-0.166900
-0.269267
-0.332418
-0.364873
-0.388201
-0.415442
-0.440236
-0.445914
-0.420083
-0.358813
-0.267823
-0.165318
-0.073498
-0.002444
0.052260
0.101264
0.155023
0.217291
0.281493
0.336299
0.373706
0.393637
0.401777
0.403805
0.402088
0.396313
0.387016
0.375739
0.364230
0.354424
0.346467
0.339367
0.332490
0.324850
0.315962
0.306525
0.296731
0.284210
0.265367
0.239677
0.209628
0.179090
0.150762
0.123065
0.093207
0.059014
0.017842
-0.032661
-0.094046
-0.169342
-0.260967
-0.363812
-0.462211
-0.531875
-0.555024
-0.535376
-0.490810
-0.436635
-0.379588
-0.322660
-0.270047
-0.226988
-0.195300
-0.171674
-0.151104
-0.129713
-0.106007
-0.081463
-0.057990
-0.035801
-0.013880
0.008736
0.031800
0.055151
0.079037
0.104114
0.130057
0.155464
0.179868
0.201396
0.216879
0.224160
0.221875
0.210139
0.190316
0.164831
0.138155
0.113697
0.091545
0.069395
0.043984
0.014112
-0.019081
-0.053579
-0.087933
-0.120444
-0.146824
-0.161372
-0.159018
-0.137997
-0.101182
-0.055193
-0.008387
0.034183
0.071911
0.105498
0.135653
0.164069
0.192120
0.217320
0.235131
0.242027
0.238125
0.226180
0.208951
0.188404
0.164280
0.137014
0.108608
0.082070
0.059852
0.041527
0.026137
0.011815
-0.002791
-0.017541
-0.034403
-0.054505
-0.075985
-0.097149
-0.117542
-0.137425
-0.158905
-0.184260
-0.211350
-0.234434
-0.244675
-0.233961
-0.202817
-0.160056
-0.117995
-0.085301
-0.060367
-0.034194
-0.000836
0.037427
0.073614
0.100901
0.117043
0.124399
0.126529
0.125916
0.121789
0.111749
0.094558
0.069977
0.038406
0.001528
-0.038402
-0.079520
-0.119481
-0.156085
-0.188775
-0.219510
-0.251110
-0.284336
-0.315862
-0.339712
-0.351239
-0.349291
-0.337150
-0.319753
-0.299910
-0.278168
-0.254346
-0.228692
-0.202148
-0.175180
-0.148607
-0.124544
-0.102655
-0.081283
-0.060431
-0.041101
-0.025968
-0.017303
-0.014764
-0.016416
-0.018201
-0.015069
-0.004585
0.013134
0.035326
0.058602
0.081379
0.103782
0.127590
0.154113
0.183270
0.214716
0.246525
0.273465
0.291522
0.300633
0.303538
0.304302
0.304619
0.302451
0.294022
0.276505
0.250873
0.222450
0.196990
0.177460
0.164153
0.154608
0.145835
0.136992
0.128669
0.123476
0.124119
0.131250
0.144647
0.162711
0.181442
0.195145
0.197801
0.185155
0.157319
0.117640
0.070555
0.019615
-0.032188
-0.081700
-0.127461
-0.167927
-0.200562
-0.222888
-0.234284
-0.238000
-0.237976
-0.235433
-0.229105
-0.217507
-0.200784
-0.180621
-0.158801
-0.136297
-0.113234
-0.088834
-0.061886
-0.031922
0.000303
0.034862
0.070417
0.102576
0.128263
0.147018
0.160039
0.168939
0.173741
0.173126
0.166210
0.153404
0.136563
0.117933
0.099125
0.080320
0.060257
0.037488
0.012292
-0.012517
-0.034315
-0.052736
-0.068954
-0.084288
-0.102085
-0.124435
-0.149065
-0.173579
-0.196566
-0.218452
-0.239526
-0.258153
-0.272484
-0.279980
-0.278347
-0.268570
-0.254518
-0.238421
-0.220613
-0.201163
-0.179327
-0.155500
-0.130757
-0.106462
-0.084219
-0.063686
-0.044943
-0.027993
-0.011168
0.005134
0.019991
0.033885
0.045427
0.051249
0.048905
0.037595
0.019104
-0.003628
-0.029833
-0.059507
-0.091672
-0.124306
-0.152539
-0.169235
-0.172133
-0.165531
-0.155671
-0.148606
-0.146751
-0.148300
-0.149898
-0.148205
-0.141895
-0.131571
-0.119377
-0.107229
-0.095481
-0.083850
-0.069938
-0.050882
-0.026936
0.000292
0.028793
0.055530
0.079207
0.100927
0.120938
0.139202
0.156494
0.172730
0.188110
0.202794
0.210967
0.187957
0.108258
-0.005904
-0.093117
-0.115867
-0.089963
-0.056948
-0.043659
-0.046163
-0.046736
-0.035483
-0.013259
0.012734
0.035846
0.054362
0.070841
0.087914
0.105347
0.122466
0.139280
0.154555
0.167080
0.175988
0.178976
0.174307
0.161525
0.141450
0.116381
0.090089
0.067172
0.049106
0.034706
0.021757
0.008728
-0.002373
-0.010369
-0.015277
-0.017191
-0.017419
-0.016803
-0.015782
-0.015083
-0.014947
-0.014838
-0.015350
-0.018241
-0.024423
-0.034170
-0.046898
-0.060704
-0.075088
-0.089446
-0.102186
-0.112813
-0.120778
-0.126645
-0.132179
-0.138534
-0.145369
-0.151255
-0.153628
-0.149266
-0.139513
-0.127578
-0.115223
-0.103600
-0.091683
-0.078036
-0.062580
-0.047271
-0.034320
-0.025257
-0.021246
-0.021669
-0.025068
-0.031491
-0.040913
-0.051790
-0.062406
-0.070612
-0.074065
-0.071754
-0.063956
-0.052044
-0.038649
-0.025526
-0.013599
-0.003310
0.005763
0.013595
0.019700
0.023424
0.025819
0.029010
0.033768
0.039867
0.047014
0.054915
0.062473
0.068788
0.073354
0.075278
0.074518
0.071793
0.068527
0.067337
0.069212
0.073743
0.081203
0.090974
0.101992
0.113784
0.126075
0.139659
0.154803
0.170356
0.185656
0.199738
0.211118
0.219690
0.225821
0.228779
0.228203
0.223849
0.215398
0.203469
0.189582
0.175703
0.163007
0.151201
0.138683
0.123940
0.106380
0.086280
0.064904
0.044115
0.024519
0.005610
-0.012225
-0.027944
-0.039298
-0.043879
-0.041634
-0.033272
-0.020395
-0.004811
0.012944
0.031691
0.050223
0.067263
0.081638
0.092798
0.098598
0.096802
0.087253
0.071027
0.051343
0.032031
0.014891
0.000602
-0.011012
-0.020601
-0.027927
-0.033117
-0.037439
-0.041866
-0.047266
-0.054355
-0.061917
-0.067873
-0.071495
-0.072518
-0.071484
-0.070012
-0.069089
-0.068034
-0.065981
-0.062924
-0.058640
-0.053373
-0.047339
-0.041043
-0.036358
-0.034406
-0.035373
-0.038927
-0.043636
-0.048858
-0.054802
-0.060711
-0.066828
-0.073544
-0.080297
-0.086764
-0.092408
-0.096879
-0.100599
-0.103645
-0.105268
-0.105323
-0.104473
-0.103864
-0.104058
-0.105443
-0.108243
-0.111977
-0.116110
-0.120265
-0.124172
-0.127131
-0.127676
-0.124300
-0.116428
-0.104509
-0.089616
-0.072093
-0.051444
-0.028304
-0.004443
0.018423
0.038483
0.054625
0.067680
0.077644
0.084155
0.088390
0.090446
0.089868
0.086863
0.082017
0.075763
0.068666
0.062309
0.058375
0.057546
0.059925
0.064364
0.069421
0.074656
0.079859
0.085399
0.091131
0.096985
0.102987
0.108554
0.113537
0.116813
0.117574
0.116550
0.113644
0.108935
0.102309
0.093219
0.083634
0.075632
0.070443
0.068600
0.069961
0.074928
0.082742
0.092090
0.101048
0.107552
0.110545
0.109830
0.105229
0.096855
0.086616
0.076429
0.067464
0.059937
0.053069
0.046201
0.038417
0.029027
0.018874
0.008595
-0.001869
-0.011744
-0.020986
-0.030661
-0.040634
-0.049571
-0.056270
-0.060825
-0.064236
-0.067249
-0.070336
-0.073253
-0.075418
-0.076551
-0.076857
-0.077560
-0.079732
-0.083447
-0.088387
-0.093100
-0.096042
-0.096420
-0.093941
-0.089491
-0.084321
-0.079126
-0.073394
-0.066414
-0.059273
-0.053612
-0.049869
-0.047581
-0.045955
-0.043844
-0.040280
-0.035268
-0.029236
-0.022420
-0.015551
-0.009581
-0.004484
0.000098
0.003413
0.004778
0.004729
0.003235
0.000657
-0.002066
-0.004460
-0.006878
-0.010689
-0.016211
-0.023072
-0.030046
-0.034927
-0.036736
-0.036218
-0.034065
-0.030588
-0.026517
-0.022789
-0.020231
-0.018330
-0.016111
-0.013425
-0.011104
-0.010683
-0.013090
-0.018246
-0.025685
-0.034398
-0.043057
-0.050365
-0.054764
-0.055320
-0.052235
-0.046434
-0.038824
-0.030867
-0.022920
-0.013927
-0.003764
0.007536
0.020038
0.033031
0.045460
0.056196
0.063638
0.067627
0.069499
0.070363
0.070726
0.070607
0.069683
0.067484
0.064479
0.061061
0.057228
0.053701
0.050662
0.047403
0.043357
0.038393
0.032772
0.026748
0.019744
0.011943
0.003912
-0.004565
-0.013000
-0.021239
-0.029190
-0.036028
-0.040212
-0.040317
-0.037162
-0.032479
-0.027758
-0.024556
-0.022853
-0.021910
-0.021823
-0.022588
-0.023796
-0.025672
-0.028221
-0.030544
-0.032428
-0.034037
-0.035215
-0.035456
-0.034059
-0.030663
-0.025598
-0.019530
-0.013443
-0.007140
0.000321
0.008019
0.014184
0.017208
0.017054
0.015779
0.014817
0.013926
0.012144
0.008804
0.003927
-0.001827
-0.007794
-0.013797
-0.018950
-0.022401
-0.024284
-0.025299
-0.025955
-0.026227
-0.026216
-0.025390
-0.024355
-0.024490
-0.025863
-0.028234
-0.030572
-0.032011
-0.032632
-0.032633
-0.032703
-0.032595
-0.031802
-0.030803
-0.029152
-0.026754
-0.024064
-0.021841
-0.021001
-0.021677
-0.024121
-0.028485
-0.034508
-0.041767
-0.049125
-0.054453
-0.055912
-0.052810
-0.045739
-0.036448
-0.027096
-0.019162
-0.013038
-0.007752
-0.001820
0.005758
0.014760
0.023855
0.032080
0.039082
0.045616
0.052729
0.061024
0.071194
0.082178
0.091815
0.100033
0.107334
0.113911
0.120642
0.128047
0.135539
0.141747
0.146564
0.151524
0.157075
0.162343
0.166665
0.169112
0.168873
0.166910
0.163725
0.158054
0.148827
0.134495
0.113499
0.086443
0.054935
0.021019
-0.013297
-0.047563
-0.081473
-0.113156
-0.138661
-0.155246
-0.161415
-0.156846
-0.145237
-0.131006
-0.117249
-0.105335
-0.094730
-0.083877
-0.071937
-0.059497
-0.047276
-0.035886
-0.024910
-0.013710
-0.003110
0.006151
0.014166
0.021132
0.027800
0.033993
0.038599
0.041283
0.042016
0.040784
0.037410
0.032306
0.026423
0.020826
0.016305
0.012450
0.008366
0.003274
-0.002742
-0.008883
-0.014391
-0.018787
-0.022608
-0.026371
-0.030389
-0.034627
-0.037894
-0.039124
-0.037945
-0.034576
-0.029434
-0.022980
-0.016430
-0.011266
-0.008863
-0.010298
-0.015103
-0.022435
-0.031385
-0.040288
-0.048233
-0.055085
-0.060888
-0.065799
-0.069644
-0.072386
-0.074834
-0.078114
-0.082045
-0.085676
-0.089077
-0.092374
-0.096608
-0.103247
-0.111955
-0.121705
-0.130388
-0.135516
-0.136959
-0.136015
-0.133587
-0.129996
-0.124747
-0.117980
-0.110360
-0.101919
-0.092673
-0.081986
-0.069756
-0.057157
-0.045247
-0.034088
-0.022904
-0.010999
0.001899
0.014918
0.026794
0.036700
0.044600
0.051388
0.057795
0.063377
0.067238
0.069481
0.070730
0.071802
0.073203
0.074903
0.076677
0.077512
0.076415
0.073129
0.067228
0.058105
0.046236
0.033596
0.022284
0.012903
0.005035
-0.002022
-0.009027
-0.015344
-0.019932
-0.022623
-0.022976
-0.021087
-0.017865
-0.013794
-0.009845
-0.006784
-0.004791
-0.004168
-0.004829
-0.006625
-0.009037
-0.011442
-0.014250
-0.017871
-0.022051
-0.026465
-0.030631
-0.034233
-0.037495
-0.040391
-0.042533
-0.043714
-0.044036
-0.043888
-0.043026
-0.041506
-0.039258
-0.035822
-0.031223
-0.025518
-0.019533
-0.014158
-0.009155
-0.004171
0.001313
0.008048
0.015787
0.024452
0.034233
0.044505
0.054454
0.062966
0.068848
0.071760
0.071428
0.067774
0.060793
0.050187
0.036504
0.021378
0.006123
-0.008287
-0.020839
-0.030591
-0.036387
-0.037783
-0.034556
-0.026825
-0.015447
-0.001893
0.011613
0.022891
0.031550
0.039008
0.045747
0.051913
0.057492
0.061324
0.062543
0.061477
0.059763
0.059038
0.059974
0.062778
0.066385
0.069597
0.072242
0.074158
0.075665
0.077836
0.081550
0.086269
0.091497
0.097095
0.102566
0.107716
0.112603
0.117883
0.123450
0.127798
0.129602
0.128782
0.126296
0.123476
0.120910
0.117925
0.113546
0.107221
0.099343
0.090323
0.080233
0.069408
0.058573
0.048842
0.040969
0.034734
0.029182
0.024035
0.019526
0.015859
0.013365
0.011607
0.009232
0.005217
-0.000261
-0.006351
-0.012611
-0.019319
-0.026382
-0.033261
-0.039565
-0.045428
-0.050666
-0.054619
-0.057115
-0.057794
-0.056672
-0.053955
-0.050303
-0.047055
-0.044343
-0.042097
-0.040440
-0.039080
-0.037635
-0.035823
-0.033602
-0.030613
-0.027452
-0.024861
-0.022457
-0.020620
-0.019283
-0.018242
-0.017951
-0.017963
-0.017865
-0.017334
-0.016092
-0.015085
-0.015598
-0.017331
-0.019808
-0.023251
-0.027045
-0.031412
-0.036753
-0.042197
-0.047726
-0.053207
-0.057779
-0.061287
-0.063494
-0.064218
-0.064022
-0.063293
-0.061909
-0.059978
-0.057979
-0.055868
-0.053499
-0.050815
-0.047712
-0.044421
-0.041036
-0.037374
-0.032600
-0.026139
-0.018233
-0.009352
-0.000321
0.008381
0.016269
0.023121
0.029164
0.034089
0.037681
0.039642
0.039935
0.039377
0.038411
0.037258
0.036040
0.034728
0.033940
0.033823
0.033873
0.034278
0.035568
0.038034
0.041647
0.045996
0.050166
0.053418
0.055989
0.058637
0.061640
0.064675
0.067257
0.068346
0.067124
0.063215
0.057106
0.050570
0.044912
0.040259
0.036084
0.031898
0.027498
0.022951
0.018089
0.012475
0.005523
-0.003040
-0.011999
-0.019790
-0.025963
-0.030997
-0.035507
-0.039480
-0.042979
-0.046222
-0.049274
-0.052419
-0.055690
-0.059145
-0.063059
-0.066986
-0.070404
-0.073400
-0.075499
-0.076829
-0.077927
-0.077589
-0.075298
-0.071539
-0.066222
-0.059906
-0.053086
-0.045620
-0.037769
-0.029813
-0.021880
-0.014246
-0.006465
0.002011
0.011096
0.020271
0.028178
0.033711
0.036742
0.037627
0.036318
0.032665
0.027186
0.020657
0.013934
0.007513
0.001588
-0.004013
-0.008838
-0.011789
-0.013241
-0.013983
-0.014132
-0.013686
-0.012707
-0.011953
-0.012192
-0.013510
-0.016379
-0.020696
-0.025319
-0.029396
-0.032019
-0.033325
-0.034237
-0.034669
-0.034365
-0.033185
-0.030986
-0.028283
-0.025081
-0.021226
-0.017758
-0.015001
-0.012859
-0.011340
-0.009555
-0.006894
-0.003463
0.000332
0.003980
0.006747
0.007968
0.007392
0.005008
0.000840
-0.004587
-0.009869
-0.013836
-0.015488
-0.014620
-0.012071
-0.008320
-0.003764
0.000979
0.005691
0.011123
0.017762
0.025335
0.033609
0.041609
0.048204
0.053312
0.057238
0.060386
0.063320
0.066309
0.068977
0.070756
0.070989
0.069123
0.065109
0.059511
0.053452
0.047328
0.041401
0.036711
0.033449
0.030687
0.027520
0.023237
0.018135
0.013352
0.009831
0.008330
0.008791
0.010355
0.012076
0.013178
0.013582
0.014080
0.015016
0.016085
0.017184
0.018257
0.018702
0.018135
0.016793
0.014979
0.013406
0.012533
0.012757
0.014455
0.017442
0.021410
0.025493
0.028626
0.030480
0.031416
0.031892
0.032101
0.031419
0.029326
0.026588
0.023923
0.021429
0.019036
0.016896
0.015916
0.017004
0.020081
0.024376
0.029025
0.033468
0.037560
0.040972
0.043206
0.044149
0.043833
0.042624
0.040871
0.038293
0.034980
0.030891
0.025713
0.019864
0.013687
0.007427
0.001050
-0.005847
-0.012772
-0.018934
-0.024179
-0.028210
-0.030957
-0.032644
-0.033380
-0.033356
-0.032612
-0.031519
-0.030690
-0.030067
-0.028856
-0.026492
-0.023232
-0.019851
-0.016938
-0.014732
-0.013098
-0.011400
-0.009061
-0.006366
-0.004036
-0.002141
-0.000376
0.001227
0.002422
0.002608
0.000964
-0.002723
-0.008168
-0.014430
-0.020735
-0.027018
-0.032751
-0.037045
-0.039001
-0.037824
-0.033644
-0.027733
-0.021680
-0.016666
-0.012573
-0.008294
-0.003242
0.002614
0.008922
0.015379
0.021901
0.028421
0.034564
0.039553
0.043383
0.046506
0.049111
0.051262
0.052778
0.053469
0.053510
0.053291
0.052816
0.051880
0.050499
0.048513
0.046092
0.043582
0.040637
0.036487
0.030586
0.023719
0.017021
0.010850
0.005246
0.000016
-0.005179
-0.010664
-0.016525
-0.022365
-0.027584
-0.031948
-0.035458
-0.038071
-0.039182
-0.037907
-0.034100
-0.028406
-0.022220
-0.016863
-0.012421
-0.008662
-0.005836
-0.004206
-0.003843
-0.004636
-0.006530
-0.009508
-0.013308
-0.017093
-0.019943
-0.020875
-0.019386
-0.016236
-0.012467
-0.009335
-0.007332
-0.006524
-0.006860
-0.007670
-0.008866
-0.010361
-0.012191
-0.014788
-0.018159
-0.022041
-0.026365
-0.031107
-0.036342
-0.042109
-0.047761
-0.052739
-0.056977
-0.060494
-0.063101
-0.064390
-0.064399
-0.063352
-0.061856
-0.060256
-0.058172
-0.055640
-0.052724
-0.049514
-0.046180
-0.042410
-0.038169
-0.034449
-0.031519
-0.028373
-0.024726
-0.020916
-0.017485
-0.015314
-0.014451
-0.014514
-0.014941
-0.015542
-0.016781
-0.018437
-0.020333
-0.022298
-0.023524
-0.023173
-0.021331
-0.018799
-0.016673
-0.015557
-0.015103
-0.015323
-0.015736
-0.015510
-0.014703
-0.013726
-0.012655
-0.011159
-0.009098
-0.006542
-0.003891
-0.001013
0.001822
0.004024
0.005944
0.006945
0.007098
0.006944
0.005862
0.004051
0.001524
-0.002056
-0.006126
-0.010212
-0.014008
-0.017731
-0.022087
-0.027085
-0.032611
-0.038739
-0.045233
-0.051177
-0.055880
-0.059192
-0.061070
-0.061164
-0.058873
-0.054358
-0.048300
-0.041639
-0.034764
-0.028246
-0.022633
-0.017503
-0.013176
-0.010586
-0.010241
-0.012150
-0.015642
-0.020389
-0.026647
-0.033685
-0.040518
-0.046207
-0.049592
-0.051040
-0.051654
-0.051580
-0.050699
-0.048887
-0.046128
-0.043001
-0.040019
-0.037080
-0.034127
-0.030587
-0.025932
-0.020805
-0.015192
-0.009384
-0.003900
0.001508
0.006544
0.010857
0.014183
0.017036
0.019682
0.021912
0.023555
0.024141
0.023203
0.020004
0.015366
0.010822
0.007098
0.004928
0.004439
0.004843
0.005741
0.007040
0.008889
0.011350
0.013482
0.015362
0.017567
0.019819
0.022847
0.027149
0.031535
0.035327
0.038452
0.040922
0.043223
0.045478
0.047511
0.049465
0.050677
0.050653
0.050017
0.048985
0.047819
0.046693
0.045025
0.042727
0.040016
0.036685
0.033136
0.029865
0.027043
0.024736
0.022571
0.020015
0.017524
0.015936
0.015221
0.015345
0.015771
0.015933
0.015752
0.015283
0.015283
0.015870
0.017038
0.019129
0.021445
0.023502
0.025678
0.028479
0.031692
0.034329
0.036100
0.036536
0.035263
0.032423
0.027896
0.022988
0.018838
0.015371
0.013005
0.011391
0.010377
0.011045
0.012857
0.014826
0.016782
0.017819
0.017549
0.016351
0.013907
0.010124
0.005137
-0.001053
-0.008152
-0.015695
-0.022909
-0.029645
-0.035979
-0.041161
-0.044371
-0.045632
-0.045368
-0.044501
-0.043972
-0.044012
-0.044572
-0.045216
-0.045211
-0.043980
-0.041352
-0.037235
-0.032418
-0.028157
-0.025158
-0.023806
-0.023661
-0.023267
-0.022205
-0.021342
-0.021372
-0.022649
-0.024348
-0.026048
-0.027916
-0.029460
-0.030357
-0.030446
-0.029803
-0.029225
-0.029517
-0.030456
-0.032015
-0.033814
-0.034787
-0.034232
-0.031208
-0.026071
-0.020106
-0.014116
-0.009217
-0.005759
-0.003301
-0.001401
-0.000468
-0.001451
-0.004261
-0.008436
-0.012927
-0.016122
-0.017578
-0.017282
-0.015588
-0.013141
-0.009844
-0.006343
-0.003544
-0.002313
-0.002372
-0.002434
-0.002561
-0.002118
-0.000787
0.000264
0.001181
0.002105
0.002716
0.003263
0.003431
0.003214
0.003087
0.003396
0.004304
0.005839
0.008221
0.011079
0.014416
0.018731
0.023925
0.029314
0.033679
0.036795
0.039086
0.040617
0.041313
0.041179
0.040124
0.037660
0.033515
0.028321
0.023155
0.018554
0.014938
0.012847
0.012461
0.014068
0.016969
0.020097
0.023865
0.027707
0.030884
0.033558
0.035492
0.036669
0.037207
0.037131
0.036968
0.037034
0.037374
0.037960
0.038125
0.037766
0.036701
0.034944
0.032937
0.031041
0.029730
0.028904
0.028003
0.026811
0.026209
0.026234
0.026241
0.026439
0.026489
0.025961
0.024859
0.023113
0.021098
0.019221
0.017903
0.017614
0.017890
0.018204
0.018858
0.019770
0.020792
0.021992
0.023008
0.022759
0.019754
0.014284
0.008815
0.005786
0.005913
0.007901
0.009579
0.009956
0.009322
0.007976
0.006815
0.007153
0.008765
0.010689
0.012405
0.013274
0.013250
0.012488
0.010730
0.008181
0.004939
0.001318
-0.002002
-0.005114
-0.008163
-0.011364
-0.014788
-0.017784
-0.019894
-0.021597
-0.023559
-0.025965
-0.028792
-0.031815
-0.034554
-0.036758
-0.038763
-0.040807
-0.042547
-0.043067
-0.041803
-0.039199
-0.035548
-0.031009
-0.026427
-0.021954
-0.017354
-0.012922
-0.008198
-0.002237
0.004942
0.012483
0.019679
0.026279
0.032189
0.037582
0.042385
0.046101
0.048604
0.049424
0.048082
0.044756
0.039832
0.033938
0.027902
0.022222
0.016712
0.011305
0.006847
0.004198
0.003283
0.003546
0.004212
0.004931
0.005997
0.007457
0.009170
0.011095
0.012970
0.014339
0.015068
0.015012
0.013909
0.011809
0.008739
0.005541
0.002974
0.001159
0.000473
0.000627
0.000884
0.000833
0.000655
0.000519
0.000465
0.000499
0.000616
0.001126
0.002076
0.002935
0.002686
0.001091
-0.001143
-0.003511
-0.005195
-0.005518
-0.004880
-0.003523
-0.001133
0.002059
0.005403
0.008106
0.009248
0.008487
0.005766
0.001557
-0.003172
-0.008146
-0.013300
-0.018718
-0.024171
-0.028866
-0.032164
-0.033740
-0.034011
-0.033791
-0.033602
-0.033134
-0.031803
-0.029730
-0.027534
-0.025306
-0.023004
-0.020903
-0.019372
-0.019201
-0.019838
-0.020337
-0.021079
-0.021954
-0.022536
-0.022690
-0.022554
-0.022272
-0.021743
-0.020719
-0.019149
-0.017521
-0.015952
-0.014755
-0.014524
-0.015735
-0.018230
-0.021202
-0.024606
-0.028519
-0.032783
-0.037176
-0.041337
-0.044908
-0.047510
-0.048653
-0.047947
-0.045595
-0.042029
-0.037715
-0.033036
-0.028028
-0.022650
-0.017027
-0.010917
-0.004235
0.002335
0.008336
0.013685
0.018366
0.022458
0.025848
0.028072
0.029017
0.028683
0.026618
0.022565
0.016535
0.008803
0.000002
-0.008859
-0.016779
-0.023464
-0.028531
-0.032030
-0.034648
-0.036805
-0.038624
-0.039884
-0.040283
-0.039997
-0.039270
-0.038005
-0.036575
-0.035021
-0.033208
-0.030780
-0.027065
-0.022607
-0.018228
-0.014077
-0.009761
-0.004771
0.000763
0.006258
0.010966
0.014381
0.016662
0.018249
0.019401
0.020285
0.020746
0.020660
0.020046
0.018822
0.017453
0.016195
0.014699
0.012740
0.010703
0.009132
0.008022
0.007208
0.006527
0.005986
0.005360
0.003911
0.001503
-0.001420
-0.004575
-0.007246
-0.008545
-0.008110
-0.005923
-0.002242
0.002222
0.006610
0.010691
0.014626
0.018568
0.022455
0.025995
0.029066
0.031573
0.033380
0.034362
0.033771
0.031088
0.026648
0.020938
0.013839
0.005314
-0.003667
-0.012121
-0.019294
-0.025151
-0.030228
-0.034542
-0.037873
-0.040164
-0.041551
-0.042440
-0.042690
-0.042109
-0.040702
-0.037612
-0.032722
-0.026798
-0.020381
-0.014103
-0.007926
-0.001517
0.004931
0.011234
0.017034
0.021798
0.024935
0.026071
0.025147
0.022685
0.019627
0.016072
0.011777
0.007013
0.002559
-0.000798
-0.002916
-0.004827
-0.007104
-0.009381
-0.011627
-0.014140
-0.017353
-0.020992
-0.024855
-0.028780
-0.032500
-0.035945
-0.038903
-0.041164
-0.042246
-0.041957
-0.040067
-0.036494
-0.031899
-0.026893
-0.021724
-0.016341
-0.010547
-0.004187
0.002036
0.007392
0.012052
0.016621
0.021580
0.026305
0.029897
0.031930
0.032356
0.032013
0.031548
0.031005
0.029874
0.027444
0.024370
0.022022
0.021469
0.022949
0.025412
0.027596
0.029204
0.030964
0.033220
0.035741
0.038201
0.039809
0.040345
0.039614
0.037389
0.034384
0.030856
0.026531
0.021669
0.016786
0.012634
0.009872
0.008893
0.009763
0.012121
0.015661
0.019517
0.022997
0.026037
0.028232
0.029200
0.028926
0.027531
0.024926
0.021409
0.017747
0.014307
0.011511
0.009810
0.009136
0.009063
0.009481
0.010252
0.011159
0.011938
0.012254
0.012094
0.011697
0.011701
0.011876
0.011974
0.012295
0.013006
0.014326
0.016274
0.018394
0.020124
0.021819
0.023186
0.023565
0.023549
0.023368
0.023148
0.023290
0.023478
0.023656
0.023598
0.022922
0.021918
0.020423
0.018504
0.016754
0.015360
0.014634
0.014372
0.014376
0.014251
0.012985
0.010710
0.007821
0.004692
0.001906
-0.000789
-0.003910
-0.007467
-0.011532
-0.015921
-0.019977
-0.023433
-0.025729
-0.026786
-0.027477
-0.028023
-0.028412
-0.028691
-0.028686
-0.028267
-0.027276
-0.025098
-0.021563
-0.017496
-0.013326
-0.009297
-0.005897
-0.003506
-0.002496
-0.002579
-0.002847
-0.002717
-0.001621
0.000360
0.002125
0.003336
0.004092
0.004784
0.005980
0.007514
0.009054
0.010046
0.010911
0.011747
0.011950
0.011983
0.012452
0.013668
0.015234
0.017016
0.018971
0.020736
0.022477
0.023785
0.024414
0.024837
0.024723
0.023997
0.023185
0.022476
0.021637
0.020394
0.018758
0.016877
0.014847
0.012266
0.009155
0.005988
0.002859
-0.000297
-0.003478
-0.006243
-0.007850
-0.007927
-0.006801
-0.005065
-0.002883
-0.000443
0.002155
0.004902
0.007005
0.008122
0.008293
0.007261
0.005685
0.004412
0.003617
0.003211
0.003184
0.003580
0.004364
0.005455
0.006981
0.008511
0.009225
0.009271
0.008906
0.007746
0.005812
0.003552
0.000346
-0.003886
-0.007876
-0.010934
-0.012699
-0.013213
-0.012524
-0.010422
-0.007626
-0.004294
-0.000310
0.003873
0.008070
0.012253
0.016683
0.021385
0.025594
0.028867
0.031255
0.032339
0.032195
0.031510
0.030117
0.027047
0.022389
0.017177
0.011719
0.005813
-0.000312
-0.006384
-0.012235
-0.017341
-0.021641
-0.025656
-0.029322
-0.032274
-0.034083
-0.034539
-0.034138
-0.033116
-0.031153
-0.027887
-0.023582
-0.018743
-0.013595
-0.008348
-0.003416
0.000434
0.002633
0.003396
0.003038
0.001987
0.000869
-0.000470
-0.001812
-0.002550
-0.002585
-0.002291
-0.002181
-0.002247
-0.002217
-0.001747
-0.000710
0.000408
0.000528
-0.000552
-0.002216
-0.004081
-0.005864
-0.007782
-0.009759
-0.011371
-0.012764
-0.013299
-0.012342
-0.010408
-0.007912
-0.005489
-0.003487
-0.001541
0.000646
0.003239
0.005985
0.008131
0.009388
0.010252
0.010699
0.010415
0.009284
0.007402
0.004950
0.001990
-0.001027
-0.003886
-0.006341
-0.007938
-0.008349
-0.007577
-0.006045
-0.004019
-0.001932
0.000167
0.002382
0.004200
0.005490
0.006126
0.005704
0.004310
0.002459
0.000612
-0.001194
-0.002971
-0.004719
-0.006235
-0.007614
-0.009249
-0.010870
-0.012683
-0.014776
-0.016588
-0.018114
-0.019210
-0.019650
-0.019564
-0.019034
-0.017926
-0.016129
-0.013610
-0.010747
-0.008111
-0.005644
-0.003597
-0.002466
-0.002152
-0.002656
-0.003947
-0.005158
-0.005974
-0.006713
-0.007072
-0.006516
-0.005427
-0.004482
-0.003719
-0.002911
-0.001802
-0.000717
-0.000545
-0.001648
-0.003679
-0.006419
-0.009026
-0.010686
-0.010869
-0.009332
-0.006757
-0.003435
0.000160
0.003316
0.005742
0.007242
0.008301
0.009299
0.010127
0.011250
0.012364
0.012644
0.012383
0.011790
0.010540
0.008747
0.006659
0.004162
0.001829
0.000568
0.000377
0.000934
0.001991
0.003243
0.004750
0.006337
0.007777
0.009728
0.012113
0.014070
0.015155
0.015043
0.014093
0.012666
0.011145
0.010005
0.009209
0.008516
0.007385
0.005602
0.002775
-0.001158
-0.005103
-0.008082
-0.009889
-0.010675
-0.010737
-0.010294
-0.009246
-0.006999
-0.003089
0.002154
0.008134
0.014185
0.020724
0.027606
0.032993
0.036264
0.037904
0.038664
0.039043
0.039004
0.038594
0.037786
0.036222
0.034001
0.031467
0.028343
0.024611
0.020039
0.014537
0.009149
0.004331
-0.000531
-0.005932
-0.012089
-0.018496
-0.024150
-0.028840
-0.032824
-0.036183
-0.038686
-0.039658
-0.038802
-0.036109
-0.031832
-0.027144
-0.022891
-0.019120
-0.015671
-0.011994
-0.008251
-0.005153
-0.002983
-0.001727
-0.001433
-0.002847
-0.006127
-0.010717
-0.015538
-0.019633
-0.022826
-0.025001
-0.025799
-0.024123
-0.019361
-0.012202
-0.004884
0.000468
0.003608
0.005085
0.005622
0.005796
0.005787
0.005422
0.003812
0.000939
-0.002234
-0.005389
-0.008245
-0.010735
-0.012710
-0.013613
-0.012976
-0.010905
-0.007972
-0.004936
-0.002424
-0.000691
0.000066
-0.000139
-0.001373
-0.003182
-0.005167
-0.007610
-0.010805
-0.014732
-0.018900
-0.022562
-0.025063
-0.026366
-0.026287
-0.024772
-0.022417
-0.019024
-0.014490
-0.009329
-0.003482
0.002471
0.007546
0.011369
0.013700
0.014101
0.012522
0.009759
0.006248
0.002114
-0.002200
-0.006124
-0.009023
-0.010574
-0.010937
-0.010601
-0.010406
-0.010609
-0.010809
-0.010941
-0.010947
-0.010967
-0.011455
-0.012946
-0.015617
-0.018879
-0.022033
-0.024850
-0.027544
-0.030203
-0.032996
-0.035500
-0.036943
-0.037236
-0.036657
-0.035709
-0.034705
-0.033562
-0.032358
-0.031425
-0.030867
-0.030773
-0.031025
-0.031191
-0.031465
-0.032311
-0.033436
-0.034294
-0.034814
-0.035431
-0.036312
-0.036820
-0.036056
-0.034347
-0.032592
-0.030754
-0.028305
-0.024874
-0.020675
-0.016237
-0.012074
-0.008471
-0.005600
-0.003676
-0.002573
-0.002354
-0.002945
-0.003982
-0.005475
-0.006987
-0.008065
-0.008321
-0.007745
-0.006603
-0.004596
-0.002042
0.000545
0.003003
0.005345
0.007441
0.009035
0.010424
0.011384
0.011878
0.012113
0.011889
0.011549
0.010888
0.009913
0.009221
0.009151
0.009998
0.011336
0.012481
0.013004
0.012819
0.012501
0.012518
0.012678
0.012375
0.011663
0.010744
0.009480
0.008134
0.006984
0.006318
0.006280
0.007077
0.008852
0.011254
0.013908
0.016786
0.020084
0.023776
0.027625
0.031309
0.034326
0.036645
0.038499
0.039676
0.039775
0.038909
0.037891
0.037533
0.037710
0.037646
0.036893
0.035575
0.034150
0.032839
0.031539
0.030118
0.028296
0.026126
0.023990
0.021903
0.020239
0.019135
0.018316
0.017724
0.016765
0.015067
0.013143
0.011009
0.008399
0.005695
0.002989
0.000251
-0.002008
-0.003772
-0.005530
-0.007128
-0.008229
-0.008792
-0.009037
-0.009059
-0.008617
-0.007934
-0.007266
-0.006582
-0.005825
-0.005221
-0.005084
-0.005221
-0.005381
-0.005269
-0.004578
-0.003359
-0.002359
-0.001984
-0.001697
-0.001165
-0.000094
0.001308
0.002473
0.003654
0.005099
0.006581
0.008342
0.010462
0.012580
0.014513
0.016054
0.017387
0.018688
0.019820
0.020660
0.020964
0.020645
0.020252
0.020085
0.019483
0.017627
0.013938
0.008436
0.001950
-0.004792
-0.011575
-0.018366
-0.024947
-0.030503
-0.034433
-0.036894
-0.038059
-0.037861
-0.036079
-0.032576
-0.027846
-0.022419
-0.016486
-0.010973
-0.006649
-0.003273
-0.000867
0.000522
0.001662
0.002925
0.004443
0.006599
0.008900
0.010839
0.012603
0.014433
0.016460
0.018515
0.020009
0.020364
0.019564
0.018003
0.016395
0.015327
0.014306
0.012762
0.010958
0.009376
0.008323
0.007928
0.007660
0.007273
0.007218
0.007344
0.007834
0.008693
0.009550
0.010616
0.011493
0.012006
0.012116
0.011756
0.011618
0.011596
0.011069
0.009960
0.008456
0.006807
0.005098
0.003159
0.001496
0.000640
0.000269
-0.000303
-0.001736
-0.003547
-0.005164
-0.006664
-0.007876
-0.008549
-0.008687
-0.008381
-0.007582
-0.006276
-0.004810
-0.003771
-0.002925
-0.002247
-0.002148
-0.002551
-0.003124
-0.003454
-0.003705
-0.003463
-0.002250
-0.000697
0.000477
0.001026
0.000734
-0.000365
-0.001988
-0.003967
-0.005835
-0.007363
-0.008280
-0.008362
-0.008111
-0.007725
-0.006898
-0.006060
-0.005360
-0.004429
-0.003459
-0.002968
-0.003382
-0.004535
-0.005264
-0.004427
-0.002214
0.000643
0.003475
0.006438
0.010092
0.014031
0.017249
0.019183
0.020154
0.020496
0.020317
0.019359
0.017535
0.015249
0.012905
0.011292
0.010646
0.010823
0.011548
0.012561
0.013838
0.015207
0.016686
0.017753
0.018188
0.018847
0.019833
0.020362
0.020207
0.019702
0.019190
0.018929
0.018656
0.017460
0.015161
0.012134
0.008693
0.005376
0.002398
-0.000449
-0.003538
-0.006873
-0.009983
-0.012560
-0.014225
-0.014851
-0.014905
-0.014564
-0.014093
-0.013416
-0.012109
-0.010360
-0.008374
-0.006687
-0.005778
-0.005228
-0.004384
-0.003306
-0.002472
-0.002125
-0.002184
-0.002049
-0.001524
-0.001113
-0.000894
-0.000593
-0.000206
0.000255
0.000548
0.000345
0.000013
0.000035
0.000063
0.000067
0.000564
0.001552
0.002687
0.003327
0.003747
0.004673
0.005610
0.006068
0.006132
0.005990
0.005855
0.005914
0.006533
0.007719
0.008649
0.008612
0.007643
0.005919
0.003823
0.001347
-0.001772
-0.004985
-0.008055
-0.010771
-0.012892
-0.014188
-0.014293
-0.013388
-0.011739
-0.009684
-0.007234
-0.004209
-0.001022
0.001639
0.003600
0.004911
0.005606
0.005771
0.004982
0.003107
0.000370
-0.003464
-0.008210
-0.013186
-0.017549
-0.020953
-0.023809
-0.026122
-0.027869
-0.029361
-0.030501
-0.030633
-0.029208
-0.026258
-0.022363
-0.018576
-0.015535
-0.013010
-0.010377
-0.007361
-0.004364
-0.001785
0.000319
0.001963
0.003254
0.004454
0.005662
0.007182
0.009078
0.010923
0.012843
0.014864
0.016835
0.018824
0.020569
0.021733
0.022333
0.022364
0.021765
0.020446
0.018145
0.015069
0.011728
0.008625
0.005968
0.003636
0.001754
0.000566
-0.000022
0.000236
0.001891
0.004691
0.008084
0.011765
0.015635
0.019605
0.023415
0.026478
0.028744
0.030642
0.032219
0.033286
0.033340
0.032173
0.030133
0.027623
0.024596
0.021162
0.017735
0.014430
0.011220
0.007996
0.004803
0.001657
-0.001040
-0.002586
-0.003094
-0.002754
-0.001975
-0.001212
0.000200
0.002415
0.005131
0.007890
0.009983
0.011224
0.011256
0.009968
0.007887
0.005152
0.001589
-0.002366
-0.006239
-0.009869
-0.012774
-0.014796
-0.016434
-0.018421
-0.021149
-0.024121
-0.026765
-0.028758
-0.029887
-0.030282
-0.029902
-0.029028
-0.028076
-0.026992
-0.026038
-0.025344
-0.024681
-0.023961
-0.023195
-0.022494
-0.021741
-0.020472
-0.018656
-0.017003
-0.015640
-0.014264
-0.013011
-0.011642
-0.009679
-0.007120
-0.004320
-0.001740
0.000221
0.001616
0.002703
0.003518
0.004213
0.005074
0.006193
0.007306
0.008034
0.008257
0.007929
0.007084
0.005898
0.004419
0.002499
0.000140
-0.002489
-0.005122
-0.007413
-0.009147
-0.010512
-0.011929
-0.013616
-0.015397
-0.017102
-0.018608
-0.019644
-0.020431
-0.021011
-0.021316
-0.021500
-0.021407
-0.021123
-0.021110
-0.021534
-0.022101
-0.022834
-0.023881
-0.025022
-0.026193
-0.027342
-0.028362
-0.029093
-0.029206
-0.028631
-0.027128
-0.024614
-0.021786
-0.018892
-0.016115
-0.013815
-0.011525
-0.009025
-0.006496
-0.003832
-0.001000
0.001857
0.005132
0.009116
0.013416
0.017579
0.021028
0.023695
0.026127
0.028588
0.030723
0.032106
0.032757
0.033195
0.033804
0.034182
0.033682
0.032212
0.030143
0.027844
0.025285
0.022252
0.018739
0.014968
0.011345
0.008111
0.005311
0.002649
0.000006
-0.002328
-0.004060
-0.004900
-0.004792
-0.004145
-0.003337
-0.002323
-0.001522
-0.001331
-0.001642
-0.002567
-0.003996
-0.005642
-0.007608
-0.010089
-0.012879
-0.015506
-0.017294
-0.017973
-0.018301
-0.018864
-0.019511
-0.019986
-0.020353
-0.020685
-0.020636
-0.020113
-0.019157
-0.017984
-0.017181
-0.016707
-0.016219
-0.015439
-0.014316
-0.013141
-0.011935
-0.010600
-0.009145
-0.007484
-0.005655
-0.003687
-0.001561
0.000312
0.001833
0.003442
0.005396
0.007793
0.010569
0.013310
0.015822
0.018182
0.020275
0.021944
0.023371
0.024975
0.026356
0.026899
0.026801
0.026445
0.026030
0.025325
0.023957
0.022281
0.020541
0.018486
0.016296
0.014493
0.013414
0.012743
0.012100
0.011335
0.010536
0.010204
0.010544
0.011687
0.013519
0.015200
0.015513
0.013269
0.008887
0.004938
0.004005
0.006263
0.009782
0.012517
0.013759
0.014256
0.014885
0.015949
0.017157
0.018166
0.018763
0.018467
0.017347
0.015770
0.013546
0.011109
0.009150
0.007616
0.006179
0.004597
0.002908
0.001532
0.000905
0.000825
0.000921
0.001125
0.001422
0.001599
0.001485
0.001052
0.000336
-0.000601
-0.001630
-0.002745
-0.004128
-0.005614
-0.006997
-0.008275
-0.009535
-0.010911
-0.012396
-0.013877
-0.015237
-0.016517
-0.017713
-0.018745
-0.019799
-0.020879
-0.021832
-0.022747
-0.023348
-0.023305
-0.022839
-0.022280
-0.021800
-0.021252
-0.020422
-0.019346
-0.018252
-0.017199
-0.016140
-0.015204
-0.014443
-0.014051
-0.013943
-0.013834
-0.013846
-0.013760
-0.013635
-0.013737
-0.013799
-0.013891
-0.014038
-0.013968
-0.013630
-0.013262
-0.013209
-0.013667
-0.014634
-0.015602
-0.016342
-0.017314
-0.018524
-0.019579
-0.020501
-0.021491
-0.022540
-0.023838
-0.024918
-0.025020
-0.024290
-0.023047
-0.021644
-0.020345
-0.019273
-0.018468
-0.017739
-0.016894
-0.016069
-0.015430
-0.015007
-0.014999
-0.015093
-0.014960
-0.014571
-0.013601
-0.012051
-0.010080
-0.007663
-0.004863
-0.001773
0.001446
0.004342
0.006658
0.008245
0.008731
0.008352
0.007363
0.005857
0.004273
0.002725
0.001162
-0.000511
-0.002419
-0.004114
-0.005017
-0.005019
-0.004194
-0.002961
-0.001710
-0.000277
0.001480
0.003335
0.005094
0.006813
0.008600
0.010390
0.011879
0.012931
0.013938
0.015092
0.015836
0.016037
0.016015
0.015470
0.014102
0.012062
0.009694
0.007531
0.005908
0.004531
0.003050
0.001508
0.000146
-0.000523
-0.000121
0.001175
0.002893
0.004467
0.005790
0.007128
0.008254
0.008833
0.008859
0.008519
0.008170
0.008074
0.008120
0.008145
0.008489
0.009350
0.010377
0.011365
0.012516
0.013965
0.015375
0.016196
0.016128
0.015498
0.014554
0.012997
0.010774
0.008159
0.005484
0.002977
0.000960
-0.000228
-0.000701
-0.000606
0.000149
0.001697
0.004106
0.007027
0.009637
0.011372
0.012405
0.013046
0.013311
0.013230
0.012656
0.011361
0.009475
0.007272
0.004919
0.002408
-0.000122
-0.002437
-0.004272
-0.005331
-0.005596
-0.005272
-0.004664
-0.003799
-0.002891
-0.002639
-0.003406
-0.004719
-0.005768
-0.006390
-0.006998
-0.007929
-0.009152
-0.010282
-0.010937
-0.010973
-0.010647
-0.010344
-0.009778
-0.008636
-0.006994
-0.004833
-0.002599
-0.000799
0.000566
0.001689
0.002868
0.003886
0.004104
0.003389
0.002000
0.000625
0.000216
0.000989
0.002424
0.003606
0.004003
0.004165
0.004784
0.005842
0.006949
0.007931
0.008800
0.009425
0.009653
0.009506
0.009266
0.009196
0.009209
0.009179
0.009216
0.009449
0.009964
0.010727
0.011610
0.012682
0.013960
0.015390
0.016758
0.017574
0.017894
0.018121
0.018133
0.017675
0.017139
0.016791
0.016229
0.015352
0.014473
0.014082
0.014221
0.014469
0.014527
0.014347
0.014143
0.013923
0.013409
0.012285
0.010642
0.008772
0.006801
0.004997
0.003417
0.001727
-0.000120
-0.002000
-0.003678
-0.004893
-0.005761
-0.006383
-0.006678
-0.006677
-0.006501
-0.006435
-0.006902
-0.007869
-0.008843
-0.009281
-0.009162
-0.009182
-0.009826
-0.010836
-0.011478
-0.011119
-0.009829
-0.008493
-0.008314
-0.009547
-0.011128
-0.011956
-0.011856
-0.011426
-0.011276
-0.011622
-0.012555
-0.013823
-0.014802
-0.015089
-0.014802
-0.014338
-0.013718
-0.012744
-0.011654
-0.010607
-0.009484
-0.008093
-0.006332
-0.004404
-0.002410
-0.000225
0.002003
0.003714
0.004458
0.004202
0.003237
0.001756
-0.000349
-0.003095
-0.006141
-0.008858
-0.010844
-0.012178
-0.013079
-0.013582
-0.013632
-0.013168
-0.012157
-0.011096
-0.010660
-0.010837
-0.011160
-0.011260
-0.011246
-0.011651
-0.012613
-0.013725
-0.014767
-0.015837
-0.017139
-0.018474
-0.019289
-0.019651
-0.019888
-0.020007
-0.019796
-0.018914
-0.017342
-0.015215
-0.012684
-0.010239
-0.008243
-0.006384
-0.004103
-0.001385
0.001033
0.002772
0.004197
0.005417
0.006305
0.006656
0.006466
0.006079
0.005569
0.004613
0.003115
0.001419
-0.000116
-0.001307
-0.002266
-0.002659
-0.002037
-0.000716
0.000822
0.002370
0.004019
0.005735
0.007287
0.008497
0.009371
0.010235
0.011120
0.011720
0.012287
0.013202
0.013958
0.013866
0.012658
0.010693
0.008922
0.007806
0.007093
0.006192
0.004740
0.002974
0.001299
0.000017
-0.000772
-0.001454
-0.002336
-0.003138
-0.003735
-0.004188
-0.004583
-0.005168
-0.005835
-0.006040
-0.005351
-0.004082
-0.002902
-0.002057
-0.001315
-0.000212
0.001215
0.002441
0.003032
0.002946
0.002660
0.002584
0.002744
0.002919
0.002622
0.001642
0.000337
-0.000983
-0.002076
-0.002593
-0.002518
-0.002166
-0.001579
-0.000639
0.000342
0.000959
0.001505
0.002377
0.003295
0.003819
0.003834
0.003604
0.003460
0.003421
0.003144
0.002327
0.001261
0.000449
-0.000197
-0.001012
-0.002052
-0.003236
-0.004365
-0.005241
-0.005952
-0.006882
-0.007899
-0.008402
-0.008194
-0.007315
-0.005849
-0.003922
-0.001810
0.000155
0.001775
0.002809
0.003187
0.003118
0.002936
0.002871
0.002781
0.002643
0.002707
0.002991
0.003420
0.004122
0.005164
0.006307
0.007375
0.008426
0.009427
0.010452
0.011528
0.012562
0.013595
0.014483
0.014792
0.014129
0.012618
0.010948
0.009683
0.008977
0.008681
0.008356
0.007692
0.006805
0.006153
0.006023
0.006240
0.006456
0.006464
0.006421
0.006672
0.007221
0.007798
0.008354
0.008783
0.008916
0.009015
0.009369
0.009841
0.010045
0.009946
0.009788
0.009645
0.009639
0.009762
0.009830
0.009823
0.009788
0.009807
0.009807
0.009703
0.009395
0.008806
0.008387
0.008294
0.008015
0.007110
0.005650
0.004088
0.002659
0.001360
0.000480
0.000220
0.000184
-0.000097
-0.000661
-0.001237
-0.001430
-0.000818
0.000235
0.000795
0.000666
0.000265
0.000036
0.000071
0.000246
0.000838
0.001886
0.003046
0.004211
0.005301
0.006091
0.006349
0.006170
0.006002
0.005957
0.005603
0.004567
0.002811
0.000441
-0.002184
-0.004398
-0.005893
-0.006946
-0.007847
-0.008530
-0.008802
-0.008634
-0.007944
-0.006530
-0.004541
-0.002365
-0.000327
0.001325
0.002785
0.004273
0.005585
0.006603
0.007503
0.008459
0.009399
0.010397
0.011465
0.012078
0.012106
0.011941
0.011773
0.011489
0.010552
0.008816
0.006871
0.004972
0.003007
0.000787
-0.001686
-0.003894
-0.005324
-0.005757
-0.005514
-0.005180
-0.004805
-0.004109
-0.003105
-0.001996
-0.000870
0.000082
0.000628
0.000836
0.000905
0.000822
0.000501
0.000216
0.000156
0.000161
0.000199
0.000228
0.000362
0.000956
0.002000
0.003255
0.004548
0.005458
0.005754
0.005594
0.005218
0.004858
0.004236
0.003249
0.002347
0.001561
0.000638
-0.000340
-0.000950
-0.000982
-0.000577
0.000261
0.001380
0.002512
0.003717
0.005186
0.006995
0.009043
0.011152
0.013173
0.015099
0.016849
0.018036
0.018440
0.018109
0.017339
0.016440
0.015377
0.014232
0.013256
0.012761
0.012777
0.012952
0.013012
0.012831
0.012601
0.012444
0.012351
0.012366
0.012339
0.012240
0.012113
0.012014
0.012073
0.012500
0.013461
0.014547
0.015281
0.015852
0.016561
0.017228
0.017787
0.018480
0.019426
0.020226
0.020446
0.020322
0.020189
0.020143
0.020223
0.020149
0.019436
0.018064
0.016495
0.015120
0.013935
0.012774
0.011498
0.009997
0.008300
0.006820
0.006100
0.006107
0.006550
0.007581
0.009263
0.011358
0.013762
0.016340
0.018940
0.021608
0.024165
0.025972
0.026337
0.024345
0.019524
0.013077
0.006899
0.002414
0.000312
0.000038
0.000044
-0.000727
-0.002263
-0.003998
-0.005141
-0.005513
-0.005786
-0.006475
-0.007270
-0.007723
-0.007684
-0.007398
-0.007233
-0.007250
-0.007422
-0.007431
-0.006874
-0.005749
-0.004632
-0.004150
-0.004187
-0.004203
-0.004025
-0.004111
-0.004602
-0.005312
-0.006348
-0.007511
-0.008346
-0.008575
-0.008396
-0.008488
-0.009338
-0.010649
-0.011614
-0.011839
-0.011606
-0.011325
-0.011174
-0.011286
-0.011568
-0.011590
-0.011118
-0.010162
-0.009008
-0.007793
-0.006551
-0.005712
-0.005335
-0.005344
-0.005528
-0.005480
-0.005305
-0.005359
-0.006046
-0.007244
-0.008255
-0.009056
-0.009971
-0.010997
-0.012086
-0.013333
-0.014782
-0.016042
-0.016788
-0.016895
-0.016714
-0.016805
-0.017457
-0.018881
-0.020609
-0.022246
-0.023794
-0.024909
-0.025637
-0.026466
-0.027599
-0.028852
-0.030009
-0.030847
-0.031109
-0.031007
-0.031079
-0.031306
-0.031382
-0.031206
-0.030861
-0.030365
-0.029573
-0.028672
-0.028049
-0.027967
-0.028271
-0.028529
-0.028502
-0.028153
-0.027809
-0.027967
-0.028442
-0.028793
-0.028931
-0.028858
-0.028585
-0.027980
-0.026902
-0.025767
-0.024767
-0.023706
-0.022388
-0.020446
-0.018202
-0.016153
-0.014502
-0.013624
-0.013209
-0.012449
-0.011485
-0.010859
-0.010705
-0.011209
-0.012117
-0.013204
-0.014135
-0.014627
-0.015381
-0.016557
-0.018092
-0.019855
-0.021420
-0.022623
-0.023636
-0.024657
-0.025390
-0.025868
-0.026015
-0.025783
-0.025773
-0.025709
-0.025155
-0.024036
-0.022355
-0.020831
-0.019656
-0.018413
-0.017252
-0.016386
-0.015355
-0.014073
-0.012853
-0.011407
-0.009823
-0.008449
-0.007156
-0.006224
-0.005903
-0.005874
-0.005946
-0.006035
-0.005879
-0.005760
-0.006303
-0.007333
-0.008276
-0.008390
-0.007218
-0.005616
-0.004827
-0.004974
-0.005472
-0.005739
-0.005229
-0.003970
-0.002663
-0.002449
-0.003705
-0.005255
-0.005924
-0.005603
-0.004990
-0.004571
-0.004581
-0.004911
-0.005027
-0.005054
-0.004962
-0.004796
-0.004890
-0.004966
-0.005014
-0.005107
-0.005098
-0.005098
-0.005060
-0.004557
-0.003548
-0.002560
-0.002014
-0.002055
-0.002684
-0.003631
-0.004738
-0.005547
-0.005576
-0.005335
-0.005134
-0.005051
-0.005237
-0.005405
-0.005452
-0.005122
-0.004086
-0.002455
-0.000428
0.001783
0.003835
0.005440
0.006790
0.008245
0.009965
0.011642
0.012961
0.014138
0.015438
0.016856
0.017943
0.018366
0.018172
0.017768
0.017722
0.017845
0.017926
0.018006
0.018058
0.018334
0.018681
0.018769
0.018543
0.018139
0.017920
0.017799
0.017622
0.017484
0.017377
0.017309
0.017235
0.016819
0.015777
0.014747
0.014230
0.014273
0.014608
0.014780
0.014778
0.014843
0.015602
0.016819
0.017584
0.017701
0.017688
0.018244
0.019357
0.020355
0.020778
0.020714
0.020375
0.019577
0.018238
0.017095
0.016633
0.016344
0.015678
0.014621
0.013397
0.012095
0.010663
0.009316
0.008606
0.008633
0.009215
0.010318
0.011554
0.012594
0.013553
0.014804
0.016473
0.018205
0.019669
0.020787
0.021613
0.022405
0.023364
0.023773
0.023096
0.021788
0.020410
0.019356
0.018569
0.017842
0.016960
0.015873
0.015148
0.015030
0.014903
0.014027
0.012363
0.010465
0.008632
0.006876
0.005134
0.003137
0.000823
-0.001580
-0.003661
-0.005156
-0.006210
-0.007195
-0.008384
-0.009737
-0.011007
-0.011823
-0.011916
-0.011524
-0.011296
-0.011269
-0.011405
-0.011533
-0.011425
-0.011418
-0.011306
-0.011197
-0.011569
-0.012432
-0.013564
-0.014279
-0.014355
-0.014252
-0.014531
-0.015442
-0.016363
-0.016234
-0.014958
-0.013633
-0.013000
-0.012494
-0.011331
-0.009694
-0.007833
-0.005779
-0.003805
-0.002347
-0.001495
-0.000803
-0.000092
0.000395
0.000546
0.000907
0.001771
0.002818
0.003575
0.003630
0.003556
0.004126
0.005274
0.006223
0.006473
0.006189
0.005846
0.005864
0.006011
0.005760
0.004853
0.003717
0.002924
0.002806
0.003210
0.003786
0.004728
0.005810
0.006703
0.007686
0.008688
0.009589
0.010557
0.011460
0.012208
0.013053
0.013881
0.014348
0.014335
0.014152
0.013997
0.013661
0.013034
0.011998
0.011191
0.011069
0.011341
0.011687
0.011535
0.010760
0.009666
0.008691
0.008093
0.007688
0.007182
0.006540
0.005995
0.005540
0.005193
0.004747
0.004021
0.003672
0.004023
0.004718
0.005407
0.005925
0.006414
0.007189
0.008256
0.009012
0.009177
0.008968
0.008687
0.008328
0.007389
0.005883
0.004118
0.002366
0.000841
-0.000543
-0.002016
-0.003598
-0.004948
-0.005761
-0.005841
-0.005571
-0.005736
-0.006730
-0.008119
-0.008911
-0.008896
-0.008545
-0.008411
-0.009171
-0.010621
-0.011617
-0.011656
-0.011259
-0.010706
-0.009842
-0.008785
-0.007555
-0.006259
-0.005508
-0.005054
-0.004271
-0.003354
-0.002604
-0.002299
-0.002435
-0.002759
-0.003119
-0.003447
-0.003654
-0.003467
-0.002837
-0.002267
-0.002039
-0.001658
-0.000756
0.000233
0.000930
0.001566
0.002375
0.003184
0.003247
0.002145
0.000642
-0.000480
-0.001378
-0.002173
-0.002552
-0.002575
-0.002465
-0.002101
-0.001314
-0.000311
0.000410
0.000567
0.000381
0.000170
0.000138
0.000374
0.000533
0.000520
0.000558
0.000554
0.000507
0.000490
0.000434
0.000351
0.000396
0.000907
0.001995
0.003160
0.004001
0.004675
0.005370
0.005816
0.005846
0.005707
0.005600
0.005527
0.005453
0.005525
0.005608
0.005556
0.005874
0.006862
0.008013
0.008677
0.008606
0.008359
0.008772
0.009975
0.011197
0.011645
0.011489
0.011185
0.010946
0.011084
0.011379
0.011447
0.011212
0.010466
0.009363
0.008473
0.008260
0.008564
0.008787
0.008455
0.007446
0.006004
0.004520
0.003145
0.001643
-0.000236
-0.002537
-0.005058
-0.007319
-0.008764
-0.009525
-0.010252
-0.011070
-0.011683
-0.011827
-0.011666
-0.011368
-0.010623
-0.009544
-0.008658
-0.008296
-0.008496
-0.008803
-0.008929
-0.008870
-0.008402
-0.007528
-0.006310
-0.004897
-0.003465
-0.001716
0.000416
0.002254
0.003198
0.003366
0.003067
0.002840
0.003014
0.003276
0.003258
0.002595
0.001466
0.000489
-0.000067
-0.000532
-0.001294
-0.002115
-0.002580
-0.002283
-0.001197
0.000021
0.000738
0.000760
0.000419
0.000138
0.000082
0.000257
0.000416
0.000387
0.000241
0.000123
0.000095
0.000124
0.000160
0.000120
0.000202
0.000854
0.002051
0.003305
0.004430
0.005587
0.006900
0.008322
0.009760
0.010987
0.011609
0.011635
0.011400
0.011192
0.011250
0.011365
0.011124
0.010247
0.008960
0.008103
0.007817
0.007604
0.007103
0.006230
0.005419
0.005039
0.004740
0.004014
0.002963
0.002234
0.002172
0.002394
0.002326
0.001629
0.000352
-0.000921
-0.001840
-0.002664
-0.003463
-0.004340
-0.005605
-0.007185
-0.008423
-0.008913
-0.008820
-0.008538
-0.008796
-0.009897
-0.011232
-0.012030
-0.012080
-0.011746
-0.011508
-0.011547
-0.011742
-0.011799
-0.011331
-0.010238
-0.009290
-0.009485
-0.010691
-0.011881
-0.012255
-0.011861
-0.011336
-0.011124
-0.011353
-0.012023
-0.013038
-0.014052
-0.014644
-0.014737
-0.014469
-0.014235
-0.014356
-0.014559
-0.014575
-0.014091
-0.012956
-0.011713
-0.010762
-0.009879
-0.008761
-0.007447
-0.006096
-0.004913
-0.003970
-0.003344
-0.003174
-0.002913
-0.001963
-0.000747
-0.000016
0.000050
-0.000261
-0.000499
-0.000472
-0.000315
-0.000347
-0.000767
-0.001457
-0.002086
-0.002517
-0.002898
-0.003143
-0.003200
-0.003172
-0.003214
-0.003566
-0.003922
-0.003770
-0.003406
-0.003203
-0.003013
-0.002469
-0.001500
-0.000387
0.000706
0.001789
0.003069
0.004436
0.005508
0.006333
0.007333
0.008478
0.009586
0.010665
0.011316
0.011874
0.012829
0.013761
0.014394
0.014926
0.015764
0.016751
0.017689
0.018649
0.019337
0.019439
0.018908
0.017968
0.017057
0.016365
0.015471
0.013947
0.011937
0.010124
0.009096
0.008695
0.008440
0.008147
0.007516
0.005992
0.003208
-0.000702
-0.004634
-0.006997
-0.007222
-0.006281
-0.005492
-0.005484
-0.006079
-0.006559
-0.006594
-0.006413
-0.006222
-0.006142
-0.006183
-0.006300
-0.006339
-0.006203
-0.006118
-0.005970
-0.005361
-0.004309
-0.003297
-0.002721
-0.002650
-0.002938
-0.003124
-0.003048
-0.002925
-0.002829
-0.002783
-0.002863
-0.002925
-0.002937
-0.002916
-0.002863
-0.002904
-0.002973
-0.002979
-0.002993
-0.003031
-0.002990
-0.002878
-0.002615
-0.002054
-0.001252
-0.000522
-0.000313
-0.000786
-0.001693
-0.002575
-0.003035
-0.003099
-0.002936
-0.002773
-0.002801
-0.002887
-0.002969
-0.002964
-0.002881
-0.002902
-0.002924
-0.002960
-0.003070
-0.003321
-0.004047
-0.005196
-0.006081
-0.006295
-0.006128
-0.005919
-0.005787
-0.005827
-0.005764
-0.005030
-0.003605
-0.001973
-0.000506
0.000791
0.001912
0.002600
0.002837
0.002740
0.002536
0.002554
0.002673
0.002724
0.002632
0.002027
0.000884
-0.000127
-0.000528
-0.000396
-0.000097
0.000049
-0.000047
-0.000197
0.000275
0.001423
0.002580
0.003369
0.003879
0.004536
0.005218
0.005538
0.005531
0.005051
0.003951
0.002828
0.002191
0.001971
0.001814
0.001147
0.000098
-0.000575
-0.000631
-0.000350
-0.000059
-0.000066
-0.000229
-0.000343
-0.000409
-0.000382
-0.000327
0.000009
0.000802
0.001806
0.002551
0.002704
0.002460
0.002175
0.002169
0.002523
0.003035
0.003442
0.003470
0.003511
0.004095
0.004954
0.005523
0.005503
0.005414
0.005855
0.006903
0.008037
0.008561
0.008407
0.007779
0.006821
0.005616
0.004401
0.003366
0.002647
0.002148
0.001498
0.000494
-0.000897
-0.002349
-0.003254
-0.003698
-0.004218
-0.005067
-0.006104
-0.006672
-0.006611
-0.006324
-0.006102
-0.006034
-0.005803
-0.004947
-0.003784
-0.002985
-0.002394
-0.001654
-0.000879
-0.000421
-0.000391
-0.000581
-0.000743
-0.000731
-0.000578
-0.000601
-0.001156
-0.002115
-0.003236
-0.004218
-0.004964
-0.005706
-0.006172
-0.006156
-0.006076
-0.006030
-0.005919
-0.006027
-0.006091
-0.005702
-0.004884
-0.003656
-0.002407
-0.001263
0.000074
0.001420
0.002521
0.003268
0.003875
0.004722
0.005713
0.006800
0.007824
0.008472
0.008860
0.009166
0.009310
0.008888
0.007612
0.005838
0.003976
0.002199
0.000558
-0.001074
-0.002546
-0.003444
-0.003739
-0.003624
-0.003659
-0.004490
-0.005737
-0.006634
-0.006842
-0.006765
-0.007140
-0.007865
-0.008043
-0.007244
-0.006160
-0.005658
-0.005547
-0.005155
-0.004194
-0.002784
-0.001386
-0.000272
0.000544
0.001329
0.002110
0.002532
0.002446
0.001822
0.000835
-0.000141
-0.000702
-0.000741
-0.000814
-0.001612
-0.002871
-0.004082
-0.005170
-0.006016
-0.006792
-0.007693
-0.008647
-0.009267
-0.009364
-0.009345
-0.009567
-0.010363
-0.011564
-0.012288
-0.012381
-0.012545
-0.013208
-0.014299
-0.015262
-0.015807
-0.016290
-0.016872
-0.017472
-0.017836
-0.017486
-0.016327
-0.015011
-0.014023
-0.013002
-0.011731
-0.010372
-0.009299
-0.008605
-0.007864
-0.006943
-0.005918
-0.004829
-0.003783
-0.003088
-0.002999
-0.003238
-0.003406
-0.003419
-0.003307
-0.003188
-0.003192
-0.003429
-0.003936
-0.004696
-0.005380
-0.005353
-0.004491
-0.003378
-0.002811
-0.002962
-0.003308
-0.003199
-0.002247
-0.000928
-0.000026
0.000090
-0.000353
-0.000666
-0.000704
-0.000498
-0.000170
0.000095
0.000668
0.001607
0.002144
0.001740
0.000920
0.000374
0.000167
0.000023
-0.000159
-0.000494
-0.001331
-0.002433
-0.003391
-0.004277
-0.005162
-0.006040
-0.006533
-0.006459
-0.006387
-0.006602
-0.006882
-0.007008
-0.006894
-0.006580
-0.006416
-0.006470
-0.006174
-0.005330
-0.004015
-0.002416
-0.000962
0.000335
0.001776
0.003344
0.004689
0.005838
0.006989
0.007969
0.008769
0.009492
0.010099
0.010524
0.010669
0.010330
0.009501
0.008593
0.008083
0.008027
0.008209
0.008428
0.008413
0.008165
0.008024
0.008017
0.008030
0.008036
0.007976
0.007999
0.008018
0.007917
0.007920
0.007979
0.007953
0.007964
0.007819
0.007217
0.006199
0.005356
0.005551
0.006780
0.008075
0.008587
0.008387
0.007956
0.007689
0.007615
0.007357
0.006953
0.006661
0.006610
0.006922
0.007537
0.008124
0.008376
0.008579
0.009177
0.010138
0.011088
0.011750
0.012366
0.013169
0.013781
0.013891
0.013687
0.013406
0.013097
0.012907
0.012744
0.012531
0.012655
0.013135
0.013696
0.014129
0.014209
0.014071
0.013977
0.014027
0.014130
0.014213
0.014268
0.014244
0.014209
0.014174
0.014193
0.014241
0.014200
0.014146
0.014140
0.014054
0.014009
0.014031
0.013948
0.013890
0.013881
0.013785
0.013338
0.012397
0.011180
0.010004
0.009062
0.008311
0.007804
0.007483
0.007271
0.007384
0.007904
0.008625
0.009443
0.010467
0.011518
0.012538
0.013524
0.014086
0.013891
0.013081
0.012089
0.011343
0.010997
0.010606
0.009648
0.008071
0.006428
0.005197
0.004287
0.003517
0.002838
0.002444
0.002192
0.001457
0.000354
-0.000522
-0.001223
-0.002006
-0.002846
-0.003456
-0.003627
-0.003669
-0.004107
-0.005140
-0.006223
-0.006894
-0.007354
-0.007847
-0.008400
-0.008996
-0.009350
-0.009320
-0.009184
-0.009060
-0.009093
-0.009419
-0.010205
-0.011303
-0.012189
-0.012307
-0.011384
-0.009962
-0.008957
-0.008827
-0.009180
-0.009494
-0.009491
-0.009259
-0.009086
-0.009032
-0.009120
-0.009228
-0.009171
-0.008536
-0.007361
-0.006356
-0.005930
-0.006150
-0.006591
-0.006752
-0.006626
-0.006519
-0.006928
-0.008021
-0.009201
-0.009747
-0.009659
-0.009755
-0.010643
-0.011807
-0.012549
-0.012833
-0.013081
-0.013722
-0.014532
-0.015187
-0.015378
-0.015179
-0.015033
-0.014983
-0.015031
-0.015117
-0.015168
-0.015150
-0.015153
-0.014947
-0.014189
-0.013059
-0.012082
-0.011808
-0.012047
-0.012384
-0.012540
-0.012328
-0.012101
-0.012086
-0.012153
-0.012458
-0.013322
-0.014479
-0.015270
-0.015398
-0.015037
-0.014681
-0.014610
-0.014536
-0.014374
-0.014139
-0.013711
-0.013238
-0.012630
-0.012028
-0.011793
-0.011826
-0.011912
-0.011850
-0.011298
-0.010184
-0.009030
-0.008373
-0.008447
-0.008866
-0.009035
-0.008933
-0.008753
-0.008633
-0.008665
-0.008769
-0.008816
-0.008687
-0.008414
-0.008329
-0.008541
-0.008914
-0.009146
-0.008958
-0.008309
-0.007274
-0.006240
-0.005557
-0.005100
-0.004418
-0.003503
-0.002750
-0.002041
-0.001155
-0.000437
-0.000142
-0.000140
0.000102
0.000788
0.001094
0.000569
-0.000256
-0.000713
-0.000660
-0.000349
-0.000153
-0.000235
-0.000371
-0.000494
-0.000483
-0.000414
-0.000385
-0.000343
-0.000368
-0.000132
0.000535
0.001366
0.002114
0.002638
0.002852
0.003089
0.003937
0.005149
0.006352
0.007486
0.008246
0.008701
0.009146
0.009538
0.009833
0.009775
0.009138
0.008408
0.008030
0.007751
0.007059
0.006014
0.004856
0.003693
0.002826
0.002415
0.002438
0.002632
0.002734
0.002674
0.002507
0.002390
0.002426
0.002496
0.002529
0.002573
0.002647
0.002921
0.003475
0.004048
0.004279
0.004121
0.003565
0.002834
0.002442
0.002458
0.002626
0.002597
0.002142
0.001598
0.001633
0.002168
0.002555
0.002674
0.002616
0.002705
0.003569
0.005144
0.006873
0.008211
0.009009
0.009739
0.010559
0.011273
0.011988
0.012973
0.013930
0.014375
0.014407
0.014444
0.015040
0.016244
0.017316
0.017692
0.017470
0.017119
0.017019
0.017037
0.016879
0.016655
0.016227
0.015390
0.014365
0.013269
0.012223
0.011302
0.010351
0.009423
0.008627
0.008027
0.007570
0.006873
0.005935
0.005290
0.005144
0.005112
0.005098
0.005253
0.005426
0.005562
0.005493
0.005011
0.004363
0.003864
0.003460
0.003066
0.002679
0.002178
0.001551
0.000903
0.000248
-0.000223
-0.000318
-0.000485
-0.001005
-0.001586
-0.001945
-0.002153
-0.002229
-0.001800
-0.000928
-0.000166
0.000101
0.000198
0.000714
0.001700
0.002589
0.002895
0.002741
0.002456
0.002366
0.002513
0.002666
0.002730
0.002542
0.001981
0.001340
0.000827
0.000414
0.000026
-0.000239
-0.000462
-0.001111
-0.002177
-0.003321
-0.004361
-0.005290
-0.006097
-0.006881
-0.007969
-0.009368
-0.010917
-0.012437
-0.013861
-0.015259
-0.016617
-0.017862
-0.018583
-0.018379
-0.017623
-0.016899
-0.016356
-0.015952
-0.015480
-0.014886
-0.014233
-0.013406
-0.012498
-0.012081
-0.012499
-0.013184
-0.013503
-0.013420
-0.013063
-0.012561
-0.012123
-0.011985
-0.012152
-0.012187
-0.011685
-0.010649
-0.009438
-0.008654
-0.008628
-0.008947
-0.008935
-0.008222
-0.006954
-0.005875
-0.005546
-0.005820
-0.006178
-0.006286
-0.006149
-0.005941
-0.005892
-0.005984
-0.006092
-0.006054
-0.005664
-0.005018
-0.004608
-0.004557
-0.004624
-0.004969
-0.005712
-0.006767
-0.008004
-0.009224
-0.010357
-0.011325
-0.011899
-0.011965
-0.011568
-0.010701
-0.009647
-0.008684
-0.007785
-0.006868
-0.005796
-0.004575
-0.003314
-0.002283
-0.001634
-0.001104
-0.000606
-0.000263
-0.000128
-0.000249
-0.000350
-0.000268
-0.000165
0.000241
0.001166
0.002235
0.002944
0.003080
0.003126
0.003773
0.004864
0.005554
0.005277
0.004405
0.003638
0.003095
0.002779
0.002467
0.001749
0.000634
-0.000487
-0.001320
-0.001908
-0.002288
-0.002397
-0.002001
-0.001213
-0.000537
-0.000226
-0.000287
-0.000405
-0.000055
0.000943
0.002120
0.002926
0.003416
0.004009
0.004822
0.005543
0.006133
0.006871
0.007800
0.008610
0.008889
0.008703
0.008562
0.008789
0.009552
0.010735
0.011700
0.011962
0.011626
0.011234
0.011171
0.011332
0.011440
0.011479
0.011461
0.011312
0.011263
0.011327
0.011336
0.011495
0.011939
0.012542
0.013072
0.013285
0.013498
0.013967
0.014358
0.014479
0.014380
0.014216
0.014101
0.014130
0.014224
0.014221
0.014231
0.014233
0.014116
0.013898
0.013391
0.012570
0.011800
0.011322
0.011246
0.011382
0.011308
0.010852
0.010176
0.009725
0.009762
0.009931
0.009872
0.009560
0.009328
0.009562
0.009949
0.010151
0.010127
0.009991
0.009994
0.010142
0.010490
0.010867
0.011075
0.011305
0.011475
0.011513
0.011500
0.011433
0.011368
0.011341
0.011344
0.011346
0.011213
0.010785
0.009954
0.008775
0.007773
0.007163
0.006638
0.006127
0.005451
0.004399
0.003043
0.001792
0.001100
0.000843
0.000605
0.000234
-0.000295
-0.001132
-0.002152
-0.002964
-0.003232
-0.002984
-0.002698
-0.002666
-0.002762
-0.002871
-0.002937
-0.002814
-0.002745
-0.002764
-0.002675
-0.002752
-0.002872
-0.002628
-0.001978
-0.000981
0.000020
0.000404
0.000270
0.000068
-0.000098
0.000068
0.000691
0.001567
0.002401
0.003077
0.003845
0.004762
0.005834
0.006806
0.007375
0.007935
0.008535
0.008745
0.008715
0.008686
0.008568
0.008506
0.008597
0.008619
0.008444
0.008006
0.007386
0.006833
0.006275
0.005472
0.004454
0.003373
0.002260
0.001075
-0.000081
-0.000711
-0.000788
-0.000839
-0.001038
-0.001339
-0.001753
-0.002252
-0.002754
-0.003111
-0.003157
-0.003157
-0.003515
-0.004172
-0.004801
-0.005136
-0.005255
-0.005357
-0.005375
-0.005231
-0.004829
-0.004244
-0.003686
-0.003204
-0.002903
-0.002778
-0.002427
-0.001884
-0.001545
-0.001396
-0.001317
-0.000996
-0.000393
0.000043
0.000166
-0.000110
-0.000965
-0.002076
-0.002971
-0.003184
-0.002564
-0.001596
-0.000656
-0.000139
-0.000124
-0.000264
-0.000415
-0.000411
-0.000233
-0.000156
-0.000203
-0.000167
-0.000206
-0.000284
-0.000200
-0.000326
-0.000819
-0.001427
-0.001947
-0.002412
-0.002822
-0.003015
-0.003026
-0.002981
-0.003164
-0.003885
-0.005037
-0.006179
-0.006971
-0.007527
-0.008039
-0.008468
-0.008732
-0.008681
-0.008306
-0.007701
-0.006904
-0.006147
-0.005547
-0.004936
-0.004024
-0.002975
-0.002510
-0.002556
-0.002771
-0.003048
-0.003015
-0.002743
-0.002740
-0.003140
-0.003778
-0.004371
-0.004527
-0.004476
-0.004685
-0.005216
-0.005721
-0.005895
-0.005861
-0.005778
-0.006129
-0.007031
-0.007997
-0.008675
-0.009048
-0.009503
-0.010369
-0.011376
-0.011861
-0.011813
-0.011585
-0.011232
-0.010752
-0.010128
-0.009420
-0.008816
-0.008362
-0.007748
-0.006809
-0.005644
-0.004392
-0.003313
-0.002410
-0.001522
-0.000556
0.000217
0.000489
0.000626
0.001041
0.001568
0.001805
0.001609
0.001126
0.000747
0.000519
0.000278
0.000222
0.000202
0.000123
-0.000031
-0.000848
-0.001918
-0.002019
-0.001017
0.000162
0.000661
0.000446
-0.000066
-0.000348
-0.000231
0.000011
0.000134
0.000086
-0.000011
-0.000094
-0.000070
0.000019
0.000037
0.000016
0.000193
0.000646
0.001212
0.001782
0.002155
0.002259
0.002360
0.002608
0.002802
0.002691
0.002008
0.000828
-0.000282
-0.001254
-0.002152
-0.002696
-0.002943
-0.002908
-0.002748
-0.002718
-0.002788
-0.002889
-0.002902
-0.002836
-0.002529
-0.001761
-0.000770
0.000157
0.000727
0.000956
0.001429
0.002200
0.002869
0.003173
0.003111
0.003175
0.003409
0.003457
0.003491
0.003510
0.003374
0.003087
0.002579
0.001954
0.001274
0.000527
-0.000199
-0.000862
-0.001584
-0.002302
-0.002811
-0.003198
-0.003707
-0.004436
-0.005199
-0.005718
-0.005869
-0.005639
-0.005210
-0.004637
-0.003909
-0.003216
-0.002673
-0.002314
-0.001887
-0.001413
-0.001098
-0.000788
-0.000344
0.000015
-0.000133
-0.000785
-0.001723
-0.002587
-0.002981
-0.002921
-0.002767
-0.002691
-0.002646
-0.002488
-0.002000
-0.001452
-0.001249
-0.001308
-0.001467
-0.001474
-0.001082
-0.000369
0.000467
0.000881
0.000645
0.000103
-0.000278
-0.000216
-0.000021
0.000135
0.000156
-0.000018
-0.000156
-0.000446
-0.000975
-0.001494
-0.002030
-0.002460
-0.002388
-0.001668
-0.000841
-0.000626
-0.001020
-0.001534
-0.001646
-0.001182
-0.000392
0.000306
0.000714
0.001171
0.001821
0.002568
0.003441
0.004408
0.005382
0.006213
0.007042
0.007986
0.008696
0.008956
0.008843
0.008658
0.008678
0.008766
0.008622
0.008123
0.007360
0.006322
0.005306
0.004629
0.004170
0.003814
0.003405
0.003035
0.002883
0.002936
0.003061
0.003225
0.003718
0.004634
0.005584
0.006218
0.006604
0.006993
0.007625
0.008370
0.008811
0.008855
0.008696
0.008567
0.008612
0.008830
0.008497
0.007872
0.007056
0.006233
0.005693
0.005402
0.005000
0.004267
0.003393
0.002521
0.001572
0.000666
0.000137
-0.000148
-0.000598
-0.001322
-0.002160
-0.002726
-0.002631
-0.001919
-0.001197
-0.000913
-0.000867
-0.000433
0.000695
0.002109
0.003174
0.003558
0.003697
0.004081
0.004589
0.005224
0.005907
0.006199
0.006112
0.005979
0.005932
0.005876
0.005577
0.005065
0.004632
0.004381
0.004057
0.003550
0.003186
0.003112
0.003307
0.003702
0.003908
0.003534
0.002676
0.001821
0.001454
0.001770
0.002477
0.003171
0.003679
0.004154
0.004889
0.005875
0.006930
0.007969
0.008727
0.008966
0.008832
0.008630
0.008547
0.008481
0.008136
0.007449
0.006481
0.005357
0.004350
0.003476
0.002592
0.001711
0.000892
0.000149
-0.000511
-0.001255
-0.002077
-0.002688
-0.002994
-0.003020
-0.002880
-0.002832
-0.002803
-0.002526
-0.002059
-0.001683
-0.001502
-0.001212
-0.000802
-0.000586
-0.000880
-0.001602
-0.002259
-0.002762
-0.003142
-0.003420
-0.003814
-0.004425
-0.005163
-0.005940
-0.006685
-0.007224
-0.007484
-0.007500
-0.007377
-0.007236
-0.006929
-0.006445
-0.006094
-0.006004
-0.006096
-0.006208
-0.006120
-0.005694
-0.005033
-0.004569
-0.004489
-0.004693
-0.005109
-0.005302
-0.004934
-0.004037
-0.002745
-0.001406
-0.000342
0.000395
0.001079
0.001791
0.002215
0.002197
0.001731
0.001028
0.000558
0.000447
0.000296
-0.000082
-0.000480
-0.000733
-0.000731
-0.000602
-0.000576
-0.000643
-0.000600
-0.000309
0.000079
0.000160
-0.000408
-0.001353
-0.002247
-0.002939
-0.003339
-0.003617
-0.004096
-0.005045
-0.006367
-0.007513
-0.008279
-0.008968
-0.009735
-0.010388
-0.010862
-0.011077
-0.010942
-0.010784
-0.010697
-0.010638
-0.010663
-0.010651
-0.010549
-0.010410
-0.010201
-0.009760
-0.008998
-0.008082
-0.007269
-0.006593
-0.005953
-0.005333
-0.004838
-0.004577
-0.004555
-0.004599
-0.004551
-0.004331
-0.003945
-0.003624
-0.003417
-0.003365
-0.003612
-0.003980
-0.004217
-0.004202
-0.003992
-0.003867
-0.004025
-0.004467
-0.004981
-0.005250
-0.005349
-0.005562
-0.005911
-0.006188
-0.006211
-0.006086
-0.005980
-0.005925
-0.005912
-0.005963
-0.005967
-0.005696
-0.005229
-0.004750
-0.004282
-0.003854
-0.003547
-0.003466
-0.003678
-0.004193
-0.004889
-0.005668
-0.006434
-0.006873
-0.006702
-0.006038
-0.005394
-0.005173
-0.005240
-0.005156
-0.004645
-0.003841
-0.003024
-0.002277
-0.001562
-0.000828
-0.000051
0.000739
0.001442
0.001884
0.001971
0.001799
0.001611
0.001396
0.001024
0.000721
0.000559
0.000285
-0.000294
-0.001092
-0.001675
-0.001964
-0.002185
-0.002356
-0.002515
-0.002823
-0.003335
-0.003876
-0.004348
-0.004697
-0.004926
-0.005175
-0.005503
-0.005878
-0.006231
-0.006415
-0.006406
-0.006330
-0.006221
-0.006170
-0.006090
-0.005765
-0.005285
-0.004873
-0.004646
-0.004519
-0.004366
-0.004165
-0.003882
-0.003622
-0.003575
-0.003613
-0.003607
-0.003628
-0.003582
-0.003356
-0.002998
-0.002467
-0.001805
-0.001220
-0.000762
-0.000315
0.000197
0.000711
0.001246
0.001706
0.001967
0.002239
0.002563
0.002820
0.003030
0.003318
0.003786
0.004353
0.004871
0.005323
0.005635
0.005810
0.006078
0.006399
0.006584
0.006709
0.006928
0.007076
0.006882
0.006496
0.006171
0.005967
0.005719
0.005259
0.004721
0.004306
0.004324
0.004888
0.005652
0.006180
0.006397
0.006627
0.007092
0.007706
0.008254
0.008644
0.008941
0.009127
0.009125
0.009033
0.008936
0.008860
0.008825
0.008734
0.008478
0.008056
0.007667
0.007530
0.007661
0.007854
0.007826
0.007491
0.006980
0.006519
0.006206
0.005918
0.005617
0.005305
0.004943
0.004577
0.004267
0.003988
0.003620
0.003171
0.002770
0.002533
0.002497
0.002586
0.002623
0.002561
0.002489
0.002461
0.002464
0.002363
0.002075
0.001711
0.001372
0.000965
0.000453
-0.000057
-0.000501
-0.000778
-0.000908
-0.001100
-0.001320
-0.001346
-0.001216
-0.001130
-0.001078
-0.000919
-0.000710
-0.000554
-0.000479
-0.000519
-0.000573
-0.000571
-0.000549
-0.000463
-0.000277
-0.000001
0.000253
0.000342
0.000335
0.000418
0.000668
0.000951
0.001091
0.001069
0.000988
0.000944
0.000957
0.000998
0.001014
0.000983
0.000941
0.000969
0.001153
0.001417
0.001692
0.001941
0.002101
0.002185
0.002163
0.002008
0.001748
0.001471
0.001360
0.001540
0.001852
0.001951
0.001691
0.001293
0.001114
0.001308
0.001662
0.001860
0.001811
0.001713
0.001783
0.001975
0.002137
0.002171
0.002061
0.001946
0.001903
0.001880
0.001863
0.001837
0.001819
0.001887
0.002047
0.002209
0.002233
0.002120
0.002010
0.001946
0.001921
0.001927
0.002000
0.002153
0.002258
0.002245
0.002148
0.002031
0.001966
0.001951
0.001922
0.001884
0.001839
0.001774
0.001730
0.001682
0.001623
0.001602
0.001556
0.001444
0.001241
0.000928
0.000593
0.000296
0.000006
-0.000326
-0.000640
-0.000893
-0.001122
-0.001322
-0.001529
-0.001783
-0.002016
-0.002213
-0.002410
-0.002582
-0.002683
-0.002696
-0.002665
-0.002691
-0.002811
-0.002958
-0.003084
-0.003176
-0.003229
-0.003293
-0.003412
-0.003559
-0.003688
-0.003749
-0.003703
-0.003598
-0.003512
-0.003458
-0.003430
-0.003406
-0.003353
-0.003266
-0.003150
-0.003022
-0.002904
-0.002805
-0.002717
-0.002656
-0.002623
-0.002578
-0.002504
-0.002393
-0.002265
-0.002149
-0.002015
-0.001799
-0.001495
-0.001195
-0.000964
-0.000822
-0.000755
-0.000691
-0.000569
-0.000397
-0.000243
-0.000151
-0.000130
-0.000168
-0.000199
-0.000154
-0.000044
0.000057
0.000097
0.000081
0.000081
0.000146
0.000242
0.000341
0.000435
0.000494
0.000465
0.000378
0.000309
0.000280
0.000289
0.000301
0.000279
0.000241
0.000215
0.000197
0.000184
0.000174
0.000163
0.000164
0.000199
0.000258
0.000281
0.000259
0.000220
0.000181
0.000157
0.000119
0.000050
-0.000028
-0.000095
-0.000138
-0.000187
-0.000276
-0.000373
-0.000466
-0.000547
-0.000603
-0.000665
-0.000713
-0.000749
-0.000795
-0.000825
-0.000833
-0.000846
-0.000879
-0.000909
-0.000921
-0.000934
-0.000957
-0.000982
-0.001002
-0.001020
-0.001025
-0.001017
-0.001018
-0.001034
-0.001057
-0.001071
-0.001074
-0.001075
-0.001077
-0.001081
-0.001085
-0.001071
-0.001035
-0.001000
-0.000975
-0.000960
-0.000927
-0.000866
-0.000799
-0.000736
-0.000682
-0.000635
-0.000577
-0.000503
-0.000447
-0.000418
-0.000398
-0.000368
-0.000316
-0.000259
-0.000221
-0.000210
-0.000218
-0.000216
-0.000217
-0.000232
-0.000238
-0.000231
-0.000220
-0.000204
-0.000192
-0.000183
-0.000174
-0.000169
-0.000158
-0.000145
-0.000137
-0.000128
-0.000113
-0.000088
-0.000055
-0.000032
-0.000032
-0.000042
-0.000044
-0.000037
-0.000027
-0.000016
-0.000010
-0.000004
0.000010
0.000027
0.000035
0.000038
0.000037
0.000039
0.000045
0.000058
0.000074
0.000087
0.000094
0.000099
0.000106
0.000115
0.000121
0.000120
0.000117
0.000117
0.000116
0.000116
0.000121
0.000127
0.000134
0.000138
0.000138
0.000137
0.000134
0.000133
0.000134
0.000129
0.000124
0.000122
0.000123
0.000123
0.000121
0.000118
0.000116
0.000115
0.000114
0.000113
0.000113
0.000114
0.000117
0.000119
0.000120
0.000122
0.000123
0.000125
0.000127
0.000129
0.000132
0.000133
0.000135
0.000137
0.000139
0.000142
0.000144
0.000146
0.000148
0.000150
0.000152
0.000154
0.000155
0.000157
0.000158
0.000159
0.000160
0.000160
0.000162
0.000165
0.000168
0.000170
0.000173
0.000174
0.000175
0.000175
0.000177
0.000177
0.000179
0.000181
0.000182
0.000183
0.000184
0.000185
0.000185
0.000186
0.000186
0.000187
0.000187
0.000188
0.000188
0.000189
0.000189
0.000189
0.000190
0.000191
0.000191
0.000191
0.000191
0.000191
0.000192
0.000192
0.000192
0.000193
0.000193
0.000193
0.000194
0.000194
0.000194
0.000195
0.000195
0.000196
0.000196
0.000196
0.000197
0.000197
0.000197
0.000197
0.000197
0.000197
0.000197
0.000198
0.000198
0.000198
0.000198
0.000198
0.000197
0.000197
0.000197
0.000197
0.000197
0.000196
0.000196
0.000196
0.000195
0.000195
0.000195
0.000194
0.000194
0.000193
