-0.001673
-0.002393
-0.002885
-0.002379
-0.002468
-0.002490
-0.002509
-0.002522
-0.002523
-0.002506
-0.002480
-0.002458
-0.002441
-0.002426
-0.002404
-0.002375
-0.002345
-0.002322
-0.002315
-0.002331
-0.002363
-0.002394
-0.002404
-0.002387
-0.002353
-0.002316
-0.002292
-0.002291
-0.002308
-0.002322
-0.002314
-0.002273
-0.002205
-0.002127
-0.002059
-0.002012
-0.002005
-0.002043
-0.002108
-0.002183
-0.002254
-0.002306
-0.002328
-0.002321
-0.002295
-0.002249
-0.002174
-0.002087
-0.002017
-0.001974
-0.001946
-0.001924
-0.001920
-0.001958
-0.002034
-0.002111
-0.002170
-0.002203
-0.002192
-0.002113
-0.001968
-0.001801
-0.001651
-0.001515
-0.001372
-0.001275
-0.001348
-0.001644
-0.002063
-0.002436
-0.002677
-0.002771
-0.002677
-0.002379
-0.001994
-0.001676
-0.001486
-0.001426
-0.001428
-0.001381
-0.001281
-0.001292
-0.001552
-0.002009
-0.002524
-0.002952
-0.003147
-0.003002
-0.002547
-0.001979
-0.001496
-0.001235
-0.001305
-0.001697
-0.002203
-0.002482
-0.002256
-0.001591
-0.000853
-0.000350
-0.000283
-0.000711
-0.001395
-0.002074
-0.002587
-0.002694
-0.002306
-0.001721
-0.001377
-0.001508
-0.001908
-0.002018
-0.001567
-0.000869
-0.000342
-0.000144
-0.000254
-0.000650
-0.001261
-0.001838
-0.002026
-0.001657
-0.000983
-0.000497
-0.000436
-0.000655
-0.000908
-0.001073
-0.001102
-0.001018
-0.001003
-0.001232
-0.001645
-0.002026
-0.002253
-0.002308
-0.002193
-0.001895
-0.001446
-0.001033
-0.000722
-0.000505
-0.000601
-0.001142
-0.001685
-0.001682
-0.001135
-0.000276
0.000647
0.001305
0.001519
0.001201
0.000416
-0.000472
-0.001099
-0.001283
-0.001032
-0.000452
0.000316
0.000925
0.001070
0.000997
0.001165
0.001665
0.002299
0.002732
0.002626
0.001892
0.000741
-0.000566
-0.001818
-0.002601
-0.002511
-0.001728
-0.000966
-0.000878
-0.001532
-0.002302
-0.002503
-0.001929
-0.000458
0.001897
0.004562
0.006666
0.007070
0.004941
0.000888
-0.003432
-0.006627
-0.008040
-0.007545
-0.005563
-0.002858
-0.000146
0.001618
0.001302
-0.001182
-0.004596
-0.007383
-0.007954
-0.005003
0.001101
0.008140
0.013488
0.015249
0.012833
0.007106
-0.000002
-0.006214
-0.009477
-0.008554
-0.003805
0.002391
0.007005
0.008692
0.007946
0.006155
0.005261
0.006392
0.008672
0.009991
0.008656
0.004456
-0.001048
-0.005474
-0.007242
-0.005534
-0.000321
0.006597
0.012239
0.013878
0.009827
0.001193
-0.007754
-0.012621
-0.011817
-0.007136
-0.002070
0.001271
0.003055
0.003751
0.003376
0.002459
0.001776
0.001619
0.002177
0.003588
0.005320
0.006380
0.006234
0.005254
0.003859
0.001567
-0.002103
-0.006512
-0.009924
-0.010296
-0.006713
-0.000319
0.006202
0.010437
0.011415
0.009074
0.003915
-0.002761
-0.008997
-0.013255
-0.014661
-0.012243
-0.006135
0.001434
0.008007
0.011964
0.012412
0.009823
0.005965
0.002788
0.000781
-0.001081
-0.003499
-0.006341
-0.009249
-0.011206
-0.010362
-0.005949
0.000196
0.005814
0.010527
0.014576
0.016506
0.013001
0.002667
-0.010773
-0.020721
-0.022584
-0.016634
-0.006941
0.002276
0.008935
0.011751
0.009119
0.001099
-0.009372
-0.018182
-0.021877
-0.019138
-0.011550
-0.002183
0.006536
0.013102
0.016608
0.017287
0.015943
0.013015
0.008632
0.003124
-0.003158
-0.010191
-0.017669
-0.024166
-0.026877
-0.023065
-0.012531
0.002219
0.017816
0.031031
0.038827
0.038315
0.028977
0.014790
0.001369
-0.008022
-0.012692
-0.012980
-0.009814
-0.005144
-0.001342
0.000675
0.002149
0.004565
0.007767
0.010901
0.012855
0.012330
0.009335
0.004825
-0.000392
-0.006082
-0.011036
-0.011373
-0.003982
0.009307
0.023162
0.033783
0.039504
0.038242
0.029687
0.017412
0.006448
-0.000354
-0.002522
0.000200
0.007422
0.017510
0.028025
0.035035
0.032880
0.018375
-0.003822
-0.023262
-0.031659
-0.028238
-0.017789
-0.005279
0.006310
0.015140
0.019340
0.017438
0.010066
0.000397
-0.007594
-0.011574
-0.010564
-0.004565
0.003871
0.010304
0.011636
0.009166
0.007354
0.009090
0.013387
0.017703
0.021366
0.025120
0.028156
0.026693
0.016391
-0.002139
-0.021059
-0.030972
-0.027430
-0.011955
0.009491
0.028542
0.038323
0.036627
0.025200
0.008691
-0.006987
-0.018174
-0.024469
-0.027067
-0.026748
-0.022835
-0.014169
-0.000704
0.016011
0.033581
0.048293
0.054437
0.046456
0.023476
-0.007432
-0.034431
-0.048034
-0.045762
-0.031410
-0.011735
0.006080
0.017486
0.021760
0.019965
0.014588
0.009132
0.005168
0.001890
-0.001479
-0.004162
-0.004336
-0.001670
0.001972
0.004858
0.006834
0.008928
0.011189
0.011994
0.009753
0.004242
-0.003742
-0.013310
-0.023113
-0.031166
-0.036214
-0.038108
-0.036710
-0.031412
-0.022362
-0.010878
0.001983
0.015129
0.027503
0.037969
0.043660
0.040141
0.025698
0.005182
-0.012916
-0.022047
-0.020069
-0.008490
0.009207
0.028837
0.046079
0.056614
0.055707
0.039780
0.012791
-0.013692
-0.030532
-0.035898
-0.032762
-0.026358
-0.020621
-0.016360
-0.013187
-0.010957
-0.009793
-0.008546
-0.004988
0.001296
0.007299
0.008025
-0.000146
-0.016414
-0.034226
-0.044234
-0.039802
-0.021174
0.004823
0.029803
0.048155
0.058457
0.061027
0.056064
0.044762
0.027725
0.005721
-0.017099
-0.034353
-0.040218
-0.032667
-0.015721
0.004706
0.025436
0.043282
0.052475
0.047100
0.024831
-0.010720
-0.050303
-0.081493
-0.092560
-0.077473
-0.040531
0.003863
0.039307
0.056517
0.055465
0.043128
0.028832
0.018718
0.015442
0.019328
0.025988
0.026671
0.015093
-0.005781
-0.026154
-0.037942
-0.038133
-0.027528
-0.009927
0.010075
0.029734
0.048908
0.068418
0.085431
0.091998
0.080145
0.046083
-0.007138
-0.064305
-0.101160
-0.101396
-0.069064
-0.024191
0.012410
0.031808
0.036337
0.031651
0.023027
0.015748
0.014782
0.022260
0.035123
0.047945
0.057654
0.064180
0.068839
0.069510
0.057946
0.027620
-0.016538
-0.058079
-0.080131
-0.077052
-0.055745
-0.027771
-0.002186
0.015041
0.020467
0.014959
0.004963
-0.001373
0.001016
0.012297
0.027682
0.041101
0.049119
0.050787
0.047107
0.042280
0.041048
0.041586
0.034600
0.012668
-0.020801
-0.052613
-0.069394
-0.066543
-0.049174
-0.026494
-0.008078
-0.003067
-0.016758
-0.045850
-0.077547
-0.095525
-0.088956
-0.058878
-0.017449
0.019883
0.041430
0.042431
0.027224
0.007234
-0.006747
-0.011245
-0.010770
-0.011962
-0.017328
-0.024340
-0.029228
-0.030938
-0.031156
-0.031378
-0.030670
-0.026720
-0.017864
-0.003387
0.016721
0.039111
0.052692
0.040953
-0.003478
-0.063220
-0.101894
-0.093257
-0.047118
-0.000287
0.021097
0.020442
0.012407
0.001664
-0.015516
-0.039912
-0.065658
-0.085418
-0.096393
-0.099905
-0.096803
-0.086278
-0.068221
-0.044832
-0.021212
-0.003586
0.004199
0.002659
-0.003187
-0.007323
-0.007249
-0.004772
-0.004429
-0.008721
-0.013084
-0.009396
0.004657
0.022713
0.034971
0.034817
0.023048
0.005440
-0.013467
-0.032280
-0.050086
-0.062547
-0.062331
-0.046376
-0.020786
0.003541
0.018447
0.021281
0.013663
-0.000590
-0.016997
-0.031555
-0.042465
-0.049842
-0.054097
-0.055702
-0.054870
-0.052430
-0.051491
-0.053977
-0.056231
-0.051758
-0.036962
-0.012952
0.016880
0.048327
0.075254
0.089940
0.086190
0.064060
0.031127
-0.002704
-0.029222
-0.042400
-0.040648
-0.028883
-0.016065
-0.008993
-0.008754
-0.011674
-0.010599
0.001244
0.024258
0.051465
0.071309
0.073202
0.055915
0.028786
0.004283
-0.007358
-0.000305
0.022938
0.049654
0.062963
0.052854
0.023012
-0.013642
-0.045422
-0.066266
-0.072017
-0.059902
-0.035620
-0.013147
-0.005929
-0.020245
-0.051129
-0.084560
-0.107032
-0.112670
-0.102436
-0.081797
-0.059018
-0.041076
-0.031000
-0.029137
-0.033065
-0.036771
-0.033765
-0.022199
-0.006651
0.005682
0.009433
0.002484
-0.013121
-0.029381
-0.035050
-0.024292
-0.000847
0.027383
0.054754
0.078745
0.096556
0.104738
0.103149
0.096204
0.089827
0.087724
0.090074
0.094488
0.098049
0.099650
0.100345
0.101895
0.105231
0.110044
0.115562
0.120708
0.124297
0.125145
0.121647
0.112503
0.098167
0.080882
0.064123
0.050943
0.041331
0.031650
0.018467
0.002553
-0.012548
-0.023856
-0.029071
-0.025391
-0.011424
0.010726
0.034998
0.053086
0.058294
0.047635
0.022741
-0.008093
-0.030832
-0.033802
-0.017540
0.005270
0.020357
0.020830
0.009913
-0.002419
-0.006505
0.002051
0.022044
0.049978
0.082114
0.112428
0.133330
0.140463
0.134183
0.117924
0.096968
0.077913
0.067505
0.069981
0.084250
0.104928
0.126811
0.146956
0.162953
0.173071
0.178021
0.179969
0.180139
0.178507
0.175374
0.170904
0.164492
0.154720
0.141175
0.126472
0.113902
0.104972
0.100337
0.101687
0.110083
0.123366
0.138220
0.153091
0.167697
0.181754
0.194735
0.206372
0.217001
0.226583
0.233977
0.238080
0.238753
0.235873
0.228705
0.216672
0.199843
0.180125
0.160226
0.140158
0.117796
0.090737
0.059895
0.030701
0.007128
-0.010451
-0.023679
-0.035374
-0.046767
-0.057356
-0.067623
-0.079029
-0.091378
-0.101071
-0.103310
-0.096174
-0.081206
-0.061534
-0.041837
-0.026125
-0.014537
-0.005615
0.000770
0.002818
-0.000918
-0.008314
-0.015344
-0.018755
-0.016474
-0.008650
0.002158
0.012379
0.020142
0.025230
0.025903
0.020696
0.010883
-0.000753
-0.011739
-0.022125
-0.033174
-0.043934
-0.052368
-0.058009
-0.062167
-0.066684
-0.071734
-0.076442
-0.080954
-0.085851
-0.092410
-0.102540
-0.116351
-0.132985
-0.151304
-0.168583
-0.182908
-0.192625
-0.195115
-0.191016
-0.183092
-0.172687
-0.163139
-0.159913
-0.167101
-0.185291
-0.211524
-0.240614
-0.265024
-0.279239
-0.282663
-0.280390
-0.278035
-0.274582
-0.268752
-0.260656
-0.251539
-0.243375
-0.235025
-0.224114
-0.210313
-0.194447
-0.175629
-0.154998
-0.134153
-0.113746
-0.097018
-0.088206
-0.087306
-0.088160
-0.083412
-0.069962
-0.051679
-0.036043
-0.028549
-0.030176
-0.038782
-0.050678
-0.063579
-0.081084
-0.105743
-0.129278
-0.139816
-0.132009
-0.100775
-0.039885
0.041979
0.114359
0.145172
0.128434
0.088326
0.057489
0.047903
0.043942
0.028570
-0.000258
-0.034762
-0.064412
-0.087897
-0.111154
-0.134943
-0.158241
-0.179301
-0.195043
-0.205138
-0.210690
-0.212400
-0.210014
-0.204767
-0.197733
-0.191041
-0.186851
-0.184962
-0.184950
-0.185075
-0.184378
-0.181146
-0.174334
-0.164922
-0.152193
-0.136284
-0.118981
-0.101105
-0.085048
-0.073647
-0.067604
-0.067128
-0.068558
-0.068082
-0.064711
-0.058116
-0.049894
-0.040488
-0.028648
-0.013207
0.006300
0.030809
0.064474
0.113529
0.177535
0.237867
0.259059
0.207883
0.090515
-0.023079
-0.062067
-0.036381
-0.007922
-0.011708
-0.033485
-0.048963
-0.055939
-0.063743
-0.075647
-0.086825
-0.092685
-0.094550
-0.097336
-0.104278
-0.114037
-0.122845
-0.129833
-0.137305
-0.147672
-0.160515
-0.171565
-0.178398
-0.180572
-0.175448
-0.159922
-0.133259
-0.099553
-0.064436
-0.030402
0.000214
0.025228
0.046647
0.066771
0.086034
0.105357
0.127930
0.155714
0.185551
0.212859
0.226855
0.212676
0.157817
0.066587
-0.029136
-0.093127
-0.113876
-0.110603
-0.104571
-0.096177
-0.078398
-0.047767
-0.005773
0.039176
0.084104
0.131660
0.178534
0.219510
0.253151
0.279928
0.297775
0.306609
0.311420
0.315207
0.319876
0.325776
0.329282
0.325986
0.310445
0.277929
0.227538
0.162560
0.089984
0.018319
-0.052355
-0.129095
-0.203551
-0.253260
-0.259933
-0.225693
-0.183319
-0.169502
-0.190634
-0.223654
-0.239532
-0.228938
-0.207590
-0.190435
-0.179931
-0.170929
-0.158428
-0.146297
-0.137842
-0.132027
-0.126367
-0.118926
-0.114940
-0.121208
-0.136653
-0.153978
-0.164121
-0.164654
-0.159315
-0.148615
-0.131655
-0.109767
-0.080812
-0.043245
-0.000450
0.045390
0.089891
0.129860
0.164716
0.193920
0.219535
0.242429
0.263023
0.280405
0.292809
0.300313
0.300601
0.289887
0.268413
0.237178
0.200184
0.163813
0.127852
0.092112
0.057482
0.024524
-0.003399
-0.025865
-0.045301
-0.063217
-0.081093
-0.099332
-0.114743
-0.123331
-0.121066
-0.105784
-0.082240
-0.056656
-0.032035
-0.008144
0.015490
0.040837
0.073157
0.110811
0.148848
0.183903
0.210968
0.228419
0.238105
0.242140
0.241674
0.239212
0.235758
0.229983
0.221726
0.211960
0.202621
0.193886
0.186551
0.180836
0.174832
0.165968
0.150371
0.126908
0.096944
0.062339
0.028071
-0.003693
-0.033418
-0.058638
-0.079976
-0.101384
-0.122742
-0.139875
-0.150057
-0.152457
-0.149717
-0.148314
-0.150506
-0.150881
-0.141475
-0.119236
-0.086703
-0.050133
-0.018738
0.005143
0.026072
0.046729
0.067279
0.084972
0.098407
0.108765
0.115906
0.119064
0.117431
0.110472
0.098826
0.083894
0.066162
0.046391
0.024626
0.001157
-0.021592
-0.044223
-0.070764
-0.103894
-0.139742
-0.167127
-0.176979
-0.168786
-0.148870
-0.129243
-0.119412
-0.118061
-0.119425
-0.119789
-0.117646
-0.116205
-0.119764
-0.126666
-0.133769
-0.138141
-0.135871
-0.126637
-0.110005
-0.086284
-0.058187
-0.026146
0.010032
0.050314
0.092804
0.136128
0.178958
0.218708
0.255254
0.287811
0.313367
0.331332
0.346322
0.359634
0.367362
0.366966
0.354948
0.329047
0.289991
0.238661
0.181746
0.127686
0.078367
0.034477
-0.001096
-0.022693
-0.024298
-0.005201
0.027196
0.058386
0.079847
0.095826
0.111224
0.126156
0.138854
0.147690
0.153180
0.156776
0.158202
0.156442
0.152188
0.146364
0.139464
0.132255
0.125037
0.116322
0.104825
0.090445
0.071404
0.047837
0.021717
-0.005665
-0.031103
-0.049653
-0.058305
-0.058598
-0.048658
-0.024075
0.006187
0.025728
0.029550
0.022351
0.012459
0.007995
0.009031
0.011555
0.014072
0.016789
0.020462
0.025023
0.029559
0.031705
0.029511
0.023412
0.014469
0.003899
-0.008767
-0.022381
-0.033437
-0.041332
-0.046417
-0.047686
-0.045485
-0.042389
-0.043452
-0.052233
-0.066070
-0.080478
-0.091868
-0.100575
-0.110176
-0.121366
-0.133295
-0.144772
-0.154436
-0.162184
-0.168113
-0.172580
-0.174866
-0.175021
-0.172651
-0.166411
-0.157013
-0.144114
-0.125491
-0.101282
-0.074723
-0.048981
-0.027331
-0.009515
0.005860
0.018732
0.028566
0.034056
0.035809
0.035774
0.035142
0.031859
0.024529
0.013726
-0.000538
-0.018030
-0.038037
-0.060139
-0.084356
-0.108728
-0.131397
-0.150848
-0.165569
-0.176706
-0.183148
-0.181450
-0.172325
-0.159280
-0.144986
-0.130216
-0.115503
-0.104613
-0.099574
-0.100545
-0.107346
-0.115148
-0.120609
-0.120532
-0.111386
-0.096212
-0.079566
-0.063067
-0.047852
-0.034781
-0.024858
-0.019444
-0.016847
-0.015044
-0.014790
-0.017189
-0.022719
-0.031099
-0.041684
-0.054995
-0.069648
-0.081682
-0.087992
-0.087363
-0.081479
-0.071627
-0.058829
-0.044640
-0.030505
-0.018329
-0.007086
0.005461
0.019834
0.034914
0.049120
0.061256
0.070244
0.077279
0.082954
0.085920
0.086420
0.085026
0.082338
0.080478
0.080584
0.081035
0.081046
0.080460
0.078225
0.074318
0.069840
0.065977
0.062595
0.058492
0.054155
0.049853
0.045222
0.039883
0.031883
0.019930
0.003696
-0.015917
-0.037006
-0.055916
-0.068826
-0.075168
-0.073659
-0.063085
-0.047256
-0.030760
-0.015553
-0.002564
0.008768
0.020044
0.032311
0.047191
0.063807
0.078440
0.090741
0.100707
0.108039
0.113296
0.114601
0.111627
0.106286
0.099435
0.091590
0.083431
0.075374
0.067377
0.059656
0.051617
0.042634
0.032890
0.022442
0.011842
0.002316
-0.005494
-0.012907
-0.021756
-0.032366
-0.043806
-0.054478
-0.062672
-0.068880
-0.073819
-0.076223
-0.074790
-0.070112
-0.063642
-0.055973
-0.048225
-0.040207
-0.031181
-0.021497
-0.010321
0.002135
0.014258
0.025803
0.037376
0.049112
0.060297
0.070652
0.079408
0.084602
0.085419
0.082212
0.074007
0.060410
0.042831
0.023127
0.005205
-0.007746
-0.016534
-0.023851
-0.031003
-0.038356
-0.046671
-0.057376
-0.069890
-0.081829
-0.092175
-0.100130
-0.103755
-0.101092
-0.092140
-0.078829
-0.063562
-0.048572
-0.034702
-0.020799
-0.005975
0.009374
0.024460
0.039090
0.052626
0.065843
0.079841
0.092804
0.102698
0.108313
0.108549
0.101197
0.086960
0.070182
0.054686
0.043995
0.040793
0.046167
0.056359
0.066322
0.073687
0.078576
0.082173
0.083186
0.081720
0.080051
0.079731
0.081420
0.084864
0.088776
0.091600
0.091614
0.087935
0.080944
0.072173
0.062082
0.049263
0.033472
0.015071
-0.004334
-0.024832
-0.045938
-0.064514
-0.080035
-0.091164
-0.095815
-0.094001
-0.087356
-0.079159
-0.070823
-0.062804
-0.056508
-0.051069
-0.045331
-0.039194
-0.032163
-0.024840
-0.017608
-0.010826
-0.004840
-0.000104
0.000996
-0.002028
-0.007239
-0.013668
-0.021003
-0.028586
-0.036318
-0.043282
-0.047264
-0.048241
-0.047611
-0.046876
-0.046832
-0.046584
-0.046099
-0.046457
-0.047725
-0.049283
-0.051042
-0.053532
-0.056995
-0.059824
-0.059693
-0.055094
-0.046515
-0.035948
-0.024233
-0.011623
0.000853
0.011441
0.019800
0.026304
0.030660
0.033032
0.033196
0.031954
0.031615
0.033003
0.034853
0.034495
0.030590
0.024715
0.018690
0.012353
0.005094
-0.002731
-0.010736
-0.019501
-0.031249
-0.046937
-0.064379
-0.081615
-0.096717
-0.108234
-0.115411
-0.116084
-0.111117
-0.104382
-0.099587
-0.098066
-0.098254
-0.098278
-0.097504
-0.096433
-0.094852
-0.092465
-0.089710
-0.087227
-0.086214
-0.087342
-0.088987
-0.089504
-0.088382
-0.085853
-0.081529
-0.075069
-0.067850
-0.061487
-0.057100
-0.054167
-0.051399
-0.048472
-0.046803
-0.047500
-0.049788
-0.052369
-0.054473
-0.057001
-0.061159
-0.066396
-0.070954
-0.074227
-0.077513
-0.081474
-0.085372
-0.088127
-0.088866
-0.087086
-0.082572
-0.076462
-0.068950
-0.058763
-0.046553
-0.033910
-0.021565
-0.008425
0.006422
0.021267
0.035300
0.049105
0.061351
0.071010
0.077584
0.079627
0.077054
0.072150
0.067816
0.066830
0.071480
0.080234
0.089780
0.098667
0.106494
0.112876
0.116867
0.118804
0.119802
0.120462
0.121926
0.123632
0.125131
0.127622
0.130643
0.133478
0.135174
0.133802
0.129453
0.124587
0.120590
0.117041
0.113339
0.110674
0.111181
0.113684
0.115573
0.115680
0.114389
0.112962
0.111362
0.108561
0.104601
0.099867
0.094001
0.087281
0.080101
0.072263
0.063405
0.053372
0.043004
0.032817
0.022847
0.014427
0.008126
0.003785
0.002982
0.007665
0.016538
0.025199
0.029351
0.027454
0.022177
0.016719
0.013364
0.013107
0.014106
0.014766
0.015155
0.015315
0.015002
0.014830
0.015671
0.017898
0.022092
0.027155
0.030466
0.030876
0.029133
0.026277
0.022139
0.016688
0.010507
0.005215
0.002154
0.000476
-0.000270
-0.001296
-0.003929
-0.007375
-0.009237
-0.006921
-0.002048
0.003095
0.008017
0.010769
0.009851
0.005299
-0.001496
-0.008525
-0.015193
-0.021594
-0.027201
-0.030464
-0.030362
-0.029611
-0.032767
-0.042692
-0.058967
-0.076980
-0.090464
-0.093813
-0.084364
-0.066049
-0.046818
-0.031200
-0.018397
-0.005818
0.008224
0.023434
0.037747
0.049306
0.057947
0.063815
0.065983
0.064584
0.060631
0.054058
0.044517
0.032203
0.018465
0.004840
-0.008113
-0.020314
-0.031841
-0.043179
-0.054340
-0.064656
-0.072989
-0.079569
-0.084807
-0.087017
-0.085335
-0.080664
-0.075201
-0.070174
-0.064980
-0.058935
-0.052838
-0.048304
-0.045041
-0.041978
-0.038447
-0.034584
-0.031020
-0.026937
-0.022284
-0.018307
-0.014515
-0.010885
-0.007636
-0.004428
-0.002211
-0.001180
-0.000754
-0.000201
0.000006
-0.000489
0.000197
0.002605
0.006057
0.009376
0.011552
0.012037
0.010300
0.006422
0.000982
-0.005584
-0.013599
-0.022512
-0.033138
-0.045708
-0.057863
-0.068140
-0.075162
-0.077856
-0.076846
-0.074136
-0.071845
-0.070712
-0.070660
-0.071246
-0.071999
-0.072753
-0.072623
-0.070775
-0.067340
-0.061939
-0.054916
-0.047714
-0.040307
-0.032416
-0.024168
-0.016207
-0.009472
-0.004254
0.000319
0.004744
0.007808
0.008292
0.005280
-0.001082
-0.009449
-0.018960
-0.028720
-0.036233
-0.040047
-0.041298
-0.040741
-0.038302
-0.033897
-0.028093
-0.021826
-0.014806
-0.006812
0.000882
0.006959
0.011660
0.016084
0.020951
0.025743
0.030004
0.034200
0.037733
0.040648
0.042484
0.040407
0.033078
0.021075
0.006984
-0.005379
-0.015753
-0.025326
-0.033659
-0.041471
-0.049085
-0.055678
-0.061081
-0.065146
-0.066998
-0.065729
-0.061201
-0.054147
-0.046089
-0.038217
-0.032050
-0.027436
-0.023345
-0.019769
-0.015681
-0.010161
-0.003165
0.003824
0.009226
0.012704
0.013587
0.012454
0.011770
0.013656
0.018431
0.024101
0.027813
0.029503
0.031152
0.032601
0.033194
0.033337
0.033367
0.032959
0.030649
0.025359
0.017820
0.010130
0.004646
0.002621
0.003877
0.008017
0.014311
0.022109
0.031794
0.042078
0.051198
0.058803
0.063607
0.066687
0.069246
0.069710
0.068680
0.067417
0.066195
0.065620
0.066341
0.068461
0.073568
0.082270
0.092368
0.103646
0.114573
0.122517
0.126743
0.126056
0.120543
0.111202
0.098294
0.082469
0.065578
0.049492
0.034789
0.021239
0.007949
-0.005428
-0.018993
-0.031989
-0.042680
-0.050457
-0.054583
-0.055072
-0.052597
-0.047257
-0.039922
-0.031231
-0.022154
-0.014309
-0.006897
0.000609
0.007495
0.013534
0.018929
0.025000
0.031379
0.037217
0.042641
0.047912
0.053362
0.058401
0.062116
0.064328
0.064534
0.062074
0.057916
0.053086
0.048283
0.045361
0.045874
0.048954
0.052836
0.055482
0.056337
0.055886
0.054207
0.052254
0.050413
0.050054
0.052706
0.057444
0.062370
0.067385
0.072286
0.075355
0.076239
0.075679
0.074653
0.073122
0.070536
0.067051
0.063009
0.059256
0.055835
0.051134
0.045225
0.038794
0.029974
0.018900
0.007866
-0.002163
-0.010783
-0.018036
-0.024757
-0.031570
-0.037797
-0.043465
-0.049329
-0.054617
-0.058691
-0.062136
-0.063904
-0.062079
-0.057090
-0.050583
-0.043749
-0.036223
-0.028157
-0.020491
-0.013102
-0.007038
-0.002015
0.002675
0.005969
0.009247
0.013135
0.016366
0.018975
0.020996
0.023048
0.026251
0.030783
0.035071
0.037371
0.038137
0.037846
0.035366
0.030135
0.022401
0.012784
0.002116
-0.008979
-0.019337
-0.028426
-0.036633
-0.043717
-0.048332
-0.050660
-0.051315
-0.050900
-0.052069
-0.055161
-0.058377
-0.061763
-0.064687
-0.065221
-0.062870
-0.057814
-0.051848
-0.046136
-0.040631
-0.035184
-0.028524
-0.021705
-0.016844
-0.014824
-0.014922
-0.016080
-0.018318
-0.021129
-0.024359
-0.027998
-0.030220
-0.030343
-0.029528
-0.028907
-0.029565
-0.031044
-0.033341
-0.036740
-0.040977
-0.045878
-0.050689
-0.053381
-0.051526
-0.045746
-0.037048
-0.025878
-0.012786
0.000997
0.012895
0.022763
0.031678
0.039343
0.045718
0.049948
0.050631
0.048446
0.043595
0.036545
0.027515
0.015818
0.002712
-0.009292
-0.018406
-0.024637
-0.028990
-0.032560
-0.036137
-0.039730
-0.043504
-0.047702
-0.051137
-0.053812
-0.056465
-0.057528
-0.056158
-0.053840
-0.051388
-0.048946
-0.046693
-0.045003
-0.043859
-0.042704
-0.041648
-0.041062
-0.041311
-0.041637
-0.040942
-0.039461
-0.037367
-0.034859
-0.031921
-0.027918
-0.023592
-0.019666
-0.016613
-0.014875
-0.013301
-0.010544
-0.006400
-0.002153
0.000546
0.001239
-0.000620
-0.005542
-0.012772
-0.020454
-0.026430
-0.029870
-0.030007
-0.027077
-0.023475
-0.019967
-0.016850
-0.014679
-0.011586
-0.006320
0.001095
0.009839
0.017647
0.023419
0.027384
0.029451
0.028066
0.022904
0.017201
0.013219
0.010175
0.007623
0.004928
0.001016
-0.004050
-0.010686
-0.018551
-0.026217
-0.032516
-0.036670
-0.039711
-0.042793
-0.045628
-0.048933
-0.053319
-0.058224
-0.062315
-0.063487
-0.060723
-0.054296
-0.046919
-0.040841
-0.035805
-0.031836
-0.027776
-0.022395
-0.015800
-0.007875
0.000042
0.006737
0.012185
0.016214
0.019360
0.021580
0.023253
0.025145
0.027427
0.029737
0.031738
0.033507
0.034947
0.036689
0.038790
0.041175
0.043945
0.047136
0.051330
0.055697
0.059244
0.061663
0.062339
0.061323
0.058285
0.053342
0.047314
0.040851
0.035011
0.030243
0.026897
0.024170
0.020999
0.018037
0.015549
0.014181
0.014774
0.017158
0.021120
0.026514
0.032793
0.039743
0.046784
0.052895
0.057856
0.060864
0.061308
0.058736
0.054046
0.049207
0.045061
0.041426
0.037212
0.032912
0.029073
0.025008
0.021042
0.018367
0.016711
0.015475
0.015957
0.018219
0.020322
0.021742
0.022916
0.023995
0.024367
0.023250
0.020685
0.017548
0.015181
0.013669
0.012906
0.013419
0.016004
0.019096
0.020867
0.022297
0.022677
0.022192
0.023294
0.026034
0.029970
0.035413
0.041684
0.048037
0.052605
0.053974
0.053230
0.051515
0.050020
0.049001
0.047596
0.044949
0.040317
0.034421
0.028241
0.021521
0.015041
0.009991
0.006068
0.003317
0.002334
0.002308
0.002050
0.001501
0.001269
0.001375
0.001404
0.002357
0.004407
0.006002
0.006631
0.005433
0.001280
-0.003904
-0.008181
-0.012069
-0.015479
-0.018586
-0.022273
-0.025536
-0.027717
-0.030018
-0.032585
-0.035026
-0.037901
-0.040858
-0.043325
-0.045186
-0.044601
-0.040801
-0.035753
-0.030611
-0.026072
-0.022343
-0.019148
-0.017051
-0.015645
-0.014353
-0.013502
-0.012412
-0.009895
-0.006785
-0.003986
-0.001893
-0.001463
-0.002328
-0.004063
-0.006159
-0.007876
-0.009230
-0.009333
-0.007579
-0.005279
-0.003633
-0.002558
-0.001701
-0.002002
-0.004085
-0.006875
-0.009721
-0.012146
-0.013751
-0.014873
-0.014977
-0.013120
-0.009390
-0.004181
0.002149
0.009047
0.015215
0.020265
0.024775
0.028049
0.031095
0.035690
0.040989
0.045541
0.049195
0.052448
0.055260
0.057115
0.057359
0.055605
0.051063
0.043884
0.035780
0.027854
0.020203
0.013367
0.008457
0.005433
0.003459
0.002386
0.002295
0.002594
0.003393
0.004329
0.004435
0.003904
0.002940
0.001865
0.001519
0.001907
0.002783
0.004166
0.005411
0.006609
0.008116
0.009317
0.009600
0.009447
0.009477
0.009680
0.009441
0.008266
0.006081
0.003255
-0.000044
-0.003753
-0.006935
-0.010205
-0.013704
-0.016898
-0.020502
-0.024482
-0.028498
-0.032459
-0.035995
-0.038489
-0.039186
-0.037244
-0.032709
-0.026990
-0.021599
-0.017447
-0.014491
-0.012008
-0.009345
-0.006231
-0.002143
0.003268
0.009493
0.016113
0.021911
0.025826
0.027572
0.027530
0.026814
0.024615
0.021296
0.018576
0.015538
0.011475
0.006906
0.002096
-0.002880
-0.007486
-0.012134
-0.017505
-0.022294
-0.026598
-0.031846
-0.037529
-0.042402
-0.045711
-0.047272
-0.047220
-0.046174
-0.045762
-0.046642
-0.048750
-0.051143
-0.052027
-0.051713
-0.050365
-0.047128
-0.042868
-0.038932
-0.036160
-0.036215
-0.038971
-0.042701
-0.047185
-0.051334
-0.054014
-0.055445
-0.054232
-0.050421
-0.047002
-0.045168
-0.045205
-0.046773
-0.049315
-0.053044
-0.057172
-0.061769
-0.065832
-0.068321
-0.070509
-0.071923
-0.071395
-0.069453
-0.066913
-0.063556
-0.059114
-0.053921
-0.046973
-0.037316
-0.025461
-0.012718
-0.001565
0.008564
0.020160
0.032263
0.042443
0.049849
0.056305
0.063113
0.068646
0.070523
0.069036
0.065762
0.059910
0.051548
0.041652
0.031490
0.023230
0.016815
0.010773
0.004737
-0.001178
-0.006802
-0.012519
-0.019025
-0.025507
-0.030998
-0.035165
-0.037333
-0.037363
-0.036474
-0.035136
-0.032103
-0.027316
-0.022147
-0.016812
-0.011047
-0.004483
0.002830
0.009403
0.015130
0.020395
0.024778
0.028421
0.031051
0.032661
0.033478
0.032903
0.030927
0.027856
0.023871
0.019962
0.016407
0.012729
0.009104
0.005801
0.003351
0.001713
0.000535
-0.000089
-0.000451
-0.000659
-0.001291
-0.003276
-0.006738
-0.010965
-0.014986
-0.017988
-0.019163
-0.018625
-0.017541
-0.016815
-0.016638
-0.016872
-0.016232
-0.013558
-0.009300
-0.004900
-0.000950
0.003154
0.006105
0.006749
0.006365
0.006072
0.006089
0.006711
0.008006
0.009517
0.011281
0.013627
0.015804
0.017305
0.017933
0.017288
0.016208
0.015142
0.013777
0.011215
0.006875
0.002318
-0.000865
-0.002120
-0.001128
0.001034
0.003102
0.004898
0.006402
0.007808
0.009520
0.011431
0.012636
0.013747
0.015373
0.017089
0.019360
0.022320
0.025681
0.028628
0.031285
0.034610
0.038061
0.041164
0.043185
0.043941
0.044042
0.042870
0.040518
0.037567
0.034427
0.031523
0.028437
0.024639
0.020677
0.017341
0.013404
0.008490
0.004118
0.000684
-0.002254
-0.005486
-0.008650
-0.010784
-0.011084
-0.009545
-0.007409
-0.004987
-0.002962
-0.001409
0.000259
0.001482
0.001654
0.000473
-0.001124
-0.001348
0.000412
0.003348
0.006879
0.010843
0.015131
0.020157
0.025892
0.031357
0.036575
0.041737
0.046387
0.050039
0.051744
0.051152
0.048133
0.042445
0.033853
0.022822
0.011274
0.000577
-0.008544
-0.015526
-0.020444
-0.022973
-0.022786
-0.020096
-0.015701
-0.010461
-0.004838
0.000922
0.007099
0.012609
0.016149
0.018168
0.019861
0.021901
0.023300
0.023307
0.022073
0.020655
0.019471
0.017545
0.015135
0.012733
0.012600
0.017614
0.024336
0.028435
0.032358
0.037221
0.038989
0.035670
0.029632
0.024043
0.018693
0.012156
0.005475
0.000464
-0.002624
-0.004748
-0.006479
-0.007489
-0.006973
-0.005535
-0.005095
-0.005800
-0.006338
-0.006896
-0.008835
-0.012084
-0.015894
-0.020516
-0.025123
-0.028088
-0.029116
-0.028397
-0.026708
-0.024871
-0.022933
-0.021723
-0.022123
-0.023635
-0.025752
-0.027920
-0.028946
-0.028928
-0.028178
-0.025871
-0.021878
-0.016726
-0.010672
-0.004193
0.002332
0.008087
0.011978
0.014117
0.014645
0.013283
0.010153
0.006295
0.002131
-0.002434
-0.007373
-0.012305
-0.016116
-0.018704
-0.020631
-0.022048
-0.022809
-0.023567
-0.024895
-0.026311
-0.027328
-0.028126
-0.028341
-0.028516
-0.030006
-0.031536
-0.032465
-0.033259
-0.033147
-0.031671
-0.029070
-0.026010
-0.022899
-0.019319
-0.015482
-0.012557
-0.010659
-0.009182
-0.008058
-0.008158
-0.009896
-0.012151
-0.014856
-0.018669
-0.023403
-0.028208
-0.032821
-0.036589
-0.038224
-0.037610
-0.035045
-0.031015
-0.025947
-0.020802
-0.016707
-0.014090
-0.012143
-0.010511
-0.010307
-0.011542
-0.013990
-0.017268
-0.020990
-0.025102
-0.029023
-0.032673
-0.035879
-0.037975
-0.038005
-0.036014
-0.033354
-0.030861
-0.028418
-0.025754
-0.023314
-0.021205
-0.019558
-0.018464
-0.018084
-0.019185
-0.020504
-0.019771
-0.017172
-0.014273
-0.011562
-0.008661
-0.005483
-0.002776
-0.000971
-0.000376
-0.001391
-0.002979
-0.004329
-0.005360
-0.005461
-0.004430
-0.002683
-0.001448
-0.001676
-0.002908
-0.004838
-0.006733
-0.007163
-0.005585
-0.002635
0.000740
0.003880
0.007166
0.010647
0.013361
0.015192
0.016138
0.016425
0.016653
0.016729
0.016257
0.014263
0.010291
0.005564
0.000880
-0.002272
-0.003195
-0.003413
-0.002878
-0.001515
-0.000020
0.001011
0.000832
0.000208
0.000229
0.000962
0.002958
0.006252
0.009997
0.014241
0.018401
0.021187
0.021961
0.021245
0.020151
0.019767
0.020640
0.021273
0.020517
0.018040
0.013346
0.007090
0.000170
-0.006245
-0.012036
-0.017734
-0.021950
-0.024004
-0.024690
-0.024912
-0.025558
-0.027365
-0.029563
-0.031192
-0.033300
-0.036000
-0.038328
-0.040001
-0.041130
-0.042242
-0.043194
-0.043724
-0.043071
-0.039865
-0.034964
-0.029758
-0.023903
-0.017184
-0.011079
-0.006596
-0.003346
-0.000918
0.001484
0.004943
0.009945
0.016718
0.025111
0.034195
0.042787
0.049408
0.053773
0.056690
0.058328
0.058558
0.056988
0.054603
0.052707
0.050126
0.046052
0.041130
0.036029
0.031604
0.028248
0.025729
0.023975
0.023582
0.024901
0.026824
0.028402
0.029549
0.030613
0.032010
0.032276
0.030005
0.026114
0.022380
0.019341
0.016400
0.013746
0.011619
0.009687
0.007919
0.006371
0.004712
0.002403
-0.000852
-0.004884
-0.008866
-0.011907
-0.014030
-0.015839
-0.017646
-0.019451
-0.021094
-0.022973
-0.025017
-0.026517
-0.027072
-0.026113
-0.024651
-0.023625
-0.022416
-0.020298
-0.017136
-0.013560
-0.009966
-0.006585
-0.003252
0.000447
0.004326
0.008206
0.011921
0.015098
0.017529
0.019001
0.019240
0.018735
0.018236
0.016600
0.012767
0.007576
0.001722
-0.004127
-0.009261
-0.014052
-0.019129
-0.024087
-0.028762
-0.033282
-0.036727
-0.039229
-0.041535
-0.043877
-0.046484
-0.048904
-0.049847
-0.048462
-0.045720
-0.042953
-0.040711
-0.038565
-0.036088
-0.033585
-0.031327
-0.029534
-0.028057
-0.026373
-0.023914
-0.020403
-0.016217
-0.012052
-0.008334
-0.004705
-0.001052
0.001745
0.003680
0.005959
0.008610
0.010771
0.012477
0.013577
0.013181
0.011380
0.009069
0.006775
0.004920
0.004095
0.004435
0.005520
0.007183
0.008666
0.009006
0.007916
0.005914
0.003503
0.000901
-0.001077
-0.002526
-0.004032
-0.005593
-0.006738
-0.007374
-0.008221
-0.009633
-0.011937
-0.014986
-0.018287
-0.021186
-0.022380
-0.021149
-0.017755
-0.013074
-0.007345
-0.000529
0.006661
0.013350
0.018716
0.023025
0.026884
0.029826
0.031155
0.030219
0.027763
0.025403
0.023326
0.021045
0.018421
0.015720
0.013320
0.011877
0.012348
0.014833
0.018836
0.023142
0.026424
0.028636
0.030186
0.030750
0.029237
0.025545
0.020919
0.016485
0.012732
0.009508
0.006295
0.003523
0.001919
0.001444
0.002525
0.005661
0.009992
0.014659
0.019130
0.022236
0.023868
0.025367
0.027055
0.028682
0.030362
0.031756
0.032642
0.032654
0.031083
0.027746
0.023414
0.018591
0.013375
0.007457
0.001184
-0.004007
-0.007887
-0.011172
-0.014543
-0.017131
-0.017082
-0.014821
-0.012215
-0.010231
-0.008796
-0.007881
-0.007690
-0.007757
-0.007506
-0.005968
-0.002681
0.001736
0.007059
0.013080
0.019090
0.024413
0.029034
0.032865
0.034869
0.034974
0.034896
0.035732
0.037846
0.040665
0.043061
0.044816
0.045395
0.044415
0.041878
0.038256
0.034203
0.029284
0.023205
0.016192
0.009325
0.003435
-0.002245
-0.007856
-0.013035
-0.017840
-0.021942
-0.024930
-0.027448
-0.030658
-0.035010
-0.039808
-0.043780
-0.045955
-0.045408
-0.042105
-0.037005
-0.030935
-0.024796
-0.019083
-0.013618
-0.007851
-0.002100
0.002146
0.004517
0.005248
0.005002
0.004299
0.002847
0.001209
0.000512
0.001331
0.002863
0.004503
0.006553
0.007862
0.007002
0.004386
0.001237
-0.000925
-0.001354
-0.000788
0.000361
0.001931
0.003018
0.002179
-0.001124
-0.005315
-0.009417
-0.014057
-0.018995
-0.022955
-0.025268
-0.026788
-0.027819
-0.028154
-0.028484
-0.029468
-0.031871
-0.035607
-0.039604
-0.043208
-0.046278
-0.048603
-0.050127
-0.051355
-0.052226
-0.052629
-0.052655
-0.052624
-0.053371
-0.055744
-0.060056
-0.065170
-0.069894
-0.073424
-0.075629
-0.077219
-0.077431
-0.074770
-0.069849
-0.064105
-0.057686
-0.051136
-0.045730
-0.041442
-0.037044
-0.031507
-0.024657
-0.016711
-0.008341
0.000034
0.008374
0.016157
0.023154
0.028300
0.030468
0.029641
0.026076
0.021171
0.016321
0.011926
0.008121
0.005005
0.002599
0.001208
0.001185
0.002210
0.003491
0.004020
0.003636
0.002998
0.002807
0.003414
0.004553
0.006402
0.009460
0.013412
0.018045
0.022544
0.025691
0.028157
0.030777
0.033202
0.035064
0.036488
0.038056
0.039969
0.041918
0.043874
0.045483
0.046033
0.045548
0.044635
0.042449
0.038058
0.033113
0.029016
0.025602
0.022573
0.020358
0.019738
0.019926
0.019749
0.019271
0.019470
0.020845
0.022343
0.023258
0.023955
0.024865
0.026016
0.027091
0.028140
0.029701
0.031804
0.033705
0.035344
0.037430
0.039364
0.040290
0.039776
0.037458
0.034511
0.031849
0.029336
0.026943
0.024748
0.022719
0.020386
0.017552
0.014662
0.011579
0.007433
0.002430
-0.002546
-0.007457
-0.013094
-0.019554
-0.025476
-0.029792
-0.032241
-0.032995
-0.031925
-0.028629
-0.023892
-0.019026
-0.014596
-0.010429
-0.006407
-0.002799
0.000963
0.005135
0.008707
0.011335
0.014027
0.017935
0.022221
0.025375
0.027420
0.028811
0.029456
0.029340
0.028510
0.026590
0.023728
0.021093
0.019765
0.019562
0.019556
0.019207
0.018071
0.015871
0.012934
0.009315
0.005314
0.002034
-0.000015
-0.000801
-0.000187
0.001611
0.003903
0.005747
0.006792
0.007577
0.008327
0.008547
0.008343
0.007944
0.006294
0.002416
-0.003223
-0.009237
-0.013889
-0.016470
-0.017561
-0.018421
-0.019830
-0.021358
-0.023429
-0.026597
-0.029714
-0.030804
-0.028807
-0.024330
-0.018682
-0.012993
-0.007448
-0.001680
0.004456
0.011542
0.019333
0.026786
0.033926
0.040465
0.045489
0.048215
0.048278
0.046529
0.043651
0.039427
0.033779
0.027478
0.021742
0.017070
0.013105
0.009247
0.005441
0.001714
-0.001886
-0.004956
-0.007238
-0.008105
-0.007044
-0.004957
-0.003032
-0.002443
-0.003835
-0.006197
-0.008301
-0.009376
-0.009102
-0.007388
-0.004215
0.000100
0.004622
0.008010
0.009702
0.009628
0.008062
0.006085
0.004157
0.002683
0.002942
0.004803
0.007487
0.010346
0.012080
0.012104
0.010648
0.008776
0.007251
0.005839
0.004279
0.002125
-0.000459
-0.002886
-0.004890
-0.006482
-0.008487
-0.011653
-0.015268
-0.017928
-0.019152
-0.018904
-0.017430
-0.015053
-0.011224
-0.005920
-0.000389
0.004467
0.009139
0.013620
0.016781
0.018228
0.018091
0.016345
0.012950
0.008186
0.002970
-0.001827
-0.006309
-0.011082
-0.016008
-0.020092
-0.022669
-0.024255
-0.025300
-0.025058
-0.023047
-0.019795
-0.016193
-0.012678
-0.008668
-0.004116
0.000351
0.004912
0.009995
0.014707
0.018536
0.022340
0.026345
0.030179
0.032506
0.032569
0.031085
0.028815
0.026231
0.023141
0.019811
0.017337
0.016119
0.015116
0.013077
0.009774
0.005748
0.002043
-0.000316
-0.001372
-0.001695
-0.001420
-0.000476
0.000907
0.002473
0.004075
0.005571
0.007396
0.009846
0.012652
0.015754
0.018827
0.020704
0.020604
0.019461
0.018630
0.018171
0.017325
0.015528
0.013510
0.012137
0.011115
0.010178
0.009444
0.009540
0.010802
0.012633
0.014303
0.015397
0.015601
0.014739
0.013096
0.011254
0.009338
0.006433
0.002117
-0.002948
-0.007989
-0.013035
-0.018670
-0.024257
-0.029019
-0.033125
-0.036611
-0.039346
-0.040906
-0.040606
-0.038716
-0.036254
-0.033651
-0.030497
-0.026863
-0.023920
-0.022087
-0.021017
-0.020899
-0.021969
-0.023605
-0.025112
-0.026761
-0.028343
-0.029436
-0.030444
-0.031744
-0.033304
-0.034369
-0.034341
-0.033710
-0.033748
-0.035306
-0.037766
-0.040129
-0.042090
-0.044253
-0.047018
-0.049883
-0.052473
-0.054556
-0.056037
-0.057081
-0.057888
-0.057971
-0.056809
-0.055056
-0.053163
-0.051006
-0.048557
-0.045279
-0.040879
-0.036242
-0.031687
-0.026883
-0.021827
-0.016294
-0.010192
-0.003712
0.002898
0.008617
0.012447
0.015229
0.018152
0.020958
0.022146
0.020702
0.017502
0.014146
0.011786
0.010157
0.007862
0.004560
0.001806
0.000442
-0.000831
-0.002708
-0.004666
-0.006608
-0.008445
-0.009462
-0.009643
-0.010211
-0.011123
-0.010903
-0.009182
-0.006879
-0.004391
-0.001322
0.002508
0.007077
0.012055
0.016569
0.020091
0.023242
0.026213
0.027980
0.028136
0.027585
0.027525
0.027878
0.027605
0.026440
0.024856
0.023356
0.021789
0.019609
0.016742
0.013575
0.010670
0.008292
0.006216
0.004612
0.003976
0.004346
0.005592
0.007242
0.009009
0.010568
0.011815
0.013472
0.016439
0.021208
0.026490
0.030286
0.032341
0.033914
0.035844
0.037644
0.038347
0.037943
0.036988
0.035882
0.034778
0.032829
0.029337
0.024775
0.019933
0.015188
0.010203
0.005212
0.001540
-0.000407
-0.001598
-0.002781
-0.003539
-0.003468
-0.003306
-0.003950
-0.005469
-0.006815
-0.007046
-0.006584
-0.006452
-0.007178
-0.008384
-0.008753
-0.007210
-0.004294
-0.001020
0.002883
0.008104
0.014066
0.019597
0.024016
0.027921
0.031899
0.034967
0.037150
0.039199
0.040753
0.040945
0.039068
0.035658
0.031021
0.024967
0.018530
0.012840
0.008164
0.003715
-0.000896
-0.004523
-0.006716
-0.008740
-0.011957
-0.016225
-0.020531
-0.023690
-0.024740
-0.023614
-0.021014
-0.017864
-0.014445
-0.010990
-0.008282
-0.006719
-0.005601
-0.003795
-0.001268
0.001113
0.002669
0.002851
0.001714
0.000159
-0.001317
-0.003159
-0.005871
-0.009091
-0.011979
-0.014467
-0.017015
-0.019708
-0.022128
-0.023725
-0.024303
-0.023624
-0.021918
-0.020091
-0.018217
-0.016095
-0.014223
-0.012955
-0.012407
-0.012455
-0.011723
-0.008520
-0.003105
0.003061
0.009173
0.014694
0.019136
0.022537
0.024681
0.025065
0.024959
0.026523
0.029790
0.033374
0.036287
0.038268
0.039123
0.038715
0.037210
0.035093
0.033571
0.033478
0.034081
0.034268
0.033874
0.033106
0.031385
0.028163
0.023777
0.018912
0.014476
0.010779
0.006871
0.001695
-0.004174
-0.009219
-0.012636
-0.014261
-0.014562
-0.014435
-0.013976
-0.012702
-0.010565
-0.008119
-0.006303
-0.005452
-0.004965
-0.004026
-0.002603
-0.001793
-0.002496
-0.004667
-0.007814
-0.011884
-0.016856
-0.022066
-0.026956
-0.031037
-0.033913
-0.035506
-0.035929
-0.035341
-0.033951
-0.032256
-0.030661
-0.029303
-0.028216
-0.027061
-0.025825
-0.024893
-0.024277
-0.024040
-0.024178
-0.024428
-0.024511
-0.024388
-0.024404
-0.024699
-0.024820
-0.024785
-0.024753
-0.024330
-0.023837
-0.023587
-0.023091
-0.021936
-0.020253
-0.018366
-0.016114
-0.013243
-0.009857
-0.006500
-0.003823
-0.001538
0.001245
0.004700
0.008447
0.012025
0.014899
0.017446
0.020175
0.021943
0.022055
0.021383
0.020697
0.019806
0.018325
0.016275
0.013666
0.011210
0.009043
0.006072
0.002343
-0.001051
-0.003397
-0.005047
-0.006641
-0.008189
-0.009402
-0.009865
-0.009831
-0.009816
-0.009813
-0.009387
-0.008213
-0.006878
-0.006099
-0.005729
-0.005531
-0.005311
-0.004376
-0.002715
-0.001128
-0.000234
0.000212
0.001106
0.002335
0.002976
0.003415
0.004517
0.005810
0.006635
0.007075
0.007508
0.008258
0.009121
0.009751
0.011026
0.013744
0.016694
0.018544
0.019633
0.020775
0.021493
0.020992
0.019608
0.017618
0.015294
0.013266
0.011638
0.010520
0.010774
0.012210
0.012806
0.011871
0.010092
0.008109
0.006601
0.005144
0.003095
0.000481
-0.002264
-0.004480
-0.006051
-0.007333
-0.008413
-0.008390
-0.006500
-0.003483
-0.000322
0.002786
0.005400
0.006678
0.006608
0.006373
0.006712
0.007233
0.007500
0.007536
0.007992
0.009251
0.010819
0.012065
0.013130
0.014670
0.016702
0.018430
0.018867
0.017871
0.016087
0.014134
0.012412
0.010789
0.008938
0.007047
0.005733
0.005010
0.004029
0.002814
0.001459
-0.000474
-0.002443
-0.004290
-0.006073
-0.007095
-0.007204
-0.006809
-0.006014
-0.004168
-0.000873
0.002898
0.005630
0.006851
0.006900
0.005703
0.003603
0.001343
-0.000923
-0.003335
-0.005998
-0.008756
-0.011466
-0.014046
-0.016091
-0.017379
-0.018473
-0.019855
-0.021455
-0.023360
-0.025280
-0.026551
-0.026815
-0.025896
-0.023900
-0.021330
-0.018762
-0.015913
-0.012786
-0.009885
-0.006656
-0.002823
0.000975
0.004706
0.008585
0.011848
0.014330
0.016537
0.018508
0.020262
0.021101
0.020700
0.019703
0.018364
0.016560
0.014273
0.011779
0.009221
0.006513
0.003377
0.000138
-0.002477
-0.004501
-0.006208
-0.008171
-0.010383
-0.012328
-0.013825
-0.014765
-0.015051
-0.014507
-0.013504
-0.012263
-0.011335
-0.011545
-0.012559
-0.013570
-0.014063
-0.013972
-0.013691
-0.013041
-0.011173
-0.008337
-0.005578
-0.003862
-0.003079
-0.002277
-0.001478
-0.001214
-0.001553
-0.002131
-0.003088
-0.004594
-0.005950
-0.006589
-0.007029
-0.008260
-0.010391
-0.012972
-0.015317
-0.016487
-0.016422
-0.015478
-0.013785
-0.011816
-0.009697
-0.007375
-0.004943
-0.002259
0.000283
0.002325
0.004033
0.005038
0.005082
0.004981
0.004846
0.004094
0.002956
0.001461
-0.000272
-0.002170
-0.004760
-0.008040
-0.011840
-0.016116
-0.020226
-0.023595
-0.026883
-0.030858
-0.034694
-0.037415
-0.039411
-0.041440
-0.043572
-0.044980
-0.045210
-0.044901
-0.044778
-0.044564
-0.043235
-0.040941
-0.038707
-0.036605
-0.033883
-0.030614
-0.027705
-0.024734
-0.021362
-0.018425
-0.016385
-0.015015
-0.013910
-0.013119
-0.012279
-0.010973
-0.009063
-0.006531
-0.004038
-0.002282
-0.001158
-0.000067
0.000428
-0.000385
-0.001655
-0.002470
-0.002493
-0.001413
0.000792
0.003426
0.005604
0.007686
0.010295
0.012799
0.014597
0.015617
0.015959
0.016315
0.017418
0.018782
0.019451
0.019190
0.018180
0.016943
0.015991
0.015145
0.014059
0.012856
0.011718
0.010533
0.009168
0.007474
0.005102
0.002066
-0.000830
-0.002577
-0.003531
-0.004323
-0.004486
-0.003714
-0.002431
-0.001508
-0.001160
-0.000726
0.000603
0.003700
0.007596
0.009400
0.008079
0.004887
0.001938
0.001035
0.001998
0.003509
0.004947
0.006638
0.008557
0.010523
0.012726
0.014999
0.017117
0.019046
0.021057
0.023131
0.025169
0.026947
0.027950
0.028322
0.028137
0.027331
0.025910
0.024006
0.022255
0.021368
0.021545
0.022490
0.024117
0.026397
0.028744
0.030502
0.031729
0.032773
0.033234
0.032563
0.030644
0.027757
0.025043
0.022692
0.019910
0.016695
0.013466
0.010983
0.009609
0.008693
0.007471
0.005969
0.004490
0.003130
0.001975
0.001408
0.002113
0.003382
0.003949
0.004237
0.005099
0.006145
0.006009
0.004663
0.003843
0.004503
0.006259
0.007889
0.008232
0.007652
0.007457
0.007797
0.008020
0.007663
0.006462
0.005268
0.005086
0.005072
0.004112
0.002633
0.001715
0.001704
0.002012
0.002531
0.003714
0.005575
0.007744
0.009878
0.011824
0.013789
0.015865
0.017582
0.019016
0.020642
0.022102
0.022927
0.023167
0.022922
0.021812
0.019845
0.017791
0.016026
0.014254
0.012390
0.011014
0.010030
0.008851
0.007375
0.005684
0.003874
0.001990
0.000315
-0.000914
-0.002023
-0.003228
-0.004213
-0.004496
-0.004154
-0.003982
-0.004190
-0.004402
-0.004514
-0.003840
-0.002542
-0.002467
-0.004226
-0.006416
-0.008017
-0.009325
-0.010933
-0.013616
-0.017105
-0.019680
-0.021057
-0.022052
-0.022977
-0.023568
-0.022863
-0.020915
-0.018945
-0.017681
-0.016278
-0.014531
-0.013329
-0.012154
-0.010745
-0.009817
-0.009564
-0.009855
-0.010732
-0.012197
-0.013819
-0.015233
-0.016636
-0.017941
-0.018613
-0.018613
-0.018585
-0.018785
-0.019020
-0.019212
-0.018724
-0.017496
-0.016404
-0.016062
-0.016537
-0.016946
-0.017417
-0.018581
-0.019958
-0.021056
-0.021313
-0.020924
-0.020558
-0.020674
-0.021582
-0.022889
-0.023696
-0.024138
-0.024905
-0.024927
-0.023129
-0.019913
-0.016401
-0.012814
-0.008505
-0.004379
-0.001581
0.000577
0.003103
0.005652
0.007333
0.008145
0.008566
0.008547
0.007604
0.005660
0.003125
0.000556
-0.002183
-0.005232
-0.007802
-0.009959
-0.011712
-0.012290
-0.012045
-0.011976
-0.012235
-0.012147
-0.011311
-0.010297
-0.009519
-0.008340
-0.006400
-0.004236
-0.002195
-0.000298
0.001185
0.002031
0.002149
0.002117
0.003146
0.005077
0.006613
0.007110
0.007335
0.008279
0.009635
0.010074
0.009201
0.008274
0.007610
0.006877
0.005849
0.004371
0.003190
0.002833
0.003089
0.003935
0.005060
0.005635
0.005753
0.005459
0.004691
0.003907
0.003043
0.001707
-0.000152
-0.001777
-0.003178
-0.005189
-0.007600
-0.009111
-0.009003
-0.008355
-0.008427
-0.009091
-0.009372
-0.008633
-0.007357
-0.006439
-0.005933
-0.005666
-0.005284
-0.005121
-0.005985
-0.006964
-0.007356
-0.008219
-0.009801
-0.011426
-0.012586
-0.012760
-0.012276
-0.011475
-0.010013
-0.007855
-0.005168
-0.002372
0.000148
0.002666
0.005330
0.007959
0.010012
0.011513
0.013131
0.014270
0.014089
0.012876
0.011110
0.008915
0.006789
0.005368
0.004094
0.002321
0.000324
-0.001813
-0.003751
-0.004864
-0.005243
-0.005106
-0.004521
-0.003518
-0.002215
-0.000977
0.000021
0.000983
0.002004
0.002917
0.003772
0.004729
0.005306
0.005165
0.004972
0.005090
0.005325
0.005508
0.005671
0.005941
0.005955
0.005497
0.004932
0.004454
0.003916
0.003256
0.002435
0.001269
0.000131
-0.000729
-0.001842
-0.003013
-0.003854
-0.004407
-0.004740
-0.004848
-0.004389
-0.003474
-0.002537
-0.001812
-0.001167
-0.000317
0.000961
0.002801
0.004915
0.006960
0.008792
0.010485
0.011964
0.012230
0.010899
0.008688
0.006202
0.003932
0.001577
-0.001200
-0.004046
-0.006799
-0.009423
-0.011765
-0.013658
-0.014811
-0.015265
-0.015242
-0.014998
-0.014452
-0.013017
-0.010780
-0.008095
-0.005327
-0.002701
-0.000075
0.002436
0.004218
0.004815
0.004985
0.005446
0.005843
0.005879
0.005940
0.006657
0.007801
0.008638
0.009165
0.010140
0.011677
0.013135
0.014440
0.015474
0.016026
0.016574
0.017411
0.018327
0.019196
0.019952
0.020392
0.020375
0.020347
0.020813
0.021558
0.022168
0.022239
0.021922
0.021891
0.022276
0.022958
0.023705
0.024427
0.024909
0.025008
0.025333
0.025855
0.026092
0.026167
0.026633
0.027710
0.028766
0.029270
0.029367
0.029018
0.027979
0.026805
0.026265
0.026441
0.026368
0.025160
0.023644
0.022444
0.021545
0.021334
0.021205
0.020625
0.020111
0.019824
0.019395
0.018535
0.017358
0.016269
0.015828
0.016014
0.016251
0.016183
0.015942
0.015673
0.014893
0.013411
0.011737
0.010394
0.009340
0.008343
0.007263
0.006233
0.005685
0.005732
0.005867
0.005644
0.005326
0.005157
0.005103
0.005067
0.005237
0.005693
0.006207
0.006475
0.006275
0.006030
0.006039
0.005953
0.005668
0.005543
0.005828
0.006195
0.006344
0.006623
0.006774
0.006276
0.005585
0.004838
0.003696
0.002255
0.000946
0.000541
0.000965
0.001192
0.001028
0.000779
0.000448
-0.000189
-0.001239
-0.002460
-0.003879
-0.005617
-0.007576
-0.009805
-0.011848
-0.012962
-0.013666
-0.014472
-0.014964
-0.015078
-0.015147
-0.015695
-0.016573
-0.017149
-0.017611
-0.018106
-0.018553
-0.019141
-0.019428
-0.018812
-0.017795
-0.016916
-0.015966
-0.014894
-0.013721
-0.012356
-0.011084
-0.010173
-0.009496
-0.008998
-0.008870
-0.008959
-0.008724
-0.008176
-0.007835
-0.008091
-0.008493
-0.008387
-0.008522
-0.009573
-0.010816
-0.011691
-0.012542
-0.013296
-0.013501
-0.013270
-0.013143
-0.013415
-0.013633
-0.013558
-0.013466
-0.013474
-0.013517
-0.013546
-0.013547
-0.013532
-0.013567
-0.013507
-0.013461
-0.013563
-0.013848
-0.014718
-0.016004
-0.017045
-0.017919
-0.019140
-0.020752
-0.022472
-0.024172
-0.025826
-0.027235
-0.028487
-0.029956
-0.031348
-0.032349
-0.033203
-0.033637
-0.033479
-0.033204
-0.032807
-0.032055
-0.031023
-0.029750
-0.028372
-0.026929
-0.025146
-0.023067
-0.021161
-0.019442
-0.017575
-0.016120
-0.015216
-0.014127
-0.012923
-0.012046
-0.011488
-0.010645
-0.009020
-0.006834
-0.004676
-0.003132
-0.002155
-0.001767
-0.002153
-0.002847
-0.003628
-0.004947
-0.006713
-0.008007
-0.008753
-0.009579
-0.010819
-0.012332
-0.013469
-0.013716
-0.013005
-0.012118
-0.011593
-0.010881
-0.010062
-0.009369
-0.008635
-0.007912
-0.006954
-0.005530
-0.003973
-0.002658
-0.001823
-0.001573
-0.001577
-0.001356
-0.000233
0.001581
0.002838
0.003208
0.003346
0.003629
0.003888
0.003948
0.003492
0.002142
0.000311
-0.001233
-0.002403
-0.003593
-0.004798
-0.005783
-0.006709
-0.007427
-0.007401
-0.006669
-0.005649
-0.004775
-0.003925
-0.002927
-0.002286
-0.002288
-0.002499
-0.002407
-0.002182
-0.001575
-0.000500
0.000504
0.001695
0.003137
0.004253
0.005016
0.005898
0.007327
0.009323
0.010922
0.011373
0.011356
0.011755
0.012263
0.012049
0.011345
0.010839
0.009876
0.007619
0.004505
0.001182
-0.001994
-0.004805
-0.006951
-0.008378
-0.009245
-0.009169
-0.008174
-0.007135
-0.006578
-0.005970
-0.005090
-0.004147
-0.002856
-0.001376
0.000026
0.001323
0.002447
0.003203
0.003369
0.003281
0.003397
0.003676
0.004010
0.004636
0.005745
0.007132
0.008489
0.009472
0.010254
0.010828
0.010417
0.009491
0.009254
0.009462
0.009082
0.008370
0.008043
0.008019
0.007865
0.007311
0.006833
0.006569
0.005601
0.003708
0.001819
0.000481
-0.000637
-0.001888
-0.003037
-0.003907
-0.004366
-0.004642
-0.005122
-0.005470
-0.005216
-0.004717
-0.004670
-0.005011
-0.005464
-0.005804
-0.005671
-0.004942
-0.004260
-0.004213
-0.004535
-0.004911
-0.005134
-0.005165
-0.004970
-0.004854
-0.005138
-0.004608
-0.002282
0.000980
0.003922
0.005501
0.005532
0.005413
0.006493
0.008301
0.009051
0.008211
0.007248
0.006864
0.006421
0.005836
0.005384
0.004885
0.004468
0.004644
0.005371
0.006008
0.006090
0.005390
0.004111
0.003258
0.002935
0.002295
0.001296
0.000395
-0.000434
-0.001324
-0.001855
-0.001756
-0.001372
-0.000817
0.000114
0.001021
0.002036
0.003651
0.005190
0.006239
0.006908
0.007693
0.009187
0.011022
0.012453
0.013336
0.013915
0.014017
0.013483
0.012686
0.011719
0.010180
0.008324
0.006815
0.005480
0.003857
0.002119
0.000929
0.000660
0.001013
0.001801
0.002844
0.004091
0.005634
0.007470
0.009574
0.011425
0.012736
0.013789
0.014926
0.016223
0.017339
0.017983
0.018447
0.019104
0.019837
0.020223
0.020405
0.020726
0.020711
0.020066
0.018972
0.017705
0.016478
0.015272
0.013842
0.012053
0.010320
0.009260
0.008775
0.008002
0.006558
0.004862
0.003574
0.002744
0.001697
0.000313
-0.001075
-0.002047
-0.002258
-0.002011
-0.001948
-0.002466
-0.003282
-0.003908
-0.004012
-0.003619
-0.002999
-0.002392
-0.002305
-0.002640
-0.002724
-0.002727
-0.002972
-0.003198
-0.003418
-0.003701
-0.003905
-0.004063
-0.004341
-0.004880
-0.005320
-0.005556
-0.006274
-0.007709
-0.009313
-0.010338
-0.010496
-0.010319
-0.010323
-0.010562
-0.010623
-0.009877
-0.008355
-0.006752
-0.005821
-0.005372
-0.004727
-0.003626
-0.002480
-0.001948
-0.001507
-0.000889
-0.000469
-0.000428
-0.001250
-0.002611
-0.003417
-0.003292
-0.002814
-0.002198
-0.001274
-0.000500
-0.000348
-0.000411
0.000129
0.001158
0.001710
0.001590
0.001419
0.001481
0.001735
0.002033
0.002436
0.003075
0.003522
0.003864
0.004735
0.005772
0.006112
0.005854
0.005993
0.006863
0.007857
0.008332
0.008288
0.008108
0.007957
0.008085
0.008133
0.007497
0.006516
0.005707
0.004960
0.003908
0.002852
0.002481
0.002728
0.002964
0.002977
0.003487
0.004969
0.006664
0.007957
0.009050
0.010197
0.011499
0.012932
0.014132
0.014627
0.014755
0.015243
0.015597
0.014838
0.013358
0.012049
0.010756
0.008953
0.006831
0.005265
0.004387
0.003311
0.001750
0.000198
-0.000886
-0.001623
-0.002259
-0.002628
-0.002714
-0.002885
-0.003095
-0.002769
-0.001862
-0.000928
-0.000303
0.000202
0.000853
0.001573
0.002079
0.002185
0.001654
0.000744
0.000469
0.001257
0.002515
0.003121
0.002764
0.002505
0.002684
0.002625
0.001911
0.000765
-0.000064
-0.000748
-0.001695
-0.002561
-0.003280
-0.003932
-0.004373
-0.004239
-0.003372
-0.002211
-0.001348
-0.000824
-0.000442
-0.000158
0.000274
0.001263
0.002459
0.002979
0.003090
0.003483
0.004083
0.004433
0.004378
0.004145
0.003896
0.003946
0.004377
0.004918
0.005510
0.005762
0.005294
0.004447
0.003612
0.002797
0.001682
0.000749
0.000948
0.001961
0.002631
0.002619
0.002689
0.003049
0.003337
0.003660
0.004107
0.004031
0.003211
0.002712
0.002797
0.002583
0.002083
0.001929
0.002199
0.002471
0.002172
0.001426
0.000770
0.000033
-0.000900
-0.002105
-0.003535
-0.004558
-0.004743
-0.004430
-0.004336
-0.004553
-0.004692
-0.004399
-0.004165
-0.004551
-0.005096
-0.005449
-0.006021
-0.007091
-0.008240
-0.009053
-0.009483
-0.010069
-0.010716
-0.010762
-0.010633
-0.010630
-0.010937
-0.011731
-0.012450
-0.012806
-0.012971
-0.013427
-0.014503
-0.015713
-0.016551
-0.017100
-0.017235
-0.016767
-0.016332
-0.016265
-0.016000
-0.015237
-0.014354
-0.013647
-0.013069
-0.012458
-0.011505
-0.010342
-0.009142
-0.007862
-0.006798
-0.005801
-0.004950
-0.004825
-0.005029
-0.005021
-0.004889
-0.004928
-0.005475
-0.006412
-0.007317
-0.007955
-0.008711
-0.010094
-0.011451
-0.011954
-0.012012
-0.012432
-0.013029
-0.013120
-0.012386
-0.011079
-0.010173
-0.010193
-0.010555
-0.010629
-0.010449
-0.010243
-0.010112
-0.009864
-0.009261
-0.008886
-0.008886
-0.008620
-0.007841
-0.006932
-0.006472
-0.006358
-0.005684
-0.004109
-0.002380
-0.001245
-0.001131
-0.001076
-0.000362
0.000147
0.000262
0.000185
0.000070
0.000436
0.001304
0.001941
0.001925
0.001732
0.002170
0.003415
0.004674
0.004990
0.004671
0.005106
0.006515
0.007677
0.008132
0.008803
0.009845
0.010758
0.011785
0.012538
0.012502
0.012131
0.012054
0.012298
0.012395
0.012304
0.011903
0.010919
0.009692
0.008796
0.008320
0.007805
0.007110
0.006654
0.006831
0.007489
0.008149
0.008278
0.007615
0.006763
0.006297
0.006046
0.005679
0.005298
0.005019
0.004682
0.004579
0.005071
0.006020
0.006938
0.007492
0.008100
0.008855
0.009291
0.009344
0.009211
0.009233
0.009413
0.009360
0.008913
0.007868
0.006394
0.005149
0.004371
0.003861
0.003174
0.002143
0.000930
-0.000166
-0.000847
-0.001238
-0.001317
-0.000832
-0.000190
0.000025
-0.000142
-0.000163
0.000514
0.001409
0.001633
0.001313
0.001103
0.001297
0.001791
0.002414
0.002847
0.002794
0.002388
0.001871
0.001380
0.001113
0.000629
-0.000503
-0.001575
-0.002382
-0.003229
-0.004092
-0.005085
-0.006064
-0.006616
-0.006605
-0.006419
-0.005973
-0.005049
-0.004232
-0.003849
-0.003609
-0.003092
-0.002268
-0.001602
-0.001316
-0.000970
-0.000249
0.000847
0.002099
0.002931
0.003741
0.005334
0.007213
0.008730
0.009930
0.011287
0.012596
0.013142
0.013264
0.013020
0.012170
0.011600
0.011690
0.011690
0.011180
0.010647
0.010429
0.009999
0.009155
0.008390
0.008070
0.008245
0.008874
0.009516
0.009302
0.008298
0.007811
0.008159
0.008571
0.008638
0.008404
0.008238
0.008299
0.008453
0.008255
0.007293
0.006036
0.005127
0.004461
0.003962
0.003705
0.003434
0.002971
0.002223
0.001113
-0.000075
-0.001203
-0.002132
-0.002776
-0.003951
-0.005862
-0.007834
-0.009297
-0.010193
-0.010846
-0.011161
-0.011088
-0.010682
-0.010109
-0.009523
-0.008789
-0.007842
-0.006927
-0.006496
-0.006940
-0.007893
-0.008261
-0.008001
-0.007713
-0.007577
-0.007818
-0.008051
-0.007810
-0.007332
-0.006699
-0.006283
-0.006462
-0.006762
-0.006862
-0.006620
-0.005997
-0.005455
-0.005223
-0.004965
-0.004354
-0.003500
-0.002914
-0.002829
-0.003030
-0.003161
-0.003050
-0.002891
-0.003014
-0.003635
-0.004477
-0.005150
-0.005430
-0.005346
-0.005369
-0.005944
-0.006924
-0.007459
-0.007103
-0.006446
-0.006217
-0.006543
-0.007123
-0.007507
-0.007463
-0.007512
-0.007810
-0.007690
-0.006699
-0.005252
-0.004004
-0.003202
-0.003086
-0.003045
-0.002296
-0.001293
-0.000964
-0.001421
-0.001711
-0.001473
-0.001243
-0.001227
-0.001302
-0.001223
-0.000811
-0.000596
-0.000876
-0.000799
-0.000127
0.000185
-0.000363
-0.001061
-0.000784
0.000272
0.000749
0.000370
-0.000013
-0.000022
0.000147
0.000480
0.001127
0.001813
0.002347
0.002716
0.002707
0.002528
0.002473
0.002587
0.002664
0.002562
0.002487
0.002480
0.002529
0.002486
0.002484
0.002594
0.002563
0.002568
0.002443
0.001736
0.000453
-0.000841
-0.001417
-0.001015
-0.000103
0.000472
0.000294
-0.000050
-0.000035
0.000149
0.000269
-0.000245
-0.001494
-0.002614
-0.003238
-0.003945
-0.005009
-0.006205
-0.007358
-0.007946
-0.008056
-0.008446
-0.009093
-0.009658
-0.009800
-0.009359
-0.008954
-0.008872
-0.008682
-0.008113
-0.007644
-0.007646
-0.007451
-0.006598
-0.005089
-0.003767
-0.003287
-0.002612
-0.001283
0.000294
0.001519
0.002019
0.002323
0.002761
0.003070
0.003068
0.002992
0.002533
0.001315
0.000201
-0.000013
0.000460
0.000852
0.000890
0.000595
-0.000042
-0.000374
-0.000105
0.000779
0.001971
0.002518
0.002260
0.001876
0.001730
0.001491
0.000945
0.000148
-0.000533
-0.000572
-0.000301
-0.000161
-0.000223
-0.000355
-0.000342
-0.000150
0.000361
0.001151
0.001910
0.002441
0.002758
0.003128
0.003608
0.003337
0.002036
0.000982
0.000887
0.000755
0.000002
0.000057
0.002167
0.005218
0.007412
0.008367
0.008508
0.008120
0.008062
0.008663
0.008865
0.008491
0.008081
0.007819
0.007704
0.007709
0.007372
0.006659
0.005946
0.005007
0.003946
0.002708
0.001376
0.000319
-0.000515
-0.001405
-0.002413
-0.002922
-0.002724
-0.002509
-0.002605
-0.002740
-0.002883
-0.002854
-0.002634
-0.002593
-0.002336
-0.001417
-0.000137
0.001212
0.002262
0.002698
0.003189
0.004482
0.006068
0.007206
0.007800
0.007839
0.007991
0.009098
0.010361
0.010784
0.010464
0.010046
0.010127
0.010481
0.010374
0.009568
0.008948
0.008782
0.008596
0.008508
0.008381
0.007996
0.007723
0.008264
0.009681
0.011464
0.013383
0.014863
0.016032
0.017573
0.018770
0.019084
0.018718
0.018251
0.018243
0.018380
0.017824
0.016575
0.015439
0.014391
0.013362
0.012551
0.011515
0.009832
0.007791
0.006018
0.004460
0.002489
-0.000020
-0.002781
-0.004921
-0.005724
-0.005464
-0.005139
-0.005323
-0.005163
-0.003947
-0.001818
0.000329
0.001546
0.001954
0.002056
0.002517
0.003473
0.004037
0.004075
0.003798
0.003234
0.002807
0.002244
0.001157
0.000174
-0.000242
-0.000169
0.000036
-0.000030
-0.000013
0.000695
0.001958
0.002898
0.003407
0.004078
0.005018
0.005863
0.006251
0.006106
0.005548
0.004685
0.003398
0.002113
0.000964
-0.000342
-0.001629
-0.003079
-0.004387
-0.005057
-0.005411
-0.005443
-0.005112
-0.004491
-0.003605
-0.002995
-0.002757
-0.002446
-0.001656
-0.000486
0.000096
-0.000191
-0.000774
-0.001538
-0.002529
-0.003259
-0.003822
-0.005125
-0.007078
-0.008831
-0.010039
-0.010848
-0.011547
-0.012032
-0.011746
-0.011052
-0.010559
-0.009833
-0.008651
-0.007763
-0.007346
-0.006811
-0.006293
-0.005985
-0.005894
-0.005657
-0.004639
-0.003253
-0.002427
-0.002321
-0.002532
-0.002593
-0.002574
-0.003275
-0.004732
-0.005889
-0.005820
-0.005013
-0.004205
-0.003041
-0.001389
0.000120
0.001285
0.002312
0.002996
0.003098
0.002394
0.001108
-0.000202
-0.001571
-0.003644
-0.006243
-0.008438
-0.009858
-0.010935
-0.012115
-0.013056
-0.013379
-0.012608
-0.011288
-0.010378
-0.009543
-0.008524
-0.007594
-0.006935
-0.006401
-0.005804
-0.005008
-0.003987
-0.003000
-0.002820
-0.003213
-0.003228
-0.003096
-0.002944
-0.003372
-0.004720
-0.005808
-0.006250
-0.006558
-0.007177
-0.007899
-0.008218
-0.008169
-0.007950
-0.007945
-0.008166
-0.008385
-0.009004
-0.010153
-0.010993
-0.011084
-0.011263
-0.011793
-0.012123
-0.012218
-0.011871
-0.011278
-0.010758
-0.010062
-0.009564
-0.009436
-0.009106
-0.008477
-0.008112
-0.008273
-0.008638
-0.009357
-0.010482
-0.011507
-0.012822
-0.014538
-0.015753
-0.016087
-0.016083
-0.016541
-0.017316
-0.017677
-0.017350
-0.016510
-0.015800
-0.015346
-0.014840
-0.014258
-0.013257
-0.011867
-0.010468
-0.008933
-0.007172
-0.005457
-0.003665
-0.001816
-0.000626
-0.000313
-0.000471
-0.000539
-0.000331
-0.000141
-0.000136
-0.000206
-0.000259
-0.000338
-0.000312
-0.000243
-0.000295
-0.000354
-0.000603
-0.000943
-0.000770
-0.000256
0.000170
0.000734
0.001355
0.001942
0.002654
0.003534
0.004952
0.006631
0.008297
0.009898
0.010838
0.011235
0.011796
0.012415
0.012086
0.010709
0.009752
0.010045
0.010638
0.010718
0.010346
0.010027
0.009997
0.009520
0.008403
0.007490
0.007240
0.006973
0.005971
0.004841
0.004501
0.004847
0.005157
0.005150
0.005335
0.006033
0.006934
0.007697
0.008281
0.008628
0.008914
0.009542
0.010102
0.010179
0.009967
0.009361
0.008582
0.007865
0.006712
0.005427
0.004600
0.003902
0.002974
0.002131
0.001776
0.001468
0.000717
-0.000233
-0.000827
-0.000743
-0.000694
-0.001502
-0.002772
-0.003503
-0.003733
-0.004481
-0.005574
-0.006006
-0.005687
-0.005353
-0.005220
-0.004815
-0.004100
-0.003327
-0.002869
-0.003021
-0.003201
-0.002757
-0.001658
-0.000411
-0.000005
-0.000376
-0.000299
0.000729
0.002174
0.002494
0.001267
0.000303
0.000100
0.000353
0.001167
0.001674
0.001373
0.001013
0.001360
0.002146
0.002800
0.003506
0.004323
0.005078
0.005918
0.006760
0.007131
0.007086
0.007268
0.007556
0.007416
0.007037
0.006935
0.007141
0.007344
0.007567
0.008048
0.008563
0.008710
0.008521
0.008375
0.008492
0.008659
0.008638
0.008520
0.008439
0.008539
0.008606
0.008493
0.008562
0.008613
0.008761
0.009418
0.010049
0.010103
0.009871
0.009711
0.009552
0.009092
0.008261
0.007591
0.007453
0.007496
0.007151
0.006418
0.005789
0.005400
0.004933
0.004043
0.002825
0.002097
0.002152
0.002450
0.002491
0.002266
0.002376
0.002766
0.002984
0.003288
0.003511
0.003399
0.003351
0.003331
0.003434
0.003863
0.004023
0.003686
0.003725
0.004420
0.005052
0.005738
0.006690
0.007343
0.007666
0.008041
0.008518
0.008689
0.008332
0.008328
0.008950
0.009180
0.008465
0.007360
0.006609
0.006127
0.005677
0.005239
0.004941
0.004820
0.004361
0.003450
0.002440
0.001499
0.000389
-0.000618
-0.000920
-0.001241
-0.001622
-0.001284
-0.000437
0.000352
0.000909
0.001676
0.002849
0.004104
0.004857
0.004917
0.005194
0.005862
0.006168
0.006034
0.005801
0.005666
0.005148
0.003821
0.002176
0.000697
-0.000347
-0.000654
-0.000478
-0.000380
-0.000570
-0.000839
-0.000735
0.000072
0.001343
0.002364
0.002957
0.003166
0.003448
0.004274
0.005252
0.006024
0.006103
0.005747
0.005725
0.005974
0.006133
0.006431
0.006732
0.006409
0.006013
0.005932
0.006056
0.006250
0.006230
0.006081
0.005880
0.005881
0.005905
0.005030
0.003601
0.002884
0.002891
0.002608
0.001464
0.000315
-0.000159
-0.000676
-0.001592
-0.002245
-0.002209
-0.002052
-0.002497
-0.003285
-0.003917
-0.004401
-0.004684
-0.004868
-0.004848
-0.004300
-0.003682
-0.003346
-0.002950
-0.002283
-0.001228
-0.000028
0.000646
0.000682
0.001086
0.002481
0.003676
0.003671
0.003057
0.002852
0.003398
0.004267
0.004772
0.004581
0.003575
0.002134
0.001371
0.001677
0.001983
0.001435
0.000531
0.000097
0.000418
0.001054
0.001639
0.001992
0.001896
0.001723
0.001969
0.002713
0.003675
0.004499
0.004773
0.004658
0.004581
0.004225
0.003396
0.002201
0.000908
-0.000275
-0.001306
-0.002324
-0.003743
-0.005136
-0.005929
-0.006216
-0.006620
-0.007805
-0.008941
-0.009239
-0.009528
-0.010082
-0.010324
-0.010600
-0.011158
-0.011571
-0.011289
-0.010292
-0.009516
-0.009141
-0.008993
-0.009141
-0.008983
-0.008254
-0.007529
-0.007099
-0.006769
-0.006363
-0.006042
-0.006104
-0.006204
-0.006061
-0.005905
-0.005845
-0.005889
-0.005891
-0.005873
-0.006044
-0.006889
-0.008179
-0.008961
-0.009603
-0.010715
-0.012090
-0.013303
-0.013856
-0.013739
-0.013598
-0.013787
-0.014003
-0.014153
-0.014183
-0.014031
-0.014064
-0.014168
-0.014060
-0.014074
-0.014127
-0.014128
-0.014818
-0.016125
-0.016925
-0.016823
-0.016959
-0.018130
-0.019500
-0.020393
-0.021125
-0.021897
-0.022186
-0.021928
-0.021772
-0.021999
-0.022161
-0.021607
-0.020170
-0.018603
-0.017670
-0.017275
-0.016695
-0.015357
-0.014068
-0.013649
-0.013750
-0.013165
-0.011732
-0.010930
-0.010698
-0.009986
-0.008936
-0.008282
-0.008427
-0.008846
-0.008747
-0.008437
-0.008379
-0.008393
-0.008504
-0.008521
-0.008384
-0.008380
-0.008344
-0.007902
-0.007228
-0.007123
-0.007267
-0.006582
-0.005304
-0.004077
-0.003219
-0.002789
-0.002050
-0.000863
0.000273
0.001519
0.002862
0.004014
0.004549
0.004444
0.004461
0.005042
0.005872
0.006318
0.006497
0.006840
0.007013
0.006969
0.007442
0.008716
0.009888
0.010091
0.009596
0.009331
0.009612
0.009858
0.009919
0.010035
0.010250
0.010329
0.009957
0.009879
0.011068
0.012557
0.012908
0.012345
0.011917
0.012022
0.012359
0.012514
0.012325
0.012186
0.012234
0.012122
0.011558
0.010408
0.009376
0.009240
0.009645
0.009841
0.009620
0.009293
0.009281
0.009576
0.010039
0.010677
0.011163
0.011505
0.011933
0.012297
0.012493
0.012737
0.013220
0.013320
0.012649
0.012055
0.011998
0.011487
0.010208
0.009352
0.009465
0.009827
0.009232
0.007631
0.006455
0.006183
0.005861
0.005133
0.004945
0.005499
0.005783
0.005523
0.005004
0.004370
0.003944
0.004079
0.004344
0.004110
0.003368
0.002654
0.002753
0.003574
0.004704
0.005945
0.006951
0.007586
0.007897
0.008207
0.008913
0.010062
0.011136
0.011665
0.011926
0.012104
0.012122
0.012109
0.012129
0.011805
0.010855
0.009724
0.009242
0.009474
0.009509
0.008548
0.007049
0.006277
0.006051
0.005230
0.004305
0.004272
0.004638
0.004503
0.003808
0.002903
0.001917
0.001326
0.001390
0.001650
0.001707
0.001526
0.001371
0.001435
0.001891
0.002671
0.003111
0.002963
0.002785
0.003152
0.003948
0.004432
0.004375
0.004402
0.004773
0.005031
0.004992
0.004598
0.004385
0.004982
0.005777
0.005986
0.005679
0.005457
0.005448
0.005102
0.004497
0.004318
0.004233
0.003426
0.002083
0.001318
0.001670
0.002193
0.002140
0.001747
0.001448
0.001499
0.001598
0.001541
0.001097
0.000069
-0.000806
-0.000922
-0.000851
-0.001146
-0.001513
-0.001674
-0.001540
-0.001393
-0.001798
-0.002913
-0.004075
-0.004513
-0.004761
-0.005543
-0.006485
-0.006794
-0.006554
-0.006753
-0.007560
-0.008192
-0.008422
-0.008777
-0.009131
-0.009088
-0.008969
-0.008878
-0.008212
-0.006797
-0.005599
-0.005133
-0.005141
-0.005228
-0.004904
-0.004411
-0.004492
-0.005032
-0.004998
-0.004127
-0.003364
-0.003406
-0.004047
-0.005020
-0.006017
-0.006485
-0.006589
-0.007162
-0.008330
-0.009211
-0.009206
-0.008727
-0.008762
-0.009617
-0.010252
-0.009789
-0.008890
-0.008284
-0.007629
-0.006553
-0.005337
-0.004271
-0.003005
-0.001626
-0.000894
-0.000840
-0.000545
0.000504
0.001730
0.002154
0.001724
0.001376
0.001397
0.001296
0.001017
0.000560
-0.000300
-0.001168
-0.001933
-0.002872
-0.003674
-0.004350
-0.005367
-0.006247
-0.006340
-0.006240
-0.006688
-0.007703
-0.008389
-0.007831
-0.006509
-0.005548
-0.005113
-0.004532
-0.003829
-0.003573
-0.003745
-0.003908
-0.003691
-0.003015
-0.002252
-0.001761
-0.001307
-0.000764
-0.000655
-0.001123
-0.001547
-0.001441
-0.001081
-0.000972
-0.001108
-0.001226
-0.001286
-0.001559
-0.002193
-0.002588
-0.002488
-0.002633
-0.003292
-0.003716
-0.003313
-0.002348
-0.001449
-0.001089
-0.000973
-0.000278
0.001015
0.001898
0.001949
0.002254
0.003510
0.004997
0.006031
0.006586
0.006792
0.006736
0.006684
0.006843
0.006886
0.006155
0.004666
0.003372
0.002588
0.001997
0.001703
0.001246
0.000293
-0.000103
0.000355
0.000361
-0.000641
-0.001536
-0.001428
-0.000861
-0.000720
-0.000873
-0.000676
0.000308
0.001538
0.002080
0.002482
0.003500
0.004563
0.004833
0.004461
0.004244
0.004440
0.004704
0.004742
0.004562
0.004458
0.004492
0.004162
0.003148
0.001998
0.001455
0.001148
0.000178
-0.000957
-0.001448
-0.002006
-0.002960
-0.003551
-0.003506
-0.003240
-0.003213
-0.003407
-0.003549
-0.003496
-0.003412
-0.003036
-0.001985
-0.000866
-0.000473
-0.000717
-0.000967
-0.000884
-0.000681
-0.000480
0.000127
0.001317
0.001962
0.000891
-0.000770
-0.001370
-0.001118
-0.001210
-0.002148
-0.003194
-0.003635
-0.003496
-0.003242
-0.003289
-0.003627
-0.004093
-0.004699
-0.005289
-0.005628
-0.006003
-0.006456
-0.006565
-0.006463
-0.006882
-0.008094
-0.009211
-0.009431
-0.009066
-0.008742
-0.008907
-0.009241
-0.009207
-0.009160
-0.009720
-0.010902
-0.011850
-0.012064
-0.012152
-0.012603
-0.013071
-0.013107
-0.012959
-0.012785
-0.012283
-0.011780
-0.011678
-0.011665
-0.011215
-0.010262
-0.009435
-0.008924
-0.008171
-0.007156
-0.006539
-0.006301
-0.005621
-0.004458
-0.003690
-0.003451
-0.002816
-0.001438
-0.000070
0.000431
0.000355
0.000691
0.001337
0.001665
0.001572
0.001364
0.001418
0.001596
0.001640
0.001571
0.001517
0.001520
0.001507
0.001509
0.001619
0.002103
0.002783
0.003032
0.002790
0.002557
0.002582
0.002748
0.002839
0.002759
0.002862
0.003380
0.004154
0.004932
0.005502
0.006045
0.006595
0.006819
0.006781
0.006683
0.006791
0.007054
0.006749
0.006019
0.005538
0.005433
0.005648
0.005536
0.004705
0.003751
0.003154
0.002995
0.003117
0.002870
0.002084
0.001472
0.001414
0.001704
0.001862
0.001697
0.001529
0.001935
0.003129
0.004237
0.004859
0.005506
0.006423
0.007650
0.008839
0.009463
0.009769
0.010566
0.011703
0.012224
0.012022
0.011844
0.012323
0.013318
0.013951
0.013681
0.012945
0.012360
0.011987
0.011053
0.008943
0.006844
0.006093
0.006051
0.005662
0.004857
0.004183
0.003763
0.003299
0.003022
0.003075
0.003153
0.003188
0.003526
0.004139
0.004441
0.004258
0.004034
0.004113
0.004256
0.004308
0.004352
0.004278
0.004151
0.003780
0.003167
0.002783
0.002474
0.001984
0.001668
0.001731
0.001863
0.001669
0.001017
0.000176
-0.000559
-0.000968
-0.000999
-0.001038
-0.001529
-0.002450
-0.003345
-0.003697
-0.003619
-0.003594
-0.003614
-0.003762
-0.003973
-0.003941
-0.003731
-0.002997
-0.001856
-0.001194
-0.001213
-0.001585
-0.001566
-0.000596
0.000798
0.001606
0.001605
0.001728
0.002123
0.001950
0.001386
0.001092
0.000833
0.000061
-0.000776
-0.001267
-0.001884
-0.002751
-0.003688
-0.004408
-0.004380
-0.003702
-0.003330
-0.003606
-0.003863
-0.003812
-0.003456
-0.002843
-0.002273
-0.002163
-0.002624
-0.003280
-0.003766
-0.003966
-0.004302
-0.005037
-0.005878
-0.006407
-0.006350
-0.006402
-0.007352
-0.008744
-0.009657
-0.010204
-0.011044
-0.011651
-0.011558
-0.011352
-0.011355
-0.011525
-0.011706
-0.011671
-0.011638
-0.012037
-0.012704
-0.013034
-0.012603
-0.011684
-0.011251
-0.011574
-0.011838
-0.011498
-0.010931
-0.010667
-0.010270
-0.009395
-0.008772
-0.008836
-0.009165
-0.009202
-0.009063
-0.009494
-0.010541
-0.011271
-0.011425
-0.011471
-0.011572
-0.011626
-0.011238
-0.010281
-0.009506
-0.009398
-0.009440
-0.009760
-0.009195
-0.007893
-0.006511
-0.005600
-0.004959
-0.004518
-0.004055
-0.003005
-0.001774
-0.001151
-0.000691
0.000182
0.001092
0.001380
0.001259
0.001665
0.002662
0.003465
0.003439
0.002798
0.002429
0.002500
0.002431
0.002324
0.002582
0.002936
0.002987
0.002871
0.003169
0.003889
0.004343
0.004259
0.004437
0.005503
0.006871
0.007966
0.008987
0.010236
0.011628
0.012991
0.014226
0.015248
0.016146
0.016960
0.017345
0.017217
0.017022
0.017154
0.017277
0.016886
0.016554
0.016781
0.017244
0.017331
0.016658
0.015669
0.014918
0.014529
0.014406
0.014476
0.014510
0.014359
0.014252
0.014239
0.014243
0.014223
0.014217
0.014197
0.014119
0.014144
0.014451
0.015033
0.015166
0.014492
0.013764
0.013328
0.012758
0.011855
0.011203
0.010951
0.010244
0.009055
0.008300
0.007849
0.006830
0.005267
0.003752
0.002772
0.002101
0.001235
0.000610
0.000276
-0.000494
-0.001643
-0.002318
-0.002096
-0.001774
-0.001870
-0.002084
-0.002232
-0.002248
-0.002147
-0.002053
-0.001760
-0.000841
0.000268
0.000722
0.000407
-0.000245
-0.001054
-0.001869
-0.002273
-0.002641
-0.003590
-0.004657
-0.005408
-0.006264
-0.007055
-0.007362
-0.007770
-0.008475
-0.009177
-0.009666
-0.009535
-0.008701
-0.007487
-0.006676
-0.006889
-0.007382
-0.007264
-0.006692
-0.006141
-0.005992
-0.006003
-0.005721
-0.005194
-0.004545
-0.004131
-0.004173
-0.004321
-0.004343
-0.004190
-0.004048
-0.004060
-0.004131
-0.004399
-0.004729
-0.004864
-0.004999
-0.005574
-0.006350
-0.006674
-0.006548
-0.006049
-0.005470
-0.005237
-0.005358
-0.005604
-0.005605
-0.005085
-0.004324
-0.003964
-0.004063
-0.004252
-0.003883
-0.002743
-0.001681
-0.001426
-0.001870
-0.002045
-0.001369
-0.000510
-0.000145
-0.000294
-0.000615
-0.000960
-0.001390
-0.001628
-0.001494
-0.001368
-0.001412
-0.001517
-0.001569
-0.001917
-0.002882
-0.003704
-0.003916
-0.003697
-0.003489
-0.003602
-0.003788
-0.003838
-0.003680
-0.003686
-0.004246
-0.004765
-0.004485
-0.003733
-0.003360
-0.003542
-0.003838
-0.003830
-0.003557
-0.003419
-0.003572
-0.004106
-0.005085
-0.005861
-0.005789
-0.005451
-0.005837
-0.006952
-0.007857
-0.007933
-0.007923
-0.008662
-0.009616
-0.009886
-0.009480
-0.009238
-0.009308
-0.009347
-0.009454
-0.009330
-0.009118
-0.009097
-0.009033
-0.008988
-0.009052
-0.009558
-0.010392
-0.010832
-0.010729
-0.010383
-0.010099
-0.009740
-0.009136
-0.008473
-0.007980
-0.007837
-0.007880
-0.007856
-0.007654
-0.007400
-0.007158
-0.006632
-0.005943
-0.005327
-0.005154
-0.005888
-0.006671
-0.006485
-0.005530
-0.004652
-0.004585
-0.005294
-0.006056
-0.006472
-0.006506
-0.006229
-0.006173
-0.006101
-0.005638
-0.005042
-0.004398
-0.004074
-0.004161
-0.004181
-0.003776
-0.003156
-0.002517
-0.002005
-0.001852
-0.001605
-0.000897
0.000018
0.000480
0.000323
0.000119
0.000184
0.000436
0.000540
0.000475
0.000887
0.001810
0.002497
0.002563
0.002123
0.001675
0.001462
0.001365
0.001185
0.000792
0.000481
0.000510
0.000664
0.000722
0.000707
0.000673
0.000946
0.001776
0.002586
0.002721
0.002448
0.002350
0.002492
0.002653
0.002729
0.002708
0.002635
0.002607
0.002633
0.002754
0.003025
0.003481
0.004045
0.004366
0.004345
0.004232
0.004212
0.004242
0.004315
0.004494
0.005023
0.005842
0.006173
0.005859
0.005543
0.005596
0.005806
0.005858
0.005664
0.005269
0.004790
0.004293
0.003959
0.003945
0.004036
0.004007
0.003922
0.003836
0.003785
0.003838
0.003868
0.003838
0.003828
0.003798
0.003624
0.003081
0.002467
0.002515
0.002951
0.003250
0.003498
0.003629
0.003609
0.003559
0.003564
0.003593
0.003624
0.003666
0.003605
0.003574
0.003630
0.003582
0.003353
0.002803
0.002132
0.001905
0.002106
0.002258
0.002207
0.002019
0.001712
0.001330
0.000990
0.000892
0.001032
0.001174
0.001271
0.001429
0.001663
0.001936
0.002111
0.002090
0.001974
0.002016
0.002349
0.002710
0.002843
0.002795
0.002933
0.003343
0.003507
0.003344
0.003258
0.003267
0.003281
0.003330
0.003338
0.003226
0.003154
0.003213
0.003193
0.003122
0.003115
0.003074
0.003051
0.003169
0.003514
0.004050
0.004360
0.004220
0.003997
0.004129
0.004541
0.004761
0.004557
0.004074
0.003772
0.003849
0.003992
0.004007
0.004083
0.004458
0.004877
0.004973
0.004836
0.004633
0.004396
0.004026
0.003563
0.003381
0.003440
0.003233
0.002624
0.002100
0.002048
0.002226
0.002296
0.002170
0.002013
0.001993
0.002031
0.002042
0.002027
0.001970
0.002014
0.002167
0.002229
0.002245
0.002396
0.002690
0.002889
0.002842
0.002685
0.002612
0.002644
0.002663
0.002621
0.002544
0.002486
0.002469
0.002439
0.002393
0.002358
0.002303
0.002286
0.002273
0.002208
0.002176
0.002136
0.002109
0.002084
0.002012
0.001988
0.001971
0.001905
0.001871
0.001852
0.001797
0.001752
0.001740
0.001644
0.001300
0.000868
0.000686
0.000761
0.000694
0.000300
-0.000097
-0.000181
-0.000007
0.000090
-0.000009
-0.000109
-0.000113
-0.000091
-0.000073
-0.000089
-0.000132
-0.000139
-0.000142
-0.000155
-0.000157
-0.000166
-0.000182
-0.000190
-0.000197
-0.000278
-0.000519
-0.000789
-0.000802
-0.000493
-0.000136
-0.000050
-0.000184
-0.000198
0.000087
0.000423
0.000490
0.000375
0.000255
0.000173
0.000086
-0.000063
-0.000205
-0.000259
-0.000287
-0.000460
-0.000743
-0.000875
-0.000842
-0.000919
-0.001181
-0.001338
-0.001261
-0.001180
-0.001284
-0.001517
-0.001672
-0.001619
-0.001477
-0.001436
-0.001513
-0.001652
-0.001804
-0.001850
-0.001756
-0.001663
-0.001635
-0.001626
-0.001620
-0.001574
-0.001503
-0.001469
-0.001441
-0.001400
-0.001360
-0.001322
-0.001288
-0.001236
-0.001201
-0.001166
-0.001067
-0.000948
-0.000882
-0.000903
-0.000979
-0.001003
-0.000925
-0.000775
-0.000610
-0.000506
-0.000495
-0.000509
-0.000483
-0.000371
-0.000199
-0.000092
-0.000100
-0.000140
-0.000136
-0.000083
-0.000038
-0.000061
-0.000112
-0.000137
-0.000103
-0.000041
-0.000010
0.000008
0.000015
0.000017
0.000029
0.000038
0.000047
0.000081
0.000160
0.000248
0.000280
0.000257
0.000234
0.000243
0.000268
0.000279
0.000275
0.000264
0.000231
0.000168
0.000113
0.000103
0.000130
0.000151
0.000147
0.000131
0.000133
0.000152
0.000153
0.000150
0.000139
0.000088
0.000032
0.000022
0.000058
0.000064
0.000002
-0.000058
-0.000067
-0.000062
-0.000080
-0.000104
-0.000097
-0.000069
-0.000046
-0.000026
0.000002
0.000047
0.000086
0.000104
0.000111
0.000116
0.000136
0.000185
0.000230
0.000239
0.000235
0.000256
0.000300
0.000324
0.000327
0.000333
0.000362
0.000411
0.000432
0.000424
0.000422
0.000430
0.000449
0.000466
0.000466
0.000468
0.000480
0.000483
0.000475
0.000464
0.000464
0.000469
0.000461
0.000444
0.000428
0.000422
0.000415
0.000404
0.000390
0.000369
0.000337
0.000306
0.000286
0.000273
0.000254
0.000222
0.000193
0.000182
0.000171
0.000149
0.000125
0.000109
0.000101
0.000095
0.000086
0.000075
0.000062
0.000056
0.000049
0.000039
0.000032
0.000026
0.000022
0.000018
0.000012
0.000002
-0.000010
-0.000017
-0.000024
-0.000033
-0.000041
-0.000050
-0.000057
-0.000062
-0.000068
-0.000076
-0.000083
-0.000089
-0.000095
-0.000103
-0.000110
-0.000118
-0.000126
-0.000132
-0.000140
-0.000149
-0.000156
-0.000163
-0.000170
-0.000175
-0.000180
-0.000186
-0.000192
-0.000199
-0.000205
-0.000210
-0.000214
-0.000218
-0.000222
-0.000227
-0.000232
-0.000236
-0.000240
-0.000244
-0.000247
-0.000250
-0.000254
-0.000258
-0.000261
-0.000263
-0.000265
-0.000269
-0.000272
-0.000275
-0.000277
-0.000279
-0.000282
-0.000285
-0.000287
-0.000289
-0.000292
-0.000294
-0.000297
-0.000299
-0.000301
-0.000303
-0.000305
-0.000307
-0.000309
-0.000311
-0.000313
-0.000315
-0.000317
-0.000319
-0.000320
-0.000322
-0.000323
-0.000325
-0.000326
-0.000328
-0.000329
-0.000330
-0.000331
-0.000332
-0.000333
-0.000334
-0.000335
-0.000335
-0.000336
-0.000337
-0.000337
-0.000338
-0.000338
-0.000338
-0.000338
-0.000339
-0.000339
-0.000339
-0.000338
-0.000338
-0.000338
