0.001656
0.005453
0.007242
0.003412
0.000657
0.002645
0.010092
0.009961
-0.003124
-0.006525
0.003635
0.008488
0.005314
-0.003319
-0.000943
0.004968
-0.003278
-0.001997
-0.007644
-0.003767
0.002858
0.003879
0.005389
-0.003469
0.013441
0.015563
-0.008490
-0.005710
0.003366
-0.003794
-0.002720
-0.001309
0.008672
0.007130
-0.000364
-0.005115
-0.018518
0.004508
0.014789
0.000452
0.001788
0.003509
0.006471
0.000709
-0.001943
-0.005630
-0.004930
-0.010236
-0.009405
-0.004186
0.015057
0.011448
-0.008936
-0.002982
-0.010498
-0.007554
0.010900
0.015641
-0.002028
-0.000559
0.011567
0.001980
0.008349
0.010161
0.003967
-0.011067
-0.009496
-0.026651
-0.018929
0.007091
0.001052
0.022186
-0.006140
-0.026997
0.015462
0.005301
-0.012682
-0.009832
-0.012958
0.012973
0.021754
0.020720
-0.022114
-0.029421
0.000307
-0.002943
0.009608
-0.003952
-0.000463
-0.009200
-0.004454
0.001481
-0.003889
0.023639
0.014271
0.012006
-0.020864
-0.053517
0.012292
0.055429
0.032752
0.006864
-0.008342
-0.033862
-0.045002
-0.009523
0.038528
0.011333
-0.041204
0.008719
0.030352
-0.007589
-0.021653
-0.021458
-0.025752
-0.002097
0.015030
0.008775
0.004320
-0.041799
-0.050012
-0.002190
0.036265
0.031052
-0.037212
-0.035210
0.006688
-0.004395
0.000309
-0.008381
0.022863
0.034434
0.020638
0.006986
-0.023690
0.016444
0.022520
0.019204
-0.021206
-0.059068
-0.001553
0.004834
-0.041484
-0.024201
0.002985
0.002851
0.007250
0.025974
-0.017486
-0.044369
0.002495
0.034771
0.019013
-0.030155
-0.046275
0.011981
0.049194
0.002292
0.003621
-0.022794
-0.051966
0.007829
0.009735
-0.006242
-0.008696
0.005031
0.045466
0.021965
0.019983
-0.040390
-0.028044
0.022489
-0.011578
-0.015110
-0.025781
-0.033084
-0.017561
0.042828
0.004157
-0.044807
-0.031466
-0.015170
0.011315
0.016129
0.019067
0.023207
0.012660
0.014129
-0.003032
-0.020503
-0.003217
0.017275
0.020474
0.003874
-0.015729
-0.005618
-0.008496
-0.004034
0.018950
0.028435
-0.001327
-0.004308
0.004090
0.015308
-0.012487
-0.019812
0.032499
0.039841
-0.012610
-0.047596
-0.024090
0.015747
0.015211
0.003725
0.000236
-0.034381
-0.003056
0.043960
0.036628
0.019450
0.036664
0.015824
-0.009066
-0.025170
-0.024157
0.010952
0.007421
0.036506
0.037478
-0.010488
-0.017664
-0.001191
0.017467
0.006871
-0.005193
-0.014197
-0.009138
-0.001038
-0.008256
0.018120
0.034393
0.040192
0.027737
0.019814
0.009755
-0.010743
-0.022062
0.008007
0.028622
0.040729
0.051744
0.037125
0.012544
-0.010897
-0.039992
-0.015654
0.033063
0.033354
0.003324
0.024311
0.036324
-0.015944
-0.032449
-0.008602
-0.015483
-0.025636
-0.012831
0.016203
0.033207
0.039163
0.031863
0.002578
-0.049586
-0.091006
-0.081708
-0.028129
0.045226
0.023584
0.008225
0.015255
0.026403
0.012644
-0.109824
-0.155635
-0.046482
0.048600
0.090542
0.087916
-0.080993
-0.247291
-0.283313
-0.202265
-0.151798
-0.139787
-0.072256
-0.021915
0.021527
0.172766
0.196588
0.088752
0.030937
-0.019899
0.045084
0.137469
0.246743
0.305546
0.197006
0.034855
-0.048897
-0.110161
-0.341944
-0.438439
-0.409687
-0.356956
-0.128534
-0.033921
-0.015042
0.063930
0.169492
0.288551
0.320567
0.317637
0.308979
0.193667
-0.036410
-0.253269
-0.404230
-0.367685
-0.060933
0.210463
0.203862
0.164662
0.045625
-0.079963
0.067199
0.130765
0.083887
0.094506
0.147779
0.117264
0.176931
0.197929
0.168625
0.088198
-0.088214
-0.256978
-0.374085
-0.274991
-0.077206
0.087646
0.041405
0.048437
0.110753
-0.010438
0.042695
0.087403
0.010330
-0.060379
0.124778
0.157002
0.002149
0.008150
-0.097736
-0.152215
-0.111495
-0.086781
0.033176
0.062877
0.044296
0.041976
-0.014190
0.046474
-0.008963
-0.049767
0.016817
0.014293
0.026021
0.037615
0.043823
0.024852
0.039476
0.142608
0.156178
0.069846
0.052558
-0.030136
-0.124175
-0.086380
0.054067
0.077875
0.027193
0.102946
0.072323
-0.042658
-0.002423
-0.022910
-0.137221
-0.122968
-0.026053
0.020332
0.053071
0.074496
-0.025500
-0.129595
-0.067045
-0.044159
-0.030999
0.009323
-0.032848
0.034819
0.103213
0.088399
-0.043466
-0.139114
-0.113777
-0.099385
-0.092150
-0.074403
0.032781
0.049298
-0.052604
-0.084060
0.060961
0.146047
-0.012205
-0.053288
0.001408
0.006204
0.020202
-0.050486
-0.079423
-0.025122
-0.051952
-0.129378
-0.136941
-0.101210
0.191570
0.270452
0.027465
-0.073944
-0.098558
-0.058850
0.076472
0.084612
0.075986
0.239946
0.240397
0.067178
-0.116673
-0.140041
-0.011387
0.187638
0.036760
-0.278822
-0.116444
-0.064809
-0.040987
-0.005761
0.158352
0.315178
0.274557
0.289620
0.203271
0.114608
0.005684
-0.024129
-0.020256
-0.056608
-0.120509
-0.265599
-0.311991
-0.256707
0.088719
0.219303
0.172954
0.327925
0.339070
0.077096
-0.234025
-0.239156
0.036661
-0.075981
-0.189889
0.142482
0.058787
0.128387
-0.004712
-0.289084
-0.013539
-0.212845
-0.266655
0.127264
0.213925
0.191586
0.122155
-0.213745
-0.348859
-0.132730
0.033713
0.304740
0.113069
-0.436332
-0.320239
-0.072978
-0.166385
-0.204340
-0.021257
-0.008129
0.042641
0.151373
0.145595
0.136257
0.026822
-0.220037
-0.212073
0.246347
0.114954
-0.203299
-0.071421
-0.139180
0.049306
-0.044069
-0.158665
0.104381
0.124727
-0.033271
-0.186307
-0.254606
-0.346882
-0.290807
-0.066524
0.077085
0.085691
-0.088287
-0.200127
-0.044719
-0.042496
-0.139698
0.073947
0.152304
0.011729
-0.141314
-0.167778
0.077503
0.308261
0.514562
0.485203
0.106273
-0.126836
-0.216810
-0.337650
-0.189228
0.260530
0.359494
0.275497
0.427631
0.289359
-0.156402
-0.278742
-0.309402
-0.292944
0.079134
0.169380
-0.031856
0.062919
-0.069018
-0.325494
-0.418021
-0.355183
-0.296426
-0.278615
0.082159
0.263034
0.011416
0.121669
0.281784
0.070118
-0.024557
0.179620
0.169835
0.020090
0.217448
0.225575
0.110925
0.151555
0.133491
0.178792
0.117233
0.084175
0.105258
0.090681
0.108575
0.102886
0.076369
0.078351
0.145480
0.083536
0.051138
-0.000502
-0.093683
-0.107735
-0.075456
-0.072017
-0.127341
-0.214498
-0.221097
-0.243026
-0.117371
0.178086
0.243765
0.223464
0.051957
-0.188791
-0.285715
-0.103896
0.088844
0.175234
0.171604
0.180181
0.155353
0.084366
0.065178
0.070828
0.166055
0.074223
-0.057516
-0.147777
-0.162295
-0.011477
0.027965
-0.074519
-0.099793
-0.077869
-0.040571
0.141322
0.111441
-0.160793
-0.232373
-0.206610
-0.270549
-0.240076
-0.075897
0.086667
0.122554
0.070251
0.162420
0.193723
0.155054
0.177197
0.018196
-0.108429
-0.031396
-0.128278
-0.165186
-0.034355
-0.059408
-0.010527
0.021328
-0.033368
-0.033913
-0.129014
-0.166988
-0.106265
-0.089681
0.048794
0.134639
0.086338
0.089397
-0.006633
-0.165029
-0.157181
-0.100344
-0.136344
0.052129
0.294507
0.285487
0.226935
0.364013
0.145499
-0.302956
-0.074298
0.049008
-0.053532
0.050477
-0.074973
-0.157449
0.006719
0.055853
0.100966
0.181302
-0.018657
-0.119734
-0.002856
0.012269
-0.040952
-0.081781
-0.135290
-0.059744
-0.029981
-0.052331
0.067692
0.101915
0.113260
0.121232
-0.000436
-0.036782
0.029707
0.020115
0.096102
0.231314
0.080926
-0.027905
-0.027135
-0.091918
-0.100307
-0.037956
0.021895
0.033696
0.028974
0.028510
0.022606
0.081561
0.107718
0.079609
0.080580
0.034647
-0.011450
-0.031341
-0.061999
-0.091087
-0.071289
0.004272
0.046202
0.021777
-0.077626
-0.183084
-0.256621
-0.272258
-0.180849
0.008238
0.241790
0.277045
0.203644
0.262071
0.201617
-0.061975
-0.114996
-0.025062
-0.090811
-0.059015
0.026009
0.033904
0.006343
-0.051907
-0.019552
0.054043
0.101772
0.025452
-0.182988
-0.004412
0.075214
-0.206951
-0.092436
0.028273
-0.094876
-0.095215
-0.012999
-0.129348
-0.168536
-0.144124
-0.139051
0.081881
0.132442
0.021547
-0.042901
-0.044385
0.010905
0.077217
0.113173
0.069829
-0.022160
-0.077866
-0.033768
0.066225
0.073065
0.058792
-0.009932
-0.061539
-0.015601
-0.027797
-0.064040
-0.072614
-0.033455
-0.004058
-0.033688
-0.041940
0.002522
0.022129
0.008698
0.009491
0.009634
0.033832
0.035386
0.003307
-0.004187
-0.008468
-0.023297
-0.009249
-0.011605
-0.032063
0.000887
-0.007419
-0.049960
-0.030305
-0.017500
-0.027350
-0.003999
0.007773
0.001922
0.004370
-0.019533
-0.049273
-0.040735
-0.020995
-0.025170
0.015295
0.028718
0.032176
0.050901
0.011270
0.031776
0.046031
0.015061
-0.016947
-0.022437
0.035250
0.092691
0.101454
0.093663
0.075444
-0.013383
-0.060545
-0.056877
-0.038837
-0.023494
-0.054285
-0.053113
-0.057845
-0.062303
-0.029788
0.011537
0.022134
0.033892
0.022006
0.007438
-0.003844
-0.020449
0.014901
0.015055
-0.013252
-0.010751
-0.028633
-0.017463
-0.000039
0.002378
0.036639
0.034310
0.002740
0.029777
0.038678
0.022697
0.058806
0.070864
0.027110
-0.024056
-0.043832
-0.023549
-0.015926
-0.028336
-0.015086
0.024761
0.049521
0.015607
-0.038609
-0.048701
-0.018535
0.008378
-0.002596
-0.036337
-0.034895
-0.007551
0.014535
-0.011612
-0.030403
-0.003157
0.002830
-0.009914
-0.005878
0.014294
0.012576
0.003667
0.037072
0.064858
0.070199
0.062093
0.064980
0.042082
0.010035
0.024365
0.044526
0.046457
0.013600
-0.004636
0.014313
0.034621
0.041173
0.022383
0.011173
0.030126
0.013798
-0.005319
0.015769
0.032697
0.015855
-0.028081
-0.042426
-0.044306
-0.060574
-0.055699
-0.038594
-0.016107
0.025976
0.036807
0.036772
0.025024
0.009610
-0.008538
-0.025568
-0.050745
-0.060900
-0.040400
-0.051027
-0.026571
-0.014544
-0.042524
-0.066342
-0.062403
-0.015918
0.033959
0.027442
-0.010572
-0.005741
-0.014248
0.001991
0.027278
0.014358
0.010365
-0.011474
-0.037655
-0.035452
-0.025049
0.002024
0.015058
0.016333
0.040253
0.067165
0.060480
0.035663
0.014322
-0.013646
-0.022124
-0.016068
-0.018456
-0.002743
-0.010648
-0.008628
0.009251
0.013025
0.014195
-0.013083
0.011191
0.061353
0.026209
-0.041507
-0.030838
0.031794
0.039638
0.004516
-0.018392
-0.017502
-0.014834
0.035212
0.043153
0.011649
0.032184
0.011668
-0.008901
0.006354
-0.008162
-0.016667
0.006644
0.023966
0.044087
0.031985
-0.014535
-0.034601
-0.057357
-0.059346
-0.020948
0.013806
0.007859
-0.045567
-0.070237
-0.054006
-0.059673
-0.035854
0.006186
-0.008359
-0.024886
-0.001633
-0.009311
-0.040355
-0.010782
0.004289
-0.029433
-0.040395
-0.021161
-0.000580
-0.014144
-0.033509
0.002846
0.013610
-0.003730
0.010311
0.002744
0.003261
0.019589
0.038699
0.024738
0.003031
0.042148
0.063549
0.051816
0.021463
0.021221
0.030579
0.001279
0.004361
0.040592
0.029594
0.003199
0.009088
0.004874
-0.005417
-0.009529
-0.005379
0.026463
0.059788
0.052068
0.015983
0.005771
0.028926
0.019576
-0.018935
-0.014766
0.020338
0.017406
-0.020786
-0.021436
0.000393
-0.009989
0.003837
0.026794
0.012313
0.002326
0.015714
0.010400
-0.002383
0.017816
0.013366
-0.023308
-0.029907
-0.012108
-0.003810
-0.010066
-0.028286
-0.035907
-0.007401
0.046152
0.055891
0.000301
-0.018547
-0.018070
0.001471
0.060179
0.046314
0.011374
-0.014284
-0.035556
-0.042628
-0.056194
-0.001750
0.047525
0.028973
-0.006851
-0.051633
-0.036252
-0.036093
-0.049510
-0.014686
-0.013591
-0.014333
-0.011785
0.000749
-0.007111
-0.014884
0.010993
-0.007387
-0.013993
0.004346
0.002963
-0.005065
-0.013704
-0.007904
0.002119
-0.016940
-0.018805
0.030442
0.049654
0.014440
-0.035997
-0.037737
0.008494
0.020807
0.031985
0.026251
-0.006801
-0.015187
-0.019700
-0.014305
-0.002381
0.019808
0.038807
0.024465
0.011423
-0.006243
-0.013803
-0.006217
-0.010424
-0.012065
-0.004081
0.036429
0.059709
0.033799
-0.009539
-0.032859
-0.018915
-0.003760
0.011321
0.011357
-0.013679
-0.012688
-0.002929
0.002902
-0.001252
-0.024450
-0.006944
0.019525
0.031782
0.019306
-0.003252
-0.022434
-0.018891
0.002462
-0.009077
-0.006594
0.024858
0.021695
-0.004367
-0.004939
-0.015310
-0.017129
0.016927
0.048329
0.033406
-0.015841
-0.072611
-0.088058
-0.033658
0.003448
-0.007636
0.001367
0.033502
0.024009
-0.010712
-0.011168
-0.016687
-0.037337
-0.068760
-0.078044
-0.036029
0.014335
0.048767
0.041528
-0.004642
-0.016182
0.025362
0.032608
-0.015554
-0.019889
0.026979
0.025533
-0.008362
-0.016991
-0.008049
0.005313
0.017178
0.031192
0.023422
0.001803
-0.009237
-0.039189
-0.050709
-0.018621
0.020894
0.045455
0.028752
-0.017305
0.000572
0.043388
0.027738
0.032747
0.042244
0.015863
0.008077
0.013752
0.028398
0.018771
-0.021351
-0.008816
0.012850
-0.020920
-0.011613
0.034017
0.029715
0.018600
0.048906
0.031523
-0.053710
-0.055518
0.008529
0.046371
0.024395
-0.020453
0.011743
-0.011587
-0.081264
-0.066670
-0.027890
-0.011960
-0.016748
-0.038141
-0.023464
0.023589
0.022798
0.027611
0.020082
-0.022707
-0.011635
-0.007222
-0.037319
-0.061247
-0.050557
0.006925
0.040562
0.031415
0.035114
0.026274
0.015215
0.023715
-0.012773
-0.015396
0.041652
0.027345
-0.017154
0.014646
-0.009878
-0.061163
-0.056335
-0.000176
0.064197
-0.010076
-0.070634
-0.049782
0.020978
0.084360
0.060025
0.007940
0.011491
0.017267
-0.016423
-0.016255
-0.006460
-0.025133
-0.030592
0.004285
-0.009114
-0.039007
-0.000610
0.053409
0.070615
-0.010107
-0.060956
-0.015223
0.034555
0.051274
-0.001276
-0.043478
-0.028906
-0.015614
0.021399
0.045389
0.067754
0.059776
-0.016398
-0.031870
0.010121
0.002350
-0.009210
0.027101
0.045542
0.007899
-0.025785
-0.038391
-0.035781
-0.004716
-0.006105
-0.043123
-0.035049
-0.010565
-0.006850
0.024059
0.017090
-0.031953
-0.011069
0.035391
0.012083
0.002310
0.043359
0.048457
-0.004755
-0.024258
0.017069
0.028195
-0.016995
-0.066569
-0.036030
0.017516
0.002946
0.009097
0.024784
0.032777
0.022998
-0.025308
-0.020917
0.026355
0.005745
-0.069389
-0.072062
-0.007747
0.000235
-0.010981
-0.007604
-0.000809
0.045789
0.058814
0.017448
-0.034267
-0.022910
0.013876
0.007319
0.008207
0.017940
0.001002
-0.018299
-0.012941
-0.022505
0.006190
0.059395
0.086702
0.035083
-0.025717
-0.041224
-0.016337
0.007546
-0.022381
-0.025376
-0.041015
-0.059343
0.004424
0.041334
0.009555
0.004875
0.001942
-0.058682
-0.068146
-0.029314
-0.012845
0.012068
0.015163
-0.011547
-0.039696
-0.024891
0.049363
0.076839
0.044995
0.029377
0.011791
-0.028277
-0.012276
0.039652
0.013623
-0.013615
0.001389
0.013778
0.048665
0.028233
-0.004797
0.016282
0.034832
0.028570
0.005287
-0.015504
0.020390
0.017998
-0.021074
-0.055901
-0.039375
0.014317
0.027503
0.015954
-0.049675
-0.062110
-0.053205
-0.065087
-0.058578
-0.047246
-0.044485
-0.076050
-0.051726
-0.000213
0.009387
-0.004840
-0.025377
-0.013019
-0.005021
-0.011289
-0.006494
-0.001846
-0.003437
-0.020297
-0.018325
-0.007462
0.006718
0.030667
0.053170
0.048237
0.005042
-0.042408
-0.056658
-0.050776
-0.024181
0.040381
0.078821
0.046046
0.020972
0.055677
0.039708
-0.005850
-0.026462
-0.023166
0.020873
0.039121
0.038785
0.067595
0.056148
-0.018151
-0.034483
0.028237
0.045862
0.021134
0.010037
-0.013580
-0.062370
-0.037443
0.022730
0.007978
-0.051174
-0.042649
0.034954
0.022674
-0.022394
-0.022763
-0.014791
0.002717
-0.016182
-0.038808
-0.019718
0.018618
0.030198
0.013900
-0.017817
-0.010693
0.025902
0.063343
0.041513
-0.071375
-0.097779
-0.031485
-0.013750
0.002628
0.060057
0.050654
-0.022584
-0.048936
-0.037598
-0.032065
0.018980
0.065923
0.081003
0.058410
-0.013148
-0.021094
0.010437
-0.017362
-0.012947
0.038946
0.031718
-0.007337
-0.014142
0.004982
-0.009146
-0.040410
-0.028377
-0.026295
-0.053821
-0.038386
-0.006278
0.002503
0.013556
-0.000646
-0.023813
-0.029214
-0.012848
0.011783
0.030346
0.034798
0.037862
0.067064
0.080233
0.075774
0.084323
0.081120
0.072612
0.075664
0.069620
0.063500
0.072998
0.054673
-0.004981
-0.011661
0.035124
0.053157
0.064245
0.062352
0.039989
0.020283
-0.013314
-0.042091
-0.070319
-0.046148
0.044695
0.071370
0.003459
-0.042103
0.001112
0.006488
-0.014241
-0.007869
-0.064863
-0.095598
-0.074404
-0.061000
-0.069778
-0.115017
-0.140130
-0.121329
-0.100079
-0.112099
-0.125510
-0.121795
-0.085037
0.030644
0.141303
0.142313
0.063612
0.012995
-0.004101
-0.003150
0.046304
0.035612
0.022508
0.071370
0.079254
0.114647
0.125522
0.088959
0.057851
0.010787
-0.027506
-0.038962
-0.048396
-0.027041
0.003603
0.020967
0.071608
0.038493
-0.057594
-0.060267
-0.021964
0.019591
0.093427
0.126897
0.074060
-0.016463
-0.029289
0.029935
0.047355
0.007550
-0.001071
0.036846
0.034405
0.020796
0.001540
-0.057831
-0.118195
-0.119396
-0.072911
0.011789
0.123330
0.073558
-0.016453
0.016022
0.006444
-0.057912
-0.048272
-0.041069
-0.070361
-0.058434
-0.025162
0.020665
0.019800
-0.014956
-0.031385
0.005484
0.032967
0.032409
-0.022631
-0.081982
0.003406
0.079819
0.121677
0.120369
0.026599
-0.063939
-0.076781
-0.082382
-0.078153
-0.042573
-0.000762
0.101636
0.102113
-0.012695
-0.056212
0.001116
0.018884
-0.024000
-0.052257
-0.067055
-0.043728
-0.035934
-0.033014
0.002184
0.002540
-0.025078
-0.028332
-0.020827
-0.020600
-0.001666
0.020981
0.026632
0.032082
0.062511
0.099188
0.142551
0.120117
0.032696
0.025164
0.017157
-0.054395
-0.106476
-0.147464
-0.196118
-0.236930
-0.231104
-0.157729
-0.066755
0.017129
0.134734
0.151802
0.083477
0.108463
0.117900
0.149166
0.100602
-0.049300
-0.121779
-0.140678
-0.131533
-0.119196
-0.072930
-0.005583
0.034598
0.033838
0.031660
0.092239
0.102644
0.017257
-0.021589
-0.028555
-0.062478
-0.043034
-0.050120
-0.101668
-0.103417
-0.072729
-0.078883
-0.065942
0.012377
0.020851
-0.000177
0.035228
0.041787
0.012165
-0.001748
0.002064
0.017153
0.016080
0.013740
0.019650
-0.002759
-0.016882
-0.010368
-0.008075
-0.014508
-0.058732
-0.097778
-0.086103
-0.019488
0.006113
0.031005
0.089709
0.064202
0.012245
0.016137
0.028377
-0.003848
-0.001169
0.026944
0.024653
-0.018299
-0.050425
-0.029192
0.005431
-0.005654
-0.012551
0.045349
0.039400
-0.028521
-0.035777
-0.026568
-0.032650
-0.020271
-0.028320
-0.027232
-0.006342
0.025778
0.051416
0.032431
0.002730
-0.000525
0.026852
0.021547
-0.029262
-0.008132
0.041581
0.019879
-0.016261
-0.012488
0.033884
0.065954
0.058768
0.029715
0.007090
-0.008045
-0.013307
0.018255
0.050337
0.028507
-0.016003
-0.049880
-0.067060
-0.017818
-0.015938
-0.040255
0.002997
0.013882
0.013149
0.019177
0.014986
0.004458
0.012856
0.064657
0.071521
0.030809
0.002937
-0.024086
-0.004233
0.022864
-0.001308
-0.029658
-0.014730
0.017565
-0.003409
-0.017398
0.001091
0.024282
0.021300
0.002132
0.029566
0.038426
-0.002775
-0.011392
0.016560
0.031794
0.040125
0.060409
0.074999
0.042579
-0.016990
-0.042158
-0.014599
-0.004180
-0.022325
0.017252
0.064498
0.063614
0.043871
0.019189
-0.001387
-0.031795
-0.046515
-0.023637
-0.020664
-0.035850
-0.036914
-0.016566
-0.010030
-0.025125
-0.019102
0.012369
0.017310
0.011977
0.064436
0.076854
0.045305
0.041152
0.057448
0.047054
0.017952
0.018439
0.031404
0.039043
0.005231
-0.041524
-0.056689
-0.012983
0.013545
0.030013
0.085854
0.093029
0.048322
0.019981
0.013063
-0.029138
-0.024327
0.010307
0.003290
0.044378
0.051740
-0.005407
-0.032970
-0.000048
0.029572
-0.000136
-0.040772
-0.024731
0.048109
0.048938
0.012497
-0.002246
-0.000607
0.028483
0.000176
-0.042274
-0.044304
-0.020442
-0.018324
-0.035601
-0.005770
0.003781
-0.020831
-0.044722
-0.051434
-0.043763
-0.051946
-0.067143
-0.056461
-0.019274
0.005635
0.039761
0.044263
-0.005113
-0.057518
-0.057543
-0.011824
0.018621
0.060651
0.098110
0.074390
0.016156
-0.022506
-0.010592
0.004538
-0.027738
-0.032284
-0.001736
-0.030349
-0.053116
-0.022537
0.022818
0.043633
0.020047
0.011701
0.037940
0.026880
-0.042322
-0.046590
-0.004392
0.004665
0.030387
0.034070
-0.012355
-0.037694
-0.010451
0.023838
0.043179
0.051852
0.044352
0.014335
-0.003074
0.016484
0.026606
0.005395
-0.004016
-0.005981
-0.047550
-0.084931
-0.081058
-0.065121
-0.066800
-0.066707
-0.074057
-0.065982
-0.036334
-0.029177
-0.039041
-0.031730
0.020076
0.039861
0.027351
0.027447
0.038090
0.061764
0.041795
0.008818
0.000214
-0.016287
-0.009835
-0.005547
-0.034944
-0.047760
-0.038929
-0.010289
0.020135
0.024633
0.007359
-0.019749
-0.033269
-0.016126
0.010269
0.026759
0.032659
0.045907
0.039271
-0.012729
-0.017553
0.021342
0.032198
0.009390
-0.002080
0.011647
0.025937
0.021815
-0.014830
-0.035121
-0.000243
0.046773
0.024731
-0.007178
-0.025323
-0.021018
-0.008812
-0.042979
-0.028232
0.016588
0.009994
-0.034612
-0.056080
-0.047212
-0.016565
-0.014819
-0.003167
0.039575
0.008527
-0.022845
-0.006012
-0.016301
-0.029693
-0.008448
0.001116
-0.006618
-0.015063
-0.022239
-0.061981
-0.055049
-0.003201
-0.000903
-0.021082
-0.041529
-0.058411
-0.040444
-0.015308
0.019469
0.028029
0.011310
0.023093
-0.011308
-0.069332
-0.053462
0.023247
0.065448
0.052451
0.038491
0.034260
0.015080
-0.017186
-0.036601
0.016868
0.037721
0.013213
0.021575
0.026501
0.024569
0.003936
0.012581
0.016553
-0.030315
-0.042523
0.010867
0.038821
0.010089
-0.023329
-0.017324
0.002633
-0.017835
-0.018446
0.017141
0.023346
0.001991
0.006480
0.026796
0.019777
-0.002457
0.014998
0.001913
-0.045205
-0.030942
-0.009147
-0.016999
-0.019667
0.020089
0.023087
-0.014689
-0.010661
-0.023463
-0.032705
-0.029771
-0.032591
0.011270
0.057529
0.081464
0.087508
0.066745
0.032119
0.002396
-0.001627
0.033042
0.049346
0.014654
-0.013502
-0.007106
0.003092
-0.001867
0.004460
-0.011335
-0.029229
-0.007017
0.011505
0.011638
-0.017515
-0.049442
-0.024436
-0.015315
-0.025127
0.002330
0.006282
0.004635
0.022775
0.039327
0.049615
0.032079
-0.036562
-0.053002
0.004593
0.039236
0.058906
0.095037
0.076770
-0.031075
-0.078892
-0.042190
-0.009000
-0.014908
-0.052100
-0.041696
-0.011669
-0.007704
-0.043349
-0.049319
0.003107
0.002520
-0.030145
-0.020316
-0.002302
-0.016265
-0.010455
0.029889
0.020838
-0.009050
0.001769
0.016268
0.008248
0.006257
0.030645
-0.012484
-0.061799
-0.026143
0.020290
-0.001139
-0.036889
-0.013611
0.015960
0.030677
0.043127
0.057333
0.053588
0.005592
-0.021335
0.008308
0.019092
-0.004561
-0.006905
-0.005924
-0.020772
0.004941
0.055369
0.049552
-0.013272
-0.042397
-0.010104
-0.004596
-0.025231
0.003496
0.048407
0.056189
0.037268
0.040863
0.037096
-0.015848
-0.049329
-0.045943
-0.026773
0.011229
0.015361
0.010600
-0.009018
-0.021362
-0.009509
-0.010390
0.014442
0.033384
0.016673
-0.010128
-0.019530
-0.016871
-0.023040
-0.016334
0.012122
0.006408
-0.041309
-0.025288
0.017021
0.016728
0.011503
0.007520
0.022045
0.037380
0.041031
0.038843
0.056069
0.050553
-0.011367
-0.036887
0.015918
0.044532
0.026475
0.032923
0.015879
-0.040389
-0.041112
-0.005316
-0.016858
-0.022146
0.012420
0.018108
-0.000673
0.008021
0.031616
0.041712
0.036227
-0.002366
-0.034772
0.004963
0.045111
0.046271
0.012899
-0.041503
-0.029313
0.017357
0.008303
0.017927
0.036405
-0.009325
-0.029517
0.014655
0.012647
-0.012762
-0.020149
-0.018821
-0.026775
-0.022447
0.011456
-0.007462
-0.027854
-0.001961
0.008057
-0.021673
-0.028571
0.008041
0.018399
-0.003250
-0.023347
-0.032934
-0.032830
-0.018082
0.011987
0.013033
-0.028904
-0.023002
0.029882
0.028416
-0.012900
-0.024484
-0.000835
0.002583
-0.013919
-0.024689
-0.039531
-0.047545
-0.031441
-0.003276
0.008493
-0.005717
-0.016044
-0.002571
-0.005345
-0.036890
-0.036253
-0.026365
-0.031467
-0.023090
-0.006570
0.004522
0.010781
0.004733
-0.012463
-0.011108
0.013305
0.036087
0.019921
0.005979
0.009359
-0.015894
-0.030076
-0.021160
-0.016726
-0.038725
-0.046063
0.000052
0.028475
0.045622
0.061069
0.034102
0.005194
-0.019561
-0.039553
-0.019148
-0.007414
0.006165
0.035765
0.031326
0.010376
0.017749
0.040418
0.026885
-0.020624
-0.012489
0.007654
0.002195
0.007809
0.036591
0.057724
0.018102
-0.007957
-0.000987
-0.016070
-0.038567
-0.030074
0.008388
0.025882
-0.002436
-0.033559
-0.025701
-0.018074
-0.034429
-0.039644
-0.006939
0.018713
0.001069
-0.021265
-0.032722
-0.018356
-0.003112
0.003566
0.002878
-0.023253
-0.024831
-0.000503
-0.001205
-0.018226
-0.026944
-0.008000
0.009326
-0.003265
-0.019013
-0.019668
0.005606
0.028934
0.026352
0.015104
0.015767
-0.000026
-0.027000
-0.028604
0.005905
0.014123
-0.000197
0.015964
0.016160
0.023914
0.045763
0.032905
-0.006770
-0.002092
0.025612
0.035801
0.040637
0.026983
0.010751
0.024510
0.043943
0.037896
0.037725
0.052365
0.036477
0.000340
-0.020990
-0.017371
0.003968
0.011358
0.021351
0.014846
-0.011637
-0.027336
-0.015600
0.008699
0.008079
0.018397
0.015499
-0.009243
0.022235
0.046120
0.013819
-0.020572
-0.047716
-0.028921
-0.001934
0.001127
0.012995
0.005556
-0.000585
0.003401
-0.008253
-0.021558
-0.030488
-0.030205
-0.005352
0.030794
0.020102
-0.011021
-0.018664
-0.024968
-0.020712
-0.011517
-0.004164
-0.013176
-0.026207
-0.035524
-0.015282
0.008429
0.014409
0.021972
0.002898
-0.012395
-0.003404
0.000002
-0.007061
0.005429
0.018918
0.002028
-0.012019
0.022278
0.039722
0.022028
-0.015926
-0.026676
0.008576
-0.024601
-0.046669
-0.008082
0.022063
0.026044
-0.006078
-0.005357
0.025734
-0.014166
-0.037507
0.008212
0.020076
-0.006859
-0.026880
-0.030248
-0.018580
-0.005346
0.001030
-0.014923
-0.034954
-0.030335
-0.018897
-0.011986
-0.011754
-0.006425
-0.007574
-0.011114
-0.005377
-0.025785
-0.046963
-0.032307
-0.004132
0.030527
0.026369
-0.030866
-0.035348
0.013893
0.001289
-0.019249
-0.021030
-0.035882
-0.003138
0.045179
0.037845
-0.025957
-0.004569
0.056218
0.010767
-0.024190
0.005531
0.021451
0.009024
0.025299
0.045469
0.027688
0.013490
0.013518
-0.004129
-0.008596
0.017921
0.034322
0.025713
0.007498
0.009610
0.013383
-0.002325
0.001481
0.015184
0.009076
0.004839
0.008213
-0.000265
-0.004294
-0.012719
-0.019039
-0.005765
0.004078
0.027458
0.030090
0.002153
-0.002916
-0.009352
-0.019002
-0.009262
0.005768
0.007280
-0.003573
0.003624
0.011196
-0.006897
-0.016476
-0.009767
-0.010240
0.001829
0.006996
-0.006462
-0.001606
0.007575
0.002761
0.004680
0.007856
-0.000387
0.002971
0.006972
-0.006883
-0.013685
-0.005570
0.001419
0.004547
0.009565
0.006767
0.006908
0.006273
0.002279
0.002197
-0.002981
-0.003295
0.004699
0.006957
0.002176
0.001139
-0.001811
0.000922
0.008045
0.008648
0.008993
0.007436
0.006170
0.004683
0.000799
0.001774
0.003260
0.001849
0.002600
0.002462
-0.000251
-0.002463
-0.001864
-0.001205
-0.002426
-0.003039
-0.003572
-0.003258
-0.002298
-0.002204
-0.003561
-0.004884
-0.004676
-0.004669
-0.004944
-0.005032
-0.004590
-0.004364
-0.004431
-0.004372
-0.003984
-0.003369
-0.003134
-0.002850
-0.002521
-0.002416
-0.002226
-0.001925
-0.001713
-0.001499
-0.001210
-0.000954
-0.000758
