0.000077
-0.000071
0.000077
-0.000072
0.000081
-0.000062
0.000092
-0.000058
0.000098
-0.000052
0.000107
-0.000046
0.000116
-0.000041
0.000116
-0.000119
0.000090
0.000025
0.000226
0.000084
0.000242
0.000022
0.000134
-0.000009
0.000146
-0.000012
0.000020
-0.000362
-0.000263
-0.000408
-0.000162
-0.000028
0.000270
0.000030
-0.000160
-0.001058
-0.001379
-0.000883
0.000671
0.001602
0.001771
0.000742
0.000671
0.000323
0.000879
0.001554
0.002032
0.001327
0.000766
-0.000366
-0.001544
-0.001959
-0.001073
-0.000200
0.000753
0.000116
-0.001600
-0.003016
-0.002540
-0.001368
0.002026
0.005134
0.006937
0.007061
0.005635
0.001735
-0.001121
-0.008692
-0.012715
-0.009572
-0.003713
-0.001311
0.000201
0.002306
0.002813
0.000641
-0.005621
-0.009351
-0.006896
-0.000242
0.004740
0.005542
0.004210
0.002948
0.006180
0.010054
0.013469
0.014597
0.012581
0.006551
-0.002403
-0.015223
-0.026182
-0.026970
-0.010412
0.008854
0.017741
0.005479
-0.012027
-0.025580
-0.021102
-0.001470
0.017575
0.024994
0.024543
0.023871
0.018211
0.007385
0.000643
-0.000483
0.002390
0.002051
-0.004072
-0.011145
-0.011374
-0.006909
-0.003881
-0.003247
-0.006185
-0.011331
-0.020808
-0.028729
-0.031289
-0.031269
-0.022992
-0.006813
0.009831
0.013915
0.008187
0.000914
-0.001721
0.006912
0.028192
0.033580
0.024947
0.017043
0.013883
0.013694
0.013894
0.012002
0.004120
-0.005164
-0.007661
-0.008121
-0.009785
-0.012230
-0.015660
-0.018235
-0.015577
-0.006737
-0.000078
0.000125
-0.000039
0.002540
0.010754
0.020858
0.027234
0.025115
0.016553
0.010209
0.005653
-0.007151
-0.020422
-0.024526
-0.024723
-0.021406
-0.018358
-0.014812
-0.008912
-0.004133
-0.003897
-0.009249
-0.018986
-0.020265
-0.015602
-0.014039
-0.009323
0.002205
0.010906
0.019143
0.029013
0.031945
0.029264
0.024771
0.020920
0.018775
0.019729
0.019394
0.018270
0.007193
-0.003771
-0.006494
-0.010548
-0.016464
-0.019166
-0.019841
-0.015494
-0.011977
-0.009110
-0.004863
0.001392
0.009780
0.014404
0.014563
0.014438
0.011365
0.009877
0.006971
0.001480
-0.003069
-0.006605
-0.010281
-0.012106
-0.012926
-0.013734
-0.014560
-0.018939
-0.026909
-0.030799
-0.028800
-0.019485
-0.003389
0.007130
0.008953
0.007258
0.002802
0.000196
-0.003496
-0.006952
-0.005989
-0.001427
0.017849
0.034015
0.033225
0.028880
0.022506
0.015937
0.010749
0.005976
-0.003231
-0.012861
-0.017653
-0.016604
-0.010101
-0.001909
0.001147
0.000989
-0.002365
-0.003250
-0.000061
0.007504
0.010453
0.012853
0.013198
0.017359
0.014143
0.002753
-0.002263
-0.004243
-0.019897
-0.040027
-0.056391
-0.073208
-0.076631
-0.064974
-0.035841
-0.001991
0.027960
0.044980
0.038456
0.032339
0.023595
0.013498
0.010120
0.016292
0.019527
0.019474
0.015098
0.017281
0.023496
0.030084
0.028875
0.026081
0.016852
0.009413
0.007722
0.011025
0.010791
-0.000152
-0.011744
-0.009097
-0.008128
-0.006700
-0.019795
-0.039666
-0.054100
-0.049967
-0.044903
-0.042966
-0.041054
-0.038407
-0.025065
0.013562
0.050754
0.085789
0.121901
0.152062
0.148463
0.138282
0.116017
0.073670
0.032068
-0.005666
-0.027906
-0.025445
-0.005109
0.027066
0.055188
0.075529
0.068102
0.049401
0.026928
0.010847
-0.006897
-0.020238
-0.030382
-0.035517
-0.036194
-0.024184
-0.018579
-0.024305
-0.043017
-0.088181
-0.143001
-0.196102
-0.220781
-0.196962
-0.183291
-0.155968
-0.085299
-0.001572
0.061100
0.114748
0.140479
0.109777
0.071761
0.092453
0.084277
0.022466
-0.078082
-0.158144
-0.253268
-0.235149
-0.198291
-0.104983
0.050572
0.115316
0.152675
0.344874
0.371180
0.288247
0.246146
0.252607
0.295171
0.272249
0.180136
0.085029
0.000263
-0.044471
-0.068604
-0.118885
-0.137903
-0.124088
-0.172613
-0.256578
-0.321082
-0.381255
-0.445863
-0.479856
-0.461549
-0.437653
-0.407609
-0.284556
-0.128986
-0.004684
0.031953
0.024355
0.025781
0.022014
0.018971
0.015866
0.022057
0.035614
0.063238
0.078157
0.072498
0.044956
0.032638
0.035256
0.064471
0.120279
0.173816
0.223188
0.273295
0.315041
0.330782
0.320922
0.303659
0.293072
0.264633
0.207690
0.145086
0.120962
0.123827
0.150745
0.181787
0.186424
0.183674
0.181378
0.134157
0.063830
-0.000042
-0.037594
-0.051316
-0.073525
-0.138436
-0.213557
-0.278919
-0.343683
-0.408334
-0.442415
-0.427354
-0.403985
-0.375964
-0.353623
-0.335401
-0.316740
-0.301046
-0.289147
-0.281505
-0.272522
-0.257812
-0.213986
-0.150446
-0.095049
-0.055553
-0.014244
0.048342
0.141376
0.229390
0.308838
0.393139
0.450239
0.487732
0.516457
0.494076
0.465556
0.451880
0.433744
0.406088
0.387814
0.408320
0.390900
0.317007
0.249097
0.191433
0.141804
0.095941
0.081716
0.085583
0.081045
0.071983
0.063153
0.058093
0.050112
0.015815
-0.025583
-0.061513
-0.096435
-0.129781
-0.150858
-0.148646
-0.144784
-0.144443
-0.154508
-0.203438
-0.259066
-0.307728
-0.356187
-0.403577
-0.446389
-0.457511
-0.438789
-0.427798
-0.406290
-0.390552
-0.296757
-0.149893
-0.018485
0.027981
0.046850
0.082117
0.090467
0.087762
0.081960
0.073231
0.075484
0.107471
0.182692
0.264121
0.324052
0.372124
0.415841
0.423882
0.405209
0.388137
0.359228
0.323447
0.277280
0.233025
0.200923
0.169135
0.126445
0.056892
-0.033089
-0.078891
-0.082907
-0.093414
-0.111540
-0.126328
-0.141901
-0.175939
-0.234231
-0.282885
-0.332610
-0.350584
-0.341017
-0.336492
-0.294074
-0.189039
-0.176404
-0.187109
-0.204483
-0.237783
-0.249824
-0.258649
-0.275326
-0.289651
-0.290803
-0.287745
-0.278409
-0.262258
-0.242988
-0.220577
-0.195387
-0.156580
-0.070739
-0.003967
0.011996
0.052507
0.116946
0.172621
0.224637
0.276084
0.327681
0.353182
0.335954
0.309008
0.296689
0.301292
0.299505
0.297151
0.286835
0.263188
0.231705
0.194237
0.161468
0.122259
0.083402
0.057621
0.051457
0.050143
0.048583
0.063062
0.074415
0.071566
0.058480
0.037125
0.013482
-0.008127
-0.039331
-0.092336
-0.106497
-0.107731
-0.149256
-0.195619
-0.196818
-0.188653
-0.181750
-0.168330
-0.157349
-0.148935
-0.153322
-0.167206
-0.182678
-0.185610
-0.184154
-0.175305
-0.145409
-0.114247
-0.085850
-0.059388
-0.050073
-0.048706
-0.040751
-0.031075
0.007448
0.067343
0.120406
0.172191
0.215162
0.231396
0.233016
0.231386
0.217136
0.158152
0.078973
0.043140
0.040086
0.037821
0.036756
0.040276
0.039685
0.034033
0.028474
0.026249
0.028853
0.038603
0.061085
0.051639
0.006863
-0.031216
-0.068289
-0.092178
-0.105466
-0.117846
-0.111882
-0.104241
-0.110267
-0.110083
-0.112390
-0.110511
-0.078448
-0.039012
-0.007949
0.025509
0.042395
0.047795
0.065597
0.088202
0.105639
0.125175
0.131321
0.129198
0.130153
0.138445
0.152557
0.169896
0.175611
0.172745
0.168272
0.161891
0.152501
0.134694
0.108555
0.086828
0.081805
0.088756
0.093596
0.091885
0.082804
0.069557
0.051815
0.026876
-0.000562
-0.068692
-0.149166
-0.174021
-0.180665
-0.190725
-0.177814
-0.147428
-0.130290
-0.125014
-0.135683
-0.157341
-0.180194
-0.201615
-0.222321
-0.240295
-0.237948
-0.168170
-0.070353
-0.003469
0.008162
-0.034030
-0.135514
-0.222701
-0.222021
-0.206107
-0.200367
-0.184421
-0.163810
-0.138636
-0.072683
0.002361
0.068759
0.111289
0.121127
0.125209
0.123261
0.102305
0.050908
0.001129
-0.012409
-0.010804
0.006500
0.075979
0.150418
0.215631
0.279737
0.306391
0.301887
0.278555
0.237374
0.201532
0.164251
0.138394
0.154646
0.139926
0.064331
0.001188
-0.063229
-0.103567
-0.111807
-0.107650
-0.100729
-0.008247
0.014063
-0.010314
-0.036037
-0.058808
-0.075065
-0.092228
-0.110378
-0.129265
-0.135063
-0.130446
-0.125058
-0.116131
-0.112435
-0.112521
-0.147596
-0.163439
-0.157577
-0.152880
-0.145085
-0.129471
-0.106063
-0.078638
-0.052497
-0.032047
0.008391
0.071694
0.099051
0.107189
0.111092
0.111346
0.102161
0.094084
0.011130
-0.048990
-0.042251
0.029017
0.081043
0.083122
0.099160
0.116971
0.136299
0.153244
0.170167
0.178470
0.178734
0.170391
0.164116
0.121663
0.050632
-0.012674
-0.073615
-0.108080
-0.112421
-0.110023
-0.109794
-0.076130
0.003921
0.078491
0.103098
0.094470
0.088192
0.069227
0.039655
-0.003971
-0.016269
0.008642
0.108843
0.165857
0.137755
0.102123
0.078580
0.071434
0.062341
0.082183
0.138623
0.188208
0.217695
0.245167
0.268305
0.272814
0.282502
0.294449
0.303081
0.308801
0.301699
0.288880
0.273445
0.250805
0.223606
0.182417
0.139528
0.109888
0.093703
0.052715
0.008545
-0.013092
-0.051438
-0.109048
-0.162730
-0.212011
-0.261487
-0.307459
-0.341175
-0.363084
-0.376249
-0.376800
-0.375584
-0.368853
-0.358331
-0.343570
-0.324846
-0.303200
-0.281671
-0.260568
-0.241800
-0.229452
-0.222107
-0.216422
-0.213299
-0.207689
-0.199748
-0.190136
-0.181675
-0.173751
-0.171533
-0.171955
-0.173883
-0.176424
-0.179682
-0.180061
-0.182949
-0.189194
-0.200292
-0.212885
-0.226687
-0.236589
-0.247488
-0.256557
-0.266160
-0.268512
-0.262464
-0.250974
-0.236091
-0.212961
-0.180137
-0.135780
-0.093567
-0.058156
-0.031943
-0.010915
0.008100
0.024834
0.041184
0.059835
0.079491
0.101017
0.125714
0.149717
0.173056
0.201862
0.225817
0.242330
0.260426
0.279101
0.294057
0.308466
0.326053
0.338366
0.352794
0.385687
0.412116
0.435271
0.408468
0.363190
0.318929
0.323134
0.311954
0.231106
0.166794
0.102649
0.122667
0.161319
0.137463
0.120400
0.127830
0.167001
0.232312
0.272031
0.258709
0.239177
0.214462
0.129455
0.026107
-0.001962
0.003274
-0.000163
0.001662
0.005994
-0.006428
-0.028641
-0.049218
-0.062534
-0.061158
-0.055966
-0.047765
-0.040619
-0.037691
-0.035649
-0.037306
-0.041176
-0.042207
-0.044834
-0.048289
-0.050481
-0.057590
-0.064373
-0.071382
-0.079367
-0.092162
-0.103512
-0.114294
-0.123728
-0.131614
-0.137012
-0.134647
-0.128771
-0.117425
-0.104206
-0.088799
-0.072020
-0.053865
-0.032754
-0.018814
-0.006047
0.010539
0.025981
0.038204
0.050648
0.064912
0.076211
0.086431
0.093521
0.102183
0.111831
0.113948
0.116943
0.119357
0.114538
0.109748
0.107338
0.103652
0.096271
0.088530
0.077940
0.051780
0.035877
0.046595
0.049380
0.055685
0.073016
0.066397
-0.017514
-0.117041
-0.151060
-0.156171
-0.157682
-0.155051
-0.150094
-0.145233
-0.133947
-0.120090
-0.110756
-0.102828
-0.094213
-0.082799
-0.065490
-0.053375
-0.042930
-0.031546
-0.021745
-0.016900
-0.016712
-0.017223
-0.020292
-0.034224
-0.059546
-0.084227
-0.105126
-0.108071
-0.105431
-0.105346
-0.104240
-0.102807
-0.104022
-0.107350
-0.108627
-0.106970
-0.100763
-0.093668
-0.085006
-0.075345
-0.062972
-0.052492
-0.044698
-0.035552
-0.028199
-0.022350
-0.015692
-0.009689
-0.003769
-0.000040
0.003879
0.009647
0.016077
0.023200
0.033051
0.039178
0.042024
0.054461
0.078162
0.084064
0.075356
0.061342
0.034858
0.021334
0.021540
0.030396
0.056187
0.076965
0.085797
0.088492
0.074811
0.052259
0.036403
0.034054
0.035750
0.040177
0.046061
0.048606
0.046572
0.044426
0.039682
0.028929
0.008495
-0.014469
-0.038484
-0.064164
-0.089757
-0.111515
-0.125992
-0.134579
-0.141227
-0.144088
-0.143647
-0.143937
-0.139928
-0.132216
-0.122121
-0.113212
-0.104171
-0.092279
-0.080689
-0.067245
-0.049641
-0.025679
-0.000577
0.023913
0.046176
0.061602
0.071889
0.081570
0.091716
0.099342
0.104348
0.110612
0.116703
0.124318
0.131364
0.138737
0.147104
0.149561
0.149227
0.148151
0.144361
0.140494
0.139159
0.139905
0.142289
0.143410
0.144755
0.140461
0.129310
0.114831
0.100871
0.088161
0.077510
0.063241
0.047450
0.030470
0.013863
-0.001563
-0.019388
-0.035770
-0.046413
-0.056648
-0.070313
-0.082915
-0.095214
-0.111398
-0.126496
-0.143246
-0.160373
-0.171997
-0.181920
-0.189998
-0.187924
-0.186428
-0.182798
-0.175862
-0.166423
-0.157041
-0.147536
-0.139308
-0.133616
-0.125643
-0.114980
-0.099901
-0.081586
-0.063169
-0.045929
-0.032344
-0.021036
-0.015630
-0.013952
-0.015171
-0.018552
-0.021261
-0.024249
-0.025722
-0.027050
-0.026425
-0.024748
-0.023401
-0.023008
-0.024425
-0.025068
-0.024544
-0.023696
-0.020598
-0.013084
-0.002493
0.007765
0.021096
0.039921
0.056327
0.070231
0.082008
0.087122
0.093260
0.102476
0.110291
0.115288
0.122393
0.134328
0.145565
0.157513
0.169074
0.176004
0.176100
0.171412
0.165472
0.159642
0.152428
0.145059
0.134708
0.125524
0.119812
0.116025
0.115983
0.120069
0.125706
0.132150
0.131775
0.126478
0.120109
0.113100
0.100103
0.083214
0.064670
0.043195
0.021464
0.003060
-0.011245
-0.023419
-0.035953
-0.046866
-0.052382
-0.052727
-0.051819
-0.051531
-0.052705
-0.054572
-0.055861
-0.058583
-0.059473
-0.059727
-0.060547
-0.059207
-0.057566
-0.056193
-0.054562
-0.051410
-0.050427
-0.050878
-0.049407
-0.049623
-0.049107
-0.047656
-0.045190
-0.042567
-0.040115
-0.039647
-0.038928
-0.034485
-0.027251
-0.019996
-0.014477
-0.006856
0.000678
0.005794
0.009157
0.009719
0.006872
0.001915
-0.001597
-0.003575
0.000104
0.008205
0.021954
0.039352
0.052419
0.061795
0.066488
0.060671
0.048549
0.035940
0.020073
0.007422
0.003117
0.002886
0.003405
0.003611
-0.000035
-0.003504
-0.006691
-0.005591
-0.001277
0.005004
0.010570
0.016390
0.013879
0.006395
-0.000820
-0.010324
-0.021780
-0.030862
-0.038210
-0.044066
-0.046536
-0.048233
-0.051367
-0.054436
-0.057021
-0.060253
-0.064630
-0.067866
-0.071466
-0.074465
-0.077076
-0.076176
-0.075077
-0.072401
-0.068788
-0.063953
-0.055273
-0.042909
-0.031012
-0.019584
-0.008381
0.001057
0.003153
0.004978
0.007334
0.006617
0.003633
0.001598
0.000212
0.000011
0.002470
0.005318
0.008929
0.011381
0.010697
0.005786
-0.000768
-0.008565
-0.019449
-0.028609
-0.035367
-0.042222
-0.045904
-0.047943
-0.049171
-0.048835
-0.047835
-0.045669
-0.043917
-0.043068
-0.043895
-0.042758
-0.040807
-0.038135
-0.035241
-0.030775
-0.026981
-0.024913
-0.020399
-0.019694
-0.023089
-0.022839
-0.024296
-0.026091
-0.024809
-0.022944
-0.020151
-0.016200
-0.013380
-0.008622
-0.002508
0.004772
0.010579
0.014947
0.020188
0.022597
0.023050
0.024804
0.025363
0.024764
0.021662
0.020254
0.017442
0.015001
0.011956
0.010415
0.008548
0.007270
0.006285
0.004046
0.004033
0.003999
0.003078
0.004931
0.008315
0.011895
0.016251
0.019303
0.021805
0.025773
0.028670
0.027939
0.024917
0.022075
0.019377
0.018560
0.020210
0.021774
0.026643
0.031682
0.035775
0.038673
0.041277
0.040752
0.040437
0.040926
0.041389
0.044138
0.049193
0.053302
0.056175
0.059645
0.060331
0.057798
0.053168
0.047529
0.038200
0.023848
0.011107
0.002371
-0.005564
-0.005415
-0.002221
0.004208
0.011922
0.018483
0.022868
0.023135
0.017789
0.014689
0.008714
0.005684
0.005471
0.004940
0.001284
-0.000741
-0.003520
-0.008808
-0.012734
-0.013175
-0.014149
-0.012759
-0.011972
-0.009602
-0.006777
-0.006864
-0.006847
-0.006952
-0.011064
-0.018645
-0.026194
-0.034256
-0.042296
-0.049672
-0.056479
-0.057921
-0.058024
-0.055087
-0.048041
-0.042133
-0.035204
-0.029468
-0.023901
-0.018977
-0.015982
-0.014616
-0.013846
-0.011019
-0.006727
0.000308
0.007352
0.013915
0.020630
0.028118
0.034073
0.039598
0.044033
0.046865
0.048147
0.048979
0.048502
0.048593
0.050750
0.051812
0.052588
0.055573
0.056027
0.059328
0.063954
0.068693
0.072112
0.071839
0.069767
0.063439
0.051865
0.039686
0.029186
0.019238
0.011235
0.006619
0.002314
-0.004077
-0.008490
-0.015456
-0.023634
-0.030249
-0.034865
-0.040936
-0.042047
-0.039267
-0.033273
-0.028300
-0.025453
-0.024069
-0.023387
-0.023624
-0.024383
-0.026517
-0.028334
-0.030745
-0.033469
-0.034668
-0.036612
-0.037819
-0.039455
-0.040385
-0.043019
-0.044117
-0.045363
-0.045589
-0.045413
-0.044532
-0.044520
-0.040029
-0.034240
-0.025831
-0.015588
-0.005078
0.005934
0.017997
0.029942
0.037642
0.046319
0.053839
0.058320
0.060947
0.059149
0.054199
0.046871
0.041414
0.038217
0.032543
0.028452
0.026147
0.023244
0.020761
0.017965
0.015600
0.013187
0.009616
0.002290
-0.007780
-0.022288
-0.033082
-0.043644
-0.052571
-0.056437
-0.055531
-0.053460
-0.049154
-0.041810
-0.032216
-0.024939
-0.017619
-0.011968
-0.006399
-0.005517
-0.007471
-0.007039
-0.006536
-0.004264
0.000838
0.005959
0.011806
0.016631
0.021049
0.024030
0.020766
0.016234
0.009197
0.000831
-0.008857
-0.015074
-0.016722
-0.015354
-0.012420
-0.011090
-0.010956
-0.011729
-0.015356
-0.017713
-0.019462
-0.019771
-0.018948
-0.018979
-0.019745
-0.019061
-0.016574
-0.011292
-0.004240
0.002578
0.008029
0.010729
0.011142
0.010253
0.006283
0.001410
-0.005099
-0.010467
-0.016738
-0.020592
-0.024325
-0.027210
-0.026024
-0.024830
-0.021854
-0.018743
-0.015890
-0.011409
-0.007846
-0.006555
-0.003997
-0.001389
0.000806
0.005668
0.012563
0.018728
0.024862
0.029088
0.031724
0.034674
0.034771
0.031230
0.025788
0.021627
0.017318
0.012625
0.011042
0.010866
0.010169
0.008988
0.004869
0.000605
-0.003316
-0.006800
-0.008341
-0.008489
-0.005613
-0.003191
-0.003401
-0.004417
-0.008915
-0.011762
-0.013546
-0.015446
-0.014375
-0.014145
-0.011202
-0.008090
-0.004773
-0.003157
-0.002931
-0.003640
-0.005725
-0.009753
-0.013086
-0.016306
-0.019539
-0.021628
-0.022042
-0.021708
-0.018732
-0.014886
-0.011461
-0.007065
0.000288
0.006943
0.011267
0.015010
0.019641
0.026008
0.032160
0.039307
0.043551
0.045486
0.047991
0.047422
0.044898
0.039388
0.034783
0.029662
0.024344
0.020730
0.017219
0.013039
0.007964
0.004639
0.000484
-0.001991
-0.005529
-0.009042
-0.011247
-0.013114
-0.014518
-0.015652
-0.015355
-0.014806
-0.015560
-0.017673
-0.017780
-0.016403
-0.014229
-0.013577
-0.013145
-0.012798
-0.014235
-0.017342
-0.020512
-0.022476
-0.022496
-0.022944
-0.020676
-0.016777
-0.013379
-0.010093
-0.005285
-0.000152
0.002006
0.007228
0.016596
0.025066
0.030042
0.038291
0.049175
0.056396
0.063281
0.067284
0.070819
0.072319
0.070680
0.064473
0.057440
0.050885
0.046449
0.042287
0.037054
0.031501
0.024185
0.017333
0.006045
-0.007016
-0.016681
-0.025548
-0.033531
-0.039924
-0.044089
-0.047550
-0.048287
-0.046329
-0.043887
-0.039122
-0.033879
-0.026735
-0.019204
-0.011165
-0.004718
-0.002026
0.000869
0.004874
0.006416
0.005343
0.004618
0.000754
-0.000697
-0.001590
-0.003366
-0.005189
-0.006241
-0.006662
-0.009658
-0.014186
-0.016593
-0.020248
-0.022071
-0.025621
-0.028918
-0.030409
-0.032005
-0.032530
-0.033051
-0.034918
-0.035520
-0.036363
-0.036597
-0.034851
-0.033751
-0.031852
-0.028545
-0.024366
-0.021147
-0.019174
-0.018295
-0.015456
-0.015584
-0.016294
-0.015688
-0.016582
-0.020609
-0.023795
-0.029348
-0.031983
-0.035687
-0.036901
-0.036371
-0.035002
-0.032327
-0.027904
-0.025171
-0.020421
-0.014937
-0.009841
-0.004962
0.000917
0.005372
0.009248
0.012215
0.018387
0.023985
0.028385
0.031704
0.036621
0.040344
0.043652
0.046920
0.047777
0.049134
0.050754
0.055520
0.059896
0.065440
0.068196
0.068002
0.067699
0.065069
0.059024
0.052517
0.049014
0.045657
0.043049
0.042849
0.041112
0.038918
0.035292
0.027517
0.019678
0.013025
0.004076
-0.003188
-0.008515
-0.010717
-0.014462
-0.016904
-0.017568
-0.019976
-0.022482
-0.024722
-0.028931
-0.032036
-0.033280
-0.040791
-0.046684
-0.047412
-0.049011
-0.051743
-0.052682
-0.051410
-0.048039
-0.044914
-0.041851
-0.039812
-0.038358
-0.036479
-0.034708
-0.030917
-0.027643
-0.026158
-0.024964
-0.021987
-0.020003
-0.018698
-0.015315
-0.011421
-0.009424
-0.008731
-0.008080
-0.007173
-0.007303
-0.008036
-0.007272
-0.006356
-0.004078
-0.002897
-0.000824
0.002757
0.003121
0.005072
0.008375
0.011208
0.014561
0.019862
0.022005
0.024795
0.029292
0.032514
0.034515
0.034976
0.035140
0.033731
0.031312
0.029012
0.027033
0.024679
0.022717
0.018566
0.014684
0.010992
0.006666
0.003956
0.001671
0.001048
0.001328
0.001404
0.001567
0.001765
0.001825
0.002464
0.004102
0.006422
0.011515
0.016552
0.019236
0.021498
0.025234
0.027319
0.028756
0.028726
0.027608
0.026622
0.025752
0.024648
0.023548
0.020885
0.017222
0.014519
0.012957
0.009750
0.007916
0.008065
0.009399
0.009160
0.009496
0.011669
0.013522
0.014307
0.016597
0.017996
0.021791
0.023711
0.023439
0.022924
0.019208
0.016444
0.014152
0.012126
0.008934
0.004415
0.003107
0.002003
-0.001394
-0.002846
-0.004949
-0.007979
-0.010819
-0.012173
-0.012045
-0.011985
-0.012003
-0.011953
-0.011698
-0.011580
-0.008554
-0.006766
-0.007390
-0.007287
-0.007270
-0.007297
-0.007576
-0.007551
-0.007589
-0.008489
-0.011240
-0.013769
-0.015926
-0.016580
-0.018536
-0.019825
-0.019364
-0.018981
-0.020425
-0.022300
-0.021803
-0.021107
-0.019403
-0.017509
-0.015349
-0.012627
-0.011324
-0.009606
-0.009293
-0.009164
-0.010802
-0.012738
-0.012706
-0.013080
-0.015608
-0.017865
-0.020970
-0.022618
-0.024468
-0.025125
-0.025233
-0.024332
-0.022964
-0.020427
-0.019908
-0.020736
-0.019754
-0.020130
-0.020185
-0.019014
-0.017404
-0.013080
-0.008287
-0.002247
0.003999
0.007527
0.010760
0.011144
0.010625
0.012006
0.012651
0.012073
0.011857
0.011531
0.011197
0.010867
0.010423
0.008511
0.008518
0.009863
0.009706
0.009209
0.009430
0.011081
0.013773
0.014535
0.016634
0.018530
0.021292
0.024900
0.025956
0.029215
0.033919
0.034875
0.035966
0.036323
0.034450
0.033070
0.030602
0.027788
0.026330
0.025195
0.023763
0.021952
0.017099
0.013146
0.009444
0.003827
0.001189
-0.002875
-0.006266
-0.010185
-0.012591
-0.015854
-0.020244
-0.022027
-0.024296
-0.023979
-0.023025
-0.020580
-0.015135
-0.010379
-0.006699
-0.002736
-0.000093
0.002112
0.004258
0.006509
0.008658
0.010557
0.012317
0.012516
0.013476
0.014918
0.014956
0.016358
0.016583
0.017099
0.018397
0.017648
0.016166
0.015005
0.012273
0.007265
0.004141
-0.000688
-0.008133
-0.014543
-0.019790
-0.024428
-0.027963
-0.031495
-0.033758
-0.035308
-0.037209
-0.038696
-0.040414
-0.041793
-0.043042
-0.043680
-0.044222
-0.044039
-0.044196
-0.045555
-0.044552
-0.042286
-0.040907
-0.035905
-0.033424
-0.030734
-0.026601
-0.025275
-0.024350
-0.021798
-0.021707
-0.021398
-0.020116
-0.019308
-0.018251
-0.017410
-0.016230
-0.015635
-0.012469
-0.009192
-0.008698
-0.008160
-0.007294
-0.005967
-0.002817
-0.000972
-0.000622
-0.000358
0.000275
-0.000442
-0.001277
-0.003570
-0.005103
-0.005923
-0.005968
-0.004329
-0.001183
0.002133
0.006152
0.008261
0.010172
0.012645
0.012430
0.012281
0.008773
0.005723
0.002898
0.000068
-0.001159
-0.001745
-0.003051
-0.004626
-0.004939
-0.006592
-0.007656
-0.006529
-0.005751
-0.004963
-0.004294
-0.003437
-0.002803
-0.001895
-0.001684
-0.001865
-0.000478
0.002034
0.003631
0.007161
0.009625
0.013890
0.018842
0.021484
0.023747
0.026239
0.028287
0.030724
0.035282
0.037866
0.039324
0.041954
0.041455
0.040117
0.039010
0.038091
0.036762
0.037271
0.038837
0.040363
0.041350
0.043820
0.044806
0.046571
0.049640
0.049149
0.048469
0.046913
0.046103
0.043955
0.040981
0.039688
0.036651
0.033714
0.028950
0.022463
0.017999
0.013981
0.008584
0.005245
0.000814
-0.001941
-0.005959
-0.009190
-0.012822
-0.016522
-0.018748
-0.020976
-0.023275
-0.024156
-0.023509
-0.022711
-0.022508
-0.020984
-0.019871
-0.020437
-0.021458
-0.021510
-0.020818
-0.019366
-0.016399
-0.013054
-0.010028
-0.005549
-0.002072
-0.000522
-0.000468
-0.000655
-0.000699
-0.000816
-0.000264
0.002175
0.004606
0.006763
0.008769
0.009016
0.008170
0.009778
0.011847
0.011179
0.012437
0.014211
0.013372
0.012351
0.011589
0.009311
0.005590
0.003382
0.000711
-0.003470
-0.006215
-0.007031
-0.009296
-0.012262
-0.013522
-0.013131
-0.014756
-0.016910
-0.017591
-0.018303
-0.018167
-0.017484
-0.016597
-0.012931
-0.011797
-0.010913
-0.009203
-0.010597
-0.013061
-0.013099
-0.012414
-0.012260
-0.011918
-0.011636
-0.011225
-0.011011
-0.009672
-0.007966
-0.006168
-0.001881
0.001443
0.003593
0.006162
0.007321
0.006903
0.008288
0.010250
0.010678
0.012447
0.013247
0.012414
0.011379
0.009304
0.007453
0.005603
0.005129
0.004926
0.006599
0.006786
0.003275
0.002426
0.002527
0.000119
-0.002675
-0.006527
-0.009585
-0.010722
-0.011741
-0.012856
-0.011463
-0.007249
-0.004373
-0.003070
-0.002148
-0.002696
-0.004446
-0.005716
-0.007006
-0.008304
-0.010862
-0.011390
-0.010869
-0.010722
-0.010562
-0.010321
-0.010128
-0.009845
-0.009654
-0.009346
-0.009288
-0.009192
-0.010828
-0.012688
-0.012670
-0.011994
-0.014509
-0.016379
-0.015247
-0.015767
-0.018398
-0.019422
-0.019572
-0.020487
-0.022462
-0.024211
-0.025850
-0.026334
-0.026533
-0.027955
-0.027321
-0.025920
-0.024758
-0.023636
-0.022379
-0.021255
-0.020222
-0.019177
-0.018007
-0.016980
-0.015908
-0.014675
-0.011578
-0.007888
-0.004551
-0.001392
0.001532
0.002589
0.002770
0.003284
0.003655
0.005257
0.008191
0.011406
0.016216
0.020612
0.022741
0.026258
0.029202
0.028609
0.029270
0.031638
0.030768
0.029523
0.028971
0.027118
0.023097
0.021780
0.021564
0.020742
0.019739
0.016980
0.014268
0.013955
0.010814
0.008455
0.008279
0.006318
0.005695
0.007028
0.008328
0.009210
0.010419
0.010452
0.009343
0.006052
0.003857
0.001947
-0.000746
-0.002783
-0.001317
0.001556
0.003788
0.004958
0.008830
0.010795
0.011329
0.013567
0.014034
0.013276
0.012852
0.012468
0.011929
0.011383
0.010975
0.010503
0.010115
0.009580
0.010431
0.012496
0.012649
0.011828
0.011378
0.010829
0.010293
0.009686
0.009144
0.009248
0.011195
0.012094
0.011363
0.012575
0.014349
0.013749
0.012753
0.012209
0.011644
0.012770
0.014151
0.013453
0.012498
0.011816
0.011052
0.010192
0.008802
0.005578
0.003417
0.001525
-0.001607
-0.002471
-0.002557
-0.003938
-0.008221
-0.010698
-0.011793
-0.012284
-0.012069
-0.012106
-0.011973
-0.011988
-0.011759
-0.011744
-0.011540
-0.011524
-0.012009
-0.015139
-0.015946
-0.014992
-0.017511
-0.019526
-0.018605
-0.018100
-0.017790
-0.017488
-0.017026
-0.016625
-0.016123
-0.015750
-0.015285
-0.015006
-0.014251
-0.011983
-0.009235
-0.009287
-0.006743
-0.003989
-0.002392
-0.000256
0.000788
0.002828
0.004098
0.003521
0.003380
0.002966
0.002793
0.002279
0.005098
0.006574
0.005878
0.003797
0.000530
0.000185
0.000266
-0.000204
-0.000447
-0.000651
-0.000743
-0.000995
-0.001103
-0.001451
-0.002105
-0.004733
-0.006264
-0.007630
-0.009025
-0.009738
-0.010103
-0.009941
-0.009689
-0.009617
-0.009811
-0.011845
-0.013401
-0.012901
-0.014073
-0.016390
-0.016216
-0.015391
-0.014981
-0.014638
-0.014077
-0.013998
-0.015008
-0.014869
-0.012861
-0.012876
-0.015053
-0.014706
-0.015322
-0.017948
-0.017365
-0.016257
-0.015623
-0.015447
-0.016148
-0.015671
-0.014632
-0.014011
-0.013152
-0.012985
-0.014579
-0.015838
-0.014578
-0.016553
-0.017848
-0.018629
-0.019626
-0.017732
-0.015161
-0.014169
-0.011883
-0.009643
-0.007499
-0.005418
-0.003549
-0.001449
0.001624
0.002695
0.003484
0.005386
0.007037
0.008378
0.010191
0.012446
0.010796
0.008511
0.009485
0.010722
0.012088
0.012196
0.013288
0.014573
0.015795
0.016302
0.017162
0.020168
0.019932
0.021939
0.025350
0.027244
0.029046
0.029981
0.031246
0.033018
0.031787
0.030432
0.027271
0.024795
0.021615
0.018416
0.016396
0.014769
0.012749
0.012963
0.011880
0.008753
0.007388
0.005589
0.002009
-0.001398
-0.001227
-0.000896
-0.000817
-0.000398
0.002260
0.004056
0.004145
0.004030
0.005688
0.006657
0.008106
0.008076
0.010151
0.012337
0.013037
0.013939
0.014117
0.013468
0.013864
0.013690
0.012750
0.012161
0.009767
0.009198
0.007574
0.006192
0.005985
0.007922
0.009171
0.010845
0.012712
0.014842
0.015617
0.015000
0.015722
0.015171
0.014118
0.013227
0.012495
0.011486
0.011664
0.012024
0.012371
0.012147
0.011304
0.009490
0.007466
0.004229
0.001634
0.000992
-0.000973
-0.001853
-0.002041
-0.002420
-0.003172
-0.004878
-0.006342
-0.007607
-0.007849
-0.007818
-0.008173
-0.008057
-0.009004
-0.010087
-0.011519
-0.013562
-0.013798
-0.013272
-0.012278
-0.009775
-0.008763
-0.007598
-0.006627
-0.005460
-0.005442
-0.004451
-0.004138
-0.005825
-0.006878
-0.009618
-0.013827
-0.016040
-0.015859
-0.015336
-0.014350
-0.011789
-0.009401
-0.007584
-0.008673
-0.010749
-0.011395
-0.010863
-0.007960
-0.004138
-0.001182
0.002750
0.003850
0.002170
0.000889
-0.000275
-0.000999
-0.001041
-0.001445
-0.000580
-0.000181
-0.000508
-0.001368
-0.002557
-0.002801
-0.003849
-0.005668
-0.006182
-0.007615
-0.008440
-0.008231
-0.008861
-0.009525
-0.010308
-0.011706
-0.011916
-0.013175
-0.013437
-0.011735
-0.009241
-0.008721
-0.008307
-0.007751
-0.007134
-0.006537
-0.004521
-0.003519
-0.001630
-0.000425
0.000620
0.002005
0.003488
0.003854
0.005074
0.006029
0.007161
0.007040
0.007341
0.008224
0.008930
0.009148
0.008290
0.007642
0.006610
0.004742
0.002992
0.001616
0.000834
-0.000374
-0.001750
-0.002903
-0.003344
-0.003822
-0.004060
-0.003895
-0.003391
-0.002768
-0.002223
-0.001729
-0.001075
-0.000078
0.000378
0.000206
0.000462
0.000704
0.000269
-0.000426
-0.000912
-0.001685
-0.002099
-0.002421
-0.002598
-0.002620
-0.002968
-0.002803
-0.002658
-0.002491
-0.002418
-0.002022
-0.001552
-0.001420
-0.001410
-0.001245
-0.001183
-0.001047
-0.001001
-0.000865
-0.000811
-0.000738
-0.000979
-0.000878
-0.000759
-0.000633
-0.000995
-0.001108
-0.001082
-0.001049
-0.001006
-0.000969
-0.001035
-0.000943
-0.001034
-0.000768
-0.000728
-0.000683
-0.000506
-0.000245
0.000054
0.000411
0.000767
0.001094
0.001453
0.001655
0.001876
0.001973
0.002130
0.002257
0.002375
0.002457
0.002532
0.002527
0.002567
0.002591
0.002600
0.002594
0.002611
0.002592
0.002500
0.002413
0.002294
0.002211
0.002169
0.002124
0.002073
0.002010
0.001930
0.001890
0.001826
0.001736
0.001665
0.001591
0.001504
0.001439
0.001342
0.001251
0.001177
0.001100
0.001008
0.000946
0.000883
0.000822
0.000776
0.000727
0.000670
0.000616
0.000572
0.000529
0.000484
0.000441
0.000397
0.000354
0.000310
0.000270
0.000228
0.000191
0.000155
0.000120
0.000086
0.000055
0.000024
-0.000005
-0.000033
-0.000059
-0.000085
-0.000109
-0.000132
-0.000154
-0.000175
-0.000195
-0.000214
-0.000231
-0.000248
-0.000263
-0.000278
-0.000291
-0.000303
-0.000314
-0.000324
