0.000754
0.000752
0.000750
0.000748
0.000746
0.000745
0.000743
0.000741
0.000739
0.000738
0.000736
0.000734
0.000732
0.000731
0.000729
0.000727
0.000726
0.000724
0.000722
0.000720
0.000719
0.000718
0.000715
0.000713
0.000712
0.000711
0.000709
0.000708
0.000706
0.000704
0.000702
0.000701
0.000698
0.000697
0.000695
0.000693
0.000692
0.000690
0.000688
0.000687
0.000685
0.000683
0.000680
0.000680
0.000682
0.000683
0.000681
0.000677
0.000674
0.000674
0.000672
0.000668
0.000666
0.000667
0.000665
0.000662
0.000662
0.000664
0.000662
0.000657
0.000653
0.000652
0.000655
0.000654
0.000647
0.000642
0.000644
0.000647
0.000646
0.000642
0.000637
0.000635
0.000629
0.000627
0.000633
0.000635
0.000630
0.000626
0.000625
0.000626
0.000628
0.000626
0.000621
0.000624
0.000628
0.000628
0.000623
0.000616
0.000609
0.000610
0.000614
0.000614
0.000609
0.000602
0.000601
0.000598
0.000594
0.000599
0.000602
0.000594
0.000586
0.000592
0.000600
0.000599
0.000591
0.000574
0.000568
0.000573
0.000576
0.000575
0.000579
0.000576
0.000570
0.000576
0.000584
0.000581
0.000567
0.000553
0.000545
0.000548
0.000555
0.000555
0.000554
0.000561
0.000558
0.000547
0.000545
0.000562
0.000578
0.000567
0.000565
0.000564
0.000550
0.000547
0.000556
0.000560
0.000553
0.000536
0.000523
0.000526
0.000542
0.000553
0.000547
0.000527
0.000517
0.000528
0.000528
0.000514
0.000507
0.000513
0.000525
0.000524
0.000521
0.000513
0.000502
0.000502
0.000520
0.000534
0.000527
0.000513
0.000528
0.000539
0.000529
0.000514
0.000500
0.000506
0.000515
0.000493
0.000463
0.000482
0.000523
0.000542
0.000526
0.000506
0.000499
0.000488
0.000491
0.000504
0.000508
0.000503
0.000500
0.000489
0.000451
0.000441
0.000478
0.000500
0.000473
0.000444
0.000448
0.000478
0.000490
0.000463
0.000437
0.000448
0.000494
0.000509
0.000480
0.000443
0.000427
0.000437
0.000457
0.000457
0.000453
0.000434
0.000400
0.000406
0.000454
0.000474
0.000447
0.000442
0.000462
0.000471
0.000457
0.000432
0.000431
0.000426
0.000409
0.000401
0.000403
0.000405
0.000402
0.000406
0.000433
0.000447
0.000425
0.000423
0.000436
0.000416
0.000393
0.000423
0.000474
0.000462
0.000407
0.000403
0.000426
0.000415
0.000402
0.000397
0.000411
0.000430
0.000424
0.000388
0.000361
0.000361
0.000368
0.000374
0.000400
0.000414
0.000400
0.000419
0.000428
0.000382
0.000342
0.000343
0.000354
0.000361
0.000385
0.000409
0.000401
0.000369
0.000373
0.000390
0.000375
0.000363
0.000360
0.000375
0.000386
0.000357
0.000324
0.000329
0.000368
0.000402
0.000421
0.000397
0.000347
0.000338
0.000338
0.000313
0.000278
0.000294
0.000338
0.000306
0.000260
0.000312
0.000372
0.000337
0.000263
0.000272
0.000335
0.000356
0.000364
0.000346
0.000327
0.000326
0.000358
0.000331
0.000266
0.000280
0.000312
0.000298
0.000287
0.000309
0.000327
0.000347
0.000323
0.000284
0.000304
0.000340
0.000345
0.000323
0.000294
0.000295
0.000288
0.000275
0.000299
0.000320
0.000290
0.000261
0.000290
0.000325
0.000327
0.000304
0.000277
0.000278
0.000271
0.000258
0.000281
0.000311
0.000313
0.000302
0.000291
0.000260
0.000242
0.000263
0.000271
0.000277
0.000283
0.000264
0.000258
0.000238
0.000197
0.000185
0.000208
0.000279
0.000317
0.000284
0.000239
0.000239
0.000248
0.000260
0.000266
0.000245
0.000238
0.000236
0.000251
0.000252
0.000207
0.000212
0.000261
0.000278
0.000255
0.000221
0.000230
0.000251
0.000215
0.000155
0.000164
0.000232
0.000260
0.000215
0.000183
0.000209
0.000214
0.000187
0.000173
0.000178
0.000191
0.000211
0.000211
0.000207
0.000193
0.000172
0.000167
0.000169
0.000180
0.000192
0.000161
0.000139
0.000165
0.000211
0.000233
0.000217
0.000185
0.000191
0.000210
0.000192
0.000189
0.000202
0.000179
0.000146
0.000140
0.000148
0.000158
0.000178
0.000169
0.000152
0.000167
0.000166
0.000142
0.000131
0.000135
0.000146
0.000176
0.000192
0.000158
0.000124
0.000113
0.000098
0.000113
0.000166
0.000199
0.000192
0.000180
0.000171
0.000141
0.000122
0.000152
0.000177
0.000144
0.000115
0.000135
0.000140
0.000114
0.000109
0.000146
0.000176
0.000174
0.000155
0.000120
0.000105
0.000128
0.000127
0.000108
0.000129
0.000161
0.000157
0.000113
0.000083
0.000084
0.000101
0.000123
0.000121
0.000126
0.000144
0.000151
0.000137
0.000100
0.000074
0.000081
0.000129
0.000170
0.000136
0.000107
0.000107
0.000067
0.000051
0.000101
0.000143
0.000138
0.000123
0.000113
0.000086
0.000042
-0.000019
-0.000008
0.000116
0.000200
0.000151
0.000071
0.000067
0.000078
0.000060
0.000045
0.000055
0.000091
0.000117
0.000105
0.000072
0.000068
0.000072
0.000086
0.000094
0.000065
0.000041
0.000071
0.000096
0.000073
0.000067
0.000091
0.000093
0.000054
0.000013
-0.000011
0.000012
0.000070
0.000100
0.000083
0.000048
0.000046
0.000051
0.000055
0.000048
0.000049
0.000037
0.000024
0.000041
0.000040
0.000014
0.000013
0.000041
0.000047
0.000042
0.000033
0.000046
0.000059
0.000031
-0.000003
0.000002
0.000043
0.000062
0.000025
-0.000003
0.000021
0.000025
0.000006
0.000026
0.000049
0.000030
0.000017
0.000006
-0.000009
-0.000017
-0.000006
0.000020
0.000011
-0.000008
0.000015
0.000056
0.000075
0.000025
-0.000023
-0.000004
0.000005
-0.000019
-0.000026
0.000011
0.000034
0.000008
-0.000006
-0.000014
-0.000021
0.000003
0.000032
0.000034
0.000024
0.000021
0.000023
0.000022
0.000021
0.000003
-0.000055
-0.000068
-0.000010
0.000023
-0.000017
-0.000050
-0.000026
-0.000020
-0.000037
-0.000036
-0.000060
-0.000076
-0.000061
-0.000048
-0.000061
-0.000082
-0.000045
0.000010
0.000009
-0.000040
-0.000072
-0.000068
-0.000059
-0.000061
-0.000066
-0.000058
-0.000033
-0.000048
-0.000100
-0.000095
-0.000038
-0.000033
-0.000062
-0.000043
-0.000016
-0.000035
-0.000041
-0.000027
-0.000049
-0.000074
-0.000039
0.000012
-0.000025
-0.000081
-0.000060
-0.000016
-0.000011
-0.000034
-0.000071
-0.000086
-0.000052
-0.000029
-0.000062
-0.000107
-0.000142
-0.000141
-0.000077
-0.000012
0.000012
-0.000021
-0.000082
-0.000112
-0.000096
-0.000056
-0.000032
-0.000044
-0.000085
-0.000112
-0.000110
-0.000095
-0.000071
-0.000090
-0.000132
-0.000111
-0.000068
-0.000027
-0.000033
-0.000090
-0.000127
-0.000122
-0.000111
-0.000112
-0.000118
-0.000110
-0.000077
-0.000051
-0.000061
-0.000102
-0.000122
-0.000088
-0.000054
-0.000063
-0.000107
-0.000135
-0.000132
-0.000125
-0.000126
-0.000130
-0.000131
-0.000130
-0.000123
-0.000091
-0.000074
-0.000106
-0.000151
-0.000168
-0.000128
-0.000107
-0.000129
-0.000154
-0.000183
-0.000196
-0.000157
-0.000102
-0.000107
-0.000144
-0.000154
-0.000144
-0.000140
-0.000145
-0.000147
-0.000147
-0.000139
-0.000107
-0.000083
-0.000074
-0.000067
-0.000107
-0.000158
-0.000166
-0.000153
-0.000158
-0.000188
-0.000176
-0.000124
-0.000123
-0.000149
-0.000129
-0.000094
-0.000097
-0.000142
-0.000164
-0.000128
-0.000102
-0.000135
-0.000174
-0.000167
-0.000132
-0.000137
-0.000161
-0.000137
-0.000120
-0.000181
-0.000237
-0.000200
-0.000130
-0.000142
-0.000208
-0.000213
-0.000176
-0.000162
-0.000183
-0.000213
-0.000204
-0.000177
-0.000162
-0.000138
-0.000124
-0.000154
-0.000180
-0.000150
-0.000122
-0.000154
-0.000184
-0.000163
-0.000150
-0.000142
-0.000137
-0.000155
-0.000162
-0.000163
-0.000148
-0.000138
-0.000166
-0.000207
-0.000234
-0.000219
-0.000184
-0.000147
-0.000138
-0.000164
-0.000173
-0.000179
-0.000197
-0.000196
-0.000169
-0.000173
-0.000200
-0.000211
-0.000195
-0.000168
-0.000177
-0.000205
-0.000214
-0.000206
-0.000212
-0.000239
-0.000227
-0.000168
-0.000142
-0.000182
-0.000213
-0.000179
-0.000142
-0.000141
-0.000163
-0.000189
-0.000188
-0.000193
-0.000223
-0.000255
-0.000246
-0.000207
-0.000186
-0.000216
-0.000216
-0.000202
-0.000212
-0.000217
-0.000185
-0.000155
-0.000154
-0.000173
-0.000199
-0.000190
-0.000173
-0.000191
-0.000193
-0.000171
-0.000161
-0.000167
-0.000172
-0.000171
-0.000178
-0.000220
-0.000272
-0.000267
-0.000233
-0.000225
-0.000228
-0.000191
-0.000139
-0.000134
-0.000155
-0.000203
-0.000255
-0.000283
-0.000267
-0.000222
-0.000162
-0.000150
-0.000187
-0.000233
-0.000253
-0.000249
-0.000236
-0.000204
-0.000198
-0.000254
-0.000283
-0.000249
-0.000207
-0.000220
-0.000253
-0.000261
-0.000243
-0.000208
-0.000186
-0.000188
-0.000203
-0.000237
-0.000253
-0.000229
-0.000229
-0.000255
-0.000266
-0.000268
-0.000288
-0.000284
-0.000261
-0.000244
-0.000235
-0.000269
-0.000289
-0.000260
-0.000223
-0.000225
-0.000225
-0.000206
-0.000206
-0.000243
-0.000266
-0.000233
-0.000206
-0.000238
-0.000276
-0.000279
-0.000259
-0.000225
-0.000212
-0.000245
-0.000287
-0.000312
-0.000289
-0.000221
-0.000175
-0.000221
-0.000293
-0.000316
-0.000259
-0.000212
-0.000234
-0.000246
-0.000230
-0.000250
-0.000274
-0.000249
-0.000212
-0.000219
-0.000254
-0.000251
-0.000229
-0.000255
-0.000272
-0.000230
-0.000222
-0.000249
-0.000267
-0.000249
-0.000222
-0.000229
-0.000252
-0.000233
-0.000243
-0.000287
-0.000303
-0.000294
-0.000278
-0.000259
-0.000259
-0.000253
-0.000234
-0.000236
-0.000273
-0.000303
-0.000295
-0.000253
-0.000243
-0.000304
-0.000332
-0.000315
-0.000312
-0.000280
-0.000244
-0.000266
-0.000314
-0.000344
-0.000318
-0.000265
-0.000267
-0.000302
-0.000321
-0.000344
-0.000358
-0.000329
-0.000289
-0.000263
-0.000288
-0.000340
-0.000339
-0.000305
-0.000295
-0.000297
-0.000277
-0.000289
-0.000330
-0.000301
-0.000251
-0.000271
-0.000315
-0.000314
-0.000268
-0.000239
-0.000244
-0.000254
-0.000253
-0.000258
-0.000292
-0.000319
-0.000329
-0.000353
-0.000387
-0.000430
-0.000483
-0.000490
-0.000421
-0.000344
-0.000272
-0.000197
-0.000133
-0.000066
0.000007
0.000021
-0.000028
-0.000109
-0.000170
-0.000247
-0.000360
-0.000463
-0.000552
-0.000628
-0.000681
-0.000689
-0.000633
-0.000511
-0.000363
-0.000285
-0.000260
-0.000208
-0.000081
0.000102
0.000181
0.000090
-0.000027
-0.000052
-0.000035
-0.000075
-0.000201
-0.000372
-0.000531
-0.000678
-0.000818
-0.000915
-0.000910
-0.000821
-0.000693
-0.000521
-0.000291
-0.000052
0.000114
0.000212
0.000244
0.000147
-0.000013
-0.000123
-0.000199
-0.000281
-0.000389
-0.000515
-0.000639
-0.000767
-0.000919
-0.001058
-0.001115
-0.001014
-0.000744
-0.000390
-0.000016
0.000256
0.000334
0.000330
0.000356
0.000344
0.000244
0.000119
-0.000025
-0.000215
-0.000441
-0.000661
-0.000864
-0.001015
-0.001073
-0.001033
-0.000961
-0.000931
-0.000925
-0.000836
-0.000608
-0.000304
-0.000017
0.000233
0.000384
0.000374
0.000267
0.000164
0.000100
-0.000002
-0.000169
-0.000373
-0.000534
-0.000585
-0.000497
-0.000304
-0.000070
0.000097
0.000062
-0.000124
-0.000239
-0.000147
0.000082
0.000253
0.000264
0.000106
-0.000217
-0.000538
-0.000706
-0.000789
-0.000868
-0.000873
-0.000743
-0.000518
-0.000321
-0.000263
-0.000301
-0.000360
-0.000411
-0.000407
-0.000287
-0.000178
-0.000321
-0.000616
-0.000743
-0.000520
-0.000057
0.000275
0.000267
0.000007
-0.000246
-0.000311
-0.000188
-0.000067
-0.000081
-0.000130
-0.000115
-0.000135
-0.000335
-0.000706
-0.001127
-0.001446
-0.001527
-0.001352
-0.001095
-0.000920
-0.000863
-0.000782
-0.000520
-0.000119
0.000186
0.000232
0.000096
-0.000062
-0.000133
0.000029
0.000453
0.000841
0.000797
0.000226
-0.000656
-0.001370
-0.001518
-0.001048
-0.000171
0.000758
0.001371
0.001493
0.001271
0.001078
0.001194
0.001534
0.001582
0.000882
-0.000423
-0.001649
-0.002199
-0.002240
-0.002307
-0.002580
-0.002813
-0.002754
-0.002406
-0.001885
-0.001285
-0.000613
0.000075
0.000626
0.000875
0.000878
0.000999
0.001450
0.002009
0.002307
0.002140
0.001687
0.001262
0.001029
0.000858
0.000529
-0.000150
-0.001190
-0.002156
-0.002455
-0.001974
-0.001203
-0.000728
-0.000579
-0.000272
0.000504
0.001373
0.001580
0.000858
-0.000268
-0.001140
-0.001623
-0.002016
-0.002574
-0.003171
-0.003495
-0.003295
-0.002502
-0.001306
-0.000140
0.000501
0.000516
0.000382
0.000794
0.001958
0.003314
0.003976
0.003519
0.002350
0.001278
0.000781
0.000783
0.000819
0.000335
-0.000911
-0.002468
-0.003556
-0.003636
-0.002897
-0.002154
-0.002130
-0.002933
-0.003916
-0.003973
-0.002504
-0.000233
0.001374
0.001584
0.000983
0.000645
0.001052
0.001908
0.002697
0.003249
0.003597
0.003751
0.003683
0.003269
0.002415
0.001264
0.000347
0.000058
0.000215
0.000225
-0.000408
-0.001579
-0.002669
-0.003199
-0.003134
-0.002666
-0.002192
-0.001953
-0.001907
-0.001814
-0.001440
-0.000706
0.000281
0.001091
0.001194
0.000451
-0.000653
-0.001551
-0.002035
-0.002255
-0.002436
-0.002521
-0.002126
-0.000929
0.000860
0.002614
0.003805
0.004307
0.004481
0.004635
0.004623
0.004134
0.003068
0.001606
0.000069
-0.001156
-0.001644
-0.001226
-0.000291
0.000332
0.000067
-0.000806
-0.001506
-0.001613
-0.001367
-0.001159
-0.001104
-0.001236
-0.001533
-0.001787
-0.001852
-0.001936
-0.002303
-0.002762
-0.002932
-0.002713
-0.002454
-0.002551
-0.002855
-0.002673
-0.001560
0.000082
0.001377
0.001801
0.001467
0.000902
0.000491
0.000417
0.000817
0.001665
0.002616
0.003092
0.002742
0.001850
0.001157
0.001199
0.001892
0.002771
0.003557
0.004218
0.004646
0.004572
0.003812
0.002552
0.001297
0.000382
-0.000358
-0.001228
-0.002119
-0.002486
-0.001920
-0.000698
0.000304
0.000341
-0.000661
-0.002147
-0.003398
-0.004038
-0.004203
-0.004312
-0.004761
-0.005513
-0.006095
-0.005905
-0.004601
-0.002607
-0.000948
-0.000276
-0.000199
0.000262
0.001622
0.003319
0.004537
0.005013
0.004895
0.004372
0.003461
0.002115
0.000670
-0.000118
0.000298
0.001583
0.002469
0.001952
0.000312
-0.001146
-0.001273
-0.000057
0.001617
0.002867
0.003234
0.002508
0.000805
-0.001207
-0.002424
-0.001968
-0.000262
0.000968
0.000129
-0.002803
-0.006271
-0.008206
-0.007317
-0.004011
-0.000263
0.001875
0.001867
0.000877
0.000572
0.001732
0.003962
0.006317
0.007874
0.007899
0.006067
0.002777
-0.000873
-0.003710
-0.005051
-0.004863
-0.003783
-0.002612
-0.001753
-0.001203
-0.000842
-0.000833
-0.001319
-0.001975
-0.002274
-0.001981
-0.001170
-0.000048
0.001172
0.002202
0.002873
0.003465
0.004402
0.005592
0.006368
0.006180
0.005006
0.003362
0.001925
0.001112
0.000956
0.001036
0.000679
-0.000402
-0.001839
-0.002914
-0.003265
-0.003148
-0.003122
-0.003856
-0.005616
-0.007761
-0.009325
-0.009805
-0.009172
-0.007770
-0.006251
-0.005343
-0.004994
-0.004056
-0.001486
0.002303
0.005860
0.008067
0.008855
0.008866
0.008699
0.008674
0.008959
0.009435
0.009639
0.009066
0.007647
0.005914
0.004361
0.002822
0.000724
-0.001984
-0.004542
-0.006062
-0.006362
-0.006296
-0.007108
-0.009082
-0.011033
-0.011524
-0.010279
-0.008076
-0.005632
-0.003268
-0.001307
-0.000172
0.000156
0.000308
0.000994
0.002538
0.004730
0.006723
0.007336
0.006121
0.003983
0.002367
0.001821
0.001615
0.000809
-0.000629
-0.002192
-0.003518
-0.004619
-0.005621
-0.006213
-0.005838
-0.004631
-0.003718
-0.004065
-0.005169
-0.005405
-0.003775
-0.000964
0.001378
0.002135
0.001539
0.000812
0.001110
0.002592
0.004594
0.006229
0.006777
0.006031
0.004561
0.003371
0.003017
0.003230
0.003318
0.002483
0.000275
-0.002869
-0.005658
-0.006717
-0.005688
-0.003581
-0.001858
-0.001332
-0.001765
-0.002469
-0.002928
-0.002692
-0.001481
0.000370
0.001736
0.001552
-0.000141
-0.002205
-0.003252
-0.002448
-0.000229
0.001921
0.002741
0.002342
0.002013
0.002888
0.004738
0.006173
0.005951
0.004049
0.001603
-0.000200
-0.000998
-0.001406
-0.002296
-0.003785
-0.005033
-0.005280
-0.004693
-0.004130
-0.004302
-0.005101
-0.005580
-0.004722
-0.002362
0.000487
0.002260
0.002043
0.000619
0.000052
0.001637
0.004341
0.005676
0.004186
0.000689
-0.002741
-0.004557
-0.004353
-0.002584
-0.000068
0.002374
0.004057
0.004793
0.005097
0.005663
0.006471
0.006639
0.005446
0.003383
0.001479
0.000054
-0.001305
-0.002834
-0.004005
-0.004201
-0.003392
-0.002058
-0.000978
-0.001102
-0.002833
-0.005203
-0.006345
-0.005101
-0.002235
0.000074
0.000209
-0.001578
-0.003566
-0.004122
-0.002972
-0.001157
0.000102
0.000127
-0.001069
-0.002673
-0.003203
-0.001633
0.001330
0.003682
0.004053
0.002738
0.001018
0.000053
0.000421
0.001820
0.002882
0.002193
-0.000224
-0.002794
-0.003877
-0.003015
-0.000894
0.001535
0.003557
0.004425
0.003477
0.001263
-0.000130
0.001122
0.004606
0.007805
0.008290
0.005723
0.001819
-0.001249
-0.002370
-0.002050
-0.002117
-0.004480
-0.009235
-0.014041
-0.015907
-0.013659
-0.008594
-0.003019
0.001343
0.003839
0.004554
0.003990
0.003024
0.002560
0.002864
0.003344
0.003028
0.001650
0.000277
0.000143
0.001049
0.001638
0.000905
-0.000842
-0.002555
-0.003495
-0.003660
-0.003336
-0.002552
-0.001092
0.001260
0.004147
0.006530
0.007506
0.006937
0.005219
0.002800
0.000097
-0.002323
-0.003823
-0.004157
-0.003809
-0.003628
-0.003927
-0.004278
-0.004070
-0.002922
-0.000807
0.001422
0.002151
0.000409
-0.002893
-0.005561
-0.006008
-0.004467
-0.002511
-0.001608
-0.001989
-0.002662
-0.002451
-0.001067
0.000651
0.001701
0.002060
0.002528
0.003523
0.004604
0.005111
0.005041
0.004932
0.004979
0.004662
0.003558
0.002074
0.000921
0.000071
-0.001241
-0.003314
-0.005310
-0.006027
-0.005062
-0.003080
-0.001279
-0.000578
-0.001003
-0.001732
-0.001658
0.000000
0.002891
0.005144
0.004759
0.001826
-0.001426
-0.002770
-0.001536
0.001131
0.003160
0.003089
0.001195
-0.000839
-0.001493
-0.000647
0.001031
0.002948
0.004400
0.004247
0.001795
-0.001878
-0.004388
-0.004386
-0.003039
-0.002528
-0.003675
-0.005525
-0.006901
-0.007413
-0.006948
-0.005335
-0.002972
-0.001048
-0.000285
-0.000011
0.000956
0.002695
0.004078
0.004111
0.003109
0.002458
0.003013
0.004065
0.004006
0.001998
-0.000772
-0.001990
-0.000762
0.001336
0.002090
0.001298
0.000902
0.002292
0.004584
0.005610
0.004448
0.002439
0.001408
0.001484
0.001209
-0.000638
-0.003911
-0.007123
-0.008339
-0.006579
-0.003063
-0.000420
-0.000220
-0.001529
-0.002098
-0.000726
0.001625
0.002585
0.000710
-0.002773
-0.005223
-0.005401
-0.004418
-0.004049
-0.004829
-0.005786
-0.005223
-0.002162
0.002262
0.005548
0.006293
0.005302
0.004332
0.004304
0.004753
0.004622
0.003282
0.000911
-0.001758
-0.003710
-0.003743
-0.001503
0.001555
0.002957
0.001456
-0.001890
-0.004782
-0.005178
-0.002710
0.000613
0.001822
-0.000026
-0.002575
-0.002693
0.000155
0.003552
0.004636
0.002638
-0.000778
-0.003109
-0.003109
-0.001530
-0.000030
0.000155
-0.001085
-0.002715
-0.003124
-0.001310
0.002227
0.005913
0.008006
0.007203
0.003402
-0.001617
-0.005054
-0.005792
-0.005563
-0.006598
-0.009010
-0.011227
-0.012017
-0.011205
-0.008830
-0.004968
-0.000358
0.003645
0.006082
0.007239
0.008218
0.009791
0.011620
0.012499
0.011406
0.008464
0.004692
0.001155
-0.001383
-0.002469
-0.002075
-0.000544
0.001458
0.002673
0.001619
-0.001718
-0.004959
-0.005226
-0.002049
0.002059
0.004077
0.003535
0.002802
0.004195
0.007134
0.008700
0.007000
0.003552
0.001553
0.002230
0.003806
0.003634
0.000556
-0.004228
-0.007715
-0.006804
-0.000938
0.006308
0.009620
0.006961
0.001465
-0.001944
-0.001116
0.001921
0.003091
0.000174
-0.004929
-0.008238
-0.007738
-0.004710
-0.001777
-0.001055
-0.003243
-0.006771
-0.008494
-0.006796
-0.003857
-0.003436
-0.006434
-0.009897
-0.010567
-0.008121
-0.004695
-0.002407
-0.001830
-0.002382
-0.003009
-0.002755
-0.001359
0.000614
0.002528
0.004078
0.004983
0.004951
0.004420
0.004427
0.004949
0.004254
0.000994
-0.003553
-0.006306
-0.005083
-0.000174
0.005930
0.009737
0.009034
0.005044
0.001344
0.000487
0.002352
0.004989
0.006184
0.004771
0.001315
-0.002488
-0.004611
-0.003711
-0.000541
0.002226
0.002451
0.000917
0.000136
0.001077
0.002394
0.002583
0.001733
0.001211
0.001965
0.003171
0.003096
0.001361
-0.000506
-0.000932
-0.000091
0.000596
-0.000220
-0.002984
-0.006894
-0.010462
-0.012580
-0.012942
-0.011976
-0.010642
-0.009809
-0.009314
-0.007772
-0.004050
0.001246
0.006293
0.009240
0.009139
0.006661
0.003994
0.003274
0.004383
0.004787
0.002216
-0.002707
-0.007111
-0.008884
-0.008329
-0.007133
-0.006348
-0.005836
-0.005118
-0.004210
-0.003431
-0.002531
-0.000561
0.002700
0.005833
0.006953
0.005922
0.004703
0.005332
0.007949
0.010670
0.011312
0.009336
0.006478
0.005085
0.005880
0.007616
0.008752
0.009036
0.009400
0.010483
0.011559
0.011777
0.011738
0.012503
0.013458
0.012617
0.009185
0.004456
-0.000247
-0.004666
-0.008103
-0.008703
-0.005781
-0.001845
-0.000571
-0.003152
-0.007437
-0.010354
-0.010019
-0.005982
0.000716
0.007272
0.010258
0.008151
0.002789
-0.002065
-0.003807
-0.002796
-0.001594
-0.002598
-0.006341
-0.011417
-0.015227
-0.015188
-0.010673
-0.003962
0.001621
0.004559
0.005917
0.007496
0.010125
0.013539
0.017026
0.019426
0.019087
0.014864
0.007783
0.000968
-0.002852
-0.003327
-0.002102
-0.001353
-0.002790
-0.006936
-0.012456
-0.016310
-0.015610
-0.010529
-0.005042
-0.003473
-0.006105
-0.009312
-0.009754
-0.007267
-0.004000
-0.001917
-0.001469
-0.001843
-0.002074
-0.001727
-0.000921
0.000282
0.001927
0.003796
0.005665
0.007650
0.009537
0.010257
0.009000
0.006303
0.003394
0.001035
-0.000256
0.000093
0.001369
0.001438
-0.000945
-0.004711
-0.007778
-0.008567
-0.006505
-0.002602
0.000343
-0.000345
-0.004426
-0.008881
-0.010919
-0.010022
-0.007612
-0.005492
-0.004435
-0.003952
-0.003086
-0.001060
0.002202
0.005560
0.007143
0.005988
0.002952
0.000116
-0.000300
0.002492
0.006536
0.008263
0.006012
0.001991
-0.000061
0.001330
0.004468
0.006434
0.005478
0.002310
-0.000663
-0.001683
-0.001011
0.000366
0.002258
0.004506
0.005794
0.004699
0.001548
-0.001690
-0.003797
-0.005681
-0.008993
-0.013861
-0.018413
-0.020345
-0.018920
-0.015604
-0.012801
-0.011811
-0.011546
-0.009347
-0.003706
0.003680
0.009189
0.010822
0.009778
0.008395
0.007856
0.008283
0.009287
0.009829
0.008664
0.005676
0.002693
0.002426
0.005903
0.010906
0.013494
0.011476
0.006246
0.001424
-0.000084
0.001898
0.005130
0.007069
0.006826
0.005333
0.003896
0.003002
0.002390
0.001709
0.000970
0.000023
-0.001962
-0.005265
-0.008189
-0.008385
-0.005730
-0.002713
-0.001763
-0.003393
-0.006437
-0.009031
-0.009668
-0.008348
-0.007107
-0.008279
-0.011910
-0.015556
-0.016746
-0.015385
-0.013775
-0.013757
-0.014185
-0.012596
-0.008750
-0.004716
-0.002055
-0.000626
0.000499
0.002135
0.004371
0.006282
0.007091
0.007159
0.007123
0.006918
0.006410
0.005939
0.005558
0.004887
0.004072
0.003959
0.004482
0.004055
0.001511
-0.002028
-0.003862
-0.002392
0.000875
0.002376
0.000005
-0.004996
-0.009630
-0.011490
-0.009807
-0.005626
-0.001666
-0.000970
-0.004231
-0.008697
-0.010496
-0.007959
-0.002937
0.000975
0.001552
-0.000760
-0.003896
-0.005451
-0.003637
0.001305
0.006281
0.007221
0.002779
-0.004186
-0.009056
-0.009404
-0.006820
-0.004726
-0.004836
-0.006307
-0.007382
-0.007089
-0.005744
-0.004338
-0.003742
-0.004379
-0.006126
-0.008256
-0.009441
-0.008294
-0.005139
-0.002723
-0.003543
-0.006439
-0.007533
-0.004924
-0.000862
0.001616
0.002286
0.002708
0.003464
0.003763
0.002881
0.000885
-0.001770
-0.004426
-0.006257
-0.006943
-0.007172
-0.007550
-0.007668
-0.007002
-0.005981
-0.005452
-0.005823
-0.006769
-0.007279
-0.006473
-0.004560
-0.002671
-0.001723
-0.001557
-0.001381
-0.000605
0.000973
0.003077
0.004919
0.005743
0.005705
0.005680
0.005980
0.005928
0.005284
0.005069
0.006014
0.007185
0.007187
0.006054
0.004802
0.003599
0.001650
-0.001525
-0.005444
-0.009106
-0.011724
-0.013332
-0.014731
-0.016462
-0.018149
-0.019178
-0.019672
-0.020180
-0.020611
-0.020175
-0.018515
-0.016186
-0.014358
-0.014444
-0.017014
-0.020429
-0.021603
-0.019170
-0.014879
-0.011405
-0.010044
-0.010866
-0.013515
-0.016774
-0.018478
-0.017112
-0.013474
-0.010304
-0.010275
-0.014046
-0.019821
-0.024606
-0.026216
-0.024833
-0.022681
-0.022155
-0.024339
-0.028709
-0.033407
-0.036017
-0.035284
-0.032405
-0.030036
-0.029728
-0.030957
-0.032513
-0.033745
-0.034577
-0.035167
-0.035847
-0.037032
-0.038732
-0.040371
-0.041505
-0.042158
-0.042527
-0.042353
-0.040963
-0.038325
-0.035688
-0.034806
-0.036399
-0.039480
-0.042094
-0.042911
-0.042285
-0.041714
-0.042389
-0.044232
-0.046340
-0.048062
-0.049221
-0.049752
-0.049870
-0.050179
-0.050901
-0.051424
-0.051091
-0.049760
-0.047593
-0.045085
-0.043022
-0.041667
-0.040654
-0.039826
-0.039572
-0.040229
-0.041491
-0.042718
-0.043533
-0.044020
-0.044462
-0.045116
-0.045968
-0.046783
-0.047214
-0.046933
-0.045799
-0.043803
-0.041401
-0.039721
-0.039860
-0.041990
-0.045075
-0.047511
-0.048457
-0.048772
-0.050106
-0.052884
-0.055602
-0.056267
-0.054036
-0.049477
-0.044173
-0.039911
-0.037294
-0.035263
-0.032273
-0.027484
-0.021214
-0.014983
-0.010369
-0.007592
-0.005723
-0.003865
-0.001907
-0.000399
-0.000143
-0.001526
-0.004148
-0.007447
-0.011124
-0.014544
-0.016574
-0.016447
-0.014773
-0.013159
-0.012621
-0.012683
-0.012045
-0.010021
-0.007664
-0.007008
-0.008728
-0.011079
-0.011390
-0.008448
-0.003633
0.000406
0.001994
0.001652
0.001383
0.002955
0.007004
0.012779
0.018328
0.021694
0.022401
0.021621
0.021045
0.021882
0.024554
0.028310
0.030944
0.029997
0.024826
0.017406
0.010929
0.007272
0.005884
0.005129
0.004193
0.003429
0.003229
0.003389
0.003813
0.004821
0.006793
0.009931
0.013882
0.017499
0.019855
0.021329
0.022842
0.024610
0.026299
0.028007
0.029704
0.029655
0.025907
0.019842
0.015679
0.015548
0.017179
0.017115
0.014351
0.010250
0.006317
0.003194
0.001035
-0.000073
-0.000214
-0.000023
-0.000347
-0.001287
-0.002019
-0.001915
-0.001362
-0.000892
0.000042
0.002682
0.007290
0.012610
0.017319
0.021244
0.025139
0.029811
0.035456
0.040676
0.042664
0.039850
0.034149
0.029713
0.028619
0.028458
0.025277
0.018344
0.010777
0.005699
0.003023
0.000162
-0.004822
-0.010966
-0.015280
-0.016167
-0.015211
-0.014781
-0.015148
-0.015210
-0.014890
-0.015107
-0.016012
-0.017009
-0.018161
-0.019974
-0.021858
-0.021963
-0.018683
-0.012442
-0.006218
-0.003496
-0.005048
-0.008081
-0.008737
-0.005119
0.001206
0.006088
0.005810
0.000552
-0.005360
-0.007039
-0.003463
0.001528
0.002579
-0.002252
-0.009885
-0.015448
-0.016505
-0.014410
-0.012259
-0.012040
-0.013933
-0.017368
-0.021619
-0.025453
-0.027437
-0.026888
-0.024269
-0.021377
-0.020745
-0.023082
-0.025459
-0.023686
-0.016104
-0.004976
0.005162
0.011197
0.013992
0.017031
0.022923
0.031604
0.040636
0.046741
0.048206
0.046234
0.043808
0.042877
0.043195
0.043675
0.043640
0.043080
0.042304
0.041460
0.040189
0.037866
0.033976
0.028355
0.021357
0.013498
0.004900
-0.004358
-0.012942
-0.018351
-0.019499
-0.018563
-0.018906
-0.021504
-0.024345
-0.024583
-0.019942
-0.009267
0.006133
0.021806
0.032998
0.038825
0.042783
0.048979
0.058033
0.066045
0.067180
0.057726
0.039264
0.018688
0.003614
-0.003877
-0.008119
-0.014393
-0.023386
-0.030889
-0.032640
-0.028646
-0.022464
-0.018111
-0.017578
-0.019737
-0.021651
-0.021282
-0.018564
-0.014373
-0.009419
-0.004045
0.001536
0.007154
0.012188
0.014886
0.013674
0.009397
0.004919
0.002787
0.004307
0.010262
0.020587
0.033062
0.044159
0.051995
0.057698
0.063380
0.068779
0.070603
0.065870
0.055145
0.041548
0.027776
0.015569
0.006913
0.002956
0.001416
-0.002512
-0.011059
-0.020971
-0.026671
-0.026056
-0.022511
-0.020752
-0.021838
-0.023695
-0.025035
-0.026293
-0.027695
-0.028896
-0.030387
-0.033578
-0.039358
-0.047039
-0.054982
-0.062368
-0.069599
-0.077081
-0.084036
-0.088822
-0.090373
-0.089079
-0.086434
-0.083781
-0.081148
-0.077543
-0.072641
-0.067094
-0.060852
-0.052697
-0.042430
-0.032197
-0.024254
-0.018258
-0.011990
-0.004537
0.002477
0.006691
0.007299
0.005815
0.004981
0.006934
0.011805
0.017770
0.022826
0.026645
0.030353
0.034954
0.040556
0.046486
0.051572
0.054690
0.055606
0.055025
0.053696
0.051742
0.049228
0.046803
0.045031
0.043223
0.040035
0.035275
0.030343
0.027085
0.026522
0.028425
0.032040
0.036989
0.043058
0.049668
0.055875
0.061045
0.065295
0.069567
0.075152
0.082435
0.090412
0.097668
0.103273
0.106604
0.107755
0.107977
0.108040
0.106835
0.102743
0.095431
0.085912
0.076236
0.068953
0.064987
0.061915
0.056300
0.047669
0.038375
0.030185
0.022816
0.015198
0.007265
-0.000060
-0.006051
-0.010794
-0.014410
-0.016087
-0.014408
-0.009301
-0.003078
0.001925
0.005695
0.009563
0.014589
0.021366
0.029272
0.035759
0.038121
0.036152
0.032687
0.032039
0.037066
0.046544
0.055888
0.060649
0.059399
0.054331
0.049701
0.048598
0.049924
0.049287
0.043960
0.035933
0.029571
0.027396
0.028680
0.031277
0.034454
0.039985
0.050123
0.063980
0.077074
0.085596
0.089274
0.089155
0.085422
0.078991
0.073151
0.072115
0.078132
0.089588
0.101447
0.108160
0.107305
0.100346
0.090291
0.079396
0.068532
0.057769
0.046985
0.035605
0.022775
0.008936
-0.003281
-0.010681
-0.012241
-0.010215
-0.008733
-0.011300
-0.018565
-0.027927
-0.036226
-0.042537
-0.047608
-0.051667
-0.054099
-0.054417
-0.052562
-0.048878
-0.044430
-0.040648
-0.037938
-0.034885
-0.029487
-0.021323
-0.011231
0.000633
0.014302
0.028370
0.041126
0.052614
0.063664
0.073633
0.081238
0.086268
0.088488
0.086658
0.080588
0.072971
0.067869
0.067502
0.070389
0.072295
0.069295
0.060148
0.046284
0.031102
0.018687
0.010740
0.005051
-0.000898
-0.006361
-0.009920
-0.013207
-0.019170
-0.028082
-0.037272
-0.043398
-0.044415
-0.040243
-0.032148
-0.022258
-0.013094
-0.006024
-0.000172
0.006183
0.013660
0.021860
0.030319
0.038751
0.046415
0.052238
0.056400
0.060565
0.065405
0.069168
0.069838
0.067303
0.062141
0.054190
0.044028
0.034602
0.028889
0.026877
0.026508
0.025710
0.022327
0.014411
0.002835
-0.007599
-0.011418
-0.007184
0.000846
0.005978
0.005183
0.001540
-0.000266
0.000439
0.000526
-0.001996
-0.005488
-0.006688
-0.003589
0.003655
0.012766
0.020090
0.023126
0.022858
0.023030
0.027048
0.034738
0.041469
0.041943
0.035760
0.028128
0.024216
0.024155
0.024967
0.025394
0.026817
0.030748
0.037169
0.044668
0.051545
0.056851
0.060590
0.063269
0.065474
0.067615
0.069237
0.068773
0.065034
0.059264
0.054981
0.054923
0.057797
0.059474
0.058057
0.056053
0.056152
0.056995
0.054946
0.048944
0.041979
0.038096
0.039059
0.043454
0.048344
0.051497
0.052570
0.052885
0.054150
0.056854
0.059499
0.059358
0.054630
0.045933
0.035855
0.026934
0.019913
0.013357
0.004949
-0.005707
-0.015814
-0.022040
-0.024012
-0.024302
-0.025600
-0.028722
-0.032762
-0.036085
-0.037234
-0.035955
-0.033808
-0.032695
-0.032053
-0.028757
-0.020476
-0.008033
0.005608
0.017708
0.027347
0.035920
0.046362
0.059960
0.073567
0.081894
0.082614
0.078239
0.073318
0.071060
0.072343
0.076010
0.079815
0.081758
0.080670
0.075810
0.066748
0.054805
0.043907
0.037859
0.036106
0.034002
0.027944
0.018831
0.010379
0.005671
0.005681
0.008708
0.010420
0.007140
-0.000331
-0.007266
-0.009026
-0.004241
0.004406
0.011944
0.014593
0.012034
0.006260
-0.000577
-0.006547
-0.009968
-0.010408
-0.008803
-0.006154
-0.002701
0.001391
0.005063
0.006587
0.004920
0.000910
-0.003531
-0.007624
-0.011829
-0.015244
-0.014652
-0.007350
0.005543
0.018834
0.026802
0.027398
0.023017
0.017452
0.012430
0.007219
0.000649
-0.007183
-0.014819
-0.020281
-0.021784
-0.018898
-0.013939
-0.011459
-0.014979
-0.023923
-0.034147
-0.041423
-0.044454
-0.044938
-0.045336
-0.046455
-0.047067
-0.045596
-0.041676
-0.035993
-0.029039
-0.020899
-0.012036
-0.003479
0.004024
0.010604
0.016593
0.021510
0.024093
0.023646
0.021559
0.021570
0.027434
0.038930
0.050800
0.057001
0.055700
0.049715
0.042976
0.037524
0.032969
0.027251
0.018278
0.006087
-0.006857
-0.017653
-0.024030
-0.024713
-0.020824
-0.016300
-0.014646
-0.015484
-0.016175
-0.016055
-0.016464
-0.017172
-0.015750
-0.010592
-0.002875
0.004682
0.010045
0.012519
0.012649
0.011939
0.011726
0.012146
0.013230
0.015902
0.020300
0.024697
0.027591
0.029648
0.032040
0.033993
0.033924
0.032056
0.030069
0.028687
0.027130
0.024903
0.023163
0.023780
0.027348
0.032391
0.036409
0.038072
0.038540
0.040584
0.046011
0.054037
0.062747
0.071354
0.079961
0.088061
0.094617
0.099542
0.103615
0.106112
0.103758
0.093584
0.076790
0.058825
0.045452
0.038573
0.035243
0.030921
0.023821
0.016066
0.010641
0.008064
0.006553
0.004409
0.000965
-0.003570
-0.008106
-0.011403
-0.013232
-0.013820
-0.012758
-0.010090
-0.007672
-0.008200
-0.012585
-0.019676
-0.029018
-0.041266
-0.055006
-0.065802
-0.070126
-0.068637
-0.064556
-0.060496
-0.057646
-0.055785
-0.053381
-0.049246
-0.044101
-0.039603
-0.036241
-0.033370
-0.030745
-0.028613
-0.026471
-0.022998
-0.017516
-0.010798
-0.004327
0.000770
0.003951
0.005164
0.004881
0.004296
0.004769
0.006574
0.008732
0.010176
0.009973
0.007068
0.001888
-0.002521
-0.003509
-0.002066
-0.001174
-0.002858
-0.008197
-0.017493
-0.028873
-0.039171
-0.046782
-0.052279
-0.056350
-0.058453
-0.057917
-0.055465
-0.052650
-0.050331
-0.048555
-0.047235
-0.046127
-0.044828
-0.043187
-0.041571
-0.040684
-0.040762
-0.040992
-0.039774
-0.035856
-0.029239
-0.021258
-0.014551
-0.012088
-0.014859
-0.020208
-0.023247
-0.020834
-0.013937
-0.005718
0.001435
0.006560
0.009928
0.013296
0.018777
0.026508
0.033918
0.037751
0.036123
0.029191
0.019597
0.011648
0.008461
0.010109
0.014342
0.018630
0.021791
0.023794
0.024328
0.022562
0.018486
0.013488
0.009091
0.005497
0.001665
-0.003389
-0.009639
-0.016269
-0.022615
-0.028896
-0.035576
-0.042174
-0.048083
-0.054452
-0.063117
-0.073918
-0.085178
-0.095695
-0.104283
-0.108775
-0.107706
-0.101775
-0.092826
-0.082566
-0.072602
-0.063809
-0.054519
-0.041213
-0.022787
-0.002731
0.014071
0.025085
0.030086
0.029861
0.026351
0.021710
0.015676
0.005970
-0.007167
-0.019249
-0.026443
-0.029747
-0.032253
-0.034199
-0.032860
-0.026425
-0.016309
-0.005466
0.004615
0.013742
0.020979
0.024391
0.023078
0.018466
0.012949
0.007983
0.003560
-0.001147
-0.006016
-0.009916
-0.013885
-0.022741
-0.040670
-0.065105
-0.087739
-0.103060
-0.113217
-0.123171
-0.133744
-0.141166
-0.142146
-0.137628
-0.130573
-0.121339
-0.108132
-0.092733
-0.082014
-0.080291
-0.082840
-0.079984
-0.066030
-0.043247
-0.019523
-0.002809
0.004229
0.005309
0.006174
0.009305
0.013422
0.016637
0.017993
0.017014
0.014042
0.010659
0.007916
0.004123
-0.004498
-0.020095
-0.040407
-0.060572
-0.077482
-0.091486
-0.104066
-0.115722
-0.126692
-0.137229
-0.145969
-0.149900
-0.147167
-0.138627
-0.126610
-0.113207
-0.099480
-0.085968
-0.073267
-0.061478
-0.050514
-0.041227
-0.034576
-0.030160
-0.026924
-0.024271
-0.021879
-0.019563
-0.017853
-0.018052
-0.021125
-0.026218
-0.031007
-0.034273
-0.036559
-0.038012
-0.038109
-0.037577
-0.038157
-0.039496
-0.038469
-0.033467
-0.027553
-0.025188
-0.027632
-0.032819
-0.037752
-0.039915
-0.038138
-0.033985
-0.031195
-0.032044
-0.034783
-0.035504
-0.032219
-0.026344
-0.021012
-0.018260
-0.018035
-0.019401
-0.021772
-0.024680
-0.027459
-0.029887
-0.032516
-0.035728
-0.039138
-0.042264
-0.045168
-0.048541
-0.053243
-0.058664
-0.062080
-0.061681
-0.059933
-0.061671
-0.068663
-0.077928
-0.085522
-0.090072
-0.092201
-0.092662
-0.092034
-0.090588
-0.087847
-0.083358
-0.077648
-0.071328
-0.064331
-0.056537
-0.048028
-0.038846
-0.029582
-0.021739
-0.016507
-0.014014
-0.013995
-0.015725
-0.017277
-0.016364
-0.012633
-0.008419
-0.006820
-0.009253
-0.014666
-0.021104
-0.027678
-0.033899
-0.038124
-0.038894
-0.036804
-0.033114
-0.028076
-0.022113
-0.016768
-0.013291
-0.011365
-0.009918
-0.008396
-0.006790
-0.004599
-0.000764
0.005213
0.013073
0.022176
0.031194
0.037975
0.040443
0.037608
0.029409
0.016699
0.002352
-0.009169
-0.015109
-0.016850
-0.017661
-0.018801
-0.019252
-0.018534
-0.017547
-0.017231
-0.018379
-0.021605
-0.025967
-0.029234
-0.030960
-0.033631
-0.038927
-0.044265
-0.044686
-0.036940
-0.022121
-0.006191
0.003033
0.002063
-0.005328
-0.012252
-0.014877
-0.014528
-0.014892
-0.017810
-0.021829
-0.024143
-0.023075
-0.018455
-0.011039
-0.002886
0.002602
0.002390
-0.003963
-0.013293
-0.020482
-0.022247
-0.019324
-0.014474
-0.009323
-0.003799
0.002371
0.008877
0.014916
0.019013
0.020045
0.019242
0.019642
0.022518
0.025781
0.026817
0.025340
0.023322
0.023257
0.026596
0.032759
0.038894
0.041073
0.036858
0.027356
0.016966
0.010859
0.010830
0.013184
0.012712
0.008644
0.004734
0.004082
0.006137
0.008460
0.009127
0.007371
0.003929
0.001216
0.001579
0.005068
0.009587
0.013355
0.015975
0.017286
0.017666
0.019032
0.023119
0.028708
0.032841
0.034430
0.034493
0.033665
0.031884
0.029712
0.027834
0.025733
0.022310
0.017278
0.011285
0.005199
-0.000561
-0.006382
-0.013100
-0.021053
-0.029812
-0.038772
-0.047245
-0.053897
-0.056726
-0.054493
-0.047515
-0.036727
-0.023059
-0.008348
0.004506
0.013623
0.019504
0.023699
0.027473
0.031966
0.038102
0.045737
0.053376
0.059457
0.063505
0.065725
0.066203
0.065157
0.063129
0.060204
0.055238
0.046447
0.033495
0.018638
0.005335
-0.003957
-0.008943
-0.011152
-0.012907
-0.016193
-0.021403
-0.026763
-0.030126
-0.031608
-0.033540
-0.037777
-0.044131
-0.050939
-0.056221
-0.058114
-0.055049
-0.046398
-0.032727
-0.016289
-0.000690
0.011544
0.020056
0.024612
0.024123
0.019131
0.013003
0.009525
0.010073
0.013288
0.016867
0.018979
0.018954
0.017578
0.016657
0.017261
0.018645
0.019621
0.019491
0.017070
0.010660
0.000803
-0.007604
-0.007947
0.002414
0.020022
0.038500
0.052233
0.057674
0.053817
0.042850
0.029584
0.018999
0.013396
0.011477
0.010343
0.008402
0.006353
0.005740
0.006706
0.007380
0.005714
0.001724
-0.002193
-0.003626
-0.002876
-0.002701
-0.004957
-0.008168
-0.008912
-0.005221
0.001860
0.008997
0.012403
0.009945
0.002632
-0.006070
-0.012848
-0.015903
-0.014350
-0.008075
0.000978
0.008980
0.013247
0.014477
0.014792
0.014716
0.013294
0.010061
0.005596
0.000868
-0.002514
-0.002403
0.002316
0.010185
0.017426
0.020102
0.016575
0.008910
0.001567
-0.002332
-0.003188
-0.003208
-0.003406
-0.003134
-0.001999
-0.000844
-0.000444
-0.000364
-0.000051
-0.000510
-0.003316
-0.008135
-0.012628
-0.015192
-0.016357
-0.016938
-0.016478
-0.014181
-0.010200
-0.005562
-0.001680
0.000524
0.001903
0.004105
0.006800
0.007435
0.004449
-0.000818
-0.005786
-0.008712
-0.009855
-0.011639
-0.017046
-0.026881
-0.038226
-0.046184
-0.047805
-0.044174
-0.038619
-0.033936
-0.031153
-0.029389
-0.026423
-0.020171
-0.010473
0.000687
0.010909
0.019034
0.025626
0.031902
0.038331
0.044367
0.049188
0.051938
0.051772
0.048761
0.044155
0.038936
0.032988
0.026339
0.019839
0.014186
0.009434
0.005847
0.004088
0.004168
0.004849
0.004584
0.002783
-0.000165
-0.004190
-0.010305
-0.019055
-0.028446
-0.034628
-0.034799
-0.028966
-0.019383
-0.009210
-0.001522
0.001969
0.001699
-0.000230
-0.000945
0.001844
0.007987
0.014475
0.017745
0.016215
0.010435
0.002522
-0.003566
-0.003683
0.002770
0.011501
0.017097
0.017785
0.015696
0.013273
0.010975
0.007891
0.003282
-0.002417
-0.007507
-0.009434
-0.006154
0.002084
0.012590
0.022045
0.028497
0.031552
0.031643
0.029766
0.027153
0.024508
0.021578
0.017962
0.014208
0.011812
0.012089
0.014988
0.018864
0.021351
0.020697
0.016775
0.011002
0.005178
0.000483
-0.002671
-0.004611
-0.006571
-0.010110
-0.015448
-0.020979
-0.025068
-0.027814
-0.030545
-0.034193
-0.038159
-0.040689
-0.040500
-0.037985
-0.034958
-0.033034
-0.032487
-0.032530
-0.031773
-0.028630
-0.022405
-0.014363
-0.007323
-0.003443
-0.002173
-0.000702
0.003369
0.009768
0.015929
0.019688
0.021065
0.021348
0.021761
0.023319
0.026764
0.031305
0.034221
0.033309
0.029450
0.025895
0.025018
0.026192
0.026564
0.023665
0.017575
0.010594
0.004770
0.000400
-0.002508
-0.003084
-0.001464
-0.000017
-0.000732
-0.002560
-0.003291
-0.003076
-0.004098
-0.007675
-0.012799
-0.016932
-0.017812
-0.015478
-0.012321
-0.010475
-0.009800
-0.009081
-0.008301
-0.008359
-0.008975
-0.008479
-0.005468
-0.000304
0.005157
0.009625
0.013506
0.017855
0.022798
0.027078
0.028681
0.026307
0.020892
0.015548
0.013026
0.013159
0.013317
0.010995
0.005749
-0.000452
-0.004616
-0.005509
-0.005347
-0.007593
-0.013221
-0.020104
-0.025281
-0.026798
-0.024452
-0.020226
-0.017417
-0.017843
-0.020192
-0.021324
-0.018958
-0.013431
-0.007479
-0.003962
-0.003613
-0.005348
-0.007639
-0.009056
-0.008288
-0.004721
0.000751
0.006137
0.009762
0.011211
0.011065
0.009678
0.006387
0.000363
-0.007803
-0.016410
-0.024445
-0.032002
-0.038568
-0.042398
-0.041973
-0.037567
-0.031494
-0.026650
-0.024102
-0.022273
-0.019106
-0.013988
-0.007449
-0.000583
0.004990
0.008116
0.009788
0.012444
0.016904
0.021565
0.024658
0.025219
0.021818
0.012812
-0.000660
-0.013753
-0.021344
-0.021533
-0.016161
-0.009689
-0.006827
-0.008965
-0.012777
-0.013722
-0.010611
-0.005473
-0.000541
0.002677
0.002843
-0.000345
-0.005060
-0.008221
-0.007789
-0.004902
-0.003361
-0.006141
-0.012539
-0.018798
-0.021580
-0.020234
-0.016001
-0.010816
-0.006946
-0.005949
-0.007299
-0.008931
-0.009477
-0.009283
-0.009439
-0.010956
-0.014416
-0.019261
-0.023650
-0.026014
-0.026270
-0.025466
-0.024685
-0.024445
-0.024820
-0.025414
-0.025153
-0.022508
-0.016670
-0.008499
0.000262
0.008190
0.014151
0.017220
0.017585
0.016433
0.014002
0.009012
0.000818
-0.009028
-0.018161
-0.025527
-0.031594
-0.037006
-0.041733
-0.044884
-0.045481
-0.043400
-0.039271
-0.033998
-0.028643
-0.024185
-0.020680
-0.017028
-0.011945
-0.005152
0.002441
0.009658
0.015485
0.018658
0.018314
0.015172
0.010949
0.006597
0.002095
-0.002200
-0.005626
-0.008552
-0.011869
-0.015146
-0.016659
-0.015069
-0.010775
-0.005986
-0.003304
-0.003878
-0.006686
-0.009555
-0.010776
-0.009773
-0.007093
-0.003907
-0.001362
0.000054
0.000793
0.001929
0.004257
0.007334
0.009663
0.010146
0.009117
0.007888
0.007312
0.007049
0.006083
0.003674
-0.000009
-0.004112
-0.007538
-0.009376
-0.009536
-0.009188
-0.010088
-0.012947
-0.016407
-0.018253
-0.017495
-0.014626
-0.010601
-0.006083
-0.001301
0.003392
0.007217
0.009652
0.011392
0.013818
0.017524
0.021591
0.024496
0.025556
0.025175
0.024088
0.022887
0.022126
0.021741
0.020444
0.016880
0.011405
0.006053
0.002640
0.001188
0.000141
-0.001997
-0.005273
-0.008530
-0.010789
-0.011737
-0.011270
-0.009728
-0.008208
-0.007356
-0.006304
-0.003787
0.000099
0.004123
0.007483
0.010050
0.011618
0.012260
0.012627
0.013528
0.015403
0.018239
0.021448
0.023937
0.024654
0.023394
0.021100
0.019351
0.019288
0.020729
0.022065
0.021339
0.017968
0.013408
0.010155
0.009836
0.012091
0.015286
0.017743
0.018239
0.016483
0.013443
0.010709
0.009381
0.009405
0.009797
0.009269
0.007495
0.006044
0.006812
0.009891
0.013695
0.016440
0.017180
0.016399
0.015711
0.016443
0.018270
0.019804
0.020361
0.020216
0.019611
0.018593
0.017523
0.017002
0.017262
0.017911
0.018267
0.017785
0.016598
0.015734
0.016247
0.017862
0.019025
0.018559
0.016805
0.014741
0.012878
0.011289
0.009969
0.008581
0.006558
0.003973
0.001577
0.000054
-0.000730
-0.001473
-0.002423
-0.002750
-0.001350
0.001880
0.006178
0.010755
0.014827
0.017744
0.019637
0.021259
0.022962
0.024436
0.025303
0.025176
0.023573
0.020433
0.016480
0.012831
0.010243
0.008812
0.007937
0.006365
0.003136
-0.001128
-0.004539
-0.005654
-0.004378
-0.001649
0.001258
0.003267
0.003843
0.003499
0.003725
0.005623
0.008647
0.010964
0.011476
0.011041
0.011444
0.013107
0.014397
0.013578
0.010464
0.006288
0.002716
0.000861
0.000515
0.000023
-0.002298
-0.006724
-0.012302
-0.017693
-0.021750
-0.024200
-0.025646
-0.026524
-0.026672
-0.025942
-0.024304
-0.021729
-0.018575
-0.015369
-0.011650
-0.005769
0.003136
0.013711
0.023440
0.030366
0.034185
0.036291
0.038509
0.041325
0.043613
0.044128
0.042825
0.040334
0.036946
0.032966
0.028992
0.025221
0.021201
0.016479
0.011233
0.006508
0.003431
0.002200
0.002123
0.002414
0.002658
0.002781
0.002990
0.003571
0.004440
0.004847
0.004220
0.002949
0.001984
0.002030
0.002978
0.003961
0.004015
0.003028
0.002171
0.002753
0.004607
0.006050
0.005249
0.001937
-0.002188
-0.005098
-0.006125
-0.006119
-0.006471
-0.008064
-0.010592
-0.012724
-0.013086
-0.011197
-0.007546
-0.003409
-0.000524
0.000231
-0.000118
0.000741
0.004510
0.010868
0.017449
0.021510
0.021999
0.019990
0.017247
0.014506
0.011426
0.007700
0.003831
0.000486
-0.002376
-0.005037
-0.007502
-0.009751
-0.011797
-0.013447
-0.014195
-0.013545
-0.011681
-0.009581
-0.008274
-0.007466
-0.005554
-0.001461
0.004346
0.010525
0.015725
0.019123
0.020773
0.021480
0.022049
0.023067
0.024835
0.026883
0.027982
0.027090
0.024589
0.022514
0.022814
0.025187
0.026986
0.025564
0.020438
0.012994
0.004732
-0.003821
-0.013175
-0.023677
-0.034126
-0.042055
-0.046050
-0.046964
-0.046137
-0.043930
-0.040699
-0.037374
-0.034077
-0.029531
-0.022834
-0.014461
-0.005410
0.003431
0.011223
0.017807
0.024207
0.031548
0.039127
0.044687
0.046574
0.044782
0.040279
0.034231
0.027621
0.020834
0.013729
0.006098
-0.001850
-0.009571
-0.016506
-0.022150
-0.026027
-0.027755
-0.027574
-0.026326
-0.024720
-0.023026
-0.021503
-0.020445
-0.019294
-0.016970
-0.013267
-0.008820
-0.003925
0.001397
0.006730
0.011306
0.014549
0.016491
0.017748
0.019155
0.021010
0.022649
0.022891
0.020882
0.016849
0.012153
0.008659
0.007476
0.007767
0.007035
0.003049
-0.003903
-0.010837
-0.014572
-0.014339
-0.011744
-0.008927
-0.007279
-0.006995
-0.007047
-0.005989
-0.003027
0.001522
0.006618
0.011169
0.014221
0.015188
0.014063
0.011739
0.009721
0.008728
0.007748
0.004968
-0.000130
-0.006138
-0.011299
-0.014824
-0.016507
-0.015976
-0.013323
-0.009932
-0.007688
-0.007201
-0.007180
-0.005824
-0.002398
0.002352
0.007014
0.010650
0.013131
0.014774
0.015908
0.016983
0.018525
0.020309
0.021203
0.019979
0.016325
0.011280
0.006628
0.003821
0.003040
0.003063
0.002207
-0.000376
-0.004518
-0.009270
-0.013263
-0.015510
-0.016047
-0.015582
-0.014899
-0.014713
-0.015256
-0.015744
-0.014687
-0.011477
-0.006955
-0.002266
0.001966
0.005460
0.007984
0.009584
0.010707
0.011775
0.012892
0.014133
0.015488
0.016366
0.016221
0.015274
0.014345
0.013851
0.013342
0.012168
0.009971
0.006570
0.001960
-0.003522
-0.009321
-0.014750
-0.018870
-0.020700
-0.020038
-0.017979
-0.015968
-0.014461
-0.013058
-0.011549
-0.009947
-0.007919
-0.005098
-0.001596
0.002208
0.006150
0.010270
0.014499
0.018442
0.021157
0.021709
0.020423
0.018926
0.018351
0.018006
0.016599
0.014143
0.011763
0.009999
0.008173
0.005385
0.001818
-0.001160
-0.002500
-0.002333
-0.001420
-0.000766
-0.001355
-0.003328
-0.005724
-0.007476
-0.008370
-0.008936
-0.009661
-0.010697
-0.011959
-0.012949
-0.012714
-0.010703
-0.007724
-0.005499
-0.005143
-0.006095
-0.006630
-0.005394
-0.002333
0.001534
0.004558
0.005516
0.005005
0.004919
0.006239
0.008072
0.008967
0.008258
0.006135
0.003167
-0.000159
-0.003494
-0.006475
-0.008646
-0.009624
-0.009408
-0.008457
-0.007459
-0.006826
-0.006718
-0.007327
-0.008597
-0.009565
-0.009015
-0.006930
-0.004550
-0.002832
-0.001518
0.000094
0.002209
0.004639
0.006979
0.008321
0.007843
0.006011
0.004455
0.004323
0.005598
0.007694
0.009864
0.011469
0.012290
0.012645
0.013016
0.013636
0.014469
0.015245
0.015495
0.014905
0.013686
0.012365
0.011043
0.009345
0.007137
0.004805
0.002849
0.001288
-0.000439
-0.002781
-0.005491
-0.007903
-0.009728
-0.011098
-0.011966
-0.012096
-0.011452
-0.010128
-0.008019
-0.005251
-0.002880
-0.002057
-0.002549
-0.002774
-0.001253
0.002235
0.006570
0.009949
0.011024
0.009744
0.007408
0.005847
0.006271
0.008353
0.010575
0.011440
0.010417
0.008169
0.005712
0.003782
0.002723
0.002268
0.001530
-0.000574
-0.004155
-0.007811
-0.009710
-0.009123
-0.006831
-0.004336
-0.002713
-0.002151
-0.002221
-0.002517
-0.002688
-0.002179
-0.000394
0.002917
0.007207
0.011209
0.013791
0.014646
0.014186
0.013119
0.011982
0.010890
0.009602
0.007799
0.005517
0.003449
0.002465
0.002416
0.002029
0.000296
-0.002512
-0.005243
-0.007002
-0.007571
-0.007104
-0.006154
-0.005580
-0.005969
-0.007024
-0.007741
-0.007084
-0.004733
-0.001533
0.000886
0.001316
0.000037
-0.001303
-0.000922
0.001979
0.006881
0.012290
0.016484
0.018281
0.017738
0.016358
0.016006
0.017243
0.018970
0.019656
0.018742
0.017320
0.017324
0.019590
0.022977
0.025480
0.026058
0.025149
0.023731
0.022335
0.021000
0.019777
0.018810
0.018175
0.017751
0.016923
0.014808
0.011187
0.006785
0.002575
-0.001039
-0.004347
-0.007786
-0.011352
-0.014659
-0.017348
-0.019353
-0.020897
-0.022223
-0.023260
-0.023647
-0.023315
-0.022564
-0.021314
-0.018982
-0.015319
-0.010831
-0.006437
-0.002766
0.000076
0.002286
0.004226
0.006234
0.008143
0.009187
0.008961
0.008209
0.008271
0.009542
0.011067
0.011595
0.010604
0.008592
0.006625
0.005540
0.005342
0.005305
0.004572
0.002883
0.000827
-0.000678
-0.001207
-0.001089
-0.000734
-0.000189
0.000511
0.000948
0.000739
0.000101
-0.000296
0.000080
0.001514
0.003867
0.006350
0.008031
0.008784
0.009259
0.010039
0.011151
0.012075
0.011836
0.009800
0.006704
0.004224
0.003382
0.004118
0.006023
0.008737
0.012009
0.015580
0.019004
0.021642
0.022888
0.022590
0.021294
0.019795
0.018724
0.018375
0.018588
0.018758
0.018137
0.016381
0.014096
0.012350
0.011440
0.010530
0.008577
0.005576
0.002514
0.000366
-0.000312
0.000626
0.002790
0.005215
0.006930
0.007519
0.007279
0.006964
0.007040
0.007276
0.006966
0.005730
0.003840
0.001871
0.000561
0.000558
0.001783
0.003153
0.003403
0.002428
0.001384
0.001495
0.002948
0.004759
0.005739
0.005581
0.004884
0.004409
0.004495
0.004957
0.005352
0.005255
0.004544
0.003825
0.004036
0.005585
0.008001
0.010548
0.012882
0.015147
0.017470
0.019561
0.021157
0.022487
0.024041
0.025856
0.027372
0.027932
0.027206
0.025344
0.023031
0.021102
0.019753
0.018125
0.015035
0.010302
0.005009
0.000828
-0.000852
0.000263
0.003102
0.006135
0.008436
0.009832
0.010707
0.011737
0.013364
0.015391
0.017081
0.017881
0.017558
0.015962
0.013111
0.009305
0.004970
0.000892
-0.001906
-0.003051
-0.003284
-0.003594
-0.004029
-0.004058
-0.003673
-0.003423
-0.003750
-0.004616
-0.005700
-0.006708
-0.007325
-0.007253
-0.006285
-0.004549
-0.002596
-0.001112
-0.000317
0.000123
0.000618
0.001387
0.002682
0.004796
0.007524
0.009992
0.011404
0.011706
0.011538
0.011591
0.011998
0.012336
0.011951
0.010445
0.008180
0.005968
0.004333
0.003096
0.001684
-0.000184
-0.002249
-0.004050
-0.005332
-0.006344
-0.007653
-0.009498
-0.011365
-0.012223
-0.011225
-0.008386
-0.004688
-0.001491
0.000442
0.001531
0.002740
0.004646
0.007146
0.010018
0.013152
0.016238
0.018726
0.020075
0.020031
0.018755
0.016895
0.015302
0.014443
0.013970
0.013110
0.011377
0.008691
0.005289
0.001675
-0.001560
-0.004045
-0.005675
-0.006546
-0.007008
-0.007502
-0.008132
-0.008568
-0.008634
-0.008392
-0.007582
-0.005919
-0.003965
-0.002903
-0.003210
-0.004307
-0.005170
-0.004954
-0.003377
-0.000852
0.001575
0.002737
0.002260
0.000745
-0.000703
-0.000987
0.000314
0.002494
0.004371
0.005274
0.005310
0.004904
0.004414
0.004020
0.003543
0.002776
0.001964
0.001654
0.002026
0.002633
0.002946
0.003064
0.003712
0.005375
0.007838
0.010164
0.011094
0.009959
0.007544
0.005640
0.005416
0.006473
0.007575
0.007878
0.007131
0.005446
0.003305
0.001354
-0.000183
-0.001582
-0.002941
-0.003948
-0.004401
-0.004484
-0.004509
-0.004505
-0.004502
-0.004835
-0.005992
-0.008115
-0.010734
-0.012912
-0.013710
-0.012855
-0.011119
-0.009723
-0.009047
-0.008481
-0.007531
-0.006512
-0.006101
-0.006387
-0.006781
-0.006413
-0.004621
-0.001352
0.002774
0.006798
0.009842
0.011350
0.011392
0.010754
0.010235
0.009707
0.008557
0.006650
0.004440
0.002458
0.001284
0.001504
0.002983
0.004308
0.003734
0.000669
-0.003958
-0.008403
-0.011195
-0.011891
-0.011212
-0.010409
-0.010335
-0.010998
-0.011800
-0.011858
-0.010461
-0.007691
-0.004428
-0.001914
-0.000917
-0.001247
-0.001889
-0.001389
0.001261
0.005652
0.009939
0.011879
0.010403
0.006408
0.001920
-0.001390
-0.002988
-0.003285
-0.003036
-0.002890
-0.003431
-0.004991
-0.007157
-0.008908
-0.009549
-0.009151
-0.008226
-0.007332
-0.006919
-0.006952
-0.006865
-0.005894
-0.003728
-0.000833
0.001943
0.003691
0.003604
0.001542
-0.001699
-0.004918
-0.007107
-0.007619
-0.006466
-0.004529
-0.003045
-0.002726
-0.003356
-0.004171
-0.004597
-0.004690
-0.004826
-0.005176
-0.005664
-0.006200
-0.006800
-0.007601
-0.008694
-0.009855
-0.010703
-0.011068
-0.010987
-0.010389
-0.009154
-0.007421
-0.005393
-0.003204
-0.001141
0.000394
0.001245
0.001845
0.002707
0.003902
0.005052
0.005503
0.004798
0.003022
0.000837
-0.000810
-0.001046
0.000373
0.002760
0.004945
0.005860
0.005071
0.003030
0.000750
-0.000867
-0.001682
-0.002243
-0.003117
-0.004535
-0.006180
-0.007226
-0.007223
-0.006606
-0.006316
-0.007091
-0.009123
-0.012007
-0.014843
-0.016516
-0.016228
-0.013929
-0.010520
-0.007286
-0.004978
-0.003665
-0.003158
-0.003138
-0.003055
-0.002221
-0.000300
0.002001
0.003415
0.003324
0.002557
0.002692
0.004588
0.007489
0.009460
0.008953
0.005973
0.001802
-0.001909
-0.004215
-0.005283
-0.006039
-0.007450
-0.009844
-0.012564
-0.014391
-0.014539
-0.013222
-0.011198
-0.009047
-0.006824
-0.004332
-0.001464
0.001647
0.004600
0.006689
0.007518
0.007457
0.007292
0.007758
0.009015
0.010287
0.010407
0.008971
0.006597
0.004171
0.002135
0.000493
-0.000906
-0.002461
-0.003993
-0.005119
-0.005652
-0.005912
-0.006191
-0.006430
-0.006552
-0.006503
-0.006041
-0.005093
-0.004077
-0.003426
-0.003189
-0.003121
-0.002926
-0.002455
-0.001945
-0.001894
-0.002472
-0.003204
-0.003507
-0.003259
-0.002565
-0.001451
-0.000008
0.001309
0.001863
0.001413
0.000288
-0.000895
-0.001500
-0.000935
0.000906
0.003039
0.003978
0.003014
0.000598
-0.002151
-0.004167
-0.005165
-0.005750
-0.006820
-0.008871
-0.011754
-0.014876
-0.017560
-0.019329
-0.020065
-0.020067
-0.019669
-0.018897
-0.017525
-0.015403
-0.012876
-0.010645
-0.009115
-0.008098
-0.007005
-0.005412
-0.003474
-0.001719
-0.000409
0.000663
0.001654
0.002640
0.003883
0.005489
0.007086
0.007883
0.007402
0.005980
0.004645
0.004528
0.005934
0.007897
0.008929
0.008268
0.006505
0.004954
0.004312
0.004166
0.003549
0.001871
-0.000580
-0.002995
-0.004649
-0.005365
-0.005463
-0.005465
-0.005831
-0.006655
-0.007638
-0.008270
-0.008206
-0.007564
-0.006618
-0.005593
-0.004854
-0.004858
-0.005586
-0.006191
-0.005656
-0.003953
-0.002181
-0.001730
-0.003083
-0.005308
-0.006774
-0.006411
-0.004303
-0.001422
0.000847
0.001426
0.000308
-0.001389
-0.002419
-0.002523
-0.002271
-0.002385
-0.003240
-0.004687
-0.006207
-0.007156
-0.007210
-0.006482
-0.005432
-0.004531
-0.003927
-0.003586
-0.003520
-0.003745
-0.004149
-0.004376
-0.003986
-0.002807
-0.001024
0.000922
0.002388
0.002607
0.001224
-0.001199
-0.003498
-0.004750
-0.004899
-0.004520
-0.004132
-0.003985
-0.004190
-0.004720
-0.005349
-0.005679
-0.005161
-0.003586
-0.001637
-0.000546
-0.001028
-0.002745
-0.004675
-0.005890
-0.006019
-0.005334
-0.004662
-0.004851
-0.006140
-0.008006
-0.009695
-0.010769
-0.010877
-0.009921
-0.008545
-0.007720
-0.007787
-0.008103
-0.007714
-0.006140
-0.003696
-0.001364
-0.000092
-0.000123
-0.000833
-0.001376
-0.001413
-0.001198
-0.001104
-0.001265
-0.001586
-0.001938
-0.002424
-0.003191
-0.004176
-0.005060
-0.005458
-0.005400
-0.005412
-0.005979
-0.007086
-0.008362
-0.009421
-0.010139
-0.010679
-0.011305
-0.012187
-0.013304
-0.014501
-0.015555
-0.016246
-0.016485
-0.016321
-0.015855
-0.015143
-0.014280
-0.013400
-0.012548
-0.011700
-0.010734
-0.009507
-0.008049
-0.006563
-0.005223
-0.004032
-0.002970
-0.002238
-0.002042
-0.002226
-0.002323
-0.001919
-0.000940
0.000446
0.001909
0.002998
0.003399
0.003150
0.002402
0.001157
-0.000642
-0.002997
-0.005750
-0.008530
-0.010815
-0.012244
-0.012807
-0.012930
-0.013188
-0.013909
-0.014984
-0.015958
-0.016430
-0.016444
-0.016356
-0.016385
-0.016364
-0.015809
-0.014416
-0.012410
-0.010428
-0.009079
-0.008463
-0.008171
-0.007785
-0.007218
-0.006566
-0.005830
-0.004926
-0.003856
-0.002729
-0.001686
-0.000816
-0.000050
0.000771
0.001524
0.001797
0.001326
0.000285
-0.000915
-0.001858
-0.002299
-0.002248
-0.001896
-0.001421
-0.000955
-0.000686
-0.000858
-0.001552
-0.002558
-0.003471
-0.003894
-0.003651
-0.003027
-0.002593
-0.002680
-0.003115
-0.003420
-0.003183
-0.002449
-0.001849
-0.002166
-0.003547
-0.005354
-0.006741
-0.007259
-0.006995
-0.006344
-0.005720
-0.005425
-0.005550
-0.005958
-0.006355
-0.006540
-0.006570
-0.006632
-0.006817
-0.006970
-0.006730
-0.005826
-0.004302
-0.002456
-0.000690
0.000642
0.001327
0.001350
0.000954
0.000558
0.000464
0.000668
0.000894
0.000874
0.000631
0.000356
0.000052
-0.000416
-0.001054
-0.001716
-0.002281
-0.002759
-0.003195
-0.003593
-0.003860
-0.003830
-0.003427
-0.002837
-0.002346
-0.002136
-0.002235
-0.002475
-0.002610
-0.002512
-0.002320
-0.002325
-0.002603
-0.002942
-0.003067
-0.002860
-0.002365
-0.001719
-0.001112
-0.000664
-0.000366
-0.000116
0.000152
0.000372
0.000445
0.000338
0.000106
-0.000154
-0.000340
-0.000390
-0.000342
-0.000298
-0.000353
-0.000569
-0.000936
-0.001367
-0.001742
-0.001920
-0.001811
-0.001476
-0.001090
-0.000770
-0.000488
-0.000187
0.000064
0.000124
-0.000058
-0.000434
-0.000877
-0.001244
-0.001452
-0.001493
-0.001428
-0.001371
-0.001413
-0.001548
-0.001655
-0.001580
-0.001283
-0.000882
-0.000549
-0.000346
-0.000177
0.000110
0.000572
0.001091
0.001480
0.001643
0.001624
0.001539
0.001474
0.001452
0.001465
0.001468
0.001398
0.001258
0.001094
0.000915
0.000673
0.000345
-0.000008
-0.000304
-0.000511
-0.000651
-0.000786
-0.000940
-0.001035
-0.000983
-0.000793
-0.000571
-0.000401
-0.000304
-0.000246
-0.000171
-0.000034
0.000174
0.000425
0.000703
0.001016
0.001353
0.001667
0.001906
0.002055
0.002125
0.002143
0.002122
0.002055
0.001927
0.001762
0.001625
0.001561
0.001552
0.001546
0.001493
0.001387
0.001268
0.001183
0.001152
0.001157
0.001185
0.001237
0.001317
0.001418
0.001532
0.001667
0.001837
0.002036
0.002243
0.002424
0.002553
0.002632
0.002683
0.002723
0.002750
0.002765
0.002786
0.002826
0.002872
0.002889
0.002861
0.002802
0.002740
0.002690
0.002656
0.002632
0.002618
0.002615
0.002618
0.002617
0.002616
0.002626
0.002655
0.002700
0.002751
0.002799
0.002837
0.002863
0.002883
0.002904
0.002927
0.002958
0.003002
0.003060
0.003124
0.003180
0.003220
0.003248
0.003272
0.003297
0.003322
0.003345
0.003368
0.003392
0.003417
0.003442
0.003468
0.003497
0.003527
0.003557
0.003582
0.003599
0.003610
0.003616
0.003619
0.003622
0.003626
0.003634
0.003647
0.003662
0.003675
0.003686
0.003693
0.003700
0.003710
0.003723
0.003738
0.003753
0.003768
0.003782
0.003796
0.003812
0.003828
0.003847
0.003868
0.003890
0.003911
0.003930
0.003948
0.003965
0.003982
0.003999
0.004014
0.004029
0.004044
0.004057
0.004070
0.004082
0.004093
0.004104
0.004115
0.004124
0.004133
0.004143
0.004152
0.004161
0.004171
0.004180
0.004189
0.004198
0.004207
0.004215
0.004224
0.004232
0.004240
0.004248
0.004255
0.004262
0.004269
0.004275
0.004282
0.004288
0.004293
0.004298
0.004303
0.004308
0.004313
0.004317
0.004321
0.004325
0.004328
0.004331
0.004334
0.004337
0.004339
0.004341
0.004343
0.004345
0.004346
0.004347
0.004347
0.004348
0.004348
