-0.003922
-0.003389
-0.001027
-0.000851
-0.005257
-0.002137
0.002513
0.001263
-0.000548
-0.003920
-0.006035
-0.005922
-0.006881
-0.010297
-0.016179
-0.016858
-0.012785
-0.007701
-0.006869
-0.010070
-0.009386
-0.007428
-0.005579
-0.002438
0.001569
0.005634
0.008850
0.004057
-0.005951
-0.004982
0.002323
0.004160
-0.000824
-0.002139
0.003648
0.006038
0.009277
0.012074
0.010168
0.006910
0.011612
0.015275
0.004540
-0.003063
-0.002772
-0.007099
-0.012294
-0.000138
0.008650
0.002143
0.001590
0.001376
0.000921
0.002265
0.005319
0.002884
-0.004181
-0.004098
-0.001445
-0.004908
-0.014715
-0.023657
-0.018694
-0.004365
0.003178
0.004344
0.002242
0.001016
0.008247
0.014680
0.015810
0.013719
0.008605
0.006686
0.006223
0.006181
0.001617
-0.001539
-0.001680
-0.000845
-0.004798
-0.005120
0.003310
0.011246
0.013411
0.008976
0.006484
0.006537
0.006482
0.009637
0.010146
0.003304
-0.004366
-0.003293
0.008607
0.013478
0.010714
0.009518
0.008776
0.001766
-0.006982
0.001149
0.002733
-0.011416
-0.018950
-0.015007
0.000518
0.012315
0.012099
0.017536
0.024742
0.018776
0.012820
0.000610
-0.015615
-0.013669
-0.010441
-0.017591
-0.024989
-0.022231
-0.010362
-0.010063
-0.019929
-0.021126
-0.012885
-0.005730
0.001911
0.012191
0.016463
0.015080
0.019706
0.014793
-0.004769
-0.012010
-0.016045
-0.020756
-0.019571
-0.028994
-0.030002
-0.003215
0.027864
0.042845
0.049159
0.044284
0.031153
0.026829
0.029389
0.028568
0.016031
0.012613
0.019764
0.008584
-0.022318
-0.043930
-0.035195
-0.004201
0.017820
0.027981
0.030423
0.017392
0.009721
0.011055
0.015568
0.018624
0.017653
0.006433
-0.013912
-0.030997
-0.044852
-0.047729
-0.043994
-0.024629
0.004493
0.012598
0.015092
0.008804
-0.005286
-0.005595
-0.005498
-0.014496
-0.024586
-0.032557
-0.029506
-0.018881
-0.011181
0.003543
0.009357
0.015477
0.023410
0.029476
0.018452
-0.005874
-0.010101
0.001617
0.009749
0.002513
-0.004287
0.002450
0.014104
0.026922
0.046978
0.062061
0.075984
0.086722
0.107168
0.131297
0.141795
0.100909
0.027207
-0.038720
-0.094774
-0.097875
-0.074439
-0.079241
-0.115383
-0.160196
-0.212815
-0.231000
-0.222195
-0.075225
0.013331
-0.001180
0.024561
0.102094
0.176318
0.218356
0.237742
0.230039
0.190580
0.053042
-0.018512
-0.094576
-0.139340
-0.084882
-0.020893
-0.012183
-0.027809
0.013613
0.062762
0.085140
0.018344
-0.093052
-0.154610
-0.201792
-0.190086
-0.114281
-0.032748
0.021562
0.064947
0.092871
0.134901
0.199561
0.243941
0.241126
0.237729
0.226728
0.208671
0.145046
0.065411
0.000133
-0.014771
0.005521
0.039868
0.130484
0.142751
0.121859
0.115070
0.075346
-0.006250
-0.123494
-0.190166
-0.135175
-0.074320
-0.123780
-0.218385
-0.281684
-0.324758
-0.346015
-0.363435
-0.385420
-0.347475
-0.247501
-0.121271
0.014131
0.039653
0.011560
0.010718
0.010268
0.074700
0.114101
0.070692
-0.061190
-0.171996
-0.175093
-0.113563
0.012312
0.088577
0.120739
0.128416
0.146593
0.176246
0.200087
0.125692
-0.043631
-0.118109
-0.143831
-0.024383
0.162156
0.218312
0.220857
0.189341
0.125112
0.056683
0.010809
-0.067162
-0.133014
-0.183803
-0.161752
-0.012426
0.057022
0.115716
0.152410
0.154686
0.126918
0.024442
-0.054768
-0.100698
-0.125386
-0.087693
0.027132
0.084790
0.088898
0.054504
0.011279
-0.000514
0.019285
0.070433
0.094042
0.032574
-0.060389
-0.121852
-0.173412
-0.210140
-0.221875
-0.192901
-0.162263
-0.152374
-0.141834
-0.081298
-0.007717
0.042346
0.064373
0.022943
-0.052264
-0.063825
-0.020965
0.024602
0.071291
0.108765
0.092323
0.021859
-0.010351
-0.014602
-0.016321
0.003355
0.031268
0.038651
0.040798
0.072638
0.101520
0.117340
0.106928
0.024936
-0.045061
-0.091451
-0.138714
-0.161099
-0.166397
-0.112946
-0.006591
0.079227
0.162872
0.221063
0.237541
0.230580
0.174867
0.106833
0.042857
-0.008719
-0.029479
-0.040239
-0.046604
-0.044269
-0.021649
-0.000146
-0.019117
-0.060985
-0.086613
-0.079315
-0.065994
-0.037459
0.002303
0.014832
0.006499
-0.013640
-0.046437
-0.080072
-0.098529
-0.113162
-0.117481
-0.107479
-0.082686
-0.068205
-0.077699
-0.083790
-0.072634
-0.042118
-0.011511
0.014952
0.044776
0.063655
0.074917
0.071969
0.047526
-0.001040
-0.050354
-0.093920
-0.130419
-0.159282
-0.172559
-0.178854
-0.153042
-0.034201
0.055568
0.118844
0.197156
0.236058
0.234358
0.165362
0.074853
0.037214
0.026289
0.029168
0.041014
0.051040
0.054594
0.053725
0.049940
0.037638
0.001592
-0.044023
-0.068861
-0.089915
-0.074090
-0.015403
0.035136
0.072530
0.091441
0.080248
0.040280
-0.000226
-0.027007
-0.035890
-0.018780
0.020248
0.066164
0.101993
0.130869
0.147696
0.150377
0.111963
0.052019
0.009841
-0.013498
-0.024987
-0.025979
-0.022727
-0.013200
-0.004061
-0.006407
-0.014162
-0.028245
-0.041849
-0.050179
-0.046824
-0.032479
-0.015956
-0.017508
-0.034300
-0.051856
-0.062642
-0.060837
-0.044473
-0.033403
-0.029981
-0.029261
-0.021452
-0.010588
-0.010201
-0.026395
-0.036337
-0.023000
0.002878
0.024680
0.047367
0.059339
0.075234
0.090647
0.108124
0.104583
0.013759
-0.020239
-0.036746
-0.045205
-0.032397
-0.024152
-0.014832
-0.014351
0.002875
0.026506
0.051123
0.065976
0.077129
0.077383
0.071897
0.048409
0.016772
-0.005725
-0.021572
-0.027407
-0.019473
-0.005889
0.010667
0.026830
0.030877
0.024699
0.005242
-0.024629
-0.046641
-0.056058
-0.057870
-0.058942
-0.055784
-0.041336
-0.022734
-0.001216
0.013513
0.021150
0.026996
0.026903
0.015139
0.000772
-0.015278
-0.036812
-0.055194
-0.071116
-0.080494
-0.078323
-0.068275
-0.039050
0.013143
0.043757
0.056107
0.056167
0.044524
0.027368
-0.008911
-0.037361
-0.052987
-0.056654
-0.050370
-0.006860
0.029013
0.032766
0.020304
-0.018311
-0.043667
-0.050749
-0.044567
-0.028244
-0.011671
-0.002063
0.008537
0.012630
0.009726
0.003834
0.000954
0.005012
0.014276
0.025747
0.035537
0.043266
0.048607
0.046888
0.043437
0.049334
0.057834
0.064112
0.071449
0.075440
0.067122
0.041517
0.019177
0.006649
0.008322
0.019144
0.026892
0.034278
0.041232
0.040828
0.034415
0.032620
0.036127
0.040989
0.030241
0.003941
-0.020947
-0.037510
-0.050183
-0.054060
-0.052384
-0.040487
-0.032371
-0.031259
-0.029106
-0.026544
-0.021094
-0.016978
-0.010151
-0.001779
0.006222
0.006763
-0.008492
-0.028997
-0.042879
-0.050210
-0.055271
-0.057037
-0.050949
-0.041533
-0.027354
-0.016533
-0.009380
-0.004613
-0.002045
-0.000865
-0.010764
-0.024189
-0.038553
-0.049743
-0.045328
-0.023668
0.000993
0.013006
0.022461
0.030817
0.038132
0.043152
0.043209
0.034876
0.022865
0.016056
0.011917
0.013418
0.016405
0.021632
0.024616
0.027025
0.028763
0.025618
0.019866
0.020708
0.026128
0.033076
0.040298
0.037508
0.033472
0.034403
0.036958
0.036885
0.027717
0.006723
-0.011953
-0.020659
-0.027537
-0.033906
-0.040077
-0.048602
-0.055530
-0.055585
-0.047256
-0.037213
-0.030885
-0.031722
-0.029181
-0.028459
-0.034301
-0.030039
-0.014590
0.005435
0.024292
0.039056
0.043701
0.036073
0.015349
-0.012287
-0.026263
-0.028067
-0.023893
-0.017573
-0.007395
0.013633
0.029578
0.034517
0.033230
0.023006
0.005321
-0.007313
-0.007651
-0.006339
-0.009398
-0.016078
-0.026609
-0.033921
-0.028209
-0.022856
-0.020203
-0.008664
0.003690
0.016536
0.030238
0.037410
0.025179
0.008053
-0.003274
-0.010805
-0.011294
-0.013515
-0.020692
-0.019517
0.000445
0.034501
0.063699
0.075399
0.070101
0.045029
0.017144
0.002983
-0.005997
-0.016118
-0.032726
-0.048005
-0.050431
-0.027110
0.007021
0.016279
0.005700
-0.013541
-0.030777
-0.034466
-0.033069
-0.033873
-0.032125
-0.024893
-0.018012
-0.009192
0.001807
0.002385
-0.004755
-0.013705
-0.019743
-0.017355
-0.010414
-0.011193
-0.016263
-0.014839
-0.012282
-0.019473
-0.026252
-0.025653
-0.016586
-0.001321
0.009355
0.017101
0.018027
0.013590
0.009066
0.010224
0.016644
0.015630
0.011020
0.012389
0.016572
0.015451
0.003510
-0.023013
-0.041876
-0.040186
-0.020398
0.010348
0.033757
0.049477
0.050208
0.035847
0.017336
0.009940
0.005457
-0.004300
-0.022945
-0.038904
-0.043101
-0.021132
0.015463
0.031959
0.043849
0.051793
0.058437
0.062631
0.059443
0.032462
-0.001260
-0.012403
-0.008089
0.004833
0.020365
0.028796
0.036472
0.051362
0.053256
0.018549
-0.036962
-0.067781
-0.079593
-0.049892
0.015327
0.058822
0.084165
0.086950
0.057343
0.009274
-0.019419
-0.028149
-0.021632
-0.003548
0.010277
0.020830
0.019477
0.001699
-0.018500
-0.028975
-0.031933
-0.026867
-0.021858
-0.023101
-0.029069
-0.030420
-0.026256
-0.017676
-0.010765
-0.005105
0.006652
0.025544
0.035601
0.025934
0.010023
-0.012739
-0.033962
-0.046573
-0.044253
-0.027735
-0.011926
-0.006347
-0.007754
-0.013262
-0.015731
-0.005001
0.009690
0.023380
0.032306
0.035163
0.031366
0.022038
0.009500
0.005286
0.015779
0.026190
0.015185
-0.007133
-0.016351
-0.000530
0.025873
0.039376
0.028499
-0.000451
-0.017430
-0.026659
-0.031252
-0.030891
-0.030533
-0.030809
-0.031499
-0.029751
-0.024173
-0.008616
0.011549
0.020681
0.013998
0.001836
-0.007405
-0.015307
-0.019192
-0.018192
-0.012391
-0.002406
0.012944
0.028837
0.040440
0.048853
0.045618
0.027288
0.003547
-0.003426
-0.003885
-0.001807
0.005056
0.016625
0.027627
0.028948
0.020391
0.003518
-0.007674
-0.018020
-0.027368
-0.033177
-0.033791
-0.026473
-0.022473
-0.027484
-0.032894
-0.031024
-0.022460
-0.011602
-0.002069
-0.001274
-0.007093
-0.010279
-0.002662
0.023429
0.045814
0.052967
0.050850
0.043047
0.022546
-0.002522
-0.022814
-0.038906
-0.048586
-0.053593
-0.053026
-0.052472
-0.044625
-0.032097
-0.013278
0.014742
0.033913
0.037671
0.030701
0.027383
0.024254
0.014123
0.004085
0.006070
0.009137
0.002083
-0.002027
-0.004825
-0.011221
-0.014337
-0.000608
0.017027
0.021859
0.027525
0.050209
0.064533
0.074588
0.057715
-0.007363
-0.058313
-0.087337
-0.094129
-0.060911
-0.013480
-0.001375
-0.015539
-0.037370
-0.034029
-0.001854
0.023532
0.046138
0.058303
0.059694
0.042597
0.004739
-0.025081
-0.039411
-0.058144
-0.047715
0.012571
0.063447
0.088502
0.098401
0.058721
-0.013688
-0.066552
-0.095967
-0.103175
-0.071925
-0.002136
0.043416
0.053956
0.038527
0.002561
-0.017428
-0.015066
-0.002626
-0.008522
-0.036955
-0.058525
-0.059572
-0.047692
-0.037077
-0.038490
-0.038689
-0.036332
-0.019517
0.006738
0.020188
0.018428
0.018347
0.032256
0.046592
0.054101
0.043599
0.015769
-0.014300
-0.037075
-0.049155
-0.044444
-0.034127
-0.018676
0.005921
0.018326
0.008784
-0.010275
-0.023382
-0.023640
-0.018731
-0.013735
-0.007112
0.003485
0.015011
0.020614
0.017019
0.009811
0.005786
0.003511
0.001900
-0.000427
-0.007834
-0.024442
-0.042937
-0.040153
0.003391
0.042025
0.042812
0.003496
-0.031421
-0.022830
0.010774
0.031418
0.027419
0.018476
0.017055
0.026728
0.026493
0.010301
-0.009662
-0.009124
0.014278
0.037706
0.040599
0.030046
0.009106
-0.012571
-0.024165
-0.029826
-0.033040
-0.024676
-0.001416
0.015725
0.018605
0.006399
-0.009544
-0.006268
0.001775
-0.003346
-0.014194
-0.020168
-0.016160
-0.000243
0.023464
0.038537
0.040021
0.035339
0.035010
0.031711
0.021483
-0.001744
-0.028899
-0.044710
-0.042562
-0.021129
-0.004795
-0.009196
-0.024183
-0.027321
-0.013270
-0.002545
0.001459
0.004665
0.008011
0.013174
0.014904
0.010282
-0.000084
-0.006275
-0.005890
-0.003273
-0.003537
-0.001433
0.005972
0.008074
0.005369
-0.000752
-0.007966
-0.008700
-0.004260
-0.001706
-0.001974
-0.002899
-0.000607
0.003821
0.007478
0.009221
0.006618
0.003072
0.001589
0.002233
0.005691
0.010283
0.016388
0.021182
0.023191
0.021256
0.013276
0.006799
0.005089
0.006493
0.007268
0.005730
0.001097
-0.006066
-0.014564
-0.019647
-0.018599
-0.014815
-0.010419
-0.006295
-0.003925
-0.003475
-0.003606
-0.002767
-0.001632
0.000731
0.003586
0.005554
0.007220
0.009656
0.015563
0.019564
0.017707
0.010126
0.005090
0.006243
0.009260
0.006340
-0.003414
-0.011974
-0.018865
-0.024031
-0.025415
-0.018924
-0.007520
-0.003489
-0.008171
-0.012610
-0.009954
0.002327
0.014224
0.020732
0.026608
0.032680
0.033048
0.019760
0.002328
-0.006189
-0.005263
0.002064
0.009543
0.011991
0.015505
0.019574
0.020439
0.016584
0.007047
-0.000679
-0.003666
-0.003223
-0.005188
-0.007823
-0.007533
-0.007342
-0.011160
-0.019413
-0.023622
-0.018054
-0.007315
-0.001443
-0.002146
-0.002940
-0.003054
-0.002665
-0.006117
-0.014335
-0.018833
-0.014739
-0.004694
0.003159
0.004869
-0.000006
-0.004704
-0.007414
-0.005898
0.000524
0.005613
0.005735
0.001581
-0.000270
0.002855
0.006932
0.006115
0.003672
0.001650
-0.001056
-0.005737
-0.007202
-0.003030
0.003824
0.009864
0.011879
0.008918
0.001367
-0.003443
-0.008351
-0.017121
-0.025761
-0.032452
-0.034021
-0.026570
-0.013751
-0.005201
0.000351
0.006382
0.010659
0.012784
0.011889
0.009915
0.008438
0.005836
0.001195
0.000483
0.002581
0.001374
-0.001029
-0.001690
0.001213
0.005265
0.007608
0.007497
0.006039
0.003736
0.001419
-0.000848
-0.001539
0.000139
0.002112
0.004105
0.004955
0.003096
-0.001059
-0.003578
-0.007281
-0.010676
-0.012899
-0.010820
-0.005641
-0.001893
0.000825
0.002564
0.002704
0.001492
0.005514
0.012897
0.020039
0.023229
0.020138
0.009982
-0.002166
-0.010685
-0.014272
-0.013305
-0.009947
-0.009313
-0.010773
-0.013241
-0.016079
-0.016394
-0.012534
-0.006164
0.000052
0.007483
0.017031
0.026709
0.030063
0.026914
0.015395
-0.000075
-0.012207
-0.016715
-0.012644
-0.003832
0.004563
0.009171
0.011336
0.012182
0.010932
0.009270
0.005472
-0.000866
-0.006859
-0.010987
-0.011145
-0.010210
-0.009996
-0.011125
-0.012480
-0.011428
-0.009662
-0.009564
-0.009725
-0.007800
-0.002952
0.004033
0.010056
0.010533
0.008426
0.004635
0.001944
0.002142
0.003264
0.003666
0.001586
-0.001968
-0.004136
-0.002261
0.004560
0.011784
0.015272
0.013726
0.009125
0.002033
-0.008394
-0.018749
-0.025982
-0.027403
-0.026075
-0.019112
-0.006957
0.002796
0.007856
0.010863
0.013493
0.014287
0.012956
0.010232
0.008364
0.008552
0.008469
0.008875
0.012446
0.015389
0.015029
0.014455
0.016254
0.017915
0.015936
0.010582
0.005308
0.002024
-0.000016
-0.002963
-0.006915
-0.009172
-0.009820
-0.007933
-0.003653
0.002570
0.007583
0.010247
0.012893
0.013234
0.011818
0.007720
0.004186
0.003865
0.002172
0.001172
0.001787
0.001668
-0.000191
-0.004330
-0.008538
-0.009805
-0.008797
-0.009387
-0.011735
-0.015038
-0.015854
-0.012554
-0.009809
-0.007533
-0.004926
-0.004243
-0.004471
-0.006480
-0.007982
-0.007531
-0.008099
-0.009044
-0.010685
-0.008208
-0.000657
0.005606
0.009286
0.010112
0.008937
0.006891
0.004412
0.000040
-0.002603
-0.002303
0.002289
0.009706
0.015696
0.019635
0.018086
0.015158
0.011700
0.010011
0.007214
0.002335
-0.002830
-0.008747
-0.013273
-0.015302
-0.013615
-0.012240
-0.010066
-0.010366
-0.012764
-0.012885
-0.011447
-0.008366
-0.006953
-0.006888
-0.007015
-0.005673
0.000187
0.005048
0.007282
0.007914
0.005784
0.001357
-0.003389
-0.005683
-0.003478
-0.000509
0.001338
0.002396
0.003949
0.004488
0.003610
0.002442
0.001501
0.001622
0.001777
0.003723
0.005283
0.007073
0.005799
0.002210
-0.000745
-0.000797
0.003657
0.008333
0.010673
0.010129
0.007347
0.004482
0.000619
-0.003440
-0.007110
-0.009394
-0.010391
-0.012371
-0.012892
-0.012322
-0.006745
-0.000047
0.005271
0.010198
0.012517
0.011809
0.009562
0.007397
0.005333
0.006732
0.010994
0.014502
0.013673
0.009159
0.002514
-0.003935
-0.008531
-0.011246
-0.013092
-0.011501
-0.008964
-0.006272
-0.000838
0.002468
0.000632
-0.003901
-0.007891
-0.012103
-0.013345
-0.011466
-0.007850
-0.006482
-0.005716
-0.004259
-0.002054
-0.000318
-0.001029
-0.000747
-0.001885
-0.004029
-0.006334
-0.005123
0.001257
0.009067
0.011036
0.005941
0.000666
-0.000669
0.001594
0.007355
0.014344
0.019862
0.023115
0.023273
0.014242
0.001030
-0.008959
-0.014197
-0.012504
-0.007473
-0.001199
0.003485
0.006076
0.006544
0.006676
0.006470
0.005450
0.005349
0.008245
0.012122
0.013312
0.011121
0.009443
0.009525
0.006525
0.002832
-0.000126
-0.002011
-0.003583
-0.005740
-0.006324
-0.004621
-0.001989
0.000964
0.000084
-0.003641
-0.009857
-0.015249
-0.018991
-0.021014
-0.020120
-0.016304
-0.011094
-0.005635
-0.001412
0.000094
0.001296
0.002308
0.002820
0.003466
0.004853
0.004955
0.006311
0.010157
0.013075
0.014114
0.014185
0.012868
0.012429
0.012453
0.010605
0.006049
0.000633
-0.003767
-0.006608
-0.007280
-0.006924
-0.007063
-0.006073
-0.000913
0.003653
0.007451
0.008569
0.008225
0.007983
0.008847
0.010209
0.009825
0.007815
0.004618
0.002558
0.001355
0.000404
0.000500
0.001115
0.001186
0.001023
-0.001464
-0.003440
-0.004091
-0.005819
-0.006175
-0.007192
-0.008140
-0.006233
-0.004043
-0.002975
-0.002430
-0.003226
-0.005028
-0.006317
-0.006260
-0.005400
-0.004364
-0.001900
0.000616
0.002726
0.004279
0.005283
0.004934
0.002326
-0.001596
-0.005629
-0.007543
-0.008018
-0.007500
-0.006869
-0.005579
-0.003842
-0.002348
-0.001789
-0.001327
-0.000231
0.000456
0.000853
0.000573
0.000483
0.000154
-0.001088
-0.001608
-0.001343
-0.000799
-0.000601
-0.001202
-0.001832
-0.002606
-0.003229
-0.003951
-0.003202
-0.002677
-0.002752
-0.003658
-0.004976
-0.005310
-0.005730
-0.005584
-0.005187
-0.004972
-0.004261
-0.003606
-0.003335
-0.003029
-0.002279
-0.001185
-0.000308
0.000125
0.000057
0.000083
0.000058
-0.000182
-0.000884
-0.001395
-0.001449
-0.001177
-0.000648
-0.000511
-0.000532
-0.000359
-0.000370
-0.000461
-0.000328
-0.000416
-0.000425
-0.000237
0.000094
0.000340
0.000402
0.000471
0.000379
0.000255
0.000353
0.000524
0.000779
0.000940
0.001015
0.001109
0.001184
0.001281
0.001356
0.001468
0.001527
0.001554
0.001566
0.001575
0.001626
0.001690
0.001736
0.001726
0.001690
0.001645
0.001622
0.001592
0.001548
0.001516
0.001491
0.001485
0.001488
0.001499
0.001510
0.001514
0.001517
0.001520
0.001520
