0.000841
0.000845
0.000810
0.000825
0.000768
0.000720
0.000633
0.000590
0.000582
0.000699
0.000804
0.000949
0.000887
0.000787
0.000681
0.000624
0.000471
0.000445
0.000594
0.000609
0.000807
0.000688
0.000455
0.000202
-0.000412
-0.000947
-0.001140
-0.000740
0.000084
0.000438
0.000379
0.000459
0.000096
-0.000680
-0.001677
-0.001637
-0.000714
0.000894
0.002971
0.004229
0.005139
0.005326
0.004436
0.003634
0.002795
0.001675
0.000583
-0.000637
-0.001538
-0.000623
0.001601
0.003185
0.003214
0.002468
0.001478
-0.000139
-0.000388
0.000163
-0.000615
-0.002703
-0.003365
-0.004684
-0.006738
-0.006853
-0.003252
0.002610
0.008715
0.012688
0.011148
0.007415
0.005599
0.005368
0.007558
0.009407
0.008233
0.002610
-0.004172
-0.008646
-0.008146
-0.004954
0.002275
0.009387
0.015106
0.017641
0.017527
0.014543
0.008215
0.000697
-0.007301
-0.013928
-0.017394
-0.018005
-0.015239
-0.007355
0.002787
0.009029
0.008858
0.005201
0.000882
-0.000768
-0.003298
-0.006500
-0.008388
-0.008836
-0.006613
-0.003508
-0.000270
0.002946
0.001875
-0.004012
-0.012345
-0.020098
-0.026622
-0.027066
-0.020660
-0.007583
0.005396
0.013828
0.019439
0.018280
0.008902
-0.000669
-0.008747
-0.014364
-0.019679
-0.022107
-0.018576
-0.011159
-0.003278
0.002347
0.005382
0.003444
-0.002538
-0.010447
-0.017814
-0.019681
-0.015705
-0.007288
0.001773
0.010002
0.016647
0.020735
0.020093
0.014767
0.011183
0.010179
0.008184
0.006749
0.009114
0.013383
0.017156
0.015742
0.009501
-0.000169
-0.009527
-0.014415
-0.013491
-0.009564
-0.006038
-0.001075
0.002984
0.005904
0.005238
0.003281
0.002339
0.000615
-0.001739
-0.002187
0.000544
0.007995
0.017845
0.027717
0.033230
0.034832
0.031909
0.028125
0.022267
0.016170
0.007721
-0.001409
-0.011961
-0.022931
-0.031160
-0.034947
-0.033679
-0.025595
-0.016244
-0.008677
-0.001924
0.002754
0.005229
0.008950
0.011824
0.014657
0.015843
0.013905
0.011665
0.009948
0.010786
0.013794
0.013700
0.008239
-0.000595
-0.011703
-0.020088
-0.018596
-0.005897
0.015192
0.036617
0.055933
0.065114
0.064526
0.055052
0.030374
0.000741
-0.027107
-0.051360
-0.060411
-0.057138
-0.039383
-0.014424
0.008547
0.024086
0.028446
0.018113
-0.003955
-0.028610
-0.044961
-0.051777
-0.047784
-0.034853
-0.006821
0.019088
0.030245
0.036193
0.034795
0.024144
0.009416
-0.002910
-0.007649
-0.008488
-0.010481
-0.015100
-0.021953
-0.033282
-0.047171
-0.060364
-0.064279
-0.057559
-0.037641
-0.014789
0.004548
0.016687
0.026996
0.036384
0.041833
0.043949
0.038397
0.021538
0.002220
-0.011702
-0.016750
-0.010619
0.000147
0.005898
0.003153
-0.002275
-0.003776
0.003343
0.015947
0.027077
0.027364
0.016977
-0.000214
-0.021400
-0.040834
-0.060614
-0.070900
-0.074355
-0.069383
-0.058348
-0.026347
0.013144
0.048445
0.069159
0.076717
0.074361
0.064402
0.047274
0.024754
0.002340
-0.014948
-0.021856
-0.021764
-0.012845
0.001359
0.012714
0.020077
0.021883
0.019973
0.017801
0.013262
0.006677
-0.002334
-0.009840
-0.015184
-0.019459
-0.024851
-0.033035
-0.041600
-0.047676
-0.048411
-0.045810
-0.035715
-0.017993
0.002408
0.017952
0.025847
0.026013
0.019231
0.010431
0.000247
-0.011942
-0.020512
-0.021852
-0.013835
0.001726
0.017648
0.026552
0.028101
0.024511
0.020908
0.021267
0.025431
0.033031
0.039420
0.041124
0.037344
0.024092
0.004228
-0.012700
-0.021975
-0.023083
-0.011628
0.011424
0.028768
0.039127
0.042805
0.036176
0.024428
0.014743
0.007300
0.003900
0.004120
0.004558
0.004853
0.004004
-0.000249
-0.009530
-0.022757
-0.038204
-0.050690
-0.060237
-0.067818
-0.072955
-0.078133
-0.084928
-0.091594
-0.094514
-0.093738
-0.090939
-0.086294
-0.083103
-0.083001
-0.087436
-0.097008
-0.109746
-0.118753
-0.122454
-0.112757
-0.084651
-0.040495
-0.006329
0.012869
0.023007
0.024171
0.017819
0.007852
-0.002833
-0.003315
0.006863
0.022865
0.034430
0.043286
0.050805
0.057280
0.060973
0.068743
0.082487
0.108083
0.140493
0.166725
0.166719
0.128393
0.014665
-0.061703
-0.095231
-0.120898
-0.133036
-0.136502
-0.118659
-0.092708
-0.072208
-0.067338
-0.075162
-0.092300
-0.109660
-0.124326
-0.124622
-0.118316
-0.044858
0.078894
0.152927
0.197775
0.230850
0.236754
0.221520
0.176573
0.108351
0.025639
-0.015293
-0.019140
-0.008799
0.008240
0.015333
-0.013006
-0.076508
-0.129523
-0.159677
-0.189630
-0.220558
-0.235592
-0.241080
-0.233434
-0.222145
-0.207864
-0.189907
-0.162438
-0.127821
-0.097538
-0.086521
-0.090978
-0.095589
-0.096038
-0.087131
-0.057816
0.007035
0.075554
0.130049
0.179593
0.220108
0.252678
0.275530
0.296985
0.315232
0.330264
0.350583
0.384564
0.410041
0.408977
0.377503
0.335288
0.309222
0.290967
0.248555
0.189958
0.137253
0.086138
0.053966
0.041388
0.036509
0.041375
0.053140
0.065145
0.077106
0.091551
0.097425
0.101147
0.103309
0.105020
0.105420
0.106188
0.105337
0.103987
0.088810
0.053008
-0.056543
-0.202938
-0.244741
-0.210045
-0.210879
-0.235095
-0.251707
-0.235929
-0.208555
-0.178020
-0.150329
-0.135378
-0.129499
-0.132768
-0.162256
-0.196781
-0.212176
-0.159308
-0.104479
-0.062662
-0.023673
0.006689
0.046391
0.051388
0.055138
0.080696
0.099166
0.127577
0.162220
0.205520
0.246129
0.275531
0.304067
0.325336
0.333368
0.321938
0.295881
0.254699
0.209647
0.173921
0.141581
0.108796
0.077340
0.041093
0.004748
-0.031417
-0.064492
-0.086921
-0.109749
-0.138384
-0.146245
-0.140599
-0.124882
-0.098896
-0.075514
-0.060693
-0.066514
-0.079067
-0.095820
-0.119012
-0.141956
-0.168158
-0.191975
-0.216537
-0.238215
-0.257236
-0.269837
-0.279493
-0.274614
-0.255557
-0.228501
-0.196338
-0.162748
-0.131879
-0.106617
-0.088416
-0.072952
-0.051869
-0.012832
0.033876
0.079886
0.116778
0.148302
0.167988
0.172222
0.163675
0.140077
0.093993
0.029858
-0.036362
-0.091715
-0.128602
-0.158765
-0.178793
-0.182008
-0.152625
-0.108548
-0.063732
-0.009736
0.031156
0.060985
0.086517
0.102623
0.104047
0.088680
0.038283
-0.029937
-0.083878
-0.115647
-0.144829
-0.169603
-0.186674
-0.196745
-0.193707
-0.183433
-0.169106
-0.155112
-0.142941
-0.127832
-0.107866
-0.085242
-0.060106
-0.033973
-0.012912
-0.005428
-0.010807
-0.024583
-0.041877
-0.055440
-0.066048
-0.078549
-0.096012
-0.110668
-0.124949
-0.142012
-0.157106
-0.166503
-0.173673
-0.177920
-0.170959
-0.152782
-0.115427
-0.064153
-0.011934
0.036106
0.079581
0.118216
0.159924
0.192985
0.211966
0.226617
0.236547
0.250581
0.269913
0.293583
0.309072
0.313202
0.315846
0.309128
0.297840
0.274298
0.253032
0.240477
0.233734
0.224787
0.209302
0.184018
0.160808
0.139992
0.122436
0.109906
0.103525
0.100086
0.099475
0.092126
0.084561
0.056876
0.022234
-0.016710
-0.060475
-0.105609
-0.132060
-0.145956
-0.166134
-0.183153
-0.189365
-0.190677
-0.188525
-0.178068
-0.162301
-0.140571
-0.120261
-0.106412
-0.094910
-0.083315
-0.066399
-0.034846
0.029481
0.096282
0.142491
0.184022
0.214667
0.226121
0.220615
0.194752
0.135726
0.057563
0.004545
-0.023734
-0.030167
-0.013128
0.041906
0.104581
0.152912
0.193968
0.214928
0.215263
0.206043
0.194453
0.166534
0.132139
0.102454
0.079794
0.063655
0.053616
0.043882
0.028742
0.009178
-0.018322
-0.059791
-0.104129
-0.146378
-0.178537
-0.198957
-0.215146
-0.227300
-0.228531
-0.222575
-0.217189
-0.220449
-0.226550
-0.229800
-0.232748
-0.236168
-0.240595
-0.246189
-0.236790
-0.213253
-0.197124
-0.140191
-0.057639
-0.000884
0.027054
0.049961
0.057856
0.056116
0.050943
0.045345
0.043846
0.042420
0.047593
0.060033
0.080570
0.107140
0.144948
0.182949
0.228127
0.281751
0.322251
0.334171
0.306804
0.229344
0.156792
0.079075
0.016030
-0.013280
-0.033961
-0.048145
-0.058785
-0.068321
-0.078591
-0.086290
-0.088735
-0.081782
-0.068490
-0.052047
-0.035535
-0.020230
-0.010781
-0.008490
-0.010622
-0.015276
-0.020607
-0.026075
-0.033052
-0.042517
-0.051957
-0.064022
-0.078641
-0.092120
-0.109320
-0.122134
-0.129198
-0.130778
-0.123316
-0.102170
-0.071944
-0.047140
-0.032035
-0.022039
-0.016613
-0.017801
-0.022404
-0.029099
-0.035322
-0.040512
-0.041368
-0.036638
-0.027939
-0.014379
-0.001322
0.008282
0.012852
0.010415
0.005214
-0.000888
-0.005571
-0.008123
-0.009013
-0.011954
-0.015208
-0.022084
-0.030555
-0.044636
-0.057267
-0.074609
-0.094491
-0.103623
-0.105569
-0.099733
-0.087550
-0.065445
-0.049011
-0.042505
-0.043040
-0.050564
-0.061335
-0.069943
-0.073112
-0.067136
-0.047871
-0.019641
0.013585
0.041917
0.069598
0.089313
0.105938
0.116392
0.124723
0.131490
0.138306
0.141318
0.141603
0.134802
0.116834
0.069916
0.004294
-0.053446
-0.090834
-0.115836
-0.129207
-0.134581
-0.131019
-0.120247
-0.099788
-0.063267
-0.012108
0.035552
0.068900
0.095535
0.117932
0.134596
0.142613
0.139075
0.123367
0.078781
0.020657
-0.035766
-0.073569
-0.093645
-0.102838
-0.101591
-0.083917
-0.045404
-0.003919
0.018629
0.028401
0.024361
0.008220
-0.014426
-0.033409
-0.046667
-0.048552
-0.041570
-0.017815
0.011847
0.037414
0.060578
0.076767
0.087217
0.095204
0.102223
0.111422
0.122216
0.134543
0.147629
0.159981
0.167970
0.168974
0.160848
0.142387
0.111149
0.076470
0.041654
0.017607
0.005456
-0.001887
0.002391
0.013330
0.033677
0.048322
0.055038
0.056211
0.051848
0.045963
0.040762
0.036613
0.034716
0.034762
0.035004
0.035737
0.033440
0.029611
0.020844
0.009916
-0.004243
-0.017888
-0.032317
-0.048949
-0.065994
-0.083463
-0.100262
-0.112081
-0.115140
-0.112659
-0.099397
-0.073178
-0.045822
-0.019224
-0.005268
-0.002251
-0.001820
-0.003514
-0.001238
0.004175
0.010657
0.015012
0.016969
0.014114
0.009757
0.004255
-0.001035
-0.003865
-0.005606
-0.009971
-0.018148
-0.029788
-0.045385
-0.058285
-0.065804
-0.068281
-0.064565
-0.053713
-0.037647
-0.019639
-0.008708
-0.002098
0.002676
0.005872
0.010037
0.015328
0.019303
0.023889
0.026797
0.022374
0.013330
-0.000496
-0.012938
-0.021809
-0.025250
-0.025217
-0.017006
-0.004536
0.004018
0.007965
0.002757
-0.007648
-0.019249
-0.024917
-0.025507
-0.022751
-0.016937
-0.004243
0.012955
0.025452
0.031513
0.026342
0.008177
-0.015030
-0.038735
-0.062135
-0.082003
-0.093052
-0.098333
-0.099270
-0.094984
-0.083515
-0.066553
-0.050290
-0.036572
-0.030592
-0.029399
-0.030145
-0.031007
-0.030510
-0.029050
-0.025562
-0.022475
-0.017777
-0.011378
-0.000180
0.017544
0.036211
0.053146
0.069266
0.084445
0.098513
0.109121
0.117210
0.120673
0.119567
0.115485
0.109612
0.102659
0.093639
0.073608
0.046793
0.021574
-0.003453
-0.019938
-0.025202
-0.027784
-0.029096
-0.030006
-0.032647
-0.035524
-0.038049
-0.036708
-0.030773
-0.020438
-0.009666
0.000377
0.006124
0.006434
0.002614
-0.007838
-0.021075
-0.035152
-0.049326
-0.060368
-0.063382
-0.056269
-0.035016
-0.006777
0.018465
0.041993
0.054139
0.054166
0.048510
0.036398
0.022090
0.012384
0.009541
0.012136
0.021184
0.034284
0.045962
0.054667
0.064240
0.070098
0.076051
0.080161
0.082730
0.086413
0.091351
0.093988
0.094318
0.088854
0.073743
0.049855
0.024594
0.006749
-0.003176
-0.007923
-0.008696
-0.004267
0.002265
0.007697
0.007852
0.001965
-0.010066
-0.021222
-0.030637
-0.037352
-0.041224
-0.041612
-0.037963
-0.032920
-0.028928
-0.026291
-0.025630
-0.027247
-0.029560
-0.030289
-0.030503
-0.033162
-0.034216
-0.035849
-0.038631
-0.042618
-0.048733
-0.055905
-0.063630
-0.069114
-0.069653
-0.061253
-0.039002
-0.011010
0.014391
0.032103
0.037230
0.033225
0.020470
0.002505
-0.011997
-0.017341
-0.013382
-0.001817
0.010562
0.021617
0.026273
0.024784
0.016895
0.006557
-0.007149
-0.018384
-0.026869
-0.035357
-0.042561
-0.050068
-0.056683
-0.062150
-0.062800
-0.057963
-0.051012
-0.042039
-0.030173
-0.020911
-0.013621
-0.012142
-0.014140
-0.019739
-0.027550
-0.032855
-0.035811
-0.037046
-0.034857
-0.031877
-0.028822
-0.026092
-0.023927
-0.020697
-0.015917
-0.009193
0.000744
0.011022
0.020248
0.026878
0.031375
0.032799
0.029560
0.023079
0.015886
0.008536
0.002454
0.000537
0.002909
0.008738
0.015868
0.022392
0.027465
0.030225
0.031167
0.028980
0.023525
0.017183
0.010616
0.005231
0.003349
0.002472
0.000407
-0.000584
-0.000555
-0.000877
-0.000499
0.000494
0.004377
0.008303
0.011897
0.016388
0.018266
0.015658
0.012201
0.006756
-0.002534
-0.015122
-0.027805
-0.037406
-0.045598
-0.050924
-0.053496
-0.054040
-0.053158
-0.052950
-0.052190
-0.049686
-0.044842
-0.035522
-0.022088
-0.005855
0.008961
0.022581
0.034554
0.044527
0.050531
0.053830
0.057386
0.059300
0.059735
0.059762
0.057036
0.050262
0.041911
0.033206
0.024745
0.017969
0.012493
0.010697
0.011515
0.013931
0.017653
0.022096
0.027383
0.031607
0.033441
0.033852
0.031615
0.024249
0.014384
0.002838
-0.009650
-0.020457
-0.029782
-0.037118
-0.042260
-0.044995
-0.042691
-0.038761
-0.034322
-0.032088
-0.030392
-0.030187
-0.030807
-0.029446
-0.026885
-0.025785
-0.027184
-0.030782
-0.035286
-0.038637
-0.041968
-0.043839
-0.042685
-0.037332
-0.029299
-0.018641
-0.004482
0.006961
0.013143
0.014554
0.014522
0.014809
0.014933
0.017791
0.022008
0.028225
0.035141
0.039995
0.042866
0.043097
0.040304
0.038410
0.035161
0.030877
0.025246
0.018479
0.012099
0.006908
0.003670
-0.000013
-0.005376
-0.013765
-0.020729
-0.026859
-0.032275
-0.037420
-0.041028
-0.041677
-0.041531
-0.040164
-0.035989
-0.028970
-0.020407
-0.012726
-0.005066
0.000195
0.006396
0.010750
0.013564
0.014628
0.012319
0.010256
0.007957
0.006688
0.008130
0.011435
0.016144
0.020949
0.023921
0.024318
0.024593
0.025513
0.027066
0.027298
0.030282
0.031876
0.032867
0.033967
0.030511
0.020818
0.009156
-0.000256
-0.005241
-0.003347
0.002797
0.009976
0.018046
0.024305
0.030288
0.032699
0.032138
0.028726
0.025222
0.021084
0.014798
0.008480
0.003596
0.001763
0.002091
0.004239
0.006645
0.007585
0.005710
0.002930
-0.001800
-0.008154
-0.014516
-0.020797
-0.026959
-0.029187
-0.028800
-0.024889
-0.020430
-0.016500
-0.016640
-0.021116
-0.026577
-0.030780
-0.034961
-0.036833
-0.038156
-0.036633
-0.031894
-0.021849
-0.008150
0.004402
0.012559
0.015697
0.015849
0.013711
0.008936
0.002905
-0.001311
-0.001532
0.001566
0.007006
0.012952
0.017957
0.019771
0.019316
0.016077
0.009049
0.001154
-0.006352
-0.014929
-0.022212
-0.027515
-0.029655
-0.028247
-0.023449
-0.017065
-0.009592
-0.001084
0.006145
0.013241
0.019173
0.025399
0.030370
0.033911
0.034650
0.033433
0.030057
0.027255
0.026194
0.026270
0.026730
0.025661
0.022218
0.017099
0.010547
0.005883
0.003365
0.003663
0.006591
0.011088
0.014394
0.017152
0.017771
0.017467
0.016854
0.016299
0.017175
0.017888
0.018489
0.017178
0.016253
0.015561
0.015471
0.016082
0.016384
0.015963
0.016021
0.015636
0.014853
0.011994
0.010223
0.007559
0.004270
-0.001563
-0.008123
-0.012585
-0.015263
-0.012538
-0.007094
-0.001850
0.001474
0.002222
0.003315
0.002387
0.002189
0.002904
0.004516
0.003558
0.001313
-0.002115
-0.007070
-0.011101
-0.012154
-0.012815
-0.011876
-0.011353
-0.010301
-0.007077
-0.006456
-0.006117
-0.006451
-0.009613
-0.014889
-0.020403
-0.025933
-0.030594
-0.032330
-0.031206
-0.026886
-0.022481
-0.018492
-0.015811
-0.013124
-0.010304
-0.008298
-0.008459
-0.011150
-0.012479
-0.013711
-0.015951
-0.018229
-0.019588
-0.018650
-0.015969
-0.015560
-0.015303
-0.014530
-0.016159
-0.019979
-0.022869
-0.026990
-0.031131
-0.031851
-0.029908
-0.025582
-0.017998
-0.009630
-0.004326
-0.000578
0.001107
0.000939
-0.002018
-0.006595
-0.011085
-0.015308
-0.017604
-0.018284
-0.015497
-0.009033
-0.001238
0.007760
0.015686
0.021328
0.025176
0.025090
0.022768
0.019780
0.016217
0.013754
0.011265
0.008480
0.004677
-0.000814
-0.005404
-0.010008
-0.012250
-0.013215
-0.012420
-0.012092
-0.011964
-0.013430
-0.014696
-0.012726
-0.010608
-0.006878
-0.001790
0.001921
0.005038
0.004326
0.002182
-0.001090
-0.002910
-0.005635
-0.006328
-0.005930
-0.003573
-0.002266
-0.001536
-0.002468
-0.004067
-0.005443
-0.005955
-0.004666
-0.002262
0.001466
0.004087
0.006438
0.007729
0.009078
0.011994
0.013409
0.016005
0.018969
0.020890
0.020648
0.020074
0.018222
0.016093
0.015236
0.013187
0.013368
0.016304
0.019546
0.022647
0.026402
0.028934
0.030220
0.031832
0.029850
0.025067
0.019811
0.016230
0.013476
0.012615
0.015311
0.020345
0.024826
0.027734
0.026733
0.020844
0.009653
-0.001840
-0.010666
-0.016893
-0.021128
-0.023991
-0.024872
-0.023634
-0.020294
-0.015142
-0.011579
-0.007901
-0.005572
-0.006647
-0.009469
-0.012965
-0.017296
-0.020375
-0.022497
-0.022988
-0.021769
-0.018893
-0.014548
-0.009702
-0.005485
-0.001487
0.002976
0.005762
0.008602
0.009657
0.009722
0.010605
0.012224
0.013435
0.014104
0.015901
0.016904
0.016945
0.015112
0.013395
0.012501
0.011616
0.009024
0.005436
0.002044
-0.001359
-0.004387
-0.005616
-0.005907
-0.005686
-0.005250
-0.004260
-0.003022
-0.003473
-0.005288
-0.009207
-0.013687
-0.019308
-0.022910
-0.023579
-0.022301
-0.017427
-0.008846
0.000030
0.006769
0.009163
0.010490
0.010073
0.007668
0.004073
0.001098
0.000090
-0.000906
-0.001131
-0.002254
-0.003642
-0.004308
-0.003949
-0.003847
-0.004955
-0.008378
-0.012074
-0.015780
-0.019787
-0.024244
-0.028386
-0.031768
-0.032266
-0.030555
-0.027899
-0.024910
-0.020903
-0.018590
-0.015577
-0.012523
-0.007726
-0.002451
0.005089
0.011529
0.018208
0.023166
0.025413
0.025315
0.022786
0.018384
0.013276
0.008712
0.004898
0.003579
0.005893
0.011078
0.017459
0.024342
0.030110
0.034296
0.037210
0.039144
0.040182
0.040429
0.038087
0.035102
0.031307
0.027500
0.022524
0.019230
0.016584
0.015764
0.015466
0.016908
0.019012
0.019408
0.016726
0.014692
0.014628
0.014410
0.014120
0.013886
0.014239
0.015304
0.014531
0.011844
0.008730
0.005509
0.001603
-0.001895
-0.004858
-0.007903
-0.009215
-0.009303
-0.010241
-0.012230
-0.013541
-0.014483
-0.016264
-0.017677
-0.017472
-0.018286
-0.020749
-0.023699
-0.028558
-0.032445
-0.035373
-0.036739
-0.038824
-0.039936
-0.039420
-0.039665
-0.039276
-0.038396
-0.037181
-0.035689
-0.032840
-0.031438
-0.028394
-0.025613
-0.022598
-0.018771
-0.015552
-0.012506
-0.008267
-0.005737
-0.003181
-0.002090
-0.002882
-0.005156
-0.007684
-0.009940
-0.011551
-0.011990
-0.011977
-0.011025
-0.009095
-0.006801
-0.004541
-0.002383
-0.002250
-0.003116
-0.003731
-0.004319
-0.003964
-0.004157
-0.004083
-0.002796
-0.000208
0.000584
0.000564
-0.001085
-0.003804
-0.005279
-0.005657
-0.005098
-0.002338
0.002195
0.007121
0.011201
0.014506
0.017625
0.018344
0.018539
0.019505
0.019148
0.017871
0.016791
0.016339
0.014051
0.011875
0.011547
0.010825
0.011338
0.012490
0.013887
0.014132
0.014946
0.016195
0.015847
0.015103
0.014765
0.013341
0.010923
0.008357
0.005972
0.004121
0.003741
0.003197
0.003769
0.003408
0.002986
0.001759
0.001031
0.000763
0.000204
0.001153
0.003686
0.005202
0.006019
0.006840
0.006987
0.005939
0.003952
0.003328
0.003172
0.003429
0.004758
0.005945
0.006288
0.006199
0.005582
0.004576
0.003908
0.002522
0.001144
-0.000124
-0.001220
-0.002651
-0.004367
-0.005312
-0.005801
-0.006186
-0.006048
-0.005686
-0.005836
-0.005963
-0.005882
-0.005927
-0.006103
-0.006262
-0.006219
-0.005677
-0.004989
-0.004028
-0.003425
-0.002918
-0.002065
-0.001663
-0.001346
-0.000662
-0.000236
0.000200
0.000411
0.000416
0.000333
0.000178
0.000200
0.000312
0.000592
0.000673
0.000744
0.000879
0.000952
0.000939
0.000898
0.000856
0.000836
0.000779
0.000729
0.000675
0.000580
0.000489
0.000466
0.000465
0.000478
0.000490
0.000511
0.000494
0.000434
0.000346
0.000266
0.000210
0.000168
0.000145
0.000141
0.000127
0.000112
0.000094
0.000065
0.000039
0.000010
-0.000021
-0.000053
-0.000081
-0.000108
-0.000135
-0.000162
-0.000187
-0.000212
-0.000235
-0.000258
-0.000278
-0.000297
-0.000315
-0.000332
-0.000347
-0.000362
-0.000376
-0.000389
-0.000402
-0.000413
-0.000424
