0.009646
0.014244
0.014095
0.004319
-0.009132
-0.012496
-0.004906
0.011350
0.026226
0.017825
0.005136
-0.012221
-0.018744
-0.001878
0.017077
0.018225
0.007128
0.008927
-0.009402
-0.008366
0.018017
-0.004106
-0.013058
0.012857
-0.009880
-0.011176
0.028820
0.027463
0.010508
-0.027401
-0.051514
-0.017576
0.014607
0.005669
-0.006268
0.011189
-0.005523
-0.004587
0.011567
-0.033443
-0.029278
-0.005777
-0.005310
0.008191
-0.000828
0.025934
0.034600
0.004687
-0.043573
-0.045022
-0.023941
-0.000558
0.045336
0.017388
-0.005582
-0.034680
-0.039530
0.009105
0.019234
-0.005150
-0.004999
-0.019025
-0.029067
0.012963
0.033991
0.028175
0.009624
-0.028742
-0.032823
0.010339
0.014650
-0.022544
0.013078
0.020134
-0.030418
-0.018257
0.005265
0.003864
0.010724
-0.018446
-0.053477
-0.025723
0.000272
0.101116
0.071383
-0.086905
-0.144980
-0.111621
0.018732
0.108244
0.101517
-0.055760
-0.139380
-0.049465
0.039322
0.046480
0.047170
0.031755
-0.066500
-0.089983
-0.113507
-0.039371
0.056491
0.110506
0.026962
-0.112467
-0.014534
0.008902
-0.043246
-0.034267
-0.030671
0.049202
0.034499
-0.025182
0.041134
0.103961
0.061147
-0.082758
-0.106981
0.004319
0.074149
0.126926
0.093603
-0.082406
-0.128248
0.048825
0.104968
-0.065832
-0.108410
-0.049825
0.005937
0.062794
-0.010537
-0.006670
-0.027329
0.065963
0.185684
0.055238
0.011550
0.082819
0.092494
0.044926
-0.077835
-0.115493
-0.071055
0.058985
-0.002935
-0.044963
0.032801
0.002692
0.025856
0.021084
-0.072982
-0.071277
0.000571
0.030608
0.054958
0.008515
-0.022309
-0.016255
0.059487
0.045325
-0.053528
-0.013858
-0.010898
0.013971
0.026006
0.017754
0.028036
-0.020058
0.018732
-0.034807
-0.084078
0.028428
0.086226
0.040672
-0.021554
0.010197
-0.028434
-0.044534
0.048809
0.068179
0.010162
-0.076435
-0.085086
0.009407
0.063152
0.105569
0.075857
-0.079803
-0.103502
0.025153
0.085997
0.002862
-0.054104
0.006668
0.064559
0.024560
-0.034765
-0.047392
-0.032267
-0.012134
-0.068315
-0.002807
0.027748
-0.009277
0.076115
0.055234
-0.068431
-0.094850
-0.023122
0.048168
0.011143
-0.009063
0.009258
-0.005795
0.000514
-0.012843
0.011077
0.045526
0.001367
-0.033144
0.007052
0.038950
0.022568
-0.019237
-0.010044
0.045039
0.056712
0.056539
0.013811
-0.014300
0.044400
0.093108
0.075645
0.039323
0.080954
0.050393
-0.039559
-0.003262
0.027573
0.016735
0.058101
0.012573
-0.043639
0.010912
0.034207
0.045863
0.067832
0.057730
0.041045
0.072031
0.070780
0.027932
0.066084
0.051201
-0.006466
-0.012786
-0.033736
0.029200
0.028792
-0.014245
0.033318
0.009467
-0.051607
-0.030610
0.011553
-0.065856
-0.126190
-0.078116
-0.011472
0.051098
0.055182
-0.022209
-0.119621
-0.136383
-0.098073
-0.091289
-0.034464
-0.041436
-0.061487
-0.057182
0.009544
0.237646
0.342863
0.179889
-0.103592
-0.221547
-0.156255
0.028377
0.119505
0.256256
0.202527
0.093705
0.136867
-0.148610
-0.272961
-0.317237
-0.309873
-0.037401
0.166800
0.277806
0.237567
0.034252
-0.101150
-0.310254
-0.296277
0.104407
0.175984
-0.182269
-0.311443
-0.000770
0.172482
0.263681
0.217807
-0.119720
-0.186170
0.135185
0.190275
0.027566
-0.120068
-0.255990
-0.245050
-0.145097
-0.006270
0.029692
0.064426
0.241233
-0.031286
-0.328787
-0.209867
-0.078598
0.049098
0.202440
0.113826
0.015852
0.126151
0.008194
-0.012512
-0.066946
-0.167417
-0.103111
-0.068663
-0.068502
-0.157882
-0.183581
-0.146975
-0.122057
0.115193
0.244418
-0.106765
-0.205977
0.142659
0.212432
-0.066547
-0.222182
-0.072915
-0.010938
-0.080040
-0.072555
0.009379
0.071921
0.089234
0.090323
0.131415
0.045737
-0.290934
-0.177688
0.299481
0.376259
0.274637
0.139046
-0.051387
-0.063089
0.103953
0.146869
-0.004540
-0.061211
-0.000611
0.000149
-0.085970
-0.109138
-0.067984
0.057666
0.142735
0.070512
0.038193
-0.150084
-0.193234
0.007621
0.108380
0.090941
-0.059530
-0.154083
-0.138065
-0.016834
0.069770
0.003876
-0.107512
-0.139330
-0.025984
0.060407
0.081586
-0.033336
-0.114705
-0.095082
-0.117153
-0.099016
-0.098390
-0.063626
-0.196934
-0.306665
-0.098705
0.005052
-0.114019
-0.050654
0.171225
0.183345
0.194983
0.181590
0.034078
-0.068091
-0.112786
-0.087725
0.039603
0.059969
0.015266
0.046966
0.062965
0.178815
0.125316
-0.176544
-0.189140
0.051697
0.137205
-0.028424
-0.078134
0.041999
-0.044459
-0.151712
-0.254345
-0.199277
0.115811
0.208596
0.301519
0.344716
0.103187
-0.078653
-0.058719
0.109983
0.305274
0.375801
0.288371
0.179147
0.087556
-0.011836
0.130966
0.307534
-0.055997
-0.286720
-0.161612
-0.220027
-0.290011
-0.276791
-0.312734
-0.205868
0.033347
0.253969
0.281412
0.271441
0.411017
0.389685
0.279695
0.143847
-0.057605
-0.033364
0.118324
-0.125553
-0.273315
-0.079682
0.046517
0.171259
0.173048
-0.045338
-0.264864
-0.259052
-0.115760
0.020264
0.151372
0.222522
0.168880
-0.043154
-0.234020
-0.320578
-0.432699
-0.456764
-0.426557
-0.280404
0.153592
0.152218
-0.235378
-0.210822
0.245772
0.244976
-0.303765
-0.234999
0.151486
0.000552
-0.165078
-0.346553
-0.371423
-0.009867
0.097043
-0.195808
-0.305843
0.071786
0.118099
-0.332252
-0.216160
0.298072
0.436879
0.368367
0.327540
0.389760
0.392258
0.187548
-0.204359
-0.111095
0.186491
0.162420
0.344589
0.281011
-0.058359
-0.189541
0.062400
0.317424
0.416468
0.251685
-0.171741
-0.326879
-0.272322
-0.266839
0.022452
0.251803
-0.033712
-0.154963
-0.053347
0.208082
0.402874
0.462473
0.404157
0.180537
-0.044881
-0.120470
-0.164706
-0.075877
0.339701
0.083683
-0.167963
-0.038735
0.063769
0.182227
0.076648
0.078669
-0.079409
-0.024539
0.118468
0.165992
0.122110
-0.237425
-0.317075
0.013942
-0.022828
-0.452967
-0.250828
0.188299
0.145474
0.145529
0.188767
0.269058
0.219165
-0.123427
-0.252085
-0.261683
-0.250199
-0.286274
-0.338317
-0.078006
0.166460
0.138115
-0.110359
-0.234396
-0.052928
-0.124814
-0.233114
-0.263892
-0.060242
0.177618
0.156495
0.226001
0.296626
0.128092
-0.006230
-0.059349
0.089167
0.197920
0.041980
-0.165665
-0.440984
-0.293430
-0.074987
-0.144444
-0.071211
-0.099028
-0.178252
0.085652
0.043225
-0.394205
-0.496352
-0.131258
0.040208
-0.221971
-0.108834
0.003408
-0.036730
0.058257
0.130304
0.143808
0.025370
-0.107581
-0.135128
-0.036396
0.031818
0.065460
0.069857
-0.011304
-0.209655
-0.241270
0.095865
0.274652
0.249560
0.003204
-0.083079
0.109970
-0.018375
0.076947
0.103723
-0.313014
-0.174739
0.074221
0.214183
0.364312
0.365887
0.276940
-0.082999
-0.259837
0.115530
0.140550
-0.132812
0.041051
0.193006
0.164771
-0.025655
-0.051180
0.211627
0.299174
0.220866
-0.076939
-0.143290
0.165435
0.216694
0.103826
-0.055992
-0.009981
0.159279
-0.056733
-0.156244
-0.087631
0.053146
0.171126
0.005524
-0.163956
-0.211708
-0.111157
-0.022418
0.017477
0.092164
0.134798
0.186392
0.205546
0.104576
-0.009343
-0.099086
-0.103865
-0.022392
0.062812
0.082584
0.061301
0.146673
0.215217
0.208519
0.003303
-0.173806
0.023656
0.128204
0.018001
-0.014675
0.017716
0.025030
0.024203
-0.092446
-0.135094
0.034713
0.098009
0.002887
-0.006889
-0.050448
-0.104413
0.011627
0.035794
0.131894
0.173177
-0.066390
-0.293392
-0.310595
-0.195441
-0.168850
-0.116123
0.076851
0.193546
0.143215
-0.098991
-0.241157
-0.102368
0.074236
0.185542
0.090673
-0.067768
-0.160918
-0.278789
-0.204294
-0.128519
-0.223088
-0.212673
-0.056534
0.025172
0.128213
0.128943
-0.063804
0.019613
-0.018011
-0.303148
-0.326843
0.009372
0.094621
-0.154072
0.050014
0.164667
-0.002009
-0.145225
-0.162763
0.131161
0.189724
0.131145
0.117110
-0.323320
-0.300507
0.159050
-0.022313
-0.164942
0.031304
-0.076485
-0.153550
-0.069891
-0.006580
0.043619
0.017610
0.053993
0.080360
0.030738
-0.001054
-0.011650
0.036029
0.060811
-0.019607
-0.026648
0.079312
0.096649
-0.036474
-0.024802
0.099844
-0.033444
-0.108128
-0.025281
0.067027
0.119625
0.150193
0.182875
0.207271
0.139546
-0.049612
-0.066472
0.033526
0.062114
0.031343
0.029306
0.083759
0.091858
0.043903
-0.003171
-0.056323
-0.054145
0.001485
0.024779
-0.011784
-0.105466
-0.172494
-0.175752
-0.044211
0.091769
0.172819
0.120580
-0.118223
-0.267394
-0.201598
-0.000060
0.067313
0.040301
-0.094425
-0.185293
-0.041105
0.085300
0.188045
0.267140
0.165276
-0.093362
-0.294371
-0.293813
-0.132175
-0.022432
0.024822
0.051751
0.060739
0.120619
0.078062
-0.093224
-0.054406
0.111187
0.124266
0.068196
0.012801
-0.022291
-0.008437
0.084755
0.122715
0.058995
-0.006460
-0.065751
-0.049287
0.026707
0.069964
0.085483
0.059745
-0.003753
-0.025836
-0.019469
-0.032572
0.019488
0.087069
0.136830
0.108398
-0.026071
-0.136962
-0.107066
0.028784
0.101391
0.136422
0.135399
0.035252
-0.084976
-0.177829
-0.146363
0.001809
0.089771
0.084689
0.012223
-0.069407
-0.175553
-0.127007
0.017012
0.048646
0.038592
0.008764
-0.005093
-0.063152
-0.044557
0.066556
0.071086
0.065886
0.070619
-0.000839
-0.099840
-0.145917
-0.093054
-0.011369
0.021636
0.025403
-0.000869
-0.095665
-0.092419
-0.016583
0.022168
0.066571
0.051821
-0.047006
-0.037509
0.073323
0.035702
-0.013065
0.023909
0.003045
-0.013535
-0.010031
-0.027155
-0.003172
0.043793
0.051855
0.052316
0.038199
-0.010494
-0.037164
0.005479
0.056056
0.042629
0.015049
-0.023717
-0.029389
-0.017383
0.030607
0.085252
0.084061
0.008509
-0.083040
-0.081616
-0.008852
0.066582
0.124905
0.125859
0.089858
0.001567
-0.038227
-0.000487
-0.001521
-0.015613
0.022539
0.028710
-0.046823
-0.036202
-0.020502
0.004706
0.086753
0.055358
0.015460
-0.062148
-0.070088
0.060521
0.090997
0.127420
0.176499
0.060772
-0.075396
-0.113684
-0.142219
-0.089641
0.120125
0.138373
0.007181
-0.066548
-0.048481
0.018385
0.020224
0.013245
0.037113
0.062961
0.043078
0.018869
-0.092581
-0.047435
0.078436
0.078334
0.070840
-0.039830
-0.044551
-0.005512
-0.026821
0.015193
0.024691
0.067303
0.068708
0.002467
-0.027306
-0.018002
0.006586
-0.012992
0.010277
0.031682
0.031497
0.046455
0.024018
-0.006910
-0.054129
-0.058225
-0.009158
-0.003813
-0.028342
-0.065393
-0.052983
-0.050486
-0.079204
-0.023033
0.027431
0.000451
-0.091400
-0.092822
-0.012929
-0.021133
-0.042718
-0.011749
-0.002200
0.004843
0.048918
0.043923
-0.032794
-0.061192
-0.007050
0.035446
0.034881
0.001302
-0.032207
-0.022138
-0.004443
-0.012550
-0.027984
-0.067133
-0.119903
-0.078957
0.014115
-0.050049
-0.085727
-0.035765
-0.005925
0.031319
0.046317
0.045212
0.054424
0.072993
0.072568
0.032021
-0.012437
-0.004832
0.048233
0.048598
0.002498
-0.075069
-0.086290
0.023295
0.059705
0.036591
-0.003044
-0.022543
-0.038266
-0.079831
-0.058410
-0.016498
-0.011331
-0.009345
0.041583
0.054783
-0.010017
-0.062217
-0.064877
0.001053
0.043286
0.045163
0.013322
-0.003039
0.038216
0.021398
-0.047882
-0.035845
0.027134
0.052224
0.031888
0.004995
0.005278
0.007378
0.028521
0.033773
-0.001269
-0.003863
-0.007249
-0.066690
-0.076193
-0.015705
0.039934
0.092793
0.062209
-0.047209
-0.076859
-0.084087
-0.072698
-0.013710
0.014603
-0.005118
-0.031651
-0.009052
0.038200
0.048134
-0.008706
-0.056556
-0.046562
0.013213
0.024437
0.001923
0.010573
-0.006084
-0.033927
-0.020032
0.034719
0.073828
0.052766
0.012957
0.006990
0.002247
0.035378
0.054139
0.028700
0.009563
-0.000421
0.007606
-0.009701
-0.050745
-0.066030
-0.032293
0.008347
0.049673
0.059366
0.030157
-0.034720
-0.086232
-0.048179
-0.010909
0.022118
0.053240
0.040596
-0.000108
-0.044527
-0.043222
0.010202
0.010273
-0.021582
0.017900
0.099360
0.108150
0.047063
-0.012465
-0.070130
-0.057553
0.017696
0.044391
0.055282
0.044337
-0.025792
-0.116493
-0.132919
-0.084939
-0.099870
-0.067277
0.032173
0.085876
0.082972
-0.037222
-0.127598
-0.114722
-0.103567
-0.027679
0.055557
0.104570
0.074541
-0.029141
-0.076062
-0.041491
0.023467
-0.003526
-0.021466
-0.021039
-0.028100
0.026316
0.073030
0.059571
0.026843
0.038173
0.030066
0.023557
0.029599
0.035807
0.034619
-0.009718
-0.050653
-0.056058
-0.000623
0.009986
-0.024738
-0.051994
-0.053755
-0.005996
0.043076
0.078213
0.030322
-0.069218
-0.136163
-0.134944
-0.041892
0.035552
0.094828
0.106882
0.033407
-0.027172
-0.080810
-0.071982
0.032190
0.098348
0.149281
0.105537
-0.016213
-0.113694
-0.120857
-0.048177
-0.061973
-0.035730
0.037438
0.005623
-0.056121
0.005656
0.070465
0.059101
0.048814
0.009438
-0.050923
-0.034357
-0.038044
-0.039277
0.028112
0.090195
0.107060
0.095336
0.061252
-0.036149
-0.036355
0.041189
0.021706
0.015541
0.023816
0.002320
0.008614
-0.004665
-0.000680
0.025118
0.021527
0.014579
0.013466
0.031719
0.004673
-0.052028
-0.045819
0.012063
0.014546
0.009546
-0.007388
-0.034565
0.019249
0.065389
0.137287
0.082480
-0.131897
-0.238027
-0.181572
-0.035163
0.066742
0.149498
0.126844
0.016345
-0.049909
-0.041879
0.010700
0.007805
0.018314
0.023012
0.014999
0.054559
0.094873
0.090245
0.039482
0.031263
0.007462
-0.094149
-0.072105
0.040847
0.110915
0.033082
-0.164383
-0.148491
-0.003267
0.072133
0.134354
0.126836
0.020368
-0.069864
-0.148734
-0.186545
-0.095257
-0.022490
0.067601
0.085261
-0.071574
-0.155869
-0.188492
-0.116398
0.070902
0.165717
0.154944
0.072485
-0.017079
-0.036656
0.021393
0.022457
-0.008028
-0.023932
-0.020663
-0.058124
0.006579
0.117061
0.023654
0.032266
-0.013888
-0.052407
0.050259
0.067760
0.058650
0.062131
0.037013
-0.008392
-0.037074
-0.008027
0.002476
-0.004124
0.003243
0.006499
0.002022
-0.008539
-0.027072
-0.056705
-0.058776
-0.010006
0.080416
0.061436
-0.030703
-0.021300
0.036931
0.013093
0.012481
0.031963
0.013605
0.016214
-0.009850
-0.008933
0.049298
0.032361
0.007520
-0.016262
0.004870
0.159522
0.065599
-0.187096
-0.158415
0.005144
0.029938
0.010848
0.031286
-0.006363
-0.038447
0.033868
0.053129
0.004021
0.005664
0.057190
0.046756
-0.031195
-0.020359
-0.011234
0.007630
0.018641
0.001278
-0.036485
-0.013824
0.054494
0.089863
0.067715
-0.008150
-0.059069
0.010522
0.116256
0.143022
0.004854
-0.198147
-0.163508
-0.084824
-0.073115
-0.052057
0.017880
0.028484
-0.054288
-0.131272
-0.140780
-0.046596
-0.028621
0.011679
0.127631
0.153236
0.090220
-0.002049
-0.000446
0.036425
0.029739
-0.013814
-0.054709
-0.033182
0.024104
0.027821
-0.030738
-0.046217
0.028764
0.034861
-0.031792
-0.061683
-0.096560
-0.120766
-0.063138
0.089082
0.077314
-0.013192
0.015538
0.018772
0.032924
0.047292
0.075315
0.083615
0.061675
0.054798
0.031768
-0.004662
-0.021939
0.000893
0.027350
0.051786
0.083637
0.055853
-0.049275
-0.124885
-0.093687
0.000941
0.010071
-0.002228
0.042944
0.063532
0.046510
-0.000359
-0.057900
-0.083806
-0.044290
-0.019870
0.029139
0.121354
0.164759
0.127442
0.019116
-0.052736
-0.111276
-0.069335
0.043260
0.016427
-0.064720
-0.050705
0.016870
0.024905
-0.016648
-0.012587
-0.030981
-0.059897
-0.042035
-0.076123
-0.055314
0.010525
-0.010106
-0.069620
-0.024327
0.067835
0.102245
0.027152
-0.189161
-0.251605
-0.165978
-0.098828
-0.017312
0.046089
0.071798
0.117135
0.099812
-0.005527
-0.106403
-0.110834
-0.036078
-0.014236
0.021318
-0.004440
-0.000287
0.045085
0.030239
0.034795
0.050570
-0.010188
-0.081296
-0.006204
0.040197
0.025261
0.018320
-0.001291
-0.063210
-0.058002
-0.001207
-0.024726
-0.026456
0.017874
0.026202
-0.001476
-0.014037
-0.030921
-0.035335
0.010472
0.067337
0.061815
-0.021239
-0.082885
-0.054443
0.023599
0.065367
0.041553
-0.017637
-0.057852
-0.031006
0.041632
0.042175
-0.005908
-0.048702
-0.088974
-0.066277
0.016221
0.085754
0.080807
0.017239
-0.028000
0.001694
0.063071
0.075879
0.061548
0.017340
-0.003961
-0.003522
-0.033528
-0.015571
0.057446
0.072210
0.013676
-0.042017
-0.040338
0.001459
-0.000989
-0.073845
-0.071758
0.013968
0.034419
0.023067
-0.018114
-0.034861
-0.015258
-0.034617
-0.058426
-0.089751
-0.076169
-0.021914
0.024727
0.100974
0.144447
0.051808
-0.119776
-0.108327
0.043143
0.129732
0.112833
0.015539
-0.048481
-0.083732
-0.045878
0.089105
0.050937
-0.133567
-0.219534
-0.146939
-0.025665
-0.017731
-0.049709
-0.051750
0.038149
0.119072
0.095732
0.037301
-0.002963
-0.005601
0.049042
0.099189
0.138971
0.123312
0.057584
0.003882
-0.029746
0.017986
0.078058
0.122957
0.069434
-0.092122
-0.228050
-0.232463
-0.115716
-0.034963
0.004547
0.024229
-0.027098
-0.154463
-0.176596
-0.047835
0.031894
0.131944
0.237295
0.170103
0.090599
0.064157
0.079085
0.136391
0.149995
0.147708
0.024569
-0.219038
-0.049824
0.057306
-0.252345
-0.243410
-0.085548
0.065543
0.216494
0.056759
-0.009724
0.049377
0.039190
0.074400
-0.018506
0.094825
0.204874
0.111885
-0.075280
-0.126642
-0.010151
0.074892
0.129407
0.081827
-0.091744
-0.109918
0.037680
0.111392
0.120452
0.052941
-0.004758
-0.017818
-0.004345
-0.022125
-0.052772
-0.073870
-0.137352
-0.148643
-0.119893
-0.054157
0.039105
0.106898
0.189981
0.229155
0.223526
0.166872
0.032260
-0.055078
-0.084818
-0.038681
-0.034218
-0.041863
0.044963
0.119825
0.180683
0.160590
-0.002342
-0.125130
-0.162779
-0.149052
-0.105057
-0.093804
-0.057196
-0.022983
0.010704
0.048359
0.050934
0.067954
0.065495
-0.024648
-0.077262
-0.110604
-0.126699
-0.130373
-0.099862
0.044492
0.130730
0.039116
-0.151464
-0.177354
-0.060503
0.032620
0.095616
0.071298
-0.057229
-0.063764
0.046422
0.023015
0.025713
0.062334
0.029360
-0.019918
-0.075257
-0.134366
-0.132378
-0.051798
0.015656
0.070719
0.056321
-0.045059
-0.083178
-0.021109
0.001972
0.008575
0.016645
-0.042841
-0.058674
-0.012031
0.013610
0.025638
0.049030
0.042820
0.000975
-0.023669
-0.039183
-0.027699
0.012363
0.001212
-0.050405
-0.029804
0.038551
0.058770
0.045250
-0.007038
-0.058106
-0.029159
0.047909
0.061930
0.042205
0.038560
0.001448
-0.046167
-0.036693
0.023302
0.008951
-0.030379
-0.038354
-0.096687
-0.079321
-0.017031
0.005973
0.048050
0.003445
-0.032871
-0.006435
-0.033171
-0.090245
-0.087436
-0.029390
0.018176
0.035684
0.059017
0.061503
0.022433
0.004074
0.007074
0.037646
0.046955
0.030421
0.045517
0.052843
0.054994
0.069975
0.094106
0.029667
-0.101007
-0.177396
-0.190659
-0.105418
-0.042921
-0.010882
0.027476
0.040319
0.003251
-0.021742
0.038988
0.115689
0.097021
0.005333
-0.005387
0.022801
-0.012364
-0.052767
-0.038210
-0.022034
-0.041183
-0.038527
-0.060635
-0.016852
0.114311
0.175805
0.113012
-0.016810
-0.080171
-0.078774
-0.021771
0.030665
0.068362
0.073707
0.031683
0.008526
0.069259
0.109942
0.037551
-0.018058
-0.033772
0.003337
0.021480
0.010596
0.051753
0.100227
0.114775
0.060042
-0.008529
-0.059027
-0.084536
-0.099572
-0.098713
-0.013431
0.066067
0.119574
0.086693
-0.031120
-0.104821
-0.084491
0.017308
0.027788
-0.024737
-0.037045
-0.027775
0.048192
0.115144
0.091473
0.006152
-0.073557
-0.087014
-0.006714
0.046475
0.053066
0.026497
-0.028147
-0.054775
-0.029335
0.014336
0.026279
0.029294
0.071276
0.030783
-0.096302
-0.104229
0.004215
0.048041
-0.005934
-0.069239
-0.055455
0.011724
0.056827
0.050272
-0.035220
-0.051386
0.033478
0.090327
0.079522
0.030575
-0.011218
-0.065730
-0.080360
-0.078769
-0.091794
-0.100095
-0.073266
0.031799
0.095011
0.057240
-0.031361
-0.089465
-0.098464
-0.071511
-0.046728
-0.040822
-0.043373
-0.024612
0.005054
0.040187
0.070899
0.060505
-0.000336
-0.045232
-0.058986
-0.061393
0.002694
0.045883
0.046074
0.033066
0.045206
0.056717
0.023498
0.019281
0.036404
-0.010233
-0.038767
0.005144
0.002637
-0.030014
-0.006820
0.024483
0.035939
0.033159
0.062397
0.076668
0.024394
-0.022470
-0.032197
0.012935
0.016800
-0.033086
-0.054846
-0.041836
0.019278
0.046246
-0.017486
-0.058111
-0.020896
-0.000878
-0.032952
-0.031134
0.035965
0.094589
0.074501
-0.010636
-0.047138
0.007475
0.061308
0.044190
-0.000546
-0.048002
-0.063082
-0.044960
-0.044964
-0.026493
-0.026529
-0.023255
0.005958
0.032839
0.022787
-0.038363
-0.036692
0.019125
0.038486
0.020327
0.028782
0.039184
0.014618
0.035029
0.049046
0.007591
-0.008841
0.035876
0.050402
0.002354
-0.065342
-0.072134
-0.037216
-0.001276
0.059005
0.115900
0.120503
0.040829
-0.004789
-0.034814
-0.048240
-0.011291
-0.049178
-0.064884
0.017330
0.087209
0.072568
-0.033403
-0.141442
-0.122780
0.007561
0.079083
0.090956
0.038613
-0.074973
-0.067697
0.027395
0.085167
0.087958
0.008871
-0.093167
-0.121258
-0.029847
0.020587
0.051678
0.041122
-0.035700
-0.083578
-0.072935
-0.019824
-0.015700
0.015758
0.063818
0.055769
0.000000
-0.047380
-0.026056
0.021292
0.023854
0.027667
0.044702
0.057390
0.007158
-0.005119
0.077390
0.096138
0.008013
-0.096131
-0.113661
-0.044386
0.002702
0.028946
0.044743
0.019463
-0.065859
-0.073849
0.052387
0.075256
-0.001494
-0.028466
0.007008
0.028009
0.026022
0.002534
-0.023741
-0.020135
-0.037699
-0.050701
-0.024169
-0.018514
-0.028341
-0.043872
-0.053380
-0.013465
0.012329
0.002998
-0.048331
-0.043735
0.033111
0.030908
-0.033545
-0.039890
0.011034
0.035606
0.022981
0.007181
0.013317
0.015272
-0.013654
-0.007569
0.015902
0.010273
-0.004505
0.021946
0.030157
0.027057
0.010827
-0.074647
-0.095975
-0.040740
-0.008001
0.021440
0.012234
-0.026984
-0.000185
0.035405
0.048625
0.077728
0.073531
-0.012545
-0.074046
-0.056493
0.015437
0.072862
0.097833
0.086659
-0.003692
-0.044481
-0.001667
-0.010259
-0.008525
0.066749
0.073684
-0.027747
-0.059412
-0.023974
-0.029511
-0.022681
0.002366
-0.014767
-0.064211
-0.085972
-0.075924
-0.034120
0.003843
0.033584
0.019477
-0.094119
-0.107932
0.036460
0.095429
0.057502
0.025504
-0.046042
-0.066019
0.013315
0.053654
0.061961
0.042714
0.012598
-0.007067
-0.030959
-0.031608
-0.012679
0.009970
0.049888
0.067647
0.028074
-0.048350
-0.071374
-0.020231
-0.001926
0.008596
0.009434
-0.009833
-0.018813
-0.008465
-0.026780
-0.039510
-0.012941
0.006685
0.036628
0.048384
0.027298
-0.008247
-0.040392
-0.002356
0.074316
0.102343
0.058860
-0.025860
-0.057805
0.000722
0.061482
0.082753
0.047499
-0.017338
-0.052592
-0.029789
-0.001483
0.020703
0.023866
-0.024002
-0.039948
-0.001289
0.027547
0.031181
-0.012271
-0.031394
0.026036
0.034329
-0.006294
0.002738
0.029014
-0.010132
-0.031479
0.007615
0.040182
0.027952
-0.044781
-0.105536
-0.083115
0.014921
0.065125
0.051563
-0.012630
-0.100273
-0.095964
-0.012545
0.022076
0.012454
0.019971
-0.022017
-0.059857
-0.029979
0.001231
0.007428
-0.028415
-0.049982
-0.008010
0.032994
0.039450
0.016110
-0.008560
-0.035187
-0.044500
-0.004335
0.036004
0.044465
0.011485
-0.033039
-0.029795
0.025442
0.071572
0.064105
0.015576
-0.028961
-0.024641
0.002437
0.004046
0.032165
0.054152
0.023319
-0.019738
-0.039073
-0.004391
0.019097
-0.022132
-0.053188
-0.013966
0.054212
0.072771
0.014659
-0.014462
-0.013499
-0.010427
0.029280
0.042682
0.017826
0.006872
