-0.000185
-0.000339
-0.000394
-0.000230
-0.000252
-0.000240
-0.000214
-0.000168
-0.000107
-0.000032
0.000052
0.000133
0.000194
0.000219
0.000211
0.000191
0.000170
0.000144
0.000112
0.000080
0.000057
0.000041
0.000029
0.000032
0.000052
0.000080
0.000109
0.000133
0.000160
0.000202
0.000255
0.000305
0.000345
0.000361
0.000345
0.000303
0.000241
0.000156
0.000047
-0.000086
-0.000226
-0.000326
-0.000358
-0.000350
-0.000330
-0.000309
-0.000305
-0.000316
-0.000324
-0.000336
-0.000360
-0.000377
-0.000367
-0.000333
-0.000284
-0.000243
-0.000231
-0.000228
-0.000207
-0.000177
-0.000145
-0.000086
0.000004
0.000080
0.000133
0.000185
0.000243
0.000303
0.000337
0.000337
0.000333
0.000340
0.000344
0.000346
0.000370
0.000409
0.000425
0.000419
0.000415
0.000420
0.000432
0.000467
0.000513
0.000529
0.000479
0.000376
0.000299
0.000242
0.000172
0.000109
0.000050
0.000010
0.000011
0.000033
0.000037
-0.000010
-0.000084
-0.000120
-0.000071
0.000067
0.000227
0.000323
0.000339
0.000335
0.000363
0.000412
0.000445
0.000445
0.000447
0.000515
0.000647
0.000787
0.000909
0.001034
0.001118
0.001054
0.000863
0.000673
0.000569
0.000497
0.000355
0.000225
0.000158
-0.000015
-0.000330
-0.000602
-0.000722
-0.000694
-0.000553
-0.000386
-0.000252
-0.000172
-0.000103
0.000031
0.000133
0.000171
0.000297
0.000452
0.000486
0.000373
0.000164
0.000036
0.000168
0.000535
0.000920
0.001127
0.001168
0.001194
0.001215
0.001141
0.001007
0.000880
0.000847
0.000940
0.001025
0.000959
0.000712
0.000344
0.000017
-0.000009
0.000364
0.000899
0.001283
0.001460
0.001441
0.001296
0.001349
0.001651
0.001846
0.001788
0.001535
0.001126
0.000749
0.000737
0.001181
0.001705
0.001898
0.001786
0.001652
0.001659
0.001752
0.001812
0.001712
0.001406
0.001087
0.000993
0.001138
0.001322
0.001236
0.000866
0.000573
0.000529
0.000643
0.000890
0.001298
0.001714
0.001832
0.001573
0.001148
0.000842
0.000641
0.000357
0.000142
0.000069
-0.000144
-0.000456
-0.000353
0.000256
0.000701
0.000450
-0.000210
-0.000539
-0.000340
-0.000065
0.000063
0.000300
0.000693
0.000905
0.001019
0.001405
0.001997
0.002556
0.002567
0.001676
0.000534
-0.000095
-0.000102
0.000128
0.000154
-0.000040
-0.000428
-0.001044
-0.001482
-0.001449
-0.001261
-0.001246
-0.001379
-0.001422
-0.001110
-0.000561
-0.000255
-0.000351
-0.000558
-0.000446
0.000181
0.000814
0.000912
0.000630
0.000224
-0.000183
-0.000350
-0.000235
-0.000105
-0.000162
-0.000084
0.000781
0.002305
0.003562
0.004200
0.004629
0.004958
0.004923
0.004411
0.003539
0.002620
0.001714
0.000741
-0.000036
-0.000560
-0.001032
-0.001508
-0.002070
-0.002387
-0.001867
-0.001024
-0.001081
-0.002015
-0.002810
-0.003244
-0.003578
-0.003699
-0.003484
-0.002802
-0.001759
-0.000963
-0.000653
-0.000216
0.000749
0.001772
0.002397
0.002571
0.002237
0.001449
0.000592
0.000148
0.000209
0.000381
0.000340
0.000177
0.000057
-0.000214
-0.000862
-0.001484
-0.001636
-0.001733
-0.002060
-0.001824
-0.000674
0.000301
0.000325
-0.000093
-0.000614
-0.001279
-0.001393
-0.000510
0.000550
0.001211
0.001744
0.002075
0.002033
0.001923
0.001999
0.002041
0.001233
-0.000847
-0.003248
-0.004945
-0.006026
-0.006689
-0.006721
-0.006332
-0.005814
-0.004538
-0.002065
0.000660
0.002526
0.003217
0.002823
0.001779
0.000996
0.001146
0.001677
0.001484
0.000463
-0.000341
-0.000250
0.000232
0.000424
0.000290
0.000148
0.000172
0.000272
0.000361
0.000849
0.001645
0.001541
0.000470
-0.000197
0.000019
0.000417
0.000482
-0.000073
-0.001511
-0.003219
-0.003966
-0.003210
-0.001492
0.000060
0.000466
-0.000043
-0.000395
-0.000201
0.000143
0.000273
0.000208
0.000136
0.000147
0.000202
0.000189
0.000337
0.001204
0.002331
0.002689
0.002780
0.003417
0.003812
0.003342
0.002884
0.003292
0.004149
0.004541
0.004263
0.003244
0.001298
-0.000964
-0.002882
-0.004390
-0.004930
-0.003714
-0.001467
-0.000089
-0.000598
-0.002786
-0.005118
-0.004275
0.000686
0.005021
0.004786
0.001875
-0.000255
-0.000524
-0.000111
0.000004
0.000157
0.000757
0.002036
0.003703
0.004799
0.005145
0.005861
0.006928
0.006434
0.003550
-0.000620
-0.004106
-0.005119
-0.003777
-0.001617
0.000567
0.003322
0.006680
0.009063
0.009453
0.008247
0.006087
0.003620
0.001139
-0.000644
-0.000568
0.001048
0.002701
0.003161
0.002605
0.001696
0.000261
-0.001400
-0.002390
-0.002263
-0.001179
0.000209
0.001562
0.003158
0.005081
0.006768
0.007111
0.005564
0.002496
-0.001111
-0.003901
-0.005683
-0.007088
-0.008384
-0.009535
-0.010004
-0.009434
-0.008047
-0.006204
-0.004814
-0.004669
-0.004515
-0.002266
0.001726
0.004876
0.005591
0.004753
0.004122
0.004326
0.004781
0.005488
0.006893
0.007435
0.005853
0.003637
0.002208
0.001985
0.002249
0.001112
-0.002319
-0.007131
-0.010688
-0.010608
-0.007861
-0.005243
-0.004416
-0.005214
-0.006019
-0.005253
-0.002751
0.000332
0.002824
0.003962
0.003249
0.001229
-0.000449
-0.000124
0.001819
0.003648
0.005743
0.008967
0.011991
0.013865
0.015010
0.014761
0.012315
0.008943
0.006150
0.003625
0.000873
-0.001523
-0.003022
-0.003376
-0.003532
-0.005125
-0.007613
-0.009095
-0.009001
-0.008358
-0.007623
-0.006397
-0.004912
-0.003231
-0.001488
0.000147
0.002385
0.005097
0.007035
0.007861
0.007845
0.006840
0.005325
0.005051
0.006865
0.008877
0.008651
0.006109
0.003364
0.001776
0.000340
-0.002367
-0.006542
-0.010928
-0.013287
-0.012597
-0.010144
-0.007687
-0.005782
-0.004347
-0.003792
-0.003805
-0.002779
-0.000061
0.003480
0.006338
0.006892
0.004762
0.001144
-0.002526
-0.005483
-0.007689
-0.009532
-0.010978
-0.011544
-0.011280
-0.010166
-0.008099
-0.005733
-0.003634
-0.001750
-0.000329
0.000025
-0.000404
-0.001118
-0.002172
-0.002723
-0.001596
0.000167
-0.000048
-0.003140
-0.007572
-0.011172
-0.012330
-0.010437
-0.006419
-0.002313
0.000086
0.000119
-0.001295
-0.002785
-0.003596
-0.002921
-0.000589
0.002184
0.004345
0.006020
0.007843
0.009770
0.011404
0.012305
0.011346
0.008253
0.004904
0.003141
0.002174
0.001184
0.001474
0.002926
0.004466
0.006585
0.009527
0.012630
0.015240
0.016982
0.017605
0.017066
0.016081
0.015133
0.014019
0.012746
0.010852
0.007288
0.002662
-0.001062
-0.003259
-0.004083
-0.002671
0.001070
0.004703
0.006547
0.006855
0.005800
0.004017
0.002206
0.000604
-0.000349
-0.000658
-0.001898
-0.005380
-0.009757
-0.012233
-0.011060
-0.006710
-0.001022
0.003119
0.003598
0.001448
-0.001430
-0.003598
-0.003836
-0.002802
-0.002275
-0.002697
-0.003299
-0.002911
-0.001173
0.000234
0.000375
0.000160
-0.000217
-0.000750
-0.000312
0.002116
0.005213
0.006370
0.005190
0.003222
0.001940
0.001962
0.002561
0.002696
0.002916
0.004468
0.007042
0.009762
0.012479
0.015510
0.019178
0.022269
0.022795
0.020996
0.018064
0.013565
0.008097
0.004397
0.003347
0.003556
0.003732
0.003354
0.003442
0.004641
0.005247
0.003904
0.002449
0.003353
0.005890
0.007927
0.008398
0.007703
0.007153
0.007337
0.007835
0.007814
0.006435
0.003545
0.000351
-0.001387
-0.000392
0.003257
0.008057
0.012350
0.014482
0.013615
0.010026
0.004466
-0.001016
-0.004326
-0.006001
-0.008089
-0.011365
-0.014487
-0.015286
-0.013195
-0.009973
-0.008141
-0.008474
-0.009705
-0.010966
-0.011997
-0.012245
-0.011251
-0.009270
-0.008322
-0.009513
-0.011231
-0.011540
-0.009837
-0.008083
-0.007837
-0.007624
-0.006429
-0.006058
-0.007805
-0.009590
-0.009541
-0.008649
-0.008324
-0.008657
-0.009047
-0.009151
-0.008476
-0.006603
-0.003848
0.000022
0.005438
0.011974
0.018206
0.021988
0.022524
0.020413
0.016205
0.010441
0.003352
-0.004658
-0.012172
-0.017276
-0.019188
-0.019349
-0.019454
-0.020492
-0.022874
-0.025404
-0.027152
-0.029150
-0.031794
-0.033907
-0.035430
-0.037323
-0.038946
-0.038808
-0.037385
-0.035701
-0.033679
-0.031459
-0.029654
-0.028980
-0.029329
-0.029639
-0.029105
-0.027260
-0.023793
-0.019285
-0.015181
-0.012694
-0.012043
-0.012811
-0.014268
-0.015202
-0.014431
-0.012222
-0.010172
-0.009080
-0.009210
-0.010811
-0.013257
-0.015857
-0.017795
-0.017715
-0.015828
-0.014143
-0.013315
-0.011862
-0.008463
-0.002961
0.004084
0.012020
0.020354
0.028511
0.036210
0.043044
0.047823
0.050750
0.053045
0.054685
0.055508
0.055435
0.053891
0.049878
0.042998
0.034575
0.026925
0.021271
0.016852
0.011947
0.005526
-0.001438
-0.007139
-0.010455
-0.011350
-0.010944
-0.010706
-0.010830
-0.010588
-0.010548
-0.011495
-0.012552
-0.012751
-0.012138
-0.011391
-0.010958
-0.010856
-0.012121
-0.015236
-0.018392
-0.019279
-0.016882
-0.011913
-0.005370
0.001787
0.008089
0.012718
0.015050
0.014661
0.012052
0.008059
0.003411
-0.001841
-0.007631
-0.012604
-0.014988
-0.015096
-0.015397
-0.017244
-0.020371
-0.024169
-0.027283
-0.028344
-0.026638
-0.022161
-0.015647
-0.008355
-0.002071
0.002100
0.004313
0.005509
0.007539
0.011074
0.014101
0.014675
0.012947
0.009959
0.005720
-0.000199
-0.005872
-0.007624
-0.004399
0.001081
0.005758
0.008462
0.009387
0.008880
0.007816
0.008242
0.010959
0.014198
0.016754
0.018806
0.019134
0.016583
0.012394
0.008072
0.003641
-0.001162
-0.005100
-0.006893
-0.007168
-0.007109
-0.007908
-0.011117
-0.016183
-0.020270
-0.022503
-0.023416
-0.021866
-0.017407
-0.011818
-0.006314
-0.001029
0.003324
0.005129
0.003112
-0.001870
-0.006866
-0.008964
-0.007132
-0.003110
-0.000077
0.001115
0.001562
0.001792
0.002748
0.005622
0.009867
0.013830
0.016706
0.018849
0.020912
0.023129
0.025419
0.027194
0.027055
0.024108
0.018699
0.011153
0.001806
-0.008320
-0.018263
-0.026464
-0.029962
-0.027078
-0.019671
-0.011191
-0.004262
-0.000012
0.001532
0.000267
-0.003412
-0.007973
-0.012117
-0.014933
-0.016125
-0.016548
-0.016099
-0.014045
-0.010742
-0.007433
-0.005680
-0.005064
-0.003544
-0.000066
0.005367
0.012524
0.020352
0.027013
0.032043
0.035422
0.036129
0.034148
0.030759
0.027292
0.024826
0.023674
0.023074
0.022341
0.021248
0.019013
0.015186
0.010863
0.006641
0.002859
0.001273
0.002664
0.006357
0.011524
0.017311
0.023701
0.031068
0.038427
0.043624
0.044953
0.042695
0.039018
0.035489
0.031867
0.027238
0.021311
0.014846
0.009203
0.005453
0.003412
0.002930
0.005043
0.010010
0.016525
0.023101
0.029016
0.034073
0.037605
0.038130
0.034858
0.028217
0.019168
0.009780
0.001395
-0.007042
-0.015919
-0.024051
-0.030845
-0.036895
-0.043439
-0.050712
-0.057557
-0.062857
-0.066339
-0.068818
-0.071517
-0.074408
-0.075857
-0.074546
-0.070366
-0.063181
-0.053388
-0.042710
-0.031919
-0.019980
-0.005932
0.009510
0.024288
0.036194
0.044492
0.050749
0.055632
0.057695
0.056424
0.053330
0.049882
0.045343
0.037808
0.027175
0.015252
0.003288
-0.007798
-0.016426
-0.021992
-0.025263
-0.027296
-0.028756
-0.028542
-0.024390
-0.015838
-0.003970
0.010045
0.024585
0.038617
0.051882
0.063461
0.072143
0.077315
0.079151
0.078283
0.074639
0.067562
0.057981
0.048489
0.040567
0.034490
0.031336
0.031770
0.033945
0.035125
0.033823
0.029616
0.023462
0.017364
0.012058
0.006269
-0.001738
-0.012392
-0.024357
-0.035102
-0.042522
-0.046784
-0.048571
-0.047254
-0.043137
-0.038018
-0.033371
-0.029524
-0.025877
-0.022286
-0.019164
-0.016310
-0.013404
-0.011281
-0.011259
-0.012537
-0.012841
-0.011078
-0.007226
-0.002147
0.003053
0.008656
0.016366
0.026530
0.037837
0.049290
0.059359
0.066236
0.067686
0.062045
0.051751
0.040870
0.029915
0.017863
0.005373
-0.006887
-0.019179
-0.030766
-0.040213
-0.048607
-0.057595
-0.065967
-0.072165
-0.076615
-0.080403
-0.083898
-0.086731
-0.087733
-0.085818
-0.080934
-0.073335
-0.062608
-0.048425
-0.032514
-0.017599
-0.003789
0.011571
0.028680
0.043673
0.052380
0.051616
0.041750
0.027343
0.012221
-0.001767
-0.015053
-0.030327
-0.050036
-0.072284
-0.090495
-0.100958
-0.104620
-0.103519
-0.099148
-0.092569
-0.085275
-0.078385
-0.071806
-0.064548
-0.055899
-0.047241
-0.040301
-0.034189
-0.027323
-0.019007
-0.009985
-0.002524
0.002239
0.005521
0.008556
0.010551
0.010569
0.010084
0.011163
0.014071
0.017662
0.019828
0.019151
0.015920
0.011065
0.004867
-0.002697
-0.010048
-0.015377
-0.018083
-0.018111
-0.016480
-0.014848
-0.013772
-0.012958
-0.011569
-0.008815
-0.005367
-0.002005
0.000811
0.002358
0.002622
0.002321
0.001730
0.000271
-0.001774
-0.003752
-0.006141
-0.008470
-0.009543
-0.010075
-0.011055
-0.012174
-0.013301
-0.013747
-0.013202
-0.013112
-0.014020
-0.014575
-0.013740
-0.012478
-0.012322
-0.012637
-0.010964
-0.006177
0.001094
0.010797
0.024652
0.042956
0.061374
0.074759
0.081609
0.083004
0.080222
0.074669
0.068083
0.062449
0.058560
0.055311
0.051676
0.046925
0.041153
0.036244
0.033384
0.031695
0.030907
0.032270
0.036955
0.044460
0.052484
0.058614
0.060029
0.054775
0.044680
0.034728
0.029325
0.028506
0.029181
0.028386
0.024565
0.018277
0.011412
0.005756
0.002616
0.002523
0.004266
0.006059
0.007375
0.007557
0.005637
0.000994
-0.005720
-0.011495
-0.013682
-0.012351
-0.008732
-0.003755
0.000277
-0.000015
-0.004751
-0.009860
-0.011613
-0.010017
-0.008446
-0.011422
-0.021458
-0.035963
-0.049342
-0.058761
-0.064748
-0.068653
-0.070563
-0.068657
-0.061737
-0.050742
-0.036336
-0.018931
-0.000426
0.016654
0.029089
0.034513
0.032387
0.023101
0.009705
-0.003498
-0.014707
-0.023254
-0.027749
-0.029316
-0.031707
-0.036114
-0.040413
-0.042291
-0.041357
-0.038886
-0.036120
-0.032673
-0.027658
-0.022114
-0.017695
-0.014615
-0.011528
-0.007904
-0.004441
-0.000547
0.006078
0.017076
0.030254
0.041002
0.046177
0.044979
0.038562
0.030740
0.025783
0.024986
0.027709
0.032093
0.034962
0.033968
0.028286
0.019016
0.009731
0.003606
0.001763
0.004346
0.009714
0.015006
0.019851
0.025103
0.029208
0.030137
0.026923
0.019263
0.008763
-0.002438
-0.014089
-0.026569
-0.038780
-0.049368
-0.058055
-0.063748
-0.065009
-0.062969
-0.059823
-0.055400
-0.048225
-0.038303
-0.027189
-0.015199
-0.001245
0.014631
0.031229
0.047776
0.064730
0.082280
0.099549
0.114754
0.124738
0.127031
0.121663
0.111509
0.101336
0.093336
0.085271
0.074056
0.057863
0.036278
0.011674
-0.013235
-0.037755
-0.060596
-0.078973
-0.090129
-0.093973
-0.094431
-0.095289
-0.097375
-0.099277
-0.097572
-0.088607
-0.070212
-0.044319
-0.016948
0.009121
0.034131
0.055666
0.069991
0.073743
0.066276
0.051007
0.031312
0.010097
-0.009479
-0.027243
-0.045416
-0.065304
-0.085920
-0.103881
-0.115646
-0.120397
-0.119547
-0.114807
-0.107468
-0.097915
-0.086361
-0.072808
-0.056897
-0.040795
-0.027284
-0.014597
0.000477
0.016874
0.030570
0.039607
0.045212
0.049201
0.052933
0.056668
0.058845
0.057977
0.054636
0.050437
0.046488
0.044013
0.044677
0.048739
0.053755
0.057056
0.058270
0.058281
0.058156
0.058882
0.060702
0.062241
0.061337
0.056812
0.049263
0.041254
0.035379
0.031489
0.027379
0.021654
0.014639
0.007642
0.000714
-0.008215
-0.020054
-0.033125
-0.043888
-0.047846
-0.043019
-0.032205
-0.020086
-0.009052
0.000684
0.010287
0.021866
0.036199
0.051198
0.061970
0.065736
0.064188
0.059970
0.055406
0.050872
0.044072
0.033331
0.018719
0.000878
-0.018009
-0.035123
-0.048603
-0.058269
-0.066427
-0.074320
-0.079995
-0.080847
-0.075944
-0.067652
-0.059902
-0.054256
-0.049091
-0.042072
-0.032893
-0.022766
-0.012283
-0.000963
0.012633
0.029317
0.048203
0.068031
0.085435
0.096144
0.100740
0.102730
0.103151
0.100376
0.092483
0.078331
0.057466
0.030996
0.001883
-0.026741
-0.053279
-0.078332
-0.101732
-0.119368
-0.128063
-0.129567
-0.126937
-0.121374
-0.111365
-0.095729
-0.077901
-0.062355
-0.050796
-0.043239
-0.037803
-0.032792
-0.027520
-0.020119
-0.010087
0.000377
0.009580
0.017008
0.022310
0.025522
0.026446
0.024494
0.019907
0.013673
0.006687
-0.000732
-0.008824
-0.017418
-0.026055
-0.035405
-0.046852
-0.059537
-0.069256
-0.072565
-0.069413
-0.061678
-0.050734
-0.036288
-0.018625
0.000864
0.019844
0.036057
0.049712
0.062142
0.074290
0.085442
0.093061
0.095228
0.091410
0.082482
0.070515
0.057029
0.043817
0.034181
0.029385
0.027333
0.026103
0.024945
0.022560
0.018107
0.013253
0.010034
0.008103
0.005863
0.002016
-0.004056
-0.011421
-0.017916
-0.021559
-0.021779
-0.020173
-0.018727
-0.017905
-0.016800
-0.013638
-0.007425
0.000144
0.005784
0.007590
0.006284
0.003777
0.001602
0.000755
0.001956
0.005348
0.009606
0.013518
0.017316
0.021387
0.025278
0.028102
0.030303
0.032263
0.032314
0.029207
0.024236
0.019225
0.014216
0.008014
0.000149
-0.006598
-0.007892
-0.002436
0.007454
0.017412
0.023698
0.025847
0.025068
0.021665
0.015898
0.009616
0.005010
0.002199
-0.001242
-0.007752
-0.017767
-0.029867
-0.041653
-0.051204
-0.056762
-0.056710
-0.051225
-0.042160
-0.032041
-0.023951
-0.020454
-0.022259
-0.027707
-0.033090
-0.034398
-0.030045
-0.021556
-0.011036
-0.000278
0.008762
0.014694
0.016869
0.015698
0.013140
0.011506
0.011668
0.012756
0.013660
0.013353
0.009849
0.002414
-0.005803
-0.010611
-0.010982
-0.009067
-0.007339
-0.007230
-0.010064
-0.016828
-0.027605
-0.041304
-0.055131
-0.066354
-0.073542
-0.075186
-0.070147
-0.059694
-0.046572
-0.033098
-0.019581
-0.004849
0.010817
0.025545
0.036298
0.039103
0.032398
0.019757
0.006128
-0.006872
-0.019571
-0.031069
-0.039487
-0.043880
-0.044154
-0.040688
-0.034662
-0.027302
-0.018540
-0.007744
0.004563
0.017417
0.029999
0.040859
0.048290
0.051403
0.051575
0.052101
0.054077
0.055252
0.053423
0.047647
0.036937
0.021464
0.004393
-0.010570
-0.021135
-0.025494
-0.024035
-0.020587
-0.017924
-0.016344
-0.016201
-0.018022
-0.022669
-0.029213
-0.033699
-0.033173
-0.028222
-0.021257
-0.013583
-0.005381
0.002926
0.011196
0.019706
0.028424
0.037157
0.045517
0.052702
0.057376
0.057212
0.050210
0.037247
0.022509
0.009990
0.000229
-0.008225
-0.015643
-0.021032
-0.024965
-0.028763
-0.031973
-0.033871
-0.034234
-0.032403
-0.027550
-0.019129
-0.007516
0.006484
0.023748
0.043770
0.061610
0.073160
0.077627
0.075625
0.068549
0.058416
0.048464
0.041661
0.038191
0.036459
0.034348
0.028826
0.017346
0.000578
-0.017418
-0.033032
-0.045608
-0.055745
-0.063114
-0.066566
-0.066141
-0.064094
-0.062230
-0.059876
-0.055818
-0.050189
-0.044435
-0.038920
-0.033012
-0.027909
-0.025400
-0.026294
-0.030026
-0.034271
-0.037165
-0.039002
-0.040795
-0.042066
-0.040587
-0.034581
-0.025241
-0.016125
-0.009539
-0.005884
-0.005281
-0.006568
-0.007038
-0.005201
-0.001925
0.001824
0.005257
0.007034
0.007705
0.009508
0.013799
0.020091
0.025240
0.026315
0.023289
0.017378
0.010422
0.003614
-0.002898
-0.008178
-0.010653
-0.010363
-0.009288
-0.009046
-0.011298
-0.017450
-0.025906
-0.032698
-0.034862
-0.031640
-0.023843
-0.013862
-0.004655
0.002250
0.007538
0.013121
0.021013
0.032391
0.045794
0.057282
0.063341
0.062365
0.055203
0.045193
0.034657
0.022992
0.009741
-0.003354
-0.013104
-0.016586
-0.014238
-0.010372
-0.008757
-0.010353
-0.015312
-0.023066
-0.031377
-0.037562
-0.039267
-0.036964
-0.034325
-0.033027
-0.031355
-0.027661
-0.021880
-0.014634
-0.006301
0.003784
0.016230
0.029596
0.041178
0.048268
0.049361
0.044943
0.036661
0.026318
0.016158
0.008409
0.003062
-0.000971
-0.003985
-0.005902
-0.007416
-0.010134
-0.015419
-0.023786
-0.033479
-0.041479
-0.046593
-0.049608
-0.051081
-0.049424
-0.043167
-0.034378
-0.027231
-0.024608
-0.024962
-0.023215
-0.016556
-0.005542
0.007059
0.016809
0.021698
0.023767
0.026446
0.032407
0.041840
0.051417
0.057374
0.059324
0.058819
0.056854
0.054961
0.054708
0.055439
0.055924
0.055640
0.053984
0.050602
0.045903
0.040803
0.035815
0.029635
0.019838
0.006597
-0.007993
-0.022740
-0.037154
-0.051125
-0.063340
-0.072140
-0.077417
-0.079186
-0.077335
-0.071792
-0.063839
-0.056213
-0.049699
-0.043922
-0.038963
-0.034439
-0.029942
-0.025148
-0.020164
-0.015663
-0.011185
-0.004675
0.005732
0.018274
0.027955
0.032715
0.034079
0.033901
0.033722
0.033195
0.031054
0.027824
0.025157
0.024496
0.026023
0.030000
0.036896
0.044443
0.049852
0.053616
0.058559
0.066729
0.076730
0.084539
0.087801
0.088074
0.088238
0.087883
0.084596
0.078077
0.070844
0.065442
0.061932
0.059051
0.055903
0.052815
0.050306
0.049107
0.049340
0.049959
0.050840
0.052058
0.052704
0.052252
0.051908
0.054212
0.059685
0.066034
0.071662
0.075268
0.076757
0.076894
0.075520
0.074444
0.074065
0.070721
0.061326
0.045387
0.024887
0.002940
-0.018217
-0.036405
-0.049724
-0.058282
-0.062759
-0.063154
-0.059406
-0.052416
-0.044664
-0.037380
-0.030769
-0.026087
-0.023723
-0.022895
-0.022256
-0.020840
-0.018696
-0.015784
-0.011809
-0.007203
-0.004446
-0.005411
-0.008844
-0.011661
-0.011032
-0.006266
0.001335
0.010052
0.018630
0.026338
0.031697
0.031537
0.022458
0.003269
-0.022216
-0.048927
-0.075512
-0.100364
-0.119043
-0.128402
-0.129575
-0.125792
-0.119077
-0.109474
-0.095760
-0.077591
-0.057177
-0.037979
-0.022801
-0.013314
-0.009984
-0.011714
-0.016242
-0.021008
-0.024486
-0.026340
-0.027033
-0.028077
-0.030494
-0.034591
-0.039361
-0.042679
-0.043547
-0.042195
-0.039077
-0.034941
-0.030790
-0.028247
-0.028496
-0.029711
-0.029187
-0.025111
-0.016381
-0.002482
0.014975
0.032415
0.048178
0.062246
0.074308
0.083324
0.088999
0.093307
0.097723
0.098753
0.091722
0.077047
0.058700
0.041169
0.026625
0.012988
-0.003353
-0.022363
-0.041007
-0.057760
-0.072960
-0.087399
-0.101788
-0.115621
-0.126748
-0.132831
-0.134011
-0.133362
-0.131693
-0.126751
-0.116723
-0.101820
-0.084484
-0.067433
-0.053334
-0.042707
-0.034007
-0.025382
-0.014907
-0.003946
0.002814
0.002898
-0.000651
-0.003897
-0.005820
-0.008032
-0.013966
-0.025429
-0.040856
-0.055467
-0.064802
-0.068534
-0.068403
-0.067623
-0.069419
-0.073697
-0.077821
-0.080329
-0.081273
-0.080479
-0.077871
-0.073453
-0.067245
-0.058078
-0.044493
-0.027742
-0.010866
0.003991
0.017100
0.031988
0.053125
0.080550
0.106746
0.124360
0.135224
0.143856
0.150377
0.153538
0.153309
0.150606
0.147187
0.144515
0.141957
0.137898
0.131505
0.122111
0.108756
0.089773
0.062834
0.030004
-0.000949
-0.022873
-0.032817
-0.032776
-0.028906
-0.026281
-0.024648
-0.020282
-0.011381
-0.000986
0.007100
0.013105
0.021017
0.033766
0.050432
0.067051
0.078430
0.083785
0.086830
0.090410
0.094894
0.099425
0.103083
0.105469
0.106913
0.107246
0.106304
0.104102
0.102033
0.101519
0.101057
0.098637
0.092185
0.080247
0.062417
0.040434
0.019011
0.001197
-0.012887
-0.025472
-0.038943
-0.052071
-0.062272
-0.068788
-0.072090
-0.073315
-0.073952
-0.075942
-0.079964
-0.084538
-0.088757
-0.092727
-0.096580
-0.098903
-0.097598
-0.091998
-0.082180
-0.068541
-0.052250
-0.034941
-0.016881
0.001597
0.017333
0.027033
0.028398
0.021218
0.010904
0.004647
0.004288
0.007591
0.011992
0.014660
0.013880
0.009734
0.003892
-0.000675
-0.001918
-0.000149
0.002285
0.003603
0.004235
0.004866
0.005846
0.005749
0.002753
-0.001757
-0.005898
-0.009154
-0.011912
-0.015036
-0.018918
-0.023378
-0.027995
-0.032434
-0.034472
-0.031333
-0.023496
-0.014516
-0.008494
-0.007484
-0.012114
-0.021725
-0.034442
-0.048945
-0.063999
-0.078744
-0.092119
-0.102367
-0.108817
-0.111248
-0.110387
-0.108839
-0.107435
-0.104689
-0.099199
-0.090657
-0.080731
-0.070621
-0.060323
-0.050593
-0.041595
-0.031307
-0.018946
-0.006878
0.002010
0.006247
0.004411
-0.003926
-0.014946
-0.024620
-0.030983
-0.033529
-0.033754
-0.032763
-0.031349
-0.030433
-0.029832
-0.028143
-0.023963
-0.017116
-0.008277
0.001731
0.011219
0.017433
0.019278
0.017934
0.015386
0.013317
0.013011
0.015276
0.019509
0.023560
0.026045
0.027973
0.030249
0.032778
0.035978
0.039900
0.043758
0.046773
0.046651
0.042072
0.033412
0.021530
0.006452
-0.013685
-0.038783
-0.066477
-0.091741
-0.109065
-0.115298
-0.110990
-0.101791
-0.093098
-0.085353
-0.077585
-0.070355
-0.062859
-0.055855
-0.051796
-0.050681
-0.052125
-0.055207
-0.057980
-0.059517
-0.059779
-0.057422
-0.050093
-0.036139
-0.016398
0.006845
0.031409
0.054278
0.073839
0.088242
0.095870
0.098589
0.098464
0.095908
0.091383
0.085891
0.080680
0.077749
0.078220
0.081113
0.085567
0.090785
0.095140
0.097721
0.097412
0.094673
0.090176
0.083130
0.074923
0.066217
0.056332
0.046240
0.037022
0.029059
0.022291
0.015396
0.008031
0.000268
-0.006903
-0.011933
-0.015699
-0.019193
-0.023396
-0.028573
-0.033856
-0.037930
-0.040471
-0.042660
-0.044515
-0.044438
-0.041663
-0.037567
-0.031146
-0.019782
-0.005189
0.010905
0.029482
0.050103
0.070874
0.089140
0.103467
0.114352
0.123151
0.131250
0.137804
0.140655
0.138918
0.133243
0.125933
0.119318
0.113327
0.105774
0.094564
0.081932
0.071460
0.063008
0.055888
0.049761
0.043645
0.036659
0.029118
0.022845
0.018734
0.017559
0.020101
0.026135
0.035766
0.048309
0.062808
0.077384
0.090208
0.101447
0.110686
0.116639
0.119478
0.119929
0.118343
0.115385
0.109845
0.102334
0.093390
0.082123
0.070705
0.060800
0.052972
0.046692
0.040305
0.035134
0.033372
0.034114
0.037203
0.043352
0.050798
0.058167
0.065146
0.070936
0.075667
0.079674
0.082707
0.083991
0.083535
0.083120
0.083561
0.084038
0.083928
0.083973
0.085287
0.088486
0.093550
0.099840
0.106253
0.112247
0.118322
0.124994
0.132450
0.139165
0.144073
0.148458
0.152191
0.152762
0.150142
0.146691
0.144499
0.144425
0.145285
0.144736
0.142582
0.141010
0.140942
0.141915
0.142098
0.140669
0.138278
0.135996
0.135391
0.135914
0.134858
0.131070
0.124567
0.117606
0.112456
0.107690
0.102804
0.096790
0.088527
0.078587
0.068170
0.059607
0.052844
0.046282
0.039048
0.029259
0.018069
0.008875
0.001578
-0.004166
-0.009926
-0.018807
-0.030647
-0.043742
-0.056470
-0.065371
-0.068929
-0.069997
-0.071001
-0.074815
-0.081730
-0.088406
-0.093178
-0.094922
-0.094623
-0.093656
-0.091963
-0.090181
-0.087577
-0.084881
-0.084398
-0.086856
-0.092813
-0.101747
-0.112070
-0.122343
-0.131606
-0.140993
-0.150946
-0.160091
-0.168469
-0.177579
-0.188770
-0.201349
-0.213234
-0.222366
-0.228374
-0.234589
-0.243485
-0.252586
-0.259511
-0.264499
-0.269181
-0.274655
-0.279667
-0.283695
-0.286983
-0.289891
-0.292997
-0.295085
-0.295596
-0.294836
-0.292696
-0.290264
-0.288022
-0.285061
-0.281280
-0.276582
-0.270774
-0.264085
-0.255993
-0.245446
-0.231490
-0.213850
-0.192438
-0.166618
-0.135514
-0.099186
-0.058682
-0.019230
0.010308
0.027032
0.035334
0.039657
0.040389
0.034965
0.023107
0.008417
-0.005997
-0.019619
-0.034497
-0.051778
-0.071358
-0.091937
-0.109024
-0.117664
-0.112638
-0.094915
-0.073581
-0.057981
-0.053241
-0.051746
-0.035779
0.006615
0.069277
0.128161
0.165904
0.187929
0.207867
0.232626
0.261589
0.292496
0.322425
0.346110
0.357855
0.354945
0.341678
0.328091
0.321401
0.321222
0.321589
0.316738
0.305788
0.292737
0.280622
0.263797
0.235563
0.197123
0.153253
0.105814
0.051667
-0.008169
-0.062467
-0.102970
-0.132760
-0.155957
-0.171268
-0.177139
-0.178550
-0.184375
-0.193750
-0.191805
-0.173967
-0.151410
-0.130166
-0.115534
-0.111063
-0.109193
-0.101956
-0.091462
-0.083387
-0.079132
-0.077470
-0.077380
-0.079243
-0.082375
-0.085680
-0.088726
-0.091082
-0.093651
-0.095014
-0.092670
-0.088923
-0.086809
-0.085839
-0.085922
-0.087439
-0.087960
-0.085168
-0.078082
-0.068298
-0.058098
-0.045800
-0.032664
-0.021825
-0.011852
-0.001328
0.010145
0.021018
0.029534
0.036681
0.042185
0.043910
0.039953
0.031260
0.019571
0.005558
-0.009328
-0.023662
-0.036936
-0.049178
-0.060219
-0.070151
-0.078591
-0.085969
-0.094215
-0.103209
-0.111136
-0.119022
-0.128260
-0.137446
-0.144699
-0.148315
-0.148340
-0.148117
-0.148466
-0.146983
-0.143080
-0.135705
-0.124204
-0.109595
-0.091106
-0.065503
-0.032094
0.002043
0.029199
0.049946
0.066581
0.078898
0.087145
0.091413
0.093372
0.095913
0.099033
0.101980
0.105824
0.110146
0.114337
0.118147
0.119917
0.118703
0.114911
0.109460
0.102776
0.096620
0.092087
0.088580
0.086996
0.087240
0.086665
0.083138
0.077637
0.070672
0.061925
0.052302
0.041811
0.030190
0.019298
0.010965
0.004534
0.000058
-0.001858
-0.001244
0.002117
0.008062
0.015416
0.023297
0.031145
0.037812
0.043896
0.049564
0.051923
0.048780
0.040761
0.029945
0.016328
-0.001256
-0.021678
-0.043079
-0.062272
-0.076703
-0.086409
-0.091889
-0.093501
-0.090102
-0.081256
-0.068251
-0.051765
-0.032280
-0.014124
0.000595
0.014809
0.027792
0.038161
0.044849
0.045539
0.041946
0.038463
0.035315
0.030346
0.023540
0.016940
0.012127
0.010787
0.014992
0.022653
0.029582
0.033444
0.032841
0.027899
0.022093
0.019652
0.022020
0.026901
0.030781
0.031362
0.028723
0.024870
0.021467
0.020095
0.019965
0.019620
0.020094
0.019761
0.018407
0.017982
0.016262
0.012902
0.008932
0.004258
-0.000772
-0.005355
-0.009048
-0.013020
-0.016371
-0.018482
-0.020159
-0.020489
-0.018352
-0.013923
-0.007809
-0.000474
0.007494
0.014038
0.017357
0.018743
0.021587
0.028681
0.039248
0.051149
0.061930
0.069378
0.072721
0.072381
0.069530
0.066260
0.064534
0.064373
0.065774
0.068182
0.070042
0.070972
0.070142
0.067918
0.067174
0.067207
0.065739
0.061652
0.054016
0.043310
0.029683
0.012905
-0.006281
-0.024606
-0.038949
-0.049062
-0.054156
-0.053273
-0.047149
-0.038980
-0.032287
-0.028273
-0.026848
-0.025691
-0.021310
-0.013799
-0.005003
0.003718
0.010505
0.014672
0.015411
0.013168
0.009662
0.005049
-0.000365
-0.006620
-0.014469
-0.024132
-0.034283
-0.042073
-0.046593
-0.049499
-0.052103
-0.055037
-0.058052
-0.060333
-0.061561
-0.061835
-0.062053
-0.062820
-0.063512
-0.064544
-0.066800
-0.068903
-0.068505
-0.064822
-0.057884
-0.047609
-0.035482
-0.022442
-0.009871
-0.000596
0.004703
0.006132
0.004945
0.003262
0.002071
0.001539
-0.001049
-0.009128
-0.020527
-0.032626
-0.045105
-0.054864
-0.060416
-0.062688
-0.063146
-0.062642
-0.061030
-0.058681
-0.055928
-0.053838
-0.053071
-0.053067
-0.054070
-0.056452
-0.058484
-0.060193
-0.062988
-0.066261
-0.069071
-0.070551
-0.069043
-0.063334
-0.054143
-0.042663
-0.029549
-0.014772
0.001358
0.017946
0.036427
0.055251
0.069732
0.080174
0.087406
0.091664
0.094567
0.097012
0.099143
0.099038
0.095721
0.089546
0.078693
0.062912
0.045431
0.029094
0.014717
0.003007
-0.005779
-0.010502
-0.009542
-0.004399
0.003704
0.013010
0.021474
0.029192
0.036064
0.041777
0.046220
0.051008
0.056874
0.062956
0.069838
0.076831
0.082464
0.086600
0.089273
0.091065
0.092739
0.093820
0.092409
0.087302
0.079164
0.067349
0.051585
0.032376
0.010099
-0.012323
-0.031867
-0.046876
-0.057859
-0.066722
-0.072582
-0.074978
-0.075160
-0.073878
-0.072840
-0.072714
-0.073038
-0.073061
-0.070739
-0.065575
-0.059117
-0.051552
-0.041751
-0.028222
-0.012153
0.002909
0.014784
0.023298
0.027834
0.027940
0.025692
0.022697
0.020407
0.018336
0.014331
0.009373
0.005035
0.000872
-0.003104
-0.005693
-0.005786
-0.001668
0.006042
0.014211
0.021528
0.027190
0.030547
0.030379
0.024170
0.011251
-0.005768
-0.024101
-0.041917
-0.055176
-0.062052
-0.063914
-0.061111
-0.055734
-0.048326
-0.038300
-0.027333
-0.015763
-0.004467
0.006253
0.016433
0.023901
0.027721
0.027951
0.024358
0.017300
0.007466
-0.005172
-0.019252
-0.031913
-0.043014
-0.052269
-0.058402
-0.061728
-0.062498
-0.061784
-0.060021
-0.056519
-0.052287
-0.046930
-0.040583
-0.035519
-0.032385
-0.031793
-0.033291
-0.033984
-0.032303
-0.028779
-0.022892
-0.015019
-0.006470
0.002810
0.013014
0.023405
0.033007
0.041284
0.047364
0.051628
0.052876
0.048691
0.040885
0.032044
0.023793
0.017243
0.011042
0.004813
0.000319
-0.000915
0.001355
0.005282
0.009348
0.012721
0.015234
0.018553
0.023249
0.027640
0.031137
0.035468
0.039732
0.041899
0.041872
0.039431
0.036625
0.035166
0.034531
0.033379
0.029701
0.023201
0.015054
0.004454
-0.007823
-0.018834
-0.027256
-0.030297
-0.028603
-0.025566
-0.021773
-0.017142
-0.012084
-0.006984
-0.002361
0.001133
0.003850
0.004661
0.002312
-0.001371
-0.005103
-0.009429
-0.014124
-0.019490
-0.026226
-0.032630
-0.036710
-0.038133
-0.036672
-0.031018
-0.020644
-0.006502
0.010199
0.028672
0.047057
0.061208
0.068985
0.071429
0.070845
0.069384
0.067832
0.067306
0.068107
0.069098
0.070242
0.071064
0.069879
0.066602
0.063021
0.061255
0.062379
0.064790
0.065914
0.064395
0.059875
0.052997
0.044413
0.033522
0.020372
0.006612
-0.005723
-0.015761
-0.023822
-0.029436
-0.032164
-0.032356
-0.031079
-0.029892
-0.028662
-0.026551
-0.023249
-0.018957
-0.014753
-0.010322
-0.004365
0.003554
0.012665
0.021108
0.026979
0.029479
0.028506
0.024653
0.020803
0.018731
0.017619
0.017128
0.017314
0.016580
0.013157
0.008378
0.004800
0.003909
0.005028
0.005710
0.004581
0.002190
-0.001250
-0.005321
-0.009512
-0.013411
-0.015234
-0.014794
-0.013465
-0.012067
-0.010436
-0.009467
-0.009904
-0.010029
-0.008499
-0.004496
0.000736
0.004978
0.009472
0.014521
0.018891
0.022202
0.024092
0.025384
0.026714
0.028269
0.029970
0.030747
0.030738
0.031552
0.033221
0.034978
0.037219
0.040905
0.045929
0.050907
0.053878
0.054005
0.052442
0.050433
0.048220
0.045543
0.042391
0.037981
0.031386
0.022796
0.012883
0.000856
-0.013071
-0.026377
-0.039648
-0.053395
-0.065282
-0.072677
-0.074838
-0.074429
-0.073502
-0.072586
-0.072250
-0.073192
-0.076066
-0.081579
-0.089273
-0.096576
-0.101964
-0.105493
-0.106951
-0.106611
-0.105850
-0.104734
-0.103431
-0.103142
-0.103553
-0.104466
-0.105039
-0.103821
-0.101819
-0.100731
-0.100442
-0.099692
-0.098673
-0.097900
-0.096254
-0.093548
-0.090456
-0.085636
-0.077055
-0.065553
-0.052542
-0.038830
-0.025615
-0.012790
0.000315
0.012003
0.020810
0.028199
0.034519
0.039794
0.044427
0.048840
0.052265
0.054441
0.056290
0.055662
0.051906
0.045282
0.036516
0.028019
0.019784
0.012998
0.008089
0.003044
-0.001784
-0.007218
-0.014417
-0.021807
-0.028718
-0.036039
-0.041601
-0.044611
-0.047308
-0.048886
-0.049541
-0.050188
-0.050343
-0.049231
-0.045914
-0.040569
-0.032502
-0.022156
-0.012167
-0.003639
0.003530
0.008942
0.011454
0.011877
0.011583
0.009749
0.007032
0.005064
0.003732
0.002419
0.000980
-0.000825
-0.004116
-0.009427
-0.016241
-0.023869
-0.031614
-0.038660
-0.043993
-0.047596
-0.049680
-0.050289
-0.049236
-0.045903
-0.040437
-0.033484
-0.025335
-0.015077
-0.002404
0.009926
0.019780
0.027579
0.034255
0.040550
0.046151
0.050865
0.054283
0.055894
0.056110
0.055173
0.053589
0.052096
0.050149
0.047177
0.042831
0.036813
0.030589
0.025072
0.019198
0.012068
0.004169
-0.004036
-0.012159
-0.019729
-0.026271
-0.031002
-0.032809
-0.031455
-0.028821
-0.024508
-0.016887
-0.006907
0.003522
0.012176
0.018614
0.024668
0.029684
0.033110
0.035596
0.036586
0.038482
0.042172
0.045648
0.048893
0.051064
0.050200
0.046117
0.040077
0.032581
0.024362
0.016277
0.007537
-0.001792
-0.011530
-0.021449
-0.029543
-0.035623
-0.039472
-0.040359
-0.040661
-0.040979
-0.040160
-0.037594
-0.031977
-0.023647
-0.014019
-0.003172
0.009406
0.022718
0.035126
0.046047
0.055270
0.062849
0.067807
0.069551
0.069778
0.067877
0.062825
0.056586
0.049795
0.041016
0.030486
0.019472
0.008697
-0.000912
-0.009120
-0.014575
-0.017349
-0.019814
-0.023058
-0.028222
-0.034063
-0.038115
-0.039195
-0.037010
-0.032939
-0.027682
-0.020853
-0.012122
-0.002421
0.006681
0.015014
0.022077
0.027621
0.030812
0.030252
0.027849
0.024499
0.019817
0.015655
0.012295
0.008611
0.005174
0.002193
-0.000732
-0.003458
-0.006083
-0.007628
-0.006976
-0.004435
-0.000598
0.004230
0.010223
0.017094
0.022962
0.027112
0.030956
0.034224
0.036101
0.037367
0.036875
0.034351
0.031697
0.028979
0.025204
0.019580
0.011969
0.002429
-0.008418
-0.019561
-0.029819
-0.038426
-0.046519
-0.055078
-0.062888
-0.068207
-0.070327
-0.069863
-0.068045
-0.065331
-0.061765
-0.058443
-0.056269
-0.055040
-0.054121
-0.052563
-0.050493
-0.048459
-0.047375
-0.047260
-0.046123
-0.043856
-0.041787
-0.039412
-0.035678
-0.030112
-0.022852
-0.014283
-0.005524
0.001449
0.005655
0.007193
0.006752
0.003944
-0.001130
-0.006704
-0.012411
-0.018765
-0.024936
-0.029476
-0.032334
-0.035023
-0.038046
-0.040232
-0.041258
-0.041701
-0.041446
-0.040338
-0.038764
-0.038331
-0.039271
-0.039358
-0.038980
-0.039341
-0.040367
-0.041843
-0.043087
-0.044164
-0.044867
-0.044507
-0.043162
-0.041345
-0.039829
-0.038973
-0.038394
-0.037418
-0.036359
-0.035449
-0.032357
-0.026302
-0.019029
-0.011047
-0.001922
0.008127
0.017602
0.025623
0.031511
0.034414
0.034797
0.033952
0.031864
0.028459
0.024235
0.018381
0.011547
0.004450
-0.003666
-0.011097
-0.016682
-0.021656
-0.024703
-0.024746
-0.023311
-0.020672
-0.016674
-0.011475
-0.004225
0.005932
0.018317
0.031268
0.043320
0.053403
0.062246
0.070437
0.076880
0.081193
0.084478
0.087382
0.089237
0.090021
0.090845
0.092180
0.093112
0.092672
0.090091
0.084770
0.077194
0.068985
0.061690
0.054352
0.045834
0.037277
0.028628
0.019202
0.009407
0.000326
-0.007377
-0.013236
-0.016014
-0.015969
-0.014183
-0.011483
-0.008702
-0.005243
-0.001086
0.002878
0.007040
0.010879
0.014129
0.018134
0.022645
0.026511
0.029568
0.031588
0.032790
0.034100
0.035181
0.035297
0.034159
0.032247
0.030000
0.026755
0.022221
0.016246
0.009865
0.004828
0.000923
-0.003061
-0.007110
-0.010312
-0.012912
-0.015617
-0.017885
-0.019155
-0.019280
-0.018956
-0.019045
-0.019465
-0.019312
-0.017612
-0.015977
-0.015898
-0.015823
-0.014418
-0.012280
-0.010010
-0.008039
-0.006576
-0.006168
-0.007025
-0.008169
-0.009082
-0.009948
-0.010758
-0.011045
-0.010578
-0.008871
-0.007383
-0.007425
-0.006556
-0.004990
-0.004993
-0.005296
-0.004501
-0.002862
-0.001739
-0.002079
-0.002449
-0.002826
-0.005070
-0.009217
-0.013500
-0.016648
-0.018395
-0.017925
-0.014958
-0.009792
-0.003080
0.003693
0.010053
0.016194
0.021754
0.026786
0.030601
0.032116
0.031942
0.031158
0.029956
0.027646
0.024349
0.019971
0.014166
0.008054
0.001799
-0.004506
-0.009780
-0.013983
-0.017450
-0.018608
-0.016371
-0.012569
-0.007770
-0.002942
0.001267
0.006330
0.011376
0.015327
0.017851
0.020139
0.023141
0.025722
0.026804
0.024831
0.021138
0.017846
0.014163
0.010120
0.006330
0.002976
0.001116
-0.000155
-0.001669
-0.003539
-0.007078
-0.010612
-0.013106
-0.015549
-0.016934
-0.016783
-0.015837
-0.013455
-0.009916
-0.006099
-0.001792
0.002862
0.007791
0.012411
0.015289
0.016989
0.019319
0.021319
0.022534
0.023150
0.023205
0.023962
0.025294
0.026476
0.027142
0.028083
0.029237
0.029049
0.027703
0.027115
0.027977
0.028911
0.029505
0.029226
0.028311
0.028626
0.029787
0.031223
0.033105
0.035035
0.037615
0.040966
0.044091
0.046396
0.048956
0.052301
0.055198
0.057901
0.060919
0.063579
0.066455
0.069611
0.071588
0.072269
0.071814
0.070086
0.067311
0.064262
0.061619
0.059707
0.057947
0.055012
0.051242
0.047049
0.044027
0.041955
0.038358
0.033909
0.030141
0.027239
0.023905
0.019912
0.015939
0.013000
0.011195
0.009760
0.007951
0.005469
0.003534
0.001736
-0.000288
-0.001858
-0.003290
-0.005939
-0.009615
-0.013156
-0.016584
-0.020528
-0.024435
-0.027618
-0.030051
-0.031142
-0.030886
-0.030039
-0.029217
-0.026941
-0.023838
-0.021606
-0.018051
-0.014746
-0.014225
-0.014211
-0.014316
-0.015801
-0.017732
-0.018768
-0.019478
-0.020021
-0.021035
-0.022875
-0.023266
-0.022255
-0.021222
-0.019169
-0.015477
-0.011611
-0.007649
-0.002912
0.001208
0.005538
0.009750
0.012766
0.016568
0.021332
0.024924
0.027256
0.030226
0.032910
0.034950
0.035416
0.032877
0.029457
0.025743
0.021397
0.016662
0.011706
0.006915
0.002742
0.000217
-0.000971
-0.001281
-0.000139
0.001592
0.002449
0.002861
0.003415
0.003990
0.005229
0.006509
0.006710
0.006495
0.006334
0.007179
0.008968
0.009784
0.009908
0.010782
0.013169
0.015429
0.015634
0.014652
0.012940
0.009782
0.006317
0.003990
0.001449
-0.001037
-0.002687
-0.004473
-0.006586
-0.008620
-0.010318
-0.011670
-0.013350
-0.015483
-0.017313
-0.019778
-0.022266
-0.024810
-0.028126
-0.031034
-0.034398
-0.037248
-0.039374
-0.042445
-0.045711
-0.048169
-0.048849
-0.048015
-0.047001
-0.045775
-0.043787
-0.042041
-0.040087
-0.036681
-0.032713
-0.029107
-0.026154
-0.023632
-0.022010
-0.022162
-0.023667
-0.024934
-0.026293
-0.027944
-0.027780
-0.026098
-0.023830
-0.021999
-0.020945
-0.018472
-0.013851
-0.008533
-0.004176
-0.001196
0.001749
0.004915
0.006722
0.007576
0.009432
0.011922
0.012699
0.011425
0.009375
0.008380
0.009092
0.009798
0.010259
0.011185
0.012231
0.013055
0.014025
0.014659
0.013716
0.012175
0.011024
0.008845
0.005710
0.003110
0.001499
0.000873
0.000970
0.001129
0.000273
-0.003036
-0.008101
-0.013396
-0.019416
-0.025957
-0.031395
-0.035902
-0.040204
-0.043608
-0.046041
-0.047816
-0.049286
-0.050532
-0.050910
-0.048845
-0.044630
-0.039824
-0.035007
-0.030638
-0.025664
-0.019967
-0.014287
-0.008452
-0.002839
0.002378
0.006356
0.008262
0.008915
0.008901
0.008864
0.009733
0.011507
0.014011
0.016411
0.017905
0.019933
0.022433
0.023600
0.023589
0.022489
0.020935
0.020090
0.020255
0.020798
0.020327
0.018530
0.016679
0.016771
0.018006
0.018066
0.018500
0.020334
0.021714
0.023072
0.025214
0.027356
0.029125
0.030360
0.031158
0.031619
0.031325
0.030969
0.031512
0.032042
0.031669
0.030572
0.028858
0.027211
0.026139
0.024520
0.022909
0.022818
0.023168
0.023352
0.023297
0.022814
0.022618
0.021343
0.017847
0.014573
0.011930
0.009525
0.008265
0.007327
0.007276
0.008457
0.009312
0.010065
0.012031
0.015237
0.019093
0.023498
0.028824
0.034708
0.039646
0.043169
0.046790
0.050642
0.053327
0.054478
0.054902
0.055896
0.057263
0.057739
0.057572
0.057864
0.059139
0.060864
0.060807
0.058875
0.057237
0.056853
0.057586
0.058190
0.057807
0.057389
0.057846
0.059002
0.060372
0.061622
0.062868
0.064307
0.066166
0.067639
0.068807
0.070602
0.072219
0.072541
0.071956
0.071891
0.072148
0.071470
0.069840
0.067970
0.065708
0.063555
0.060795
0.056460
0.052065
0.047783
0.044522
0.042041
0.038873
0.036229
0.034033
0.031923
0.029469
0.025874
0.022171
0.019060
0.017271
0.015747
0.013116
0.011210
0.009217
0.006319
0.003459
0.000459
-0.002906
-0.007229
-0.011689
-0.014934
-0.016071
-0.016643
-0.018642
-0.020667
-0.022210
-0.024126
-0.024891
-0.024531
-0.024506
-0.024399
-0.024170
-0.022897
-0.019668
-0.016068
-0.012979
-0.009925
-0.007417
-0.004825
-0.001773
0.000947
0.001848
0.001745
0.002479
0.002379
0.001691
0.001517
0.001064
-0.000505
-0.002326
-0.003535
-0.004869
-0.006041
-0.007332
-0.009193
-0.010545
-0.010630
-0.010517
-0.011995
-0.014037
-0.015436
-0.016379
-0.016763
-0.017577
-0.019038
-0.019754
-0.019880
-0.019687
-0.018563
-0.017593
-0.016601
-0.014481
-0.011958
-0.008897
-0.005130
-0.001670
0.001208
0.003420
0.004678
0.004841
0.004434
0.003530
0.001985
0.000255
-0.001245
-0.002660
-0.005718
-0.010642
-0.014838
-0.018183
-0.022153
-0.025062
-0.026776
-0.028698
-0.030929
-0.032766
-0.032899
-0.031171
-0.029215
-0.029143
-0.029759
-0.030141
-0.030263
-0.029654
-0.029756
-0.030177
-0.029572
-0.028281
-0.026994
-0.026539
-0.026846
-0.026323
-0.024288
-0.022822
-0.022945
-0.022221
-0.020453
-0.019996
-0.020478
-0.020588
-0.021410
-0.023090
-0.024773
-0.026373
-0.027411
-0.028643
-0.030322
-0.031548
-0.031809
-0.031670
-0.031556
-0.031569
-0.032122
-0.032263
-0.032163
-0.032138
-0.032095
-0.031479
-0.029728
-0.028726
-0.028081
-0.026398
-0.024793
-0.023768
-0.022463
-0.020728
-0.019678
-0.019864
-0.020120
-0.020102
-0.019901
-0.019484
-0.019782
-0.019899
-0.019940
-0.021150
-0.022686
-0.023668
-0.023470
-0.022578
-0.022594
-0.023376
-0.023509
-0.023297
-0.022607
-0.022272
-0.023368
-0.023699
-0.023414
-0.023634
-0.024646
-0.026735
-0.028702
-0.029507
-0.029354
-0.029061
-0.028691
-0.028839
-0.029643
-0.030242
-0.030705
-0.030465
-0.029090
-0.027292
-0.025818
-0.024088
-0.021292
-0.017017
-0.011764
-0.007267
-0.003102
0.000960
0.003597
0.005137
0.006009
0.005487
0.004845
0.004737
0.002690
-0.001485
-0.006297
-0.009475
-0.009874
-0.010450
-0.013547
-0.018118
-0.020738
-0.021333
-0.022159
-0.023010
-0.023373
-0.023016
-0.021976
-0.020413
-0.018929
-0.018642
-0.018122
-0.016297
-0.014705
-0.013025
-0.011114
-0.009328
-0.007815
-0.006927
-0.005483
-0.004066
-0.003378
-0.002603
-0.001372
-0.000348
-0.000630
-0.001074
-0.000943
-0.000705
-0.000386
-0.000170
0.000392
0.001311
0.002347
0.003729
0.005248
0.006685
0.008070
0.008912
0.008487
0.008798
0.010381
0.010356
0.009366
0.008153
0.006444
0.005157
0.002695
-0.000642
-0.002909
-0.004109
-0.004933
-0.005832
-0.005947
-0.005868
-0.005855
-0.004856
-0.003364
-0.002595
-0.002804
-0.002364
-0.001894
-0.002547
-0.003292
-0.003744
-0.003532
-0.003766
-0.004484
-0.004265
-0.003886
-0.004446
-0.006330
-0.009267
-0.012122
-0.014993
-0.018523
-0.021776
-0.024403
-0.026490
-0.027999
-0.029062
-0.029003
-0.028648
-0.029173
-0.029416
-0.028422
-0.026481
-0.024426
-0.023140
-0.022023
-0.019942
-0.016953
-0.013896
-0.011184
-0.009192
-0.007411
-0.004075
0.000047
0.003737
0.006306
0.007554
0.009516
0.011870
0.013047
0.013149
0.011987
0.009486
0.006984
0.005326
0.003413
-0.000037
-0.004292
-0.007490
-0.010233
-0.012996
-0.015842
-0.018939
-0.021384
-0.022602
-0.021851
-0.020749
-0.020307
-0.018984
-0.017341
-0.015995
-0.014687
-0.013406
-0.011727
-0.010084
-0.008871
-0.007381
-0.005681
-0.004411
-0.002981
-0.001698
-0.001621
-0.001814
-0.001811
-0.002340
-0.003974
-0.007039
-0.009843
-0.011491
-0.013686
-0.016056
-0.017838
-0.018922
-0.018378
-0.017307
-0.015809
-0.013113
-0.009278
-0.004202
0.000035
0.003072
0.005743
0.008119
0.010882
0.013232
0.015019
0.016850
0.019014
0.020962
0.022022
0.023317
0.024780
0.025948
0.026830
0.027443
0.028655
0.029729
0.029602
0.029181
0.029479
0.029300
0.027351
0.024290
0.021240
0.018495
0.016038
0.013589
0.009296
0.004574
0.001340
-0.002207
-0.006386
-0.009994
-0.012130
-0.013044
-0.014451
-0.016064
-0.016247
-0.015855
-0.015582
-0.015345
-0.014534
-0.013441
-0.012885
-0.012247
-0.011057
-0.009651
-0.008968
-0.007080
-0.004450
-0.003002
-0.000535
0.002636
0.005449
0.008251
0.010455
0.012785
0.015150
0.017122
0.019727
0.022331
0.023582
0.024661
0.026346
0.026935
0.027248
0.028511
0.029737
0.030064
0.028817
0.026781
0.025959
0.025875
0.024785
0.022959
0.021307
0.020247
0.020361
0.021086
0.021172
0.020842
0.020348
0.020416
0.020815
0.020500
0.020552
0.020598
0.020360
0.019620
0.017909
0.016805
0.015824
0.014491
0.012412
0.009446
0.006038
0.002552
0.000192
-0.001287
-0.001822
-0.001557
-0.001435
-0.001167
0.000262
0.002060
0.002703
0.003516
0.005253
0.006591
0.006694
0.006318
0.005793
0.003800
0.002828
0.004430
0.006269
0.007196
0.006480
0.005704
0.006001
0.006260
0.005567
0.003670
0.002277
0.000813
-0.001404
-0.003101
-0.004634
-0.006887
-0.010170
-0.013515
-0.015586
-0.016442
-0.018085
-0.021342
-0.023946
-0.024935
-0.026121
-0.027920
-0.030207
-0.032605
-0.034592
-0.036413
-0.037082
-0.037194
-0.038268
-0.039878
-0.040926
-0.040590
-0.040064
-0.040283
-0.040428
-0.040255
-0.040203
-0.040018
-0.039508
-0.039666
-0.039386
-0.037943
-0.035496
-0.032647
-0.030884
-0.028679
-0.025042
-0.021635
-0.019608
-0.018621
-0.017531
-0.015516
-0.013740
-0.013490
-0.013901
-0.014040
-0.014097
-0.014071
-0.013505
-0.012515
-0.011071
-0.009996
-0.009223
-0.007599
-0.005983
-0.004583
-0.002804
-0.000533
0.001747
0.004079
0.006482
0.007919
0.008692
0.009159
0.009166
0.008757
0.007384
0.006336
0.006462
0.006443
0.006399
0.005690
0.003772
0.002584
0.002729
0.003203
0.002965
0.001281
-0.000559
-0.001645
-0.002725
-0.004125
-0.005645
-0.006536
-0.006920
-0.007810
-0.008610
-0.007614
-0.005376
-0.004841
-0.005163
-0.003829
-0.002476
-0.001831
-0.000620
0.001102
0.002768
0.003434
0.002891
0.001815
0.000215
-0.001628
-0.002889
-0.003792
-0.005232
-0.005604
-0.005236
-0.005491
-0.005278
-0.005637
-0.005644
-0.004848
-0.005126
-0.005463
-0.005908
-0.006137
-0.005600
-0.005372
-0.004588
-0.003127
-0.001580
0.000263
0.000785
0.000035
0.000010
-0.000184
-0.000187
-0.000126
-0.000998
-0.002173
-0.003487
-0.004311
-0.005831
-0.007891
-0.009758
-0.011435
-0.012230
-0.012148
-0.011776
-0.012224
-0.012206
-0.011306
-0.011390
-0.011810
-0.011555
-0.011626
-0.011035
-0.008331
-0.006334
-0.005371
-0.002805
0.000261
0.002372
0.003103
0.003280
0.004171
0.004402
0.003554
0.002846
0.002850
0.003950
0.005849
0.007031
0.006944
0.007301
0.008090
0.008700
0.009043
0.007870
0.006100
0.005049
0.004038
0.002947
0.002101
0.000699
-0.001760
-0.004552
-0.007244
-0.009920
-0.012506
-0.015414
-0.018491
-0.020668
-0.021003
-0.019911
-0.019522
-0.019657
-0.019411
-0.017809
-0.014809
-0.012625
-0.011469
-0.010391
-0.008909
-0.008048
-0.008332
-0.008353
-0.006625
-0.004987
-0.005251
-0.005211
-0.004052
-0.002552
-0.001068
-0.000291
0.000015
0.000932
0.002520
0.004814
0.006811
0.008581
0.010677
0.012647
0.015490
0.017982
0.019046
0.019890
0.020897
0.022064
0.023037
0.023223
0.022582
0.022164
0.022291
0.021608
0.020160
0.019238
0.019265
0.018882
0.017137
0.016178
0.016818
0.016513
0.014650
0.012807
0.011507
0.010855
0.010302
0.008750
0.006755
0.004888
0.003121
0.001614
0.000038
-0.001535
-0.003503
-0.005361
-0.006130
-0.007468
-0.009512
-0.011260
-0.012755
-0.013785
-0.014656
-0.015323
-0.015639
-0.015543
-0.015290
-0.014845
-0.014512
-0.015178
-0.015817
-0.015228
-0.014127
-0.014168
-0.015223
-0.015415
-0.014390
-0.013758
-0.014090
-0.014630
-0.014225
-0.012397
-0.011080
-0.009878
-0.007945
-0.006366
-0.004603
-0.002710
-0.000758
0.002137
0.005626
0.008181
0.009386
0.011075
0.013386
0.014813
0.016049
0.017098
0.016986
0.016360
0.015490
0.014276
0.013857
0.013556
0.012142
0.010620
0.009117
0.007782
0.006659
0.004553
0.002176
0.000378
-0.000606
-0.001499
-0.003334
-0.005040
-0.006195
-0.007271
-0.007442
-0.006362
-0.006040
-0.007069
-0.008328
-0.008386
-0.006435
-0.005056
-0.005328
-0.005897
-0.006141
-0.005683
-0.004227
-0.001854
-0.000182
0.001439
0.003597
0.005381
0.007622
0.009477
0.010566
0.011260
0.011198
0.010728
0.010576
0.010464
0.009375
0.008418
0.007946
0.007268
0.006103
0.005165
0.005305
0.005432
0.005559
0.005665
0.005287
0.005343
0.005005
0.003332
0.002274
0.002327
0.002705
0.002998
0.002703
0.002387
0.002358
0.002013
0.000780
-0.000517
-0.000803
-0.000844
-0.001924
-0.003769
-0.005115
-0.005817
-0.006264
-0.006176
-0.006348
-0.006697
-0.006148
-0.005984
-0.006441
-0.006280
-0.006632
-0.007844
-0.008700
-0.009218
-0.009169
-0.008771
-0.008732
-0.008840
-0.009233
-0.010916
-0.012399
-0.013180
-0.014511
-0.014928
-0.014639
-0.014741
-0.014770
-0.014862
-0.015150
-0.014509
-0.012847
-0.012097
-0.011757
-0.010422
-0.009556
-0.009346
-0.008841
-0.007545
-0.005969
-0.005937
-0.006607
-0.006475
-0.005857
-0.004995
-0.004116
-0.003286
-0.002830
-0.002221
-0.000385
0.001030
0.001614
0.002169
0.002295
0.002736
0.004278
0.005893
0.005784
0.004490
0.003502
0.002455
0.001480
0.000793
-0.000191
-0.001212
-0.002329
-0.003289
-0.004271
-0.005732
-0.007124
-0.008269
-0.009278
-0.009623
-0.009487
-0.009609
-0.009491
-0.009658
-0.009837
-0.009806
-0.010443
-0.011386
-0.012494
-0.013458
-0.015007
-0.016618
-0.017743
-0.018781
-0.019495
-0.020312
-0.020393
-0.020286
-0.020655
-0.021012
-0.022050
-0.023011
-0.023615
-0.024563
-0.025542
-0.026584
-0.027641
-0.028608
-0.029551
-0.029667
-0.029082
-0.029042
-0.029144
-0.028536
-0.027304
-0.026421
-0.026455
-0.027118
-0.027264
-0.026891
-0.026919
-0.026946
-0.026942
-0.027000
-0.026753
-0.026793
-0.027200
-0.026786
-0.026708
-0.027190
-0.027053
-0.026874
-0.025924
-0.024265
-0.023737
-0.023723
-0.022742
-0.021459
-0.020781
-0.019554
-0.017175
-0.014906
-0.013140
-0.011545
-0.009913
-0.008523
-0.007430
-0.006954
-0.007034
-0.006084
-0.004348
-0.003436
-0.004101
-0.005403
-0.006058
-0.006799
-0.008553
-0.011492
-0.015190
-0.018068
-0.019677
-0.020781
-0.022157
-0.023814
-0.024740
-0.024707
-0.024392
-0.024849
-0.025441
-0.025550
-0.025601
-0.025214
-0.024765
-0.024422
-0.024046
-0.023879
-0.023813
-0.023277
-0.021822
-0.020443
-0.019279
-0.018219
-0.017457
-0.016358
-0.015205
-0.014196
-0.012724
-0.010668
-0.008551
-0.006003
-0.003415
-0.001298
0.001037
0.003166
0.005202
0.006926
0.008491
0.010511
0.011871
0.012872
0.013226
0.012680
0.013135
0.014927
0.016094
0.015843
0.015680
0.017084
0.019142
0.019813
0.019444
0.019144
0.019199
0.019255
0.018930
0.018041
0.017006
0.016280
0.015930
0.016376
0.016245
0.015061
0.013644
0.011748
0.010389
0.009892
0.009381
0.008887
0.008118
0.007014
0.006213
0.005787
0.005763
0.005960
0.005986
0.005450
0.004185
0.003855
0.004600
0.004671
0.004189
0.003524
0.003414
0.003602
0.003057
0.002425
0.001721
0.001018
0.000783
0.000689
0.000243
-0.000777
-0.001024
-0.000053
0.000881
0.001829
0.002977
0.003464
0.002903
0.002463
0.003260
0.004326
0.004115
0.004222
0.005799
0.007218
0.008068
0.008931
0.010437
0.012303
0.013554
0.014011
0.014694
0.016506
0.018389
0.019581
0.020966
0.021970
0.021890
0.022257
0.023003
0.023179
0.022475
0.021512
0.021084
0.021287
0.022701
0.024501
0.026405
0.028132
0.029444
0.031249
0.033009
0.034711
0.035721
0.035391
0.035520
0.035631
0.034579
0.033522
0.032152
0.030424
0.028526
0.025961
0.023742
0.021816
0.020070
0.018512
0.016133
0.013034
0.010533
0.008625
0.006700
0.005196
0.004111
0.003496
0.003288
0.004057
0.005958
0.008173
0.009726
0.010666
0.011953
0.013074
0.014236
0.015393
0.015819
0.015527
0.014939
0.014406
0.013770
0.012936
0.012024
0.011898
0.012132
0.012022
0.012107
0.011866
0.011091
0.010839
0.011391
0.012054
0.012523
0.012917
0.013603
0.014913
0.015260
0.015503
0.016917
0.017886
0.018281
0.017486
0.016930
0.017460
0.017370
0.017576
0.017678
0.017185
0.016970
0.016691
0.015793
0.014455
0.014251
0.015104
0.015575
0.015778
0.016142
0.016800
0.017368
0.018141
0.019827
0.020914
0.021220
0.022620
0.024428
0.025883
0.026735
0.026666
0.027520
0.028990
0.029493
0.029883
0.030159
0.029864
0.029486
0.028879
0.028273
0.028671
0.028586
0.027542
0.027191
0.027006
0.027336
0.027541
0.026951
0.026922
0.026926
0.026764
0.026673
0.026182
0.025397
0.024604
0.024778
0.025469
0.025074
0.023970
0.023253
0.023087
0.022325
0.020822
0.019269
0.018507
0.018429
0.018113
0.017318
0.015608
0.014518
0.014669
0.014139
0.013202
0.012575
0.011628
0.010434
0.009208
0.007935
0.006219
0.004315
0.002572
0.000303
-0.001510
-0.003195
-0.004920
-0.004707
-0.004602
-0.004839
-0.004459
-0.004802
-0.005290
-0.004962
-0.004512
-0.004717
-0.004401
-0.004293
-0.004729
-0.004320
-0.004108
-0.004215
-0.003759
-0.002758
-0.002295
-0.003244
-0.004086
-0.004322
-0.004470
-0.004519
-0.003682
-0.002820
-0.003270
-0.003914
-0.003939
-0.002645
-0.001177
-0.001821
-0.002754
-0.002230
-0.002151
-0.002113
-0.001783
-0.001819
-0.001665
-0.001830
-0.000506
0.001955
0.002759
0.002758
0.003925
0.004209
0.003363
0.004776
0.006306
0.007163
0.008749
0.010097
0.011217
0.013082
0.014535
0.015570
0.017413
0.018043
0.018250
0.019699
0.021150
0.021369
0.020648
0.020473
0.021131
0.021477
0.020639
0.020116
0.020511
0.020930
0.020740
0.019513
0.018960
0.018698
0.017674
0.016599
0.016243
0.016245
0.015723
0.015190
0.013891
0.012840
0.011980
0.010522
0.009968
0.009530
0.008996
0.007980
0.006708
0.005914
0.005257
0.004990
0.004320
0.003022
0.001675
0.000309
-0.001012
-0.001722
-0.003383
-0.005210
-0.004907
-0.004492
-0.004915
-0.004996
-0.004620
-0.005296
-0.005969
-0.005645
-0.005267
-0.004761
-0.004299
-0.003295
-0.001788
-0.002222
-0.003816
-0.003804
-0.004161
-0.005542
-0.005841
-0.005218
-0.004615
-0.003902
-0.002944
-0.001220
0.000387
0.000613
0.000544
0.001019
0.002450
0.004209
0.006054
0.007110
0.007013
0.007330
0.008683
0.009808
0.009915
0.009931
0.009649
0.010490
0.012418
0.013418
0.013414
0.012557
0.012027
0.012708
0.012706
0.012562
0.012561
0.011684
0.012002
0.012291
0.011249
0.009989
0.009190
0.008826
0.008563
0.007984
0.006467
0.005612
0.004749
0.003211
0.003128
0.003618
0.003517
0.004087
0.005879
0.008071
0.009337
0.010788
0.013261
0.015076
0.016692
0.017503
0.016669
0.015439
0.014752
0.014642
0.013964
0.012590
0.010895
0.008662
0.006916
0.005154
0.003334
0.002229
0.000791
0.000159
-0.000356
-0.001304
-0.001728
-0.002894
-0.003451
-0.004350
-0.006467
-0.007093
-0.007678
-0.008950
-0.009324
-0.008447
-0.007083
-0.006517
-0.006806
-0.007317
-0.007376
-0.007043
-0.006821
-0.007002
-0.007408
-0.007250
-0.007101
-0.007236
-0.006664
-0.006473
-0.006115
-0.004974
-0.005114
-0.005830
-0.005726
-0.005570
-0.005406
-0.005195
-0.005626
-0.005528
-0.005347
-0.006357
-0.007305
-0.007328
-0.007110
-0.007529
-0.008611
-0.009806
-0.011182
-0.012539
-0.013183
-0.013704
-0.013761
-0.013780
-0.014045
-0.014164
-0.015529
-0.017100
-0.017292
-0.016601
-0.016705
-0.018049
-0.018641
-0.018924
-0.019518
-0.019033
-0.017258
-0.015655
-0.016153
-0.017107
-0.016895
-0.015864
-0.014196
-0.013037
-0.011743
-0.010515
-0.009654
-0.008234
-0.007139
-0.006435
-0.005335
-0.004114
-0.004062
-0.003552
-0.001789
-0.000905
-0.000912
-0.000245
0.001452
0.002179
0.003403
0.005045
0.004901
0.005885
0.007780
0.008259
0.009324
0.011307
0.012535
0.014042
0.015873
0.016562
0.017256
0.018804
0.019446
0.018908
0.018842
0.019009
0.019003
0.018926
0.017919
0.016710
0.016330
0.015918
0.015283
0.014516
0.013437
0.013224
0.013012
0.012395
0.012886
0.012023
0.010572
0.010710
0.009675
0.008786
0.008723
0.007655
0.007151
0.007022
0.006549
0.006289
0.006072
0.006122
0.006368
0.006324
0.006086
0.007323
0.009056
0.009340
0.009196
0.009809
0.011015
0.010985
0.009699
0.008559
0.008022
0.008478
0.009094
0.008262
0.007792
0.007805
0.007248
0.006685
0.005570
0.005260
0.005638
0.005759
0.005954
0.005909
0.006350
0.007460
0.007996
0.008817
0.010598
0.011313
0.010874
0.010531
0.010452
0.010547
0.009581
0.008468
0.008336
0.007908
0.006744
0.005104
0.004101
0.003703
0.002866
0.001346
0.000897
0.001876
0.001725
0.000489
-0.000660
-0.000930
-0.000490
-0.000673
-0.000710
-0.000433
-0.000619
-0.000532
-0.000542
-0.000613
-0.000177
-0.000183
-0.000601
-0.000567
-0.001371
-0.002664
-0.002758
-0.002304
-0.001767
-0.002332
-0.003268
-0.003553
-0.003563
-0.002924
-0.002531
-0.002809
-0.002732
-0.001605
-0.000177
0.000782
0.000652
-0.000420
-0.000481
0.000590
0.001679
0.002859
0.003194
0.002408
0.001919
0.001573
0.000361
-0.000973
-0.001475
-0.002431
-0.004094
-0.004699
-0.005533
-0.007150
-0.008331
-0.008899
-0.009037
-0.009174
-0.008897
-0.008689
-0.008776
-0.009236
-0.009292
-0.008240
-0.007449
-0.007651
-0.007958
-0.008278
-0.008971
-0.007887
-0.006325
-0.006662
-0.007581
-0.007992
-0.008443
-0.009888
-0.010444
-0.009626
-0.009468
-0.009855
-0.010789
-0.011999
-0.012280
-0.012073
-0.011974
-0.012389
-0.012817
-0.012491
-0.011779
-0.011294
-0.011643
-0.012178
-0.011856
-0.010915
-0.009864
-0.008572
-0.007939
-0.008614
-0.008987
-0.008631
-0.008281
-0.008396
-0.008392
-0.007333
-0.007185
-0.008021
-0.008191
-0.007898
-0.007851
-0.008973
-0.010105
-0.009953
-0.009702
-0.010130
-0.011229
-0.012975
-0.013502
-0.012889
-0.012964
-0.014033
-0.015638
-0.015766
-0.015030
-0.015636
-0.016365
-0.015917
-0.015778
-0.015981
-0.015588
-0.015894
-0.017011
-0.018180
-0.019038
-0.019701
-0.020791
-0.021863
-0.023416
-0.025568
-0.026888
-0.027991
-0.029332
-0.029589
-0.029673
-0.030501
-0.031066
-0.031793
-0.032547
-0.032478
-0.032238
-0.032313
-0.032464
-0.032558
-0.032579
-0.032714
-0.032757
-0.032645
-0.032591
-0.031623
-0.029748
-0.028643
-0.028384
-0.026960
-0.024573
-0.023292
-0.023281
-0.022992
-0.021191
-0.019574
-0.018180
-0.016529
-0.015672
-0.013782
-0.011946
-0.011876
-0.011357
-0.009824
-0.008264
-0.006774
-0.006171
-0.006083
-0.004743
-0.003287
-0.002744
-0.001954
-0.000769
0.000172
0.001155
0.002410
0.003736
0.004744
0.004973
0.005035
0.006036
0.007588
0.008237
0.007671
0.007208
0.007324
0.007599
0.008015
0.008460
0.008173
0.007241
0.007158
0.007673
0.007846
0.007529
0.007811
0.008730
0.009542
0.010305
0.010479
0.010687
0.011831
0.013284
0.013939
0.013740
0.013268
0.013060
0.012804
0.011955
0.011154
0.010481
0.009032
0.007486
0.006507
0.005051
0.003164
0.001479
-0.000230
-0.001396
-0.001926
-0.003022
-0.004242
-0.004190
-0.003871
-0.004027
-0.004109
-0.004287
-0.004021
-0.002778
-0.001246
-0.000664
-0.000065
0.001459
0.002027
0.001284
0.001119
0.001548
0.001620
0.001616
0.001557
0.001524
0.001689
0.001785
0.001833
0.001823
0.001928
0.002310
0.003097
0.004455
0.005599
0.005763
0.005485
0.006203
0.006906
0.006026
0.004813
0.005043
0.006890
0.008481
0.008229
0.007314
0.007283
0.007464
0.007988
0.009750
0.011056
0.010752
0.010481
0.010553
0.010604
0.010871
0.010961
0.011074
0.011005
0.010888
0.011049
0.010947
0.010925
0.010993
0.010918
0.011078
0.011052
0.010975
0.011986
0.013787
0.014571
0.014564
0.015462
0.016693
0.017664
0.018669
0.019376
0.019494
0.019113
0.018889
0.019017
0.019169
0.019411
0.019243
0.019014
0.019221
0.019214
0.019237
0.019409
0.019380
0.019419
0.020525
0.022076
0.022402
0.022145
0.022209
0.022548
0.022628
0.022379
0.023143
0.025002
0.026088
0.025683
0.024640
0.023883
0.023388
0.022784
0.022402
0.022615
0.023024
0.022334
0.021233
0.021316
0.021987
0.022634
0.022403
0.020499
0.018732
0.018451
0.018890
0.019315
0.019171
0.018297
0.016955
0.015720
0.015518
0.015645
0.014680
0.013213
0.012190
0.011428
0.010695
0.010295
0.010194
0.009859
0.008989
0.007953
0.007612
0.007960
0.008155
0.008035
0.007857
0.007539
0.007459
0.008099
0.008552
0.008012
0.007352
0.007163
0.007483
0.007636
0.007264
0.007304
0.007274
0.006391
0.004932
0.004029
0.003716
0.002917
0.001809
0.001254
0.001762
0.002118
0.002145
0.002171
0.002114
0.002430
0.002567
0.002626
0.002282
0.001477
0.000690
-0.000089
-0.000321
-0.000099
-0.000172
-0.001517
-0.003244
-0.003475
-0.003045
-0.003781
-0.005197
-0.005954
-0.005959
-0.005010
-0.003866
-0.003908
-0.004757
-0.005359
-0.005337
-0.005371
-0.006030
-0.006708
-0.006567
-0.006195
-0.006224
-0.006248
-0.006310
-0.006372
-0.006347
-0.006149
-0.006115
-0.006500
-0.005998
-0.005501
-0.005785
-0.005257
-0.004588
-0.003816
-0.003406
-0.004434
-0.005178
-0.004584
-0.003036
-0.002060
-0.002614
-0.003241
-0.003229
-0.003393
-0.004480
-0.005992
-0.006593
-0.006289
-0.006211
-0.007512
-0.009310
-0.010212
-0.010928
-0.011711
-0.012008
-0.012807
-0.014217
-0.014926
-0.014771
-0.014172
-0.014005
-0.014675
-0.016013
-0.017693
-0.019232
-0.020145
-0.020081
-0.019878
-0.020061
-0.020177
-0.020270
-0.020354
-0.020347
-0.020314
-0.020224
-0.020302
-0.020484
-0.020261
-0.020634
-0.022122
-0.023547
-0.023957
-0.023567
-0.023597
-0.024562
-0.026067
-0.026727
-0.026480
-0.026389
-0.026760
-0.027568
-0.028596
-0.028986
-0.028046
-0.026537
-0.025923
-0.026194
-0.025314
-0.023747
-0.022464
-0.021266
-0.020619
-0.019719
-0.018043
-0.017078
-0.016743
-0.015465
-0.014670
-0.014867
-0.014528
-0.013804
-0.013412
-0.013796
-0.014829
-0.015425
-0.015107
-0.015082
-0.016421
-0.017853
-0.018858
-0.020301
-0.020661
-0.020500
-0.021828
-0.023217
-0.023553
-0.023330
-0.022987
-0.023080
-0.023445
-0.023487
-0.023400
-0.023333
-0.023295
-0.023274
-0.023308
-0.023437
-0.022233
-0.020162
-0.019628
-0.020208
-0.019727
-0.017601
-0.016523
-0.017250
-0.017282
-0.015823
-0.014472
-0.014601
-0.015112
-0.014292
-0.012514
-0.011723
-0.012178
-0.012662
-0.011623
-0.009403
-0.008449
-0.008499
-0.007792
-0.006709
-0.006205
-0.006429
-0.006809
-0.006656
-0.006393
-0.005706
-0.005036
-0.005020
-0.004869
-0.005152
-0.006035
-0.006310
-0.006083
-0.006212
-0.005981
-0.005718
-0.006647
-0.007676
-0.008100
-0.007989
-0.008175
-0.008481
-0.008235
-0.008106
-0.007850
-0.008043
-0.007606
-0.006123
-0.005441
-0.005969
-0.006726
-0.006339
-0.004734
-0.003137
-0.002901
-0.003319
-0.002883
-0.001336
-0.000156
-0.000209
-0.000611
-0.000744
0.000103
0.001357
0.001522
0.001072
0.000871
0.000667
0.000108
-0.000470
-0.000550
-0.000325
-0.000050
-0.000462
-0.001562
-0.002637
-0.003518
-0.003572
-0.002862
-0.002795
-0.003171
-0.003276
-0.003434
-0.003399
-0.003287
-0.003466
-0.003446
-0.003147
-0.003272
-0.003556
-0.003673
-0.003606
-0.003060
-0.002327
-0.001377
-0.000307
-0.000211
-0.000004
0.001745
0.002715
0.002222
0.001875
0.001537
0.002340
0.004339
0.005569
0.005333
0.004582
0.004456
0.005045
0.006095
0.006742
0.006779
0.006804
0.007239
0.006778
0.005397
0.005034
0.005658
0.006449
0.006480
0.005882
0.005520
0.005385
0.005553
0.006042
0.005913
0.005676
0.005796
0.005615
0.006054
0.006668
0.006700
0.006333
0.006183
0.006538
0.006822
0.006781
0.006585
0.006701
0.007276
0.008207
0.008626
0.008631
0.008652
0.008682
0.008619
0.008594
0.008706
0.008587
0.008729
0.008666
0.008425
0.008098
0.006909
0.006541
0.006424
0.005415
0.005272
0.005554
0.005212
0.005033
0.005087
0.004297
0.002828
0.001522
0.001566
0.002357
0.001635
-0.000285
-0.001418
-0.001308
-0.000735
-0.000469
-0.000878
-0.001428
-0.002287
-0.003166
-0.003475
-0.003529
-0.003181
-0.003194
-0.003962
-0.005385
-0.006849
-0.007148
-0.007730
-0.009068
-0.009267
-0.009048
-0.010148
-0.011324
-0.011926
-0.011992
-0.011330
-0.011462
-0.011977
-0.011919
-0.011862
-0.011960
-0.012105
-0.012006
-0.012114
-0.012293
-0.012128
-0.012604
-0.013991
-0.015179
-0.015267
-0.014741
-0.014578
-0.015275
-0.015983
-0.015259
-0.014214
-0.014515
-0.014922
-0.014450
-0.013158
-0.011485
-0.011261
-0.012081
-0.012112
-0.011962
-0.011991
-0.011782
-0.011721
-0.011893
-0.012238
-0.012123
-0.011963
-0.012685
-0.013134
-0.013083
-0.013421
-0.013671
-0.014281
-0.014901
-0.014080
-0.012718
-0.011683
-0.012112
-0.013004
-0.012506
-0.012383
-0.012368
-0.012069
-0.012347
-0.012150
-0.012056
-0.012306
-0.011982
-0.011851
-0.012042
-0.011996
-0.012557
-0.013987
-0.015223
-0.015276
-0.014602
-0.014292
-0.014978
-0.016563
-0.018239
-0.018929
-0.018026
-0.017487
-0.017829
-0.018218
-0.018352
-0.018206
-0.018346
-0.018261
-0.018125
-0.018182
-0.018252
-0.018287
-0.018331
-0.018136
-0.017946
-0.018177
-0.018209
-0.017192
-0.015239
-0.014271
-0.014637
-0.015307
-0.015345
-0.014833
-0.014703
-0.014650
-0.014698
-0.015828
-0.017590
-0.018334
-0.018166
-0.017625
-0.017790
-0.018409
-0.018203
-0.018309
-0.018767
-0.019410
-0.020508
-0.021163
-0.021679
-0.021445
-0.020929
-0.021531
-0.021562
-0.020956
-0.021047
-0.021462
-0.021244
-0.020855
-0.020861
-0.020851
-0.020956
-0.019999
-0.018151
-0.017645
-0.017900
-0.017938
-0.018123
-0.018154
-0.017490
-0.016235
-0.014814
-0.014746
-0.015612
-0.015651
-0.015531
-0.015235
-0.015300
-0.015744
-0.015562
-0.015524
-0.015525
-0.015243
-0.014906
-0.014616
-0.013810
-0.012544
-0.012230
-0.012555
-0.012738
-0.011903
-0.010418
-0.009250
-0.009073
-0.008724
-0.006968
-0.006470
-0.006733
-0.005989
-0.004320
-0.003358
-0.004189
-0.004535
-0.004456
-0.004489
-0.004694
-0.006269
-0.007607
-0.007445
-0.006895
-0.006587
-0.006725
-0.007023
-0.006834
-0.005652
-0.003966
-0.003107
-0.003429
-0.004103
-0.004082
-0.003049
-0.001576
-0.000444
0.000134
0.000936
0.001973
0.002271
0.001881
0.002251
0.003832
0.005026
0.005037
0.004660
0.004532
0.004462
0.004758
0.004994
0.003847
0.002018
0.001082
0.001478
0.001953
0.002068
0.003048
0.004392
0.004660
0.004141
0.003938
0.004036
0.004297
0.004707
0.005316
0.006248
0.006865
0.007154
0.006898
0.006273
0.006016
0.005325
0.004233
0.003372
0.002289
0.001333
0.000982
0.000323
-0.001654
-0.004138
-0.005276
-0.005707
-0.006507
-0.007017
-0.007072
-0.006997
-0.006913
-0.006963
-0.007200
-0.007118
-0.007394
-0.008776
-0.010219
-0.010545
-0.009913
-0.009662
-0.010110
-0.010318
-0.010194
-0.010404
-0.010411
-0.010417
-0.010722
-0.010633
-0.010425
-0.009413
-0.007827
-0.007137
-0.007666
-0.008206
-0.007926
-0.007693
-0.007416
-0.007004
-0.005603
-0.004067
-0.003956
-0.003491
-0.002280
-0.001568
-0.001215
0.000002
0.001549
0.002600
0.003725
0.005084
0.006497
0.007915
0.008996
0.009538
0.010229
0.011447
0.012250
0.012072
0.011681
0.011560
0.011735
0.011831
0.011776
0.011282
0.009659
0.008231
0.008508
0.009202
0.009040
0.008436
0.008300
0.008950
0.009368
0.009261
0.008063
0.006151
0.006123
0.007960
0.009755
0.010281
0.009401
0.008956
0.008959
0.008078
0.006883
0.006240
0.007463
0.009461
0.010086
0.009531
0.008454
0.008638
0.009535
0.009316
0.009128
0.009808
0.010959
0.011753
0.011997
0.012067
0.011936
0.012459
0.012826
0.012034
0.011752
0.011934
0.012000
0.012359
0.012198
0.011948
0.012050
0.012038
0.012002
0.010475
0.008641
0.008879
0.009783
0.009716
0.009002
0.007455
0.005959
0.006094
0.006372
0.006651
0.006784
0.006201
0.006050
0.006170
0.006313
0.006381
0.006270
0.006229
0.006323
0.006205
0.006075
0.006484
0.006564
0.006652
0.007942
0.009094
0.008960
0.008786
0.009210
0.010359
0.011995
0.012580
0.011939
0.011548
0.012018
0.013365
0.015060
0.015520
0.014935
0.014479
0.014604
0.014855
0.013802
0.011682
0.011160
0.011936
0.012195
0.012196
0.011546
0.011228
0.011677
0.011792
0.011665
0.011610
0.011599
0.011667
0.011589
0.011480
0.012547
0.013440
0.013892
0.014581
0.014728
0.015250
0.016440
0.017897
0.018895
0.020315
0.021072
0.019910
0.019712
0.020437
0.020420
0.021118
0.023214
0.023770
0.023213
0.022929
0.022306
0.022907
0.023641
0.022931
0.022975
0.024468
0.026106
0.026837
0.026045
0.025462
0.025861
0.026258
0.026283
0.026698
0.028075
0.028975
0.029249
0.029402
0.030249
0.031821
0.032280
0.031752
0.031595
0.031434
0.031619
0.032075
0.031497
0.031383
0.031739
0.031500
0.031631
0.031723
0.031472
0.031227
0.030155
0.028954
0.028952
0.029244
0.028619
0.028401
0.028904
0.028603
0.028559
0.028907
0.028496
0.028334
0.028838
0.028718
0.028809
0.030818
0.032479
0.032041
0.031036
0.030731
0.031306
0.031565
0.031229
0.031631
0.031554
0.030752
0.031455
0.031766
0.030396
0.029012
0.027911
0.027940
0.028759
0.027620
0.025552
0.025199
0.025594
0.025699
0.025749
0.024924
0.022884
0.022056
0.022659
0.023319
0.023735
0.022941
0.022334
0.022849
0.022850
0.021990
0.021104
0.021363
0.023148
0.024294
0.023023
0.022450
0.023147
0.022175
0.020757
0.019992
0.019983
0.020737
0.020617
0.020261
0.020643
0.020173
0.019755
0.019910
0.020031
0.020699
0.021011
0.020521
0.020075
0.020432
0.020973
0.020378
0.019849
0.020854
0.020799
0.019942
0.020482
0.021048
0.021797
0.023020
0.023625
0.023114
0.023189
0.023646
0.023900
0.025329
0.026231
0.026321
0.026118
0.025963
0.026279
0.025743
0.023790
0.022245
0.023075
0.023741
0.023517
0.023659
0.022267
0.020501
0.020121
0.020177
0.020694
0.020891
0.020353
0.020031
0.019803
0.020728
0.021084
0.019730
0.020307
0.021020
0.020301
0.020501
0.020555
0.020530
0.021395
0.023122
0.024084
0.023428
0.023121
0.022925
0.023425
0.024885
0.025516
0.025899
0.026995
0.026693
0.025353
0.025683
0.026856
0.026704
0.025630
0.025442
0.024467
0.022944
0.023072
0.023522
0.024034
0.024963
0.025779
0.026582
0.026569
0.025880
0.025892
0.026209
0.024740
0.023027
0.023356
0.027787
0.027508
0.027298
0.027645
0.027335
0.026342
0.024922
0.023532
0.023860
0.024576
0.024599
0.023769
0.022021
0.020534
0.019270
0.017837
0.017836
0.018487
0.017333
0.017295
0.018147
0.016861
0.015671
0.014932
0.013535
0.013549
0.013470
0.011822
0.010750
0.010351
0.011359
0.011322
0.009526
0.008217
0.007141
0.007390
0.008159
0.007621
0.006934
0.007365
0.007312
0.006634
0.006834
0.007148
0.006874
0.006608
0.006404
0.005881
0.004676
0.003733
0.003681
0.003785
0.003483
0.002979
0.003240
0.003111
0.002911
0.003051
0.001566
0.000170
-0.000319
-0.000577
-0.000028
0.000025
-0.000099
-0.000190
-0.001103
-0.002338
-0.003452
-0.003839
-0.003744
-0.003826
-0.004594
-0.006174
-0.007429
-0.007017
-0.005858
-0.005897
-0.006641
-0.007355
-0.008126
-0.008645
-0.009473
-0.010115
-0.009657
-0.009940
-0.010501
-0.011198
-0.013308
-0.013892
-0.012977
-0.013664
-0.015256
-0.016765
-0.017465
-0.016478
-0.016068
-0.017074
-0.017051
-0.016739
-0.017347
-0.017180
-0.016938
-0.017372
-0.017523
-0.017193
-0.017236
-0.017811
-0.018097
-0.018425
-0.019524
-0.020211
-0.020025
-0.020369
-0.020877
-0.020879
-0.020334
-0.020544
-0.021373
-0.020929
-0.020692
-0.021046
-0.020886
-0.021240
-0.022051
-0.022097
-0.021825
-0.021272
-0.020474
-0.021175
-0.021802
-0.021027
-0.020796
-0.019958
-0.018221
-0.017984
-0.018430
-0.018610
-0.018694
-0.018465
-0.017664
-0.016054
-0.015137
-0.015671
-0.016083
-0.016090
-0.015806
-0.015298
-0.015581
-0.016004
-0.015511
-0.015123
-0.015610
-0.015933
-0.015648
-0.015253
-0.015465
-0.015919
-0.016266
-0.017947
-0.019194
-0.018077
-0.017628
-0.019002
-0.020513
-0.021434
-0.021126
-0.020292
-0.020249
-0.020903
-0.021109
-0.020500
-0.020472
-0.020670
-0.020607
-0.020504
-0.019727
-0.018107
-0.017214
-0.018079
-0.018246
-0.017946
-0.018094
-0.018052
-0.018921
-0.019980
-0.020434
-0.020316
-0.019832
-0.019954
-0.020293
-0.020208
-0.020192
-0.020200
-0.019766
-0.020255
-0.021934
-0.022812
-0.022410
-0.021577
-0.021237
-0.021719
-0.022285
-0.022197
-0.022331
-0.023499
-0.024223
-0.024233
-0.024265
-0.023890
-0.023593
-0.024050
-0.025174
-0.026281
-0.026384
-0.025615
-0.025088
-0.025373
-0.025745
-0.025203
-0.025088
-0.025329
-0.024945
-0.024959
-0.024801
-0.024387
-0.024627
-0.024492
-0.023988
-0.024247
-0.024336
-0.023865
-0.023447
-0.023824
-0.024731
-0.025718
-0.026067
-0.025505
-0.025354
-0.025946
-0.027419
-0.028020
-0.027256
-0.026616
-0.026699
-0.027092
-0.026791
-0.026571
-0.026517
-0.026309
-0.026135
-0.026138
-0.026057
-0.024942
-0.023553
-0.022894
-0.022996
-0.023339
-0.022714
-0.021133
-0.019857
-0.020061
-0.020681
-0.020429
-0.020017
-0.019759
-0.019789
-0.019709
-0.019346
-0.018859
-0.018552
-0.018601
-0.018494
-0.017903
-0.016576
-0.016004
-0.016440
-0.016543
-0.016347
-0.016063
-0.015887
-0.015837
-0.015824
-0.015632
-0.015554
-0.015545
-0.014916
-0.013696
-0.012696
-0.012914
-0.013198
-0.012922
-0.012816
-0.012635
-0.012404
-0.012200
-0.012344
-0.012361
-0.011836
-0.011382
-0.010358
-0.009345
-0.009489
-0.009538
-0.009529
-0.009512
-0.009088
-0.009143
-0.009135
-0.008775
-0.008210
-0.007043
-0.006569
-0.006848
-0.006825
-0.006692
-0.005905
-0.004719
-0.004283
-0.004207
-0.003379
-0.002456
-0.002207
-0.002429
-0.002691
-0.002465
-0.001577
-0.001110
-0.000709
-0.000194
-0.000641
-0.000465
-0.000097
-0.000389
-0.000274
-0.000041
-0.000200
-0.000323
-0.000158
0.000217
0.000950
0.001868
0.002157
0.001637
0.001377
0.001711
0.001812
0.001762
0.001902
0.002197
0.002638
0.002507
0.002227
0.002961
0.003647
0.003641
0.003604
0.003205
0.003177
0.003615
0.003593
0.003331
0.003379
0.003478
0.003317
0.003432
0.003495
0.003453
0.003353
0.002655
0.001800
0.001533
0.001872
0.002196
0.001829
0.000608
-0.000127
0.000265
0.000525
0.000605
0.000435
0.000338
0.000521
0.000429
0.000567
0.000589
0.000623
0.001150
0.001671
0.002024
0.002174
0.002124
0.002079
0.002105
0.002135
0.001843
0.001743
0.002040
0.002109
0.002180
0.002202
0.002538
0.002741
0.002359
0.002854
0.003728
0.003682
0.003290
0.003207
0.003474
0.003822
0.004274
0.004810
0.004710
0.004398
0.004514
0.004919
0.005548
0.005997
0.006232
0.006324
0.006586
0.007066
0.007111
0.007327
0.007976
0.008137
0.007833
0.007498
0.007583
0.008310
0.008873
0.008762
0.008502
0.008281
0.008230
0.008305
0.008204
0.008003
0.007901
0.007951
0.007803
0.007511
0.006840
0.006116
0.006139
0.006238
0.006160
0.006089
0.005854
0.005675
0.005768
0.005830
0.005394
0.005421
0.005646
0.005260
0.005102
0.004639
0.003958
0.003793
0.004082
0.004346
0.004043
0.003596
0.003539
0.003767
0.004058
0.004418
0.004550
0.004250
0.003891
0.004028
0.004373
0.004218
0.003960
0.003956
0.003854
0.003818
0.003752
0.003217
0.002596
0.002363
0.002529
0.002642
0.002439
0.002384
0.002364
0.002222
0.002214
0.002150
0.002126
0.002182
0.001999
0.001915
0.001992
0.001925
0.001822
0.001864
0.002313
0.002631
0.002472
0.002403
0.002343
0.002137
0.002206
0.002481
0.002711
0.002707
0.002563
0.002589
0.002621
0.002515
0.002266
0.001914
0.001522
0.001305
0.001215
0.000962
0.000506
0.000272
0.000294
0.000101
-0.000411
-0.000976
-0.001238
-0.001402
-0.001332
-0.001116
-0.001193
-0.001476
-0.001869
-0.002153
-0.002142
-0.001969
-0.001915
-0.002027
-0.002210
-0.002468
-0.002781
-0.002820
-0.002633
-0.002544
-0.002606
-0.002936
-0.003305
-0.003379
-0.003149
-0.003055
-0.003118
-0.003100
-0.003286
-0.003623
-0.003784
-0.003611
-0.003406
-0.003483
-0.003796
-0.004077
-0.003991
-0.003768
-0.003910
-0.004231
-0.004333
-0.004191
-0.003990
-0.003933
-0.003945
-0.004026
-0.004199
-0.004296
-0.004188
-0.004067
-0.003994
-0.003881
-0.003845
-0.003815
-0.003705
-0.003607
-0.003537
-0.003444
-0.003378
-0.003272
-0.003213
-0.003210
-0.003049
-0.002937
-0.002922
-0.002839
-0.002769
-0.002640
-0.002554
-0.002568
-0.002421
-0.002298
-0.002306
-0.002239
-0.002097
-0.002016
-0.002014
-0.001943
-0.001823
-0.001744
-0.001678
-0.001606
-0.001574
-0.001494
-0.001361
-0.001361
-0.001315
-0.001198
-0.001154
-0.001070
-0.001014
-0.000976
-0.000886
-0.000831
-0.000741
-0.000710
-0.000675
-0.000539
-0.000480
-0.000395
-0.000333
-0.000351
-0.000318
-0.000239
-0.000163
-0.000035
0.000075
0.000100
0.000071
0.000024
0.000150
0.000277
0.000240
0.000263
0.000205
0.000081
0.000191
0.000322
0.000359
0.000399
0.000451
0.000514
0.000581
0.000629
0.000687
0.000824
0.000988
0.001110
0.001148
0.001151
0.001191
0.001277
0.001319
0.001311
0.001370
0.001466
0.001477
0.001492
0.001561
0.001573
0.001600
0.001692
0.001711
0.001692
0.001779
0.001846
0.001826
0.001852
0.001914
0.001933
0.001962
0.001992
0.002023
0.002060
0.002076
0.002111
0.002149
0.002148
0.002174
0.002227
0.002242
0.002250
0.002266
0.002314
0.002337
0.002341
0.002412
0.002433
0.002415
0.002461
0.002488
0.002463
0.002465
0.002498
0.002514
0.002520
0.002546
0.002571
0.002570
0.002574
0.002601
0.002609
0.002616
0.002634
0.002652
0.002692
0.002751
0.002757
0.002737
0.002732
0.002732
0.002750
0.002749
0.002732
0.002752
0.002803
0.002806
0.002769
0.002722
0.002687
0.002686
0.002693
0.002684
0.002631
0.002595
0.002610
0.002613
0.002610
0.002596
0.002560
0.002534
0.002521
0.002523
0.002537
0.002527
0.002499
0.002499
0.002500
0.002486
0.002477
0.002462
0.002451
0.002448
0.002427
0.002408
0.002401
0.002384
0.002364
0.002349
0.002326
0.002303
0.002281
0.002256
0.002239
0.002225
0.002203
0.002181
0.002162
0.002138
0.002113
0.002087
0.002058
0.002033
0.002005
0.001975
0.001946
0.001917
0.001885
0.001850
0.001815
0.001782
0.001747
0.001710
0.001672
0.001630
0.001588
0.001546
0.001505
0.001463
0.001418
0.001371
0.001324
0.001277
0.001229
0.001181
0.001131
0.001082
0.001031
0.000979
0.000927
0.000874
0.000821
0.000767
0.000713
0.000658
0.000603
0.000547
