-0.006563
-0.001298
-0.000709
-0.000288
0.001944
0.000988
0.000153
-0.001912
-0.003308
-0.001174
0.003069
0.004692
0.003114
0.001363
0.003379
0.005249
0.003745
0.004268
0.008188
0.008190
0.007107
0.006903
0.006860
0.004467
0.003058
0.000178
-0.006541
-0.004697
0.001256
0.003242
0.000368
-0.008163
-0.010332
-0.006430
-0.006706
-0.009501
-0.010862
-0.010111
-0.007391
-0.005442
-0.006598
-0.005787
0.002458
0.006651
-0.002162
-0.006406
-0.003511
-0.001932
-0.004290
-0.006413
-0.002921
0.000520
0.000300
-0.002078
-0.005902
-0.008340
-0.005168
-0.004646
-0.009268
-0.009068
-0.001282
0.005587
0.008095
0.007337
0.002632
0.001058
-0.001775
-0.004953
-0.007615
-0.006602
-0.005771
-0.011311
-0.015962
-0.017976
-0.012284
-0.008813
-0.014246
-0.018571
-0.021961
-0.017190
-0.001516
0.009518
0.015614
0.010910
0.003984
-0.000488
-0.007591
-0.011955
-0.009987
-0.007982
-0.008164
-0.009183
-0.013358
-0.012838
-0.009351
-0.005067
-0.002178
-0.001284
-0.006898
-0.009369
-0.003222
-0.001772
-0.006440
0.000122
0.006791
0.007560
0.007262
-0.004743
-0.010997
-0.010019
-0.010582
-0.008131
-0.006926
0.001271
0.023082
0.020350
0.000371
-0.008720
-0.012423
-0.000500
0.007589
0.008687
0.010536
0.007077
0.008611
0.014842
0.016117
0.015026
0.010509
-0.002622
-0.011772
-0.011147
-0.000394
0.008377
0.009612
-0.004944
-0.024239
-0.020630
-0.006698
-0.001278
0.000026
-0.000161
-0.000395
0.008406
0.015912
0.001119
-0.012616
-0.012736
-0.004421
-0.001314
-0.016885
-0.030508
-0.036767
-0.041951
-0.032983
-0.005561
0.011979
0.009331
-0.004070
-0.009355
-0.001369
0.016250
0.023828
0.002987
-0.016853
-0.014555
-0.008928
-0.007885
-0.013305
-0.016380
-0.005860
0.006689
0.015851
0.016722
0.014353
0.001406
-0.012468
-0.013017
-0.011203
-0.009745
-0.003084
0.008675
0.013826
0.012637
0.008532
0.005696
0.009453
0.015744
0.000768
-0.022146
-0.029989
-0.026803
-0.014712
0.007140
0.024004
0.022570
0.016440
0.008824
0.000852
0.007208
0.018833
0.028763
0.038242
0.046304
0.044387
0.030745
-0.002208
-0.062401
-0.111146
-0.134082
-0.101358
0.018069
0.163854
0.218174
0.232633
0.236847
0.256424
0.246652
0.274406
0.192252
-0.014108
-0.109332
-0.242939
-0.296064
-0.265800
-0.273744
-0.281499
-0.287628
-0.246531
-0.031168
0.138468
0.280468
0.392250
0.352730
0.288126
0.161526
0.048912
0.051589
0.091599
0.135930
0.157545
0.113701
0.050158
-0.022406
-0.145821
-0.279046
-0.384660
-0.438049
-0.464509
-0.478513
-0.472704
-0.437620
-0.314005
-0.128978
0.014673
0.147708
0.270408
0.401922
0.533826
0.548927
0.537052
0.511477
0.495831
0.246779
0.049631
0.004902
-0.109073
-0.199349
-0.283359
-0.334341
-0.348270
-0.345921
-0.233555
0.008525
0.108143
0.123953
0.144610
0.123980
0.161379
0.208102
0.237636
0.271444
0.272084
0.214133
0.038609
-0.070206
-0.149537
-0.221594
-0.246213
-0.122219
0.054869
0.122194
0.106522
0.024808
-0.045411
-0.062661
-0.026750
-0.025354
-0.039749
-0.049397
-0.063979
-0.094309
-0.183834
-0.201990
-0.153242
-0.153547
-0.097453
-0.036049
0.014486
0.062973
0.084854
0.000203
-0.138459
-0.189763
-0.260815
-0.279959
-0.292888
-0.227006
-0.005370
0.121893
0.218670
0.334687
0.370556
0.364666
0.252707
0.136074
0.101403
0.044744
0.016253
0.012907
0.028152
0.023197
-0.005752
-0.030075
-0.050026
-0.063375
-0.056084
-0.007983
0.023752
0.020332
0.014034
0.004788
-0.018776
-0.038669
-0.032631
-0.020546
-0.024935
-0.041009
-0.040673
-0.024566
-0.027577
-0.061643
-0.117306
-0.136387
-0.077271
-0.006944
0.041234
0.079697
0.105886
0.124557
0.117811
0.065128
-0.002253
-0.057668
-0.095495
-0.083429
-0.030316
0.008868
0.025959
0.044910
0.053060
0.058164
0.042980
0.008024
-0.014790
-0.030510
-0.032505
-0.035948
-0.035090
-0.009067
0.012455
0.018062
0.016888
0.018727
0.031660
0.085498
0.130967
0.131521
0.078957
-0.004728
-0.066184
-0.123011
-0.156167
-0.163071
-0.137136
-0.117555
-0.112310
-0.090895
-0.029829
0.027246
0.040456
0.030842
0.001236
-0.004037
-0.001323
-0.004361
-0.006591
-0.000994
0.014508
0.028874
0.034642
0.028732
0.024029
0.021895
0.014075
0.006102
0.014056
0.030788
0.044005
0.052247
0.048314
0.036066
0.009422
-0.022072
-0.038551
-0.044219
-0.045218
-0.035330
-0.016186
-0.003007
0.003258
0.001808
-0.002044
-0.000967
0.009522
0.019797
0.035266
0.056686
0.073702
0.070911
0.061758
0.058678
0.052947
0.037658
0.000542
-0.033755
-0.072943
-0.103750
-0.113174
-0.115622
-0.100638
-0.073597
-0.043530
0.002701
0.043043
0.054982
0.057471
0.051334
0.040370
0.039588
0.042021
0.034358
0.001424
-0.036441
-0.061863
-0.079118
-0.093584
-0.112156
-0.116311
-0.096118
-0.038869
0.016786
0.044446
0.054206
0.046879
0.031198
0.021170
0.024143
0.033139
0.036611
0.038450
0.046270
0.047721
0.038355
0.008195
-0.022505
-0.028481
-0.019877
0.007113
0.029786
0.036049
0.030329
-0.006722
-0.036208
-0.051832
-0.066074
-0.073198
-0.074152
-0.067612
-0.053005
-0.029673
-0.002724
0.024022
0.040434
0.043850
0.035476
0.029420
0.028926
0.029770
0.022889
0.006774
-0.001259
-0.004987
-0.000630
0.014147
0.018326
0.005186
-0.005734
-0.007543
0.002246
0.017952
0.031452
0.041910
0.043334
0.036365
0.005279
-0.026606
-0.038277
-0.043023
-0.031475
0.006789
0.040074
0.051117
0.051723
0.034769
0.006351
-0.014828
-0.023860
-0.026318
-0.026243
-0.026768
-0.030337
-0.028301
-0.013854
0.009218
0.028413
0.035558
0.030923
0.015465
-0.008723
-0.033397
-0.053353
-0.064447
-0.066102
-0.062486
-0.052369
-0.028289
0.008200
0.035475
0.047884
0.045804
0.031411
0.015209
0.002609
-0.000052
0.003973
0.002413
0.000620
-0.001902
-0.005455
-0.007367
-0.008646
-0.012583
-0.021594
-0.032792
-0.034490
-0.022197
0.002750
0.035265
0.054831
0.063109
0.063976
0.054512
0.020894
-0.016731
-0.039342
-0.050767
-0.039566
-0.006117
0.025732
0.046774
0.058570
0.058382
0.051071
0.025683
-0.002266
-0.019550
-0.040455
-0.057463
-0.068852
-0.073473
-0.064275
-0.048060
-0.028676
-0.007011
0.012515
0.025780
0.032126
0.025422
0.000982
-0.027162
-0.042827
-0.043085
-0.037316
-0.028090
-0.021360
-0.018594
-0.017251
-0.017764
-0.017023
-0.016048
-0.016624
-0.020576
-0.024387
-0.019253
-0.006501
0.007416
0.022783
0.031623
0.039901
0.038111
0.020547
0.002354
-0.008472
-0.012590
-0.007573
0.001481
0.010267
0.029346
0.048505
0.062403
0.070088
0.068428
0.061010
0.058111
0.055581
0.045072
0.022456
0.001716
-0.008940
-0.012517
-0.005980
-0.000031
-0.010951
-0.033820
-0.064521
-0.092575
-0.104733
-0.098433
-0.061011
-0.027192
-0.013378
-0.001240
0.009126
0.018379
0.025786
0.021196
0.007651
-0.001523
-0.000614
0.003482
0.008892
0.017264
0.021510
0.015718
0.002906
-0.012673
-0.030061
-0.042176
-0.041927
-0.029259
-0.013749
0.001080
0.009021
0.006988
0.008434
0.013310
0.013321
0.012963
0.014279
0.009934
-0.000262
-0.007645
-0.010085
-0.008029
-0.002758
0.002535
0.014668
0.028595
0.034614
0.042152
0.048466
0.046021
0.036361
0.022949
0.013454
0.014564
0.021042
0.016392
0.002368
-0.011477
-0.021264
-0.021083
-0.011897
0.004078
0.014969
0.014734
0.009262
0.003656
0.000561
0.003427
0.012351
0.020113
0.015603
0.000712
-0.012068
-0.013706
-0.007004
0.004012
0.012799
0.013619
0.010536
0.003259
-0.004225
-0.003322
0.002664
0.013340
0.025781
0.027471
0.018391
-0.012135
-0.032643
-0.031928
-0.030822
-0.028410
-0.020105
-0.000386
0.013299
0.016280
0.014675
0.012764
0.005466
-0.015461
-0.036667
-0.044258
-0.045924
-0.040936
-0.028685
-0.009174
0.011144
0.021114
0.021969
0.013827
0.003938
-0.006924
-0.012901
-0.015232
-0.017601
-0.013906
-0.006450
-0.002911
-0.009137
-0.017960
-0.022522
-0.024880
-0.027142
-0.022097
-0.008965
0.000407
0.005346
0.008254
0.007407
0.006271
0.005878
0.003408
-0.002085
-0.007727
-0.009342
-0.003896
0.011313
0.032099
0.046331
0.050910
0.046160
0.029682
0.012007
0.000730
-0.004120
-0.011454
-0.014534
-0.005860
0.004089
0.016767
0.032333
0.044896
0.048980
0.048119
0.027644
0.009572
0.006555
0.005570
0.002942
-0.001655
-0.003388
-0.011972
-0.010667
-0.006285
-0.004282
-0.006852
-0.015413
-0.014760
0.008844
0.036284
0.046724
0.022429
-0.015971
-0.026479
-0.017680
0.006541
0.021212
0.018676
0.014296
0.006312
-0.010974
-0.022468
-0.026588
-0.033224
-0.036425
-0.032184
-0.026983
-0.027713
-0.033505
-0.028109
-0.012829
-0.007292
-0.011926
-0.012518
-0.004350
0.006944
0.015267
0.011420
-0.011359
-0.036661
-0.047168
-0.043146
-0.026696
-0.004035
0.025351
0.049682
0.066445
0.078134
0.079264
0.062300
0.040754
0.028612
0.015144
0.002799
-0.010932
-0.027925
-0.039691
-0.033853
-0.009744
0.012004
0.022809
0.027523
0.035008
0.043481
0.050393
0.049761
0.031390
0.008051
-0.013700
-0.034646
-0.045390
-0.038812
-0.015136
0.010205
0.025045
0.020410
-0.013309
-0.043029
-0.048495
-0.035866
-0.011530
-0.001074
-0.008850
-0.018230
-0.024035
-0.029662
-0.034701
-0.043564
-0.052317
-0.052890
-0.032752
-0.007753
0.000522
0.001212
-0.000044
-0.003468
-0.010490
-0.011325
-0.009358
-0.004738
0.000284
-0.004676
-0.013186
-0.016743
-0.012945
-0.006395
-0.003393
-0.006750
-0.007172
-0.001451
0.005492
0.010956
0.010753
0.010147
0.008526
0.009088
0.018519
0.027526
0.034250
0.037946
0.034962
0.032697
0.032481
0.027715
0.024740
0.023474
0.021093
0.014556
0.009607
0.004534
-0.002490
-0.013448
-0.029744
-0.043981
-0.041800
-0.029093
-0.014413
0.001975
0.006278
0.000374
-0.012138
-0.014515
0.008159
0.043802
0.063810
0.061896
0.050594
0.030964
-0.002111
-0.025213
-0.028196
-0.018972
-0.012724
-0.013522
-0.020007
-0.041164
-0.067786
-0.065090
-0.014236
0.011011
0.002174
-0.000189
0.014677
0.037231
0.054323
0.058860
0.055232
0.042440
0.012136
-0.009092
-0.029683
-0.044467
-0.040138
-0.025250
-0.022417
-0.027569
-0.019534
0.001831
0.024395
0.040301
0.051970
0.051912
0.043633
0.039345
0.038878
0.029602
0.006310
-0.023549
-0.043378
-0.042949
-0.032546
-0.032507
-0.037195
-0.033648
-0.021157
-0.005186
0.001226
-0.010309
-0.041529
-0.055741
-0.040482
-0.009868
0.016323
0.013872
-0.003894
-0.008565
-0.001770
0.007709
0.017636
0.029599
0.043764
0.039144
0.024180
0.005613
-0.014190
-0.031144
-0.023719
0.006463
0.026194
0.036829
0.042870
0.042737
0.036803
0.026524
0.005146
-0.014248
-0.014578
-0.000462
0.014441
0.018590
0.008401
-0.000976
-0.002969
-0.007020
-0.017734
-0.034343
-0.043924
-0.035049
-0.018418
-0.001139
0.009712
0.014411
0.022989
0.027706
0.021124
0.002014
-0.011057
-0.007863
0.001359
0.008715
0.012107
0.007371
-0.001576
-0.006874
-0.008291
-0.017340
-0.027030
-0.028660
-0.011511
0.020418
0.028839
0.014303
-0.001622
-0.002856
0.002248
-0.010003
-0.034969
-0.053086
-0.062358
-0.055814
-0.027413
0.000907
0.017339
0.027373
0.032602
0.033188
0.025934
0.017864
0.013938
0.014241
0.012619
0.010668
0.006219
0.001192
-0.001772
-0.010561
-0.020295
-0.030260
-0.036864
-0.031799
-0.012865
-0.000827
-0.000058
-0.003871
-0.005415
-0.001214
0.002116
-0.002606
-0.014294
-0.025602
-0.031285
-0.017809
0.005837
0.020896
0.025875
0.024383
0.020757
0.016716
0.003076
-0.018412
-0.029891
-0.027171
-0.002043
0.029499
0.042763
0.044349
0.043146
0.040763
0.031652
0.018612
0.004739
-0.008241
-0.019928
-0.030329
-0.037289
-0.037568
-0.031136
-0.021998
-0.016639
-0.010197
0.000095
0.009975
0.015976
0.008954
-0.005590
-0.020040
-0.028500
-0.028727
-0.025208
-0.022926
-0.016862
0.000295
0.017770
0.026741
0.028425
0.019998
0.011003
0.010831
0.014718
0.019950
0.022778
0.025479
0.027350
0.026090
0.021927
0.018074
0.016225
0.015934
0.013952
0.009131
0.002222
-0.006634
-0.016866
-0.024549
-0.026028
-0.027617
-0.029689
-0.029096
-0.020634
-0.006245
0.001094
0.004797
0.005078
-0.001189
-0.015017
-0.024265
-0.023194
-0.018921
-0.012848
-0.009958
-0.002927
0.006254
0.018362
0.030538
0.036492
0.035114
0.029434
0.024258
0.014325
-0.002492
-0.022122
-0.034509
-0.036801
-0.031088
-0.018685
0.002509
0.021093
0.031669
0.033529
0.025793
0.013571
0.002425
-0.001803
-0.001444
0.005686
0.016770
0.026627
0.037342
0.043240
0.043706
0.041337
0.035630
0.027413
0.015797
0.005691
-0.002224
-0.011080
-0.019562
-0.027086
-0.032711
-0.037779
-0.042478
-0.044784
-0.043035
-0.035851
-0.025709
-0.018142
-0.013850
-0.012809
-0.013034
-0.012019
-0.011977
-0.010769
-0.006606
-0.003653
-0.003238
-0.001670
-0.001134
-0.001793
-0.002327
-0.002444
-0.003589
-0.002291
0.001553
0.008326
0.013378
0.012703
0.006248
-0.001189
-0.001829
-0.000209
0.001678
0.003499
0.005591
0.006377
0.007830
0.009372
0.007283
0.001811
-0.003161
-0.001608
0.004484
0.009800
0.013403
0.015415
0.015058
0.013074
0.010263
0.004861
0.000849
0.000799
0.005209
0.011306
0.016751
0.020561
0.020391
0.017947
0.016417
0.016577
0.018145
0.020543
0.020618
0.017861
0.013172
0.009285
0.007714
0.009395
0.011312
0.015566
0.021200
0.023863
0.021743
0.015541
0.007229
-0.002142
-0.009730
-0.017148
-0.022437
-0.023549
-0.020889
-0.018630
-0.017722
-0.013565
-0.005998
-0.001832
-0.003827
-0.011422
-0.020762
-0.025461
-0.028694
-0.032550
-0.036291
-0.036840
-0.031836
-0.023914
-0.014138
-0.004054
0.001203
0.003045
0.000595
-0.004603
-0.008139
-0.008861
-0.004239
0.003210
0.008645
0.009598
0.008933
0.007200
0.007708
0.009447
0.012649
0.015627
0.015962
0.015283
0.014736
0.016014
0.016040
0.014907
0.007908
0.000869
-0.004563
-0.006432
-0.004062
-0.000237
0.005469
0.009815
0.013668
0.014154
0.011872
0.008342
0.002734
-0.004623
-0.012657
-0.017295
-0.018495
-0.017750
-0.016411
-0.013887
-0.009333
-0.004182
0.000865
0.003162
0.001573
-0.006152
-0.013466
-0.017860
-0.022385
-0.026799
-0.029491
-0.029264
-0.025791
-0.017632
-0.007937
0.003485
0.012167
0.016023
0.016506
0.012132
0.006740
0.004061
0.002892
0.001386
-0.001557
-0.001701
0.000465
0.003316
0.005502
0.007538
0.008045
0.005057
0.000118
-0.006380
-0.008581
-0.009124
-0.010201
-0.009512
-0.009205
-0.007233
-0.000672
0.006567
0.011899
0.014879
0.011843
0.005812
0.000091
-0.005229
-0.008661
-0.010861
-0.011628
-0.013787
-0.014271
-0.014257
-0.012594
-0.007953
-0.003907
0.000023
-0.000284
-0.002229
-0.002538
-0.002426
-0.002535
-0.001916
0.001571
0.006620
0.011510
0.015830
0.019374
0.021800
0.022307
0.022976
0.023636
0.023415
0.023547
0.023492
0.026330
0.029437
0.028358
0.022237
0.011254
0.000611
-0.006349
-0.010553
-0.011267
-0.011808
-0.013891
-0.014071
-0.014187
-0.013738
-0.011150
-0.007976
-0.004321
-0.000240
0.003971
0.007732
0.008610
0.006111
0.002068
-0.003149
-0.008187
-0.012574
-0.016504
-0.017580
-0.017463
-0.015864
-0.012071
-0.009264
-0.008631
-0.011379
-0.015862
-0.020365
-0.024700
-0.024989
-0.021199
-0.016955
-0.012133
-0.009218
-0.004986
0.001045
0.008352
0.015920
0.024341
0.031510
0.032030
0.026418
0.009854
-0.005599
-0.016773
-0.024335
-0.028205
-0.031330
-0.029010
-0.021103
-0.006579
0.008451
0.021285
0.032962
0.041885
0.044222
0.040285
0.028060
0.015277
0.005044
-0.005261
-0.013226
-0.021390
-0.027196
-0.028336
-0.021599
-0.008608
0.000017
0.003410
0.002889
0.002082
0.004055
0.005742
0.009294
0.012561
0.015091
0.012928
0.010017
0.009018
0.006706
0.006761
0.005791
0.003469
0.001590
-0.000266
-0.002568
-0.004114
-0.004812
-0.004164
-0.003534
-0.005235
-0.006878
-0.007380
-0.006748
-0.008419
-0.008549
-0.005658
-0.006423
-0.008590
-0.008355
-0.004824
-0.000562
0.006333
0.015693
0.023236
0.029405
0.032452
0.030239
0.020281
0.008418
-0.002867
-0.010569
-0.014841
-0.016924
-0.016611
-0.014867
-0.012411
-0.010733
-0.008063
-0.008235
-0.005954
-0.002446
0.000181
0.000533
-0.001904
-0.002863
-0.006423
-0.007767
-0.004921
-0.001622
0.002790
0.003516
0.001740
-0.000744
-0.002223
-0.002670
-0.004583
-0.005792
-0.008101
-0.010604
-0.013659
-0.013749
-0.013870
-0.013755
-0.013927
-0.010747
-0.004179
0.002302
0.006314
0.006639
0.005508
0.001474
0.000487
0.002151
0.006057
0.006539
0.006533
0.006462
0.006622
0.006241
0.004188
0.001899
0.000679
0.000751
0.000619
0.000521
0.001326
0.003565
0.003589
0.003569
0.003688
0.003576
0.001921
-0.000439
-0.002091
-0.001864
-0.002231
-0.001827
-0.002527
-0.002392
-0.001409
0.002114
0.004135
0.004011
0.003441
0.001106
0.001788
0.001705
0.001610
0.001316
0.000914
0.000579
0.001749
0.000663
-0.001218
-0.001268
-0.000544
0.001599
0.001491
0.001720
0.001444
0.003471
0.004200
0.004039
0.003739
0.001623
-0.000453
-0.003732
-0.006475
-0.009510
-0.010628
-0.009962
-0.007358
-0.002458
0.001566
0.003983
0.003964
0.000299
-0.003271
-0.005195
-0.004812
-0.002334
0.000816
0.003511
0.006440
0.008907
0.009571
0.011065
0.010791
0.008999
0.008330
0.006609
0.006001
0.005991
0.005732
0.005678
0.005450
0.003874
0.001614
-0.000177
-0.002003
-0.001526
-0.000225
0.000449
0.001781
0.003227
0.003229
0.003228
0.002396
0.000319
-0.001004
-0.002258
-0.002883
-0.003723
-0.003631
-0.002611
-0.001081
0.000560
0.001664
0.002428
0.001707
0.000571
-0.000826
-0.001510
-0.002140
-0.002644
-0.003661
-0.004049
-0.003435
-0.002198
-0.000769
0.000197
0.000972
0.001542
0.002187
0.002126
0.002073
0.001326
0.001161
0.000993
0.000887
0.001209
0.001831
0.002910
0.003560
0.003853
0.003874
0.003572
0.003483
0.003039
0.002557
0.002312
0.001996
0.001394
0.000971
0.001103
0.000936
0.000752
0.000440
-0.000136
-0.000573
-0.000991
-0.001245
-0.001421
-0.001735
-0.001917
-0.001886
-0.001662
-0.001514
-0.001401
-0.001259
-0.001219
-0.001302
-0.001362
-0.001419
-0.001611
-0.001825
-0.001981
-0.001926
-0.001840
-0.001742
-0.001697
-0.001666
-0.001559
-0.001443
-0.001271
-0.001180
-0.001103
-0.001076
-0.001032
-0.001004
-0.000995
-0.000966
-0.000944
-0.000909
-0.000865
-0.000810
-0.000755
-0.000702
-0.000658
-0.000617
-0.000576
-0.000535
-0.000497
