-0.000027
-0.000032
-0.000030
-0.000040
-0.000039
-0.000045
-0.000038
-0.000047
-0.000058
-0.000087
-0.000114
-0.000155
-0.000169
-0.000162
-0.000131
-0.000103
-0.000059
-0.000010
0.000059
0.000121
0.000161
0.000164
0.000171
0.000176
0.000190
0.000173
0.000076
-0.000077
-0.000167
-0.000201
-0.000228
-0.000279
-0.000332
-0.000386
-0.000439
-0.000496
-0.000563
-0.000594
-0.000029
0.001672
0.002649
0.001924
0.000634
-0.000370
-0.000373
0.001161
0.003630
0.005085
0.001827
-0.004285
-0.006323
-0.003637
-0.000251
0.000375
-0.000896
-0.001215
-0.000297
0.000554
-0.001748
-0.003873
0.000390
0.006108
0.002980
-0.007642
-0.011601
-0.005265
0.003167
0.008870
0.004639
-0.000913
0.001123
0.006649
0.011204
0.013667
0.008429
0.000762
0.000133
0.000182
-0.004227
-0.008209
-0.005279
0.002016
0.004362
-0.002173
-0.011468
-0.011312
0.002145
0.012016
0.000257
-0.021440
-0.017167
0.012913
0.024033
-0.001168
-0.029163
-0.022417
0.008302
0.010894
-0.009105
-0.008516
0.016404
0.028085
0.005559
-0.032272
-0.043789
-0.007246
0.043188
0.041914
-0.008350
-0.044944
-0.017532
0.025172
0.007647
-0.032751
-0.035468
-0.007270
0.018082
0.014059
-0.021853
-0.049297
-0.032926
0.010334
0.034644
0.018696
-0.006996
-0.004689
0.003720
0.002732
0.004898
0.013586
0.022793
0.016287
-0.004321
-0.025205
-0.023356
0.001839
0.030319
0.036215
0.016473
-0.008710
-0.015181
0.001518
0.015800
0.007803
-0.007513
-0.004542
0.013124
0.014077
-0.007515
-0.020360
-0.012634
0.001566
0.009548
0.003617
-0.011627
-0.010931
0.010706
0.025743
0.013465
-0.008795
-0.013393
-0.001934
0.009796
0.013802
0.008445
-0.000470
-0.000141
0.010017
0.020076
0.012188
0.000527
0.002144
-0.010821
-0.028301
-0.020618
0.005931
0.022758
0.011441
-0.016620
-0.029524
-0.012486
0.017276
0.032610
0.022073
0.003309
-0.000816
0.005354
0.007300
0.003997
0.000524
0.000011
0.000646
0.001020
0.002458
0.006463
0.009825
0.007390
-0.000109
0.000376
0.000074
-0.000292
0.006628
0.015036
0.014231
0.004008
-0.006831
-0.013045
-0.011516
-0.005714
-0.004784
-0.010763
-0.010712
-0.000899
0.003757
0.005178
0.012137
0.022104
0.021787
0.008769
0.002450
0.009367
0.018881
0.015731
-0.003754
-0.026885
-0.030377
-0.005251
-0.002520
-0.011311
0.003484
0.016459
0.004783
-0.002289
0.014111
0.021645
0.007212
-0.014115
-0.023463
-0.016730
-0.003750
-0.002413
-0.013573
-0.015478
-0.004612
0.003812
0.008817
0.015700
0.013881
0.002220
0.006608
0.012923
0.001219
-0.020454
-0.029081
-0.019336
-0.004364
0.006006
0.001073
-0.017779
-0.024209
-0.011976
0.004337
0.015130
0.020744
0.014520
0.006980
0.011504
0.013093
0.002067
-0.010309
-0.012991
-0.008030
-0.003812
-0.004258
-0.010147
-0.020664
-0.014334
0.031653
0.055211
0.024764
-0.021509
-0.048692
-0.042561
-0.019246
0.001264
0.012354
0.012581
-0.005151
-0.035291
-0.039253
-0.004279
0.042383
0.059965
0.027922
-0.029644
-0.079248
-0.062410
0.021129
0.062229
0.029243
-0.020397
-0.040357
-0.046189
-0.063990
-0.044028
0.029063
0.060157
0.014425
-0.051957
-0.048553
0.007769
0.037736
0.015930
-0.027913
-0.046131
-0.023766
0.008059
0.006204
-0.024000
-0.054160
-0.065233
-0.053336
-0.032684
-0.032993
-0.078479
-0.106739
-0.076203
-0.024532
-0.002597
-0.015745
-0.021862
-0.007484
0.009477
0.001767
-0.025047
-0.022606
0.025934
0.084499
0.075959
-0.005536
-0.034269
0.024890
0.093070
0.093900
0.043219
0.008612
0.023263
0.064072
0.098810
0.117539
0.086960
0.012711
-0.037981
-0.021303
0.026601
0.036067
0.014991
0.005824
0.013550
0.022426
0.024922
0.025754
0.028294
0.032448
0.040583
0.055621
0.073123
0.090079
0.105278
0.116249
0.066636
-0.045465
-0.131659
-0.117630
-0.036371
0.039211
0.058218
0.028727
-0.003311
0.003079
0.050365
0.093534
0.105385
0.097167
0.092091
0.092692
0.095072
0.093936
0.085885
0.068128
0.048981
0.044783
0.065734
0.080340
0.066630
0.036360
0.009822
-0.012424
-0.033120
-0.044293
-0.039537
-0.031348
-0.035496
-0.111129
-0.183310
-0.165681
-0.100333
-0.088377
-0.141092
-0.153421
-0.097635
-0.050166
-0.053954
-0.068321
-0.051066
-0.014479
-0.001386
-0.019523
-0.025206
-0.042385
-0.096094
-0.155103
-0.180443
-0.169679
-0.155945
-0.159959
-0.140986
-0.073778
0.012437
0.089004
0.135112
0.149638
0.147322
0.142830
0.181126
0.205522
0.167686
0.108224
0.065743
0.061971
0.059795
0.006492
-0.085669
-0.143397
-0.122487
-0.057626
0.001163
0.046840
0.089010
0.103810
0.057166
-0.009271
-0.027624
-0.002368
-0.006240
-0.084519
-0.200227
-0.253151
-0.184254
-0.059189
-0.016609
-0.066558
-0.114428
-0.084884
-0.002328
0.025498
-0.030344
-0.108238
-0.122810
-0.057716
0.010932
0.000803
-0.062571
-0.059300
0.026836
0.114072
0.111301
0.042400
0.049375
0.152090
0.244947
0.237050
0.158661
0.083494
0.028888
-0.021744
-0.078077
-0.127636
-0.126631
-0.076348
-0.020606
0.023933
0.062805
0.100109
0.074469
-0.019698
-0.063747
-0.022955
0.008306
-0.011457
-0.043756
-0.052929
-0.046458
-0.042445
-0.045011
-0.047719
-0.042321
-0.008599
0.048360
0.104193
0.115128
0.081692
0.042444
0.012971
-0.012037
-0.039411
-0.063377
-0.075479
-0.078381
-0.080638
-0.082789
-0.083167
-0.082298
-0.086032
-0.099005
-0.117453
-0.135517
-0.150020
-0.145941
-0.115877
-0.074923
-0.037039
-0.003447
0.028884
0.052696
0.065938
0.075282
0.075159
0.059937
0.037203
0.016016
0.002640
0.001776
0.008894
0.013666
0.015622
0.024717
0.035903
0.025624
-0.005119
-0.034990
-0.015294
0.044386
0.064320
0.030995
-0.011408
-0.034162
-0.026206
-0.011514
-0.018910
-0.040929
-0.052934
-0.042651
-0.038311
-0.060649
-0.076852
-0.039748
0.024603
0.045338
0.020740
0.019464
0.063300
0.095294
0.099317
0.091384
0.064148
0.034922
0.040954
0.068673
0.077415
0.064754
0.050263
0.049157
0.063562
0.083901
0.093389
0.079394
0.049921
0.021426
-0.000769
-0.018510
-0.036256
-0.053797
-0.070678
-0.086130
-0.099905
-0.091001
-0.055094
-0.041623
-0.094796
-0.118976
-0.062172
-0.012121
-0.017615
-0.046287
-0.053884
-0.020536
0.033890
0.054068
0.026498
-0.014527
-0.025155
0.014629
0.076771
0.093659
0.069997
0.096565
0.187717
0.286743
0.342296
0.347712
0.350728
0.375536
0.406312
0.430404
0.446326
0.411181
0.290948
0.173307
0.120514
0.098984
0.066738
0.020454
-0.023336
-0.059328
-0.080547
-0.084572
-0.087128
-0.098628
-0.113185
-0.116259
-0.106444
-0.095232
-0.093885
-0.123188
-0.164024
-0.171389
-0.146745
-0.118962
-0.099767
-0.083802
-0.070405
-0.057954
-0.032537
0.005490
0.031207
0.037741
0.036767
0.027352
0.009850
0.002196
0.012695
0.030262
0.044571
0.048043
0.049943
0.059520
0.071488
0.081454
0.089560
0.096617
0.090135
0.062443
0.025645
-0.004647
-0.022064
-0.031951
-0.041999
-0.049562
-0.045767
-0.032710
-0.032141
-0.052676
-0.088233
-0.127678
-0.164677
-0.199257
-0.233076
-0.266057
-0.296354
-0.304672
-0.288028
-0.269325
-0.288431
-0.326171
-0.306097
-0.226692
-0.143347
-0.104879
-0.106608
-0.087485
-0.028883
0.037875
0.059010
0.035071
0.013248
0.036123
0.093573
0.149941
0.196149
0.237902
0.273700
0.299766
0.319831
0.338935
0.356890
0.350778
0.285302
0.178837
0.093631
0.063359
0.054856
0.024220
-0.020254
-0.040305
-0.031926
-0.019975
-0.014808
-0.013697
-0.026881
-0.060728
-0.090480
-0.105514
-0.138478
-0.201501
-0.269344
-0.313492
-0.303469
-0.261106
-0.245267
-0.263553
-0.256898
-0.189990
-0.115088
-0.082980
-0.074864
-0.049873
-0.003755
0.034104
0.051737
0.060173
0.069885
0.068623
0.052546
0.023843
-0.012354
-0.049093
-0.082184
-0.091870
-0.069429
-0.062649
-0.097935
-0.115210
-0.075245
-0.010023
0.045903
0.075136
0.077738
0.074495
0.088302
0.115329
0.140427
0.143288
0.115789
0.089370
0.083271
0.064583
0.020387
-0.030413
-0.073648
-0.107652
-0.122358
-0.115884
-0.100439
-0.085442
-0.056412
0.000858
0.071687
0.106807
0.086094
0.042501
0.014951
0.001615
-0.018309
-0.045886
-0.065539
-0.073118
-0.077913
-0.082083
-0.074340
-0.053370
-0.030826
-0.015946
-0.022808
-0.033262
-0.019778
0.006875
0.010751
-0.011795
-0.036548
-0.042020
-0.022807
-0.000905
0.005793
0.005816
0.007430
0.003005
-0.007849
-0.014780
-0.004580
-0.001187
-0.018842
-0.042716
-0.049275
-0.036395
-0.019530
-0.001854
0.029232
0.056421
0.052224
0.027722
0.028698
0.070953
0.126374
0.169516
0.168790
0.131445
0.096418
0.069233
0.038398
0.004188
-0.000518
0.030043
0.067927
0.096647
0.095207
0.062112
0.034833
0.023301
0.009419
-0.011626
-0.025405
-0.022795
-0.019124
-0.029881
-0.031846
0.009959
0.081900
0.144391
0.168939
0.166767
0.163880
0.155247
0.120522
0.065594
0.011233
-0.035935
-0.075961
-0.112180
-0.146756
-0.177844
-0.177153
-0.141923
-0.099974
-0.065859
-0.044547
-0.039040
-0.035444
-0.003927
0.049476
0.082385
0.073487
0.044554
0.028370
0.040680
0.069105
0.095043
0.116305
0.136969
0.156535
0.141951
0.112808
0.102812
0.094150
0.068271
0.031160
-0.002910
-0.028411
-0.042775
-0.050808
-0.057731
-0.060978
-0.061627
-0.069763
-0.085219
-0.094617
-0.086528
-0.068399
-0.061668
-0.070246
-0.065309
-0.037208
-0.003810
0.018944
0.021828
0.027841
0.051361
0.080204
0.104203
0.115252
0.094805
0.048643
0.006545
-0.016502
-0.026894
-0.020782
0.005640
0.037290
0.047782
0.022497
0.010672
0.037524
0.076340
0.087640
0.051172
-0.002963
-0.025817
-0.024383
-0.035379
-0.064342
-0.093939
-0.106532
-0.079122
-0.021878
0.035800
0.074374
0.089605
0.094727
0.100193
0.093676
0.056834
0.001706
-0.024217
-0.011285
0.009400
0.014819
0.006645
0.006242
0.017621
0.025673
0.018916
-0.003763
-0.034447
-0.063223
-0.087187
-0.085830
-0.059556
-0.031174
-0.040127
-0.086664
-0.120685
-0.106273
-0.062257
-0.030480
-0.027412
-0.033216
-0.038747
-0.049871
-0.064252
-0.073218
-0.064336
-0.043247
-0.022159
-0.012624
-0.042884
-0.094970
-0.094774
-0.039776
0.008152
0.009439
-0.013509
0.001078
0.067981
0.102731
0.071010
0.021045
0.007954
0.040947
0.071483
0.070631
0.052525
0.036591
0.026016
0.017665
0.019738
0.033389
0.049260
0.062655
0.074394
0.084019
0.058781
0.000667
-0.023871
-0.014899
-0.037310
-0.076512
-0.085043
-0.090307
-0.104635
-0.103412
-0.083802
-0.065412
-0.070011
-0.092016
-0.106198
-0.094244
-0.065224
-0.036196
0.005864
0.055026
0.073952
0.061981
0.059133
0.083398
0.118255
0.147263
0.149139
0.100464
0.029529
0.017905
0.069595
0.093487
0.055598
0.002926
-0.014975
0.005798
0.037347
0.060164
0.050087
0.005572
-0.029825
-0.030336
-0.013331
-0.004613
0.003378
0.002095
-0.022584
-0.059029
-0.069262
-0.046401
-0.017687
0.003288
0.030137
0.070166
0.112421
0.141823
0.120831
0.058204
0.038287
0.063128
0.062753
0.025481
0.001015
0.010253
0.029226
0.039699
0.024840
-0.013643
-0.057584
-0.096937
-0.133054
-0.167320
-0.170820
-0.123721
-0.053544
-0.011652
-0.031171
-0.062039
-0.047937
-0.003321
0.031408
0.016668
-0.022867
-0.022688
0.018696
0.061194
0.057576
0.011977
-0.003335
0.029999
0.069471
0.044287
-0.030074
-0.058175
-0.028337
0.000460
-0.016972
-0.062584
-0.092254
-0.076637
-0.035052
-0.020811
-0.054452
-0.079261
-0.049573
0.005187
0.017733
-0.016120
-0.054559
-0.077535
-0.087265
-0.093873
-0.101254
-0.097829
-0.068857
-0.023638
0.005810
-0.003254
-0.027770
-0.014629
0.036028
0.086834
0.080983
0.019163
-0.031943
-0.015389
0.016429
0.000650
-0.042218
-0.063663
-0.024941
0.047863
0.074190
0.036618
-0.013078
-0.035506
-0.022091
0.002201
0.008500
-0.032269
-0.102475
-0.147047
-0.107393
-0.010788
0.050844
0.026047
-0.042632
-0.092792
-0.059004
0.041599
0.139776
0.141952
0.054444
-0.028491
-0.043371
-0.010728
-0.014332
-0.021669
0.012456
0.035479
0.017607
0.013165
0.059035
0.126532
0.142027
0.084569
0.036670
0.060547
0.124755
0.173323
0.151869
0.074621
-0.001942
-0.037599
-0.025545
-0.032124
-0.090730
-0.166636
-0.181537
-0.132302
-0.076036
-0.043969
-0.036874
-0.031353
-0.006532
0.031289
0.066239
0.078955
0.079535
0.090696
0.109522
0.097457
0.056363
0.043150
0.068355
0.100143
0.114575
0.095066
0.064932
0.057877
0.068107
0.070454
0.044513
0.000676
-0.041626
-0.076548
-0.092326
-0.087840
-0.078054
-0.071292
-0.078208
-0.116691
-0.154730
-0.129325
-0.053010
0.015207
0.000878
-0.082244
-0.134221
-0.109268
-0.049496
-0.015613
-0.023217
-0.030214
-0.003960
-0.002279
-0.048592
-0.075234
-0.055442
-0.023146
-0.011943
-0.034382
-0.072329
-0.094030
-0.070565
-0.016946
0.012773
-0.013616
-0.067455
-0.069744
-0.003391
0.033897
0.005405
-0.018260
-0.010270
-0.004813
-0.002913
0.011671
0.036196
0.059667
0.077279
0.092039
0.107315
0.121597
0.119329
0.096060
0.080299
0.084726
0.096706
0.103405
0.090064
0.056291
0.046779
0.084467
0.135684
0.122583
0.045202
-0.022318
-0.020416
0.029308
0.062355
0.023282
-0.033220
-0.022273
0.036145
0.064739
0.038214
-0.003244
-0.033161
-0.040017
-0.033644
-0.026874
-0.023247
-0.019352
-0.017179
-0.024347
-0.028020
-0.004284
0.038641
0.081780
0.116874
0.137584
0.136154
0.123327
0.112498
0.116571
0.131111
0.142821
0.103871
0.026891
-0.007183
0.012436
0.039116
0.020902
-0.024410
-0.032684
-0.000783
0.034682
0.042592
0.019383
-0.014629
-0.042495
-0.063265
-0.087703
-0.127070
-0.175766
-0.221787
-0.253350
-0.250576
-0.220884
-0.191334
-0.170360
-0.146480
-0.105252
-0.067433
-0.062098
-0.081077
-0.099768
-0.109341
-0.114312
-0.120842
-0.128314
-0.133089
-0.097534
-0.005594
0.069086
0.071928
0.038217
0.033936
0.081361
0.125989
0.122895
0.091450
0.080048
0.101983
0.134282
0.149785
0.126969
0.078191
0.046836
0.047483
0.058875
0.026932
-0.022323
-0.030101
-0.024565
-0.049685
-0.070273
-0.056947
-0.029670
-0.008462
0.000214
-0.000523
-0.007099
-0.021511
-0.042325
-0.063489
-0.082668
-0.100612
-0.117907
-0.134003
-0.137013
-0.119809
-0.093800
-0.069746
-0.048969
-0.027538
-0.004402
0.026396
0.069865
0.119001
0.155480
0.171440
0.182681
0.198285
0.203780
0.194422
0.181419
0.171388
0.163476
0.155752
0.149313
0.144290
0.139445
0.128462
0.110163
0.090209
0.072800
0.069529
0.080365
0.089122
0.071705
0.032675
0.003884
-0.004913
-0.017372
-0.061767
-0.127326
-0.170225
-0.172670
-0.162736
-0.166482
-0.176473
-0.168653
-0.145027
-0.137795
-0.155627
-0.177788
-0.194251
-0.207700
-0.219828
-0.200057
-0.144246
-0.080247
-0.013357
0.038271
0.058635
0.078084
0.115173
0.158974
0.195755
0.204218
0.162934
0.111513
0.093328
0.097148
0.085125
0.050769
0.020504
0.014836
0.015691
0.002857
-0.017111
-0.023747
-0.014568
-0.012016
-0.027215
-0.050381
-0.070435
-0.086965
-0.102574
-0.118539
-0.136848
-0.155632
-0.162927
-0.149805
-0.125824
-0.109009
-0.104879
-0.092818
-0.063996
-0.032769
-0.022778
-0.023618
-0.007787
0.022902
0.053759
0.078031
0.087749
0.081451
0.076297
0.079445
0.078162
0.061390
0.036022
0.012136
-0.007101
-0.008473
0.013631
0.044359
0.069522
0.065737
0.037940
0.035570
0.074296
0.124803
0.164919
0.168090
0.130750
0.081539
0.061899
0.087152
0.100589
0.079231
0.073672
0.082936
0.080841
0.078785
0.088221
0.100611
0.081056
0.029498
-0.000422
0.014025
0.045038
0.056534
0.040067
0.027709
0.036027
0.051228
0.060626
0.049669
0.016774
-0.023200
-0.058638
-0.072331
-0.078496
-0.109227
-0.159489
-0.190360
-0.161150
-0.092389
-0.049029
-0.051458
-0.065481
-0.053415
-0.025731
-0.025677
-0.047940
-0.062342
-0.065362
-0.062578
-0.046821
-0.019424
0.003128
0.008056
0.001731
-0.004312
-0.010700
-0.021508
-0.035056
-0.047532
-0.049072
-0.024959
0.015669
0.045350
0.059360
0.069718
0.075049
0.052084
0.009979
-0.010854
-0.015459
-0.027627
-0.047997
-0.066421
-0.066036
-0.049371
-0.031360
-0.016033
0.003002
0.027285
0.051902
0.073118
0.075287
0.054172
0.038186
0.039343
0.031799
0.001131
-0.026783
-0.022499
0.004927
0.031552
0.050836
0.060700
0.062967
0.055726
0.037883
0.016364
-0.000659
-0.015448
-0.038289
-0.068131
-0.092760
-0.095762
-0.081722
-0.068089
-0.060097
-0.052446
-0.039168
-0.024334
-0.022798
-0.034992
-0.048795
-0.059292
-0.068051
-0.077005
-0.085422
-0.090063
-0.088142
-0.087210
-0.099107
-0.120531
-0.128849
-0.118853
-0.104253
-0.093937
-0.092359
-0.098054
-0.105122
-0.111484
-0.115865
-0.101039
-0.060192
-0.021582
-0.001975
0.008351
0.020902
0.034919
0.042445
0.040277
0.023993
-0.003594
-0.031510
-0.055601
-0.057253
-0.035659
-0.008532
0.018300
0.059091
0.114156
0.166026
0.188542
0.193908
0.206523
0.224319
0.220035
0.164417
0.083610
0.031648
0.012897
-0.001206
-0.022735
-0.045160
-0.051356
-0.031896
0.000348
0.030581
0.056436
0.079949
0.079514
0.050281
0.013925
-0.016968
-0.043729
-0.070464
-0.088470
-0.079831
-0.050120
-0.019452
0.004208
0.017188
0.023422
0.035766
0.057724
0.078059
0.073012
0.044937
0.026783
0.027393
0.024920
0.009332
-0.008481
-0.004725
0.024920
0.060654
0.091405
0.118358
0.144618
0.152760
0.142533
0.137910
0.144257
0.138440
0.114214
0.086133
0.067358
0.062770
0.064572
0.049095
0.010344
-0.034147
-0.062431
-0.065525
-0.063121
-0.075416
-0.098333
-0.118674
-0.133548
-0.147384
-0.162410
-0.176551
-0.180826
-0.162181
-0.128356
-0.095655
-0.076130
-0.067786
-0.056248
-0.031944
-0.000045
0.029537
0.045582
0.043477
0.033025
0.021056
0.001674
-0.018332
-0.015369
0.007890
0.020081
0.011395
0.002450
0.008125
0.022660
0.035017
0.041300
0.040615
0.036627
0.035817
0.041252
0.048981
0.051420
0.039382
0.017150
-0.005058
-0.024098
-0.042089
-0.059994
-0.073636
-0.078857
-0.066629
-0.032097
0.012236
0.051299
0.068001
0.065910
0.059940
0.046332
0.022797
-0.003365
-0.027234
-0.047648
-0.049946
-0.028919
-0.000322
0.025166
0.047015
0.067132
0.060024
0.022909
-0.019224
-0.050257
-0.064923
-0.070992
-0.076831
-0.077881
-0.064126
-0.039563
-0.015241
0.003303
0.011214
0.011299
0.010538
0.011147
0.011269
-0.000721
-0.026573
-0.054540
-0.070359
-0.062738
-0.040939
-0.018488
0.003994
0.029323
0.055419
0.078888
0.080333
0.059851
0.044372
0.047831
0.057265
0.057398
0.053049
0.057735
0.071556
0.085522
0.091884
0.090341
0.089593
0.094328
0.101504
0.107139
0.111433
0.114557
0.114655
0.110166
0.098335
0.080921
0.063400
0.046123
0.026271
0.004817
-0.007056
-0.005546
0.000604
0.005053
0.007404
0.008528
0.008695
0.008668
0.008389
0.005458
-0.008839
-0.033038
-0.057919
-0.079600
-0.097822
-0.111359
-0.121363
-0.130379
-0.139153
-0.142475
-0.138393
-0.131527
-0.123304
-0.111409
-0.096633
-0.081830
-0.067901
-0.049302
-0.024571
0.001344
0.025090
0.043136
0.043764
0.028970
0.012398
-0.000830
-0.012433
-0.024772
-0.036888
-0.043556
-0.037714
-0.023525
-0.009914
0.000009
0.008481
0.017633
0.027202
0.032000
0.031014
0.028502
0.026872
0.025641
0.020740
0.007512
-0.011221
-0.029531
-0.045119
-0.048150
-0.035570
-0.017972
-0.008110
-0.011491
-0.015415
-0.010183
-0.000281
0.008165
0.014489
0.019182
0.020555
0.018998
0.016712
0.011076
-0.000079
-0.013785
-0.026745
-0.038422
-0.049647
-0.060715
-0.071186
-0.077889
-0.076433
-0.070761
-0.068811
-0.071079
-0.073687
-0.075017
-0.075445
-0.068124
-0.048834
-0.024329
-0.001320
0.019287
0.039109
0.055696
0.063580
0.059514
0.045377
0.027579
0.011458
0.004563
0.014064
0.033308
0.051264
0.059095
0.059086
0.060014
0.066925
0.077460
0.086832
0.087362
0.076138
0.060338
0.045738
0.030460
0.011864
-0.007724
-0.023841
-0.033498
-0.039491
-0.043787
-0.045678
-0.045275
-0.044011
-0.035492
-0.018907
-0.001217
0.009362
0.012452
0.015128
0.021726
0.030741
0.038941
0.045208
0.046418
0.049248
0.058069
0.064555
0.061065
0.050994
0.043194
0.042724
0.046553
0.042236
0.028225
0.012720
-0.000113
-0.010872
-0.016299
-0.016211
-0.014860
-0.014540
-0.017124
-0.023555
-0.031905
-0.039929
-0.047143
-0.053796
-0.056040
-0.051436
-0.043631
-0.036382
-0.030220
-0.024203
-0.018003
-0.012232
-0.010954
-0.017218
-0.027394
-0.036706
-0.039531
-0.035873
-0.030785
-0.026736
-0.023049
-0.018837
-0.014450
-0.010349
-0.006565
-0.003883
-0.008947
-0.021287
-0.024916
-0.014757
-0.001131
0.008425
0.013177
0.017310
0.022436
0.027530
0.031671
0.032059
0.027949
0.022132
0.015981
0.007520
-0.003309
-0.013387
-0.015312
-0.009002
0.000900
0.011658
0.021734
0.030654
0.035519
0.036769
0.037167
0.038170
0.039260
0.040055
0.041335
0.043800
0.046699
0.049334
0.051572
0.053329
0.050436
0.039611
0.024570
0.010317
-0.002142
-0.013915
-0.025358
-0.033756
-0.038620
-0.042394
-0.046382
-0.050212
-0.050931
-0.046640
-0.039776
-0.033420
-0.028748
-0.031016
-0.039883
-0.049480
-0.057187
-0.062080
-0.059034
-0.048672
-0.037558
-0.028241
-0.020119
-0.012594
-0.006545
-0.001659
0.002693
0.007014
0.011067
0.014847
0.018267
0.021450
0.023471
0.024455
0.025044
0.025695
0.026257
0.026797
0.027396
0.028181
0.028833
0.029360
0.029316
0.028144
0.026030
0.023991
0.022140
0.020437
0.018113
0.015260
0.012291
0.009689
0.007157
0.003543
-0.003339
-0.012174
-0.020619
-0.027668
-0.034109
-0.039994
-0.044684
-0.037793
-0.026395
-0.021653
-0.021033
-0.019997
-0.017376
-0.014934
-0.013600
-0.013349
-0.013283
-0.013084
-0.012396
-0.009022
-0.003071
0.002887
0.007919
0.012216
0.016300
0.020067
0.023421
0.026292
0.028719
0.029733
0.028662
0.026447
0.024343
0.022586
0.020968
0.019637
0.018731
0.017919
0.017036
0.016040
0.014456
0.011804
0.008721
0.005949
0.003717
0.002147
0.001106
0.000231
-0.000564
-0.001135
-0.001223
-0.001000
-0.000665
-0.000309
0.000033
0.000337
0.000772
0.001410
0.002069
0.002573
0.002926
0.003172
0.003317
0.003275
0.002210
0.000262
-0.001568
-0.002928
-0.003953
-0.004830
-0.005535
-0.006020
-0.005917
-0.004917
-0.003491
-0.002283
-0.001397
-0.000708
-0.000130
0.000303
0.000569
0.000640
0.000567
0.000218
-0.000399
-0.001032
-0.001286
-0.001196
-0.001232
-0.001510
-0.001819
-0.002048
-0.002227
-0.002389
-0.002516
-0.002615
-0.002704
-0.002796
-0.002884
-0.002964
-0.003031
-0.003086
-0.003128
-0.003157
-0.003170
-0.003170
-0.003150
-0.003114
-0.003065
-0.003018
-0.002966
-0.002894
-0.002798
-0.002683
-0.002553
-0.002412
-0.002260
-0.002100
-0.001933
-0.001763
-0.001591
-0.001417
-0.001243
-0.001068
-0.000894
-0.000720
-0.000548
-0.000377
-0.000209
-0.000043
0.000119
0.000279
0.000435
