0.000198
0.000271
0.000367
0.000369
0.000335
0.000242
0.000116
-0.000028
-0.000185
-0.000347
-0.000507
-0.000647
-0.000747
-0.000805
-0.000828
-0.000818
-0.000783
-0.000740
-0.000699
-0.000664
-0.000637
-0.000612
-0.000588
-0.000570
-0.000561
-0.000547
-0.000518
-0.000486
-0.000454
-0.000411
-0.000349
-0.000281
-0.000221
-0.000170
-0.000133
-0.000107
-0.000087
-0.000079
-0.000080
-0.000081
-0.000083
-0.000078
-0.000071
-0.000073
-0.000079
-0.000080
-0.000081
-0.000092
-0.000114
-0.000143
-0.000168
-0.000174
-0.000152
-0.000123
-0.000121
-0.000153
-0.000188
-0.000205
-0.000208
-0.000200
-0.000188
-0.000184
-0.000176
-0.000166
-0.000154
-0.000115
-0.000068
-0.000054
-0.000050
0.000002
0.000085
0.000128
0.000122
0.000087
0.000036
-0.000005
-0.000027
-0.000037
-0.000047
-0.000078
-0.000123
-0.000153
-0.000180
-0.000191
-0.000137
-0.000060
-0.000057
-0.000131
-0.000220
-0.000318
-0.000444
-0.000541
-0.000575
-0.000572
-0.000507
-0.000329
-0.000054
0.000240
0.000439
0.000485
0.000436
0.000385
0.000361
0.000332
0.000299
0.000286
0.000281
0.000239
0.000144
0.000059
-0.000005
-0.000130
-0.000292
-0.000365
-0.000331
-0.000291
-0.000275
-0.000238
-0.000225
-0.000325
-0.000520
-0.000728
-0.000803
-0.000618
-0.000341
-0.000218
-0.000214
-0.000167
-0.000057
0.000059
0.000179
0.000302
0.000414
0.000478
0.000509
0.000531
0.000487
0.000367
0.000257
0.000256
0.000323
0.000306
0.000168
-0.000016
-0.000241
-0.000455
-0.000528
-0.000548
-0.000669
-0.000762
-0.000715
-0.000683
-0.000830
-0.001077
-0.001222
-0.001258
-0.001231
-0.000946
-0.000363
0.000134
0.000282
0.000302
0.000431
0.000636
0.000819
0.000900
0.000887
0.000865
0.000819
0.000608
0.000206
-0.000299
-0.000890
-0.001514
-0.001959
-0.002040
-0.001978
-0.002025
-0.001845
-0.001245
-0.000665
-0.000394
-0.000319
-0.000297
-0.000205
0.000051
0.000296
0.000409
0.000624
0.000966
0.001205
0.001229
0.001007
0.000672
0.000374
0.000088
-0.000241
-0.000658
-0.000972
-0.000924
-0.000615
-0.000326
-0.000232
-0.000293
-0.000414
-0.000570
-0.000733
-0.000881
-0.000969
-0.001059
-0.001254
-0.001529
-0.001809
-0.002068
-0.002268
-0.002150
-0.001418
-0.000299
0.000480
0.000548
0.000375
0.000530
0.000913
0.001154
0.001196
0.001043
0.000574
0.000030
-0.000140
-0.000050
-0.000138
-0.000484
-0.000890
-0.001134
-0.001160
-0.001067
-0.000909
-0.000728
-0.000542
-0.000399
-0.000329
-0.000188
0.000032
0.000132
0.000085
0.000105
0.000359
0.000746
0.001114
0.001216
0.000822
0.000098
-0.000787
-0.001690
-0.002212
-0.002125
-0.001780
-0.001604
-0.001524
-0.001415
-0.001367
-0.001385
-0.001423
-0.001421
-0.001174
-0.000705
-0.000469
-0.000528
-0.000558
-0.000659
-0.000970
-0.001356
-0.001599
-0.001461
-0.001043
-0.000646
-0.000430
-0.000439
-0.000551
-0.000591
-0.000557
-0.000459
-0.000291
-0.000103
0.000383
0.001245
0.001959
0.002163
0.001835
0.001196
0.000531
-0.000187
-0.000913
-0.001370
-0.001585
-0.001814
-0.002100
-0.002268
-0.002434
-0.002916
-0.003252
-0.002443
-0.000745
0.000376
0.000487
0.000328
0.000200
0.000159
0.000432
0.000940
0.001341
0.001444
0.001504
0.001671
0.001492
0.000900
0.000377
0.000076
-0.000002
0.000089
0.000153
0.000105
0.000006
-0.000065
-0.000115
-0.000033
0.000422
0.001246
0.001930
0.002021
0.001936
0.001947
0.001539
0.000741
0.000154
-0.000122
-0.000276
0.000043
0.001034
0.001984
0.002281
0.001757
0.000562
-0.000524
-0.000942
-0.001233
-0.001664
-0.001274
0.000454
0.002880
0.004942
0.005732
0.005252
0.004449
0.003877
0.003123
0.002047
0.001192
0.000728
0.000163
-0.000607
-0.001205
-0.001829
-0.002338
-0.001733
-0.000321
0.000255
-0.000490
-0.001531
-0.001959
-0.001599
-0.000976
-0.000707
-0.000524
0.000564
0.002744
0.004447
0.004746
0.004330
0.003106
0.000463
-0.002723
-0.004816
-0.005361
-0.004571
-0.002898
-0.001516
-0.000941
-0.000769
-0.000662
-0.000576
-0.000766
-0.000924
-0.000071
0.001986
0.004785
0.007671
0.009371
0.008914
0.006060
0.001901
-0.000612
0.000131
0.002157
0.003074
0.003112
0.003049
0.002131
0.000132
-0.001527
-0.001801
-0.001303
-0.000776
-0.000033
0.000888
0.001562
0.002023
0.002633
0.003092
0.002436
0.000745
-0.000390
0.000193
0.001779
0.002852
0.003089
0.003150
0.003340
0.003417
0.002444
-0.000114
-0.002771
-0.003581
-0.002355
-0.000060
0.002141
0.003196
0.002722
0.000882
-0.001353
-0.002538
-0.002382
-0.001888
-0.001662
-0.001421
-0.000940
-0.000457
-0.000549
-0.000963
-0.000898
-0.000338
0.000213
0.000092
-0.000058
0.001498
0.004219
0.005661
0.004834
0.002979
0.001942
0.002305
0.003420
0.004245
0.003480
0.000568
-0.002851
-0.004518
-0.004771
-0.004964
-0.004261
-0.001928
0.000452
0.001350
0.000778
-0.000286
-0.000988
-0.001091
-0.000510
-0.000111
-0.000579
-0.000269
0.002197
0.005248
0.006801
0.006444
0.004721
0.002623
0.000572
-0.002237
-0.005682
-0.008206
-0.009278
-0.008868
-0.006061
-0.000894
0.004087
0.006002
0.005152
0.004175
0.004477
0.005337
0.005475
0.004581
0.003031
0.001116
-0.000493
-0.000735
0.000254
0.001088
0.001189
0.000413
-0.001746
-0.005107
-0.008136
-0.008893
-0.007563
-0.006151
-0.005724
-0.006010
-0.006402
-0.006200
-0.005222
-0.004404
-0.004114
-0.003689
-0.003161
-0.002707
-0.002592
-0.003287
-0.003146
-0.000528
0.002524
0.003618
0.003430
0.003364
0.003472
0.003093
0.001731
-0.000626
-0.003559
-0.006353
-0.008207
-0.008937
-0.009174
-0.009069
-0.007989
-0.005690
-0.002942
-0.000669
0.001119
0.002903
0.005034
0.007593
0.010122
0.012378
0.014822
0.017117
0.017765
0.015726
0.011376
0.006125
0.001275
-0.002492
-0.004673
-0.005283
-0.005265
-0.005890
-0.007441
-0.008936
-0.009746
-0.009680
-0.008274
-0.005903
-0.003510
-0.001197
0.000958
0.002245
0.002763
0.003262
0.003741
0.003820
0.003444
0.003356
0.003795
0.003782
0.003764
0.005274
0.009079
0.013588
0.015635
0.015097
0.013824
0.012642
0.011628
0.009926
0.006489
0.001786
-0.002021
-0.003931
-0.004728
-0.004731
-0.004339
-0.004305
-0.004887
-0.005575
-0.005934
-0.006419
-0.006290
-0.004163
-0.000527
0.003550
0.007733
0.011460
0.013837
0.015081
0.015822
0.015877
0.015522
0.015254
0.014840
0.014087
0.013461
0.013428
0.013394
0.013025
0.012067
0.009760
0.006751
0.004269
0.002857
0.002580
0.002842
0.002855
0.002523
0.002253
0.002214
0.002060
0.001418
0.000755
0.000700
0.000761
0.000181
-0.000874
-0.001366
-0.000447
0.001388
0.003386
0.004962
0.005218
0.004045
0.002169
-0.000321
-0.003631
-0.007096
-0.009594
-0.010406
-0.009576
-0.007889
-0.006569
-0.006339
-0.007047
-0.007535
-0.007064
-0.006441
-0.006336
-0.006607
-0.006179
-0.003678
0.000238
0.003182
0.004350
0.004534
0.004365
0.004830
0.006668
0.009787
0.012853
0.013863
0.014021
0.016092
0.019075
0.020552
0.020706
0.020222
0.018967
0.017421
0.015639
0.013069
0.009950
0.007112
0.005434
0.005199
0.005321
0.004566
0.004147
0.006249
0.010202
0.014001
0.017047
0.019146
0.020140
0.020427
0.020564
0.020372
0.018827
0.015863
0.012393
0.008632
0.004711
0.001025
-0.002497
-0.005642
-0.007551
-0.007933
-0.007830
-0.008837
-0.011802
-0.016481
-0.021662
-0.025408
-0.026918
-0.027602
-0.028562
-0.028613
-0.026322
-0.022152
-0.017349
-0.011966
-0.006106
-0.002109
-0.001838
-0.003591
-0.004673
-0.004610
-0.004500
-0.005051
-0.005762
-0.006233
-0.006922
-0.006589
-0.003845
-0.000524
0.000636
-0.001374
-0.004922
-0.007357
-0.007971
-0.007527
-0.005814
-0.001935
0.002722
0.005529
0.005877
0.004735
0.002987
0.000878
-0.001648
-0.004037
-0.005140
-0.004683
-0.003659
-0.002952
-0.002792
-0.003325
-0.004018
-0.004359
-0.004734
-0.005582
-0.007019
-0.009091
-0.012350
-0.016331
-0.019610
-0.021875
-0.023479
-0.024820
-0.026360
-0.027848
-0.028527
-0.028260
-0.027029
-0.024284
-0.019759
-0.014280
-0.009475
-0.007163
-0.007954
-0.010628
-0.013801
-0.016732
-0.018733
-0.019841
-0.020853
-0.021098
-0.018304
-0.012169
-0.005469
0.000195
0.005117
0.008599
0.009942
0.009717
0.009014
0.008234
0.006595
0.003169
-0.001531
-0.005521
-0.008114
-0.010690
-0.013894
-0.016935
-0.018939
-0.019178
-0.017541
-0.015975
-0.016028
-0.015698
-0.013064
-0.009002
-0.005621
-0.004539
-0.005529
-0.007773
-0.011206
-0.015447
-0.019051
-0.020423
-0.020502
-0.021094
-0.020225
-0.015628
-0.009529
-0.005752
-0.005203
-0.005703
-0.004598
-0.000465
0.006565
0.015215
0.023330
0.027916
0.027284
0.022962
0.017484
0.012025
0.007405
0.004847
0.004216
0.003622
0.001629
-0.001336
-0.003710
-0.004374
-0.002908
0.000697
0.005334
0.009356
0.012468
0.015215
0.017657
0.019916
0.022471
0.025552
0.029363
0.033184
0.034688
0.032916
0.029213
0.024501
0.018545
0.011211
0.002950
-0.005699
-0.014949
-0.024399
-0.031754
-0.035309
-0.034858
-0.030631
-0.023394
-0.013929
-0.003316
0.006011
0.011540
0.013254
0.013523
0.014151
0.015100
0.014821
0.011752
0.005837
-0.001903
-0.009412
-0.015259
-0.019890
-0.023913
-0.027682
-0.031511
-0.034851
-0.036663
-0.036527
-0.034209
-0.029575
-0.023305
-0.015252
-0.004781
0.007102
0.018197
0.025766
0.028459
0.027573
0.025191
0.022732
0.020643
0.018719
0.016652
0.014686
0.014330
0.017119
0.021820
0.024712
0.024096
0.021611
0.019137
0.017724
0.018359
0.021943
0.027269
0.030577
0.029799
0.026262
0.021937
0.017491
0.012255
0.006065
0.000130
-0.004433
-0.006635
-0.005069
-0.000240
0.004979
0.008456
0.009649
0.009136
0.008473
0.007952
0.006268
0.002841
-0.001656
-0.005681
-0.007856
-0.008705
-0.009196
-0.008544
-0.005895
-0.001834
0.001802
0.003270
0.002245
-0.001133
-0.006140
-0.011791
-0.017919
-0.023120
-0.025197
-0.024149
-0.020980
-0.016137
-0.010538
-0.005383
-0.001266
0.001359
0.002473
0.002920
0.002984
0.002610
0.002250
0.001909
0.001185
-0.000273
-0.002261
-0.003617
-0.003519
-0.002551
-0.002235
-0.003581
-0.006302
-0.009235
-0.011223
-0.012020
-0.011308
-0.008915
-0.006762
-0.006733
-0.007994
-0.008951
-0.009503
-0.009394
-0.007571
-0.003834
0.000498
0.003978
0.007163
0.011196
0.015728
0.019041
0.020404
0.021162
0.021720
0.022419
0.024899
0.028511
0.030180
0.027897
0.022380
0.016026
0.010600
0.006211
0.001777
-0.003114
-0.006814
-0.007512
-0.005027
-0.000064
0.005722
0.010102
0.013326
0.017018
0.020019
0.020855
0.021157
0.023096
0.026507
0.029312
0.029687
0.027651
0.024986
0.023453
0.023651
0.025812
0.029435
0.033347
0.037587
0.042536
0.046832
0.048964
0.049288
0.048642
0.046560
0.042731
0.037843
0.032363
0.026865
0.021887
0.017077
0.011176
0.003054
-0.006804
-0.016303
-0.023313
-0.026490
-0.025006
-0.018251
-0.006279
0.008149
0.020787
0.029025
0.032367
0.032427
0.030852
0.027718
0.023001
0.017581
0.012902
0.010184
0.009423
0.008588
0.004923
-0.002216
-0.009884
-0.015132
-0.017464
-0.015610
-0.009300
-0.002437
0.000867
0.000283
-0.002756
-0.007708
-0.013831
-0.020015
-0.025963
-0.032143
-0.038083
-0.042417
-0.044561
-0.044210
-0.041590
-0.037268
-0.031388
-0.024297
-0.015628
-0.004607
0.007307
0.016417
0.019706
0.017478
0.013191
0.010172
0.008673
0.006954
0.004182
0.001434
-0.000088
-0.000980
-0.002223
-0.003909
-0.006014
-0.008259
-0.010075
-0.011367
-0.012201
-0.012473
-0.012385
-0.012474
-0.013182
-0.014059
-0.013903
-0.011635
-0.006501
0.000226
0.004748
0.005163
0.003515
0.002494
0.003702
0.007128
0.010709
0.012431
0.011804
0.009354
0.005993
0.002394
-0.001742
-0.007753
-0.016855
-0.028049
-0.037580
-0.042664
-0.044182
-0.044869
-0.046488
-0.048745
-0.050912
-0.051897
-0.049791
-0.044424
-0.037665
-0.031145
-0.025696
-0.021413
-0.017068
-0.011333
-0.004670
0.001635
0.006426
0.008865
0.009911
0.011813
0.015815
0.021268
0.026306
0.030228
0.034170
0.038785
0.042520
0.042491
0.036482
0.023729
0.006342
-0.011404
-0.025578
-0.033696
-0.036201
-0.034764
-0.029807
-0.022494
-0.015383
-0.009868
-0.005639
-0.002257
-0.000131
0.000435
-0.000762
-0.004385
-0.009740
-0.014486
-0.016764
-0.016959
-0.016567
-0.016256
-0.016518
-0.018274
-0.022126
-0.026872
-0.030453
-0.032495
-0.033704
-0.034444
-0.034712
-0.034302
-0.033565
-0.033098
-0.033249
-0.034575
-0.037086
-0.040739
-0.045172
-0.048966
-0.050665
-0.049224
-0.044988
-0.039909
-0.035723
-0.032510
-0.029540
-0.027228
-0.026661
-0.028269
-0.031834
-0.035948
-0.038859
-0.040210
-0.040607
-0.040144
-0.038906
-0.037522
-0.035829
-0.033427
-0.030440
-0.026776
-0.022462
-0.017725
-0.012172
-0.005703
0.000217
0.004168
0.005783
0.005503
0.005550
0.007741
0.011210
0.014644
0.017247
0.019099
0.021584
0.025892
0.032605
0.040827
0.048138
0.051981
0.049710
0.040196
0.024763
0.005480
-0.012883
-0.023714
-0.026041
-0.024924
-0.025313
-0.028085
-0.031245
-0.033755
-0.035380
-0.034997
-0.031912
-0.026688
-0.020434
-0.014634
-0.010027
-0.005177
0.002216
0.012171
0.022404
0.030846
0.036761
0.040143
0.040809
0.039501
0.038283
0.038193
0.038638
0.039163
0.039966
0.040627
0.041290
0.043785
0.049069
0.055182
0.057709
0.052925
0.040023
0.020464
-0.000397
-0.014220
-0.017003
-0.010872
0.000819
0.017207
0.036576
0.052940
0.061710
0.062961
0.059666
0.055272
0.050614
0.043389
0.031258
0.014842
-0.002935
-0.018429
-0.029101
-0.035472
-0.039004
-0.039107
-0.034562
-0.026451
-0.018015
-0.011224
-0.004374
0.004487
0.014465
0.023914
0.030565
0.031840
0.028131
0.022850
0.019280
0.017200
0.014249
0.011109
0.009966
0.010350
0.010701
0.010468
0.010313
0.010865
0.011454
0.011558
0.011397
0.010568
0.007824
0.002445
-0.004786
-0.012257
-0.018718
-0.023299
-0.025854
-0.027244
-0.027579
-0.026392
-0.024133
-0.021405
-0.017547
-0.010876
-0.000533
0.012957
0.028749
0.045030
0.058157
0.064945
0.065176
0.061174
0.054765
0.045475
0.031922
0.015130
-0.001074
-0.014024
-0.022667
-0.027157
-0.028724
-0.027234
-0.022095
-0.014005
-0.004892
0.003629
0.011596
0.019532
0.026981
0.032413
0.035515
0.037708
0.039451
0.039322
0.036151
0.031220
0.026617
0.022481
0.017893
0.012072
0.004874
-0.001976
-0.006664
-0.010512
-0.017159
-0.028000
-0.040207
-0.050272
-0.056839
-0.059791
-0.058811
-0.054214
-0.047703
-0.041159
-0.035677
-0.030670
-0.025294
-0.020201
-0.015877
-0.011441
-0.005332
0.001904
0.007032
0.008299
0.006763
0.004488
0.003092
0.003233
0.005395
0.009651
0.015452
0.022345
0.029996
0.037625
0.043155
0.044362
0.039862
0.029017
0.014046
-0.000351
-0.010516
-0.014096
-0.010196
-0.001312
0.008778
0.018199
0.027044
0.035796
0.042669
0.044112
0.039794
0.033248
0.027728
0.023612
0.018478
0.009788
-0.002360
-0.015645
-0.027680
-0.036553
-0.041769
-0.044674
-0.046643
-0.048078
-0.047683
-0.043555
-0.036079
-0.026934
-0.017629
-0.010286
-0.005957
-0.004244
-0.004918
-0.007240
-0.008721
-0.006769
-0.000818
0.008177
0.017389
0.022715
0.021419
0.013895
0.003185
-0.007523
-0.016279
-0.022594
-0.026955
-0.028883
-0.026337
-0.018574
-0.008290
-0.000412
0.001972
0.000582
-0.000548
-0.000100
0.001018
0.003211
0.006300
0.008111
0.007366
0.004522
0.000362
-0.004414
-0.009977
-0.017517
-0.027732
-0.039513
-0.050037
-0.056791
-0.059582
-0.060161
-0.060053
-0.060286
-0.061764
-0.063551
-0.063195
-0.059401
-0.053177
-0.046413
-0.040377
-0.035911
-0.032329
-0.026273
-0.013404
0.007298
0.030922
0.050932
0.064618
0.073701
0.080936
0.087257
0.092467
0.095891
0.096637
0.094390
0.089245
0.080931
0.068882
0.054354
0.040014
0.025926
0.011649
0.000457
-0.003267
0.000941
0.009492
0.019359
0.029315
0.038936
0.047554
0.053430
0.055932
0.056231
0.055299
0.053054
0.049140
0.042901
0.033671
0.022551
0.010578
-0.004076
-0.022670
-0.042426
-0.059686
-0.072801
-0.081451
-0.085486
-0.084087
-0.077067
-0.066110
-0.053453
-0.040364
-0.026917
-0.013786
-0.003908
0.000093
-0.001736
-0.007727
-0.015315
-0.022034
-0.026937
-0.030746
-0.034212
-0.036605
-0.036716
-0.034182
-0.029547
-0.024367
-0.021133
-0.020890
-0.021637
-0.021683
-0.022120
-0.025400
-0.033109
-0.044693
-0.057024
-0.065915
-0.070187
-0.071154
-0.069626
-0.066004
-0.060789
-0.054906
-0.048737
-0.042010
-0.034785
-0.026567
-0.016499
-0.004918
0.006100
0.014469
0.019402
0.020263
0.016872
0.010524
0.003964
-0.000886
-0.004775
-0.008071
-0.009894
-0.010548
-0.010545
-0.009207
-0.006069
-0.002400
0.000214
0.001876
0.004206
0.008532
0.013670
0.017178
0.018113
0.017701
0.018687
0.022604
0.028019
0.031969
0.032899
0.033056
0.036087
0.042619
0.050044
0.055728
0.059194
0.061353
0.062647
0.062908
0.062170
0.059902
0.054430
0.044870
0.032948
0.022356
0.015597
0.012090
0.010809
0.011521
0.013714
0.017025
0.021333
0.026077
0.029932
0.030181
0.024098
0.011681
-0.004911
-0.023153
-0.040750
-0.055307
-0.064010
-0.065694
-0.061722
-0.053577
-0.042983
-0.032214
-0.022497
-0.015082
-0.010928
-0.009469
-0.009532
-0.010323
-0.011076
-0.009345
-0.003299
0.005615
0.014395
0.021427
0.027249
0.032067
0.035176
0.036335
0.035465
0.031729
0.024245
0.014073
0.004565
-0.001887
-0.006365
-0.011395
-0.017749
-0.024096
-0.028277
-0.028818
-0.025680
-0.020185
-0.014833
-0.011324
-0.010342
-0.011890
-0.014226
-0.015642
-0.015116
-0.011208
-0.003474
0.006499
0.015792
0.020721
0.019308
0.013969
0.008744
0.005838
0.005732
0.007942
0.012068
0.017449
0.021154
0.019838
0.014281
0.008078
0.003378
0.001167
0.003060
0.008813
0.013607
0.012049
0.003371
-0.008881
-0.019791
-0.026025
-0.028116
-0.029623
-0.032838
-0.037408
-0.042007
-0.044233
-0.042202
-0.036950
-0.030252
-0.022421
-0.013601
-0.004660
0.004089
0.012627
0.020057
0.025725
0.029548
0.032583
0.036157
0.039345
0.040816
0.041398
0.042258
0.042770
0.041343
0.036305
0.026638
0.013370
-0.000773
-0.012611
-0.019843
-0.022947
-0.024148
-0.025121
-0.026907
-0.029637
-0.032376
-0.033077
-0.029426
-0.021061
-0.010383
-0.000167
0.008684
0.015321
0.018433
0.018069
0.015335
0.010977
0.005603
0.000600
-0.003324
-0.006506
-0.009063
-0.011300
-0.013019
-0.013607
-0.013819
-0.014116
-0.013111
-0.010249
-0.007616
-0.007850
-0.011528
-0.016997
-0.021694
-0.023867
-0.022824
-0.018640
-0.012069
-0.003057
0.008013
0.019084
0.029204
0.038609
0.046600
0.052067
0.055637
0.059353
0.064132
0.069633
0.075047
0.078418
0.077208
0.070369
0.057747
0.038440
0.012898
-0.015902
-0.043880
-0.064602
-0.072336
-0.067884
-0.055542
-0.039547
-0.024566
-0.014373
-0.010063
-0.010736
-0.014357
-0.016417
-0.012743
-0.005396
-0.000564
-0.001139
-0.005975
-0.012721
-0.019136
-0.024381
-0.028666
-0.031976
-0.034027
-0.034907
-0.034465
-0.033022
-0.031778
-0.030180
-0.026566
-0.021144
-0.016157
-0.014542
-0.017821
-0.025021
-0.033864
-0.041978
-0.048103
-0.052599
-0.056424
-0.059694
-0.060872
-0.058433
-0.052637
-0.044263
-0.034250
-0.023149
-0.010476
0.003452
0.018363
0.034371
0.049666
0.061543
0.068772
0.071002
0.068032
0.060696
0.051500
0.042582
0.033724
0.024257
0.014486
0.005153
-0.002455
-0.006673
-0.007270
-0.006058
-0.005581
-0.007519
-0.011289
-0.014848
-0.016633
-0.016520
-0.015908
-0.015961
-0.016327
-0.016869
-0.017508
-0.017325
-0.015666
-0.012681
-0.009768
-0.007940
-0.005640
-0.000947
0.006549
0.015426
0.022514
0.024474
0.019200
0.008646
-0.001982
-0.009006
-0.012336
-0.014711
-0.019054
-0.025607
-0.032605
-0.037800
-0.038385
-0.033531
-0.025435
-0.015672
-0.003692
0.009255
0.018560
0.020565
0.015898
0.008799
0.002959
-0.001206
-0.005267
-0.009950
-0.014405
-0.018038
-0.020919
-0.022740
-0.022327
-0.018656
-0.011717
-0.001835
0.010348
0.022506
0.031001
0.033694
0.032081
0.030891
0.034303
0.042100
0.049833
0.052084
0.046212
0.032871
0.015463
-0.002032
-0.018297
-0.033607
-0.046931
-0.055554
-0.056550
-0.048836
-0.034910
-0.017913
0.001275
0.021915
0.041297
0.055626
0.062524
0.061915
0.056312
0.049346
0.042309
0.034342
0.025662
0.018272
0.012509
0.006383
-0.000983
-0.008883
-0.015339
-0.017906
-0.015041
-0.006897
0.003286
0.011931
0.018071
0.023158
0.028483
0.033679
0.038563
0.042898
0.046577
0.049872
0.052397
0.053414
0.052100
0.048222
0.043065
0.037784
0.032232
0.026091
0.018912
0.010950
0.003038
-0.004385
-0.010242
-0.013358
-0.012714
-0.007985
-0.001632
0.002741
0.003761
0.003081
0.002879
0.003647
0.006026
0.010590
0.016542
0.023358
0.030710
0.038898
0.047927
0.055315
0.058740
0.058343
0.056740
0.056508
0.057842
0.059404
0.059153
0.056291
0.052389
0.049876
0.049522
0.050194
0.049923
0.047538
0.044340
0.041384
0.040166
0.042463
0.047684
0.053638
0.056807
0.056387
0.054602
0.053403
0.053423
0.053645
0.052542
0.048648
0.042038
0.034394
0.027488
0.023201
0.022656
0.024446
0.026217
0.026456
0.025133
0.024244
0.026309
0.032264
0.040340
0.046321
0.046620
0.041202
0.032489
0.023444
0.015966
0.009825
0.003810
-0.003458
-0.013615
-0.026332
-0.039649
-0.051620
-0.060126
-0.064907
-0.068495
-0.072708
-0.075669
-0.075767
-0.072582
-0.065093
-0.053727
-0.039701
-0.024816
-0.011183
-0.000409
0.007546
0.014701
0.021800
0.026836
0.026960
0.021173
0.010475
-0.003903
-0.021084
-0.039595
-0.056323
-0.068969
-0.077899
-0.084330
-0.089881
-0.095782
-0.101342
-0.104056
-0.101407
-0.093620
-0.083658
-0.074317
-0.065782
-0.056167
-0.045364
-0.033431
-0.018677
-0.003043
0.009068
0.014749
0.014047
0.009790
0.004421
-0.000582
-0.004407
-0.007922
-0.013409
-0.022181
-0.033355
-0.043373
-0.049413
-0.051669
-0.051033
-0.048523
-0.044985
-0.039967
-0.032122
-0.022138
-0.010891
0.001814
0.014779
0.025751
0.031454
0.030589
0.027022
0.026780
0.030886
0.034862
0.035588
0.033727
0.032177
0.032288
0.033580
0.035717
0.037478
0.038410
0.038679
0.038887
0.040100
0.041909
0.043217
0.042246
0.037025
0.026844
0.013201
-0.001826
-0.016403
-0.027567
-0.033670
-0.035806
-0.034676
-0.031123
-0.028862
-0.030246
-0.034489
-0.041993
-0.052108
-0.061978
-0.068567
-0.069497
-0.064358
-0.053059
-0.036450
-0.018112
-0.003553
0.004607
0.009285
0.014906
0.022158
0.028351
0.032086
0.034098
0.036095
0.039228
0.042435
0.042497
0.036801
0.026409
0.015161
0.006103
-0.001285
-0.009485
-0.019246
-0.029185
-0.037688
-0.043486
-0.043526
-0.034184
-0.015749
0.006634
0.027329
0.044083
0.057135
0.068250
0.079040
0.087575
0.090368
0.086998
0.080628
0.075302
0.073054
0.072828
0.072587
0.071596
0.070012
0.068823
0.068268
0.068838
0.071783
0.076576
0.081261
0.082718
0.079903
0.074596
0.068139
0.061458
0.055117
0.049204
0.043813
0.038266
0.031210
0.023155
0.015908
0.009768
0.004908
0.002235
0.001367
0.001085
0.000949
0.000640
0.000422
-0.000056
-0.002120
-0.005937
-0.011225
-0.017610
-0.025260
-0.034202
-0.042917
-0.049954
-0.054692
-0.056735
-0.056294
-0.053939
-0.050688
-0.046546
-0.039826
-0.031958
-0.027808
-0.029842
-0.036926
-0.045782
-0.053188
-0.056937
-0.054770
-0.046190
-0.032140
-0.015079
0.000429
0.011361
0.018153
0.022586
0.025530
0.026619
0.025416
0.024596
0.028031
0.036093
0.046249
0.055662
0.062252
0.064730
0.064419
0.063576
0.063037
0.063771
0.066695
0.071356
0.075291
0.075086
0.068768
0.055914
0.037226
0.015132
-0.007937
-0.030339
-0.050009
-0.065946
-0.078373
-0.087316
-0.094161
-0.100195
-0.104693
-0.106676
-0.106343
-0.105932
-0.106381
-0.105279
-0.100742
-0.093928
-0.087493
-0.083683
-0.083860
-0.088627
-0.096845
-0.104855
-0.109478
-0.109222
-0.104167
-0.097220
-0.090579
-0.083438
-0.074722
-0.065172
-0.056587
-0.049732
-0.044097
-0.039383
-0.035933
-0.033396
-0.031746
-0.031571
-0.032589
-0.034869
-0.039959
-0.048915
-0.059864
-0.069260
-0.075306
-0.079757
-0.084962
-0.090757
-0.095724
-0.098352
-0.099048
-0.099157
-0.098260
-0.095993
-0.092753
-0.089466
-0.087529
-0.086741
-0.085173
-0.081666
-0.076964
-0.072349
-0.067655
-0.062113
-0.055648
-0.049052
-0.044212
-0.042501
-0.043209
-0.044602
-0.045475
-0.045456
-0.044404
-0.042050
-0.039702
-0.037927
-0.035188
-0.032431
-0.031070
-0.030460
-0.030009
-0.029258
-0.027369
-0.024140
-0.020826
-0.018066
-0.014884
-0.010473
-0.005273
-0.000008
0.003917
0.004976
0.003012
-0.001316
-0.005652
-0.007848
-0.008379
-0.007931
-0.006375
-0.003695
-0.000621
0.002073
0.005445
0.010437
0.015601
0.017700
0.014791
0.008207
0.001103
-0.003983
-0.006866
-0.007716
-0.007329
-0.007396
-0.008364
-0.010292
-0.012542
-0.013078
-0.009695
-0.002327
0.007228
0.016544
0.022272
0.023000
0.021532
0.021427
0.023257
0.025894
0.027414
0.026392
0.025050
0.026756
0.031304
0.036244
0.039815
0.042290
0.045568
0.050176
0.055201
0.060160
0.065315
0.071428
0.079217
0.088598
0.097886
0.104440
0.106884
0.105196
0.099205
0.090053
0.078551
0.064967
0.051184
0.038599
0.029551
0.026049
0.026998
0.029946
0.033317
0.038102
0.045605
0.054867
0.063876
0.071544
0.077431
0.082000
0.086552
0.091336
0.096269
0.100408
0.102860
0.104459
0.104783
0.102630
0.098411
0.093264
0.088583
0.085559
0.084159
0.083537
0.082679
0.081299
0.079315
0.077128
0.075718
0.075572
0.077237
0.080241
0.083444
0.086115
0.089454
0.094999
0.102075
0.109747
0.116543
0.121773
0.126020
0.128615
0.129564
0.129804
0.129995
0.130338
0.129655
0.128083
0.126153
0.123142
0.119453
0.115539
0.111248
0.106479
0.101858
0.097970
0.094788
0.092870
0.091877
0.091306
0.090823
0.089245
0.086745
0.084137
0.081121
0.076318
0.068647
0.059733
0.051260
0.042912
0.033550
0.023040
0.012439
0.001616
-0.008142
-0.013446
-0.013811
-0.012625
-0.012478
-0.013071
-0.013341
-0.013181
-0.013000
-0.013214
-0.014485
-0.016272
-0.018241
-0.020821
-0.022218
-0.019832
-0.013700
-0.007430
-0.003237
0.001129
0.007699
0.015676
0.022055
0.024626
0.024383
0.024772
0.028785
0.035117
0.039690
0.040017
0.036501
0.032051
0.030045
0.031590
0.035312
0.039875
0.044688
0.049763
0.055385
0.061218
0.067248
0.073765
0.081110
0.090073
0.101042
0.112570
0.122416
0.129909
0.134859
0.136496
0.135030
0.131840
0.128199
0.124247
0.119381
0.113491
0.107260
0.100899
0.093732
0.085813
0.076973
0.066890
0.056597
0.046408
0.036281
0.027705
0.022228
0.019706
0.018807
0.017920
0.017056
0.017038
0.017486
0.019255
0.023049
0.027598
0.031876
0.035760
0.039340
0.042395
0.044681
0.044815
0.041906
0.037102
0.031374
0.025399
0.018990
0.012002
0.004436
-0.003864
-0.012699
-0.021709
-0.030645
-0.040287
-0.051142
-0.063489
-0.078092
-0.095846
-0.117180
-0.141120
-0.165247
-0.189008
-0.213555
-0.236224
-0.251838
-0.258332
-0.257398
-0.252882
-0.248607
-0.245109
-0.241230
-0.237357
-0.235287
-0.235397
-0.236201
-0.236842
-0.237286
-0.237523
-0.237138
-0.235163
-0.231796
-0.226085
-0.213720
-0.188277
-0.143083
-0.078564
-0.005677
0.059085
0.103257
0.125263
0.132830
0.133509
0.128303
0.116753
0.101383
0.085989
0.072885
0.061419
0.050061
0.037627
0.023842
0.009203
-0.004395
-0.014075
-0.019362
-0.020710
-0.019983
-0.019300
-0.019113
-0.019226
-0.019103
-0.019503
-0.021005
-0.021690
-0.019302
-0.013530
-0.007345
-0.005163
-0.008074
-0.015454
-0.027730
-0.042188
-0.053498
-0.058268
-0.056644
-0.050918
-0.044310
-0.040742
-0.039768
-0.039243
-0.038281
-0.036730
-0.035908
-0.035898
-0.038062
-0.044237
-0.053558
-0.064773
-0.077985
-0.092483
-0.104125
-0.110266
-0.113750
-0.117161
-0.120027
-0.122296
-0.123644
-0.123590
-0.122936
-0.122655
-0.123447
-0.125230
-0.127781
-0.130739
-0.133051
-0.134168
-0.135311
-0.137752
-0.140878
-0.144436
-0.148935
-0.154433
-0.159626
-0.163867
-0.167084
-0.167979
-0.167636
-0.166686
-0.163492
-0.159828
-0.158408
-0.157915
-0.157270
-0.155982
-0.151567
-0.143934
-0.134946
-0.123996
-0.110318
-0.094700
-0.077499
-0.061382
-0.048950
-0.037978
-0.027738
-0.018038
-0.009071
-0.003025
0.000714
0.004798
0.008975
0.010290
0.010225
0.008724
0.003086
-0.005047
-0.013498
-0.023643
-0.036616
-0.051531
-0.067277
-0.081010
-0.092277
-0.100734
-0.104508
-0.105326
-0.105295
-0.104135
-0.102453
-0.101967
-0.101410
-0.098788
-0.095525
-0.091688
-0.086680
-0.081899
-0.076920
-0.072950
-0.071717
-0.071495
-0.071617
-0.071587
-0.071293
-0.072083
-0.072300
-0.070632
-0.067336
-0.063881
-0.061746
-0.058922
-0.054495
-0.048629
-0.041201
-0.033797
-0.027216
-0.021850
-0.017850
-0.014302
-0.011115
-0.007641
-0.004726
-0.003675
-0.002526
0.000426
0.003576
0.005955
0.009271
0.014035
0.019421
0.025004
0.031257
0.036904
0.042137
0.048390
0.053536
0.058248
0.064699
0.072099
0.079519
0.086442
0.093132
0.098700
0.102188
0.104487
0.105029
0.102974
0.100574
0.098372
0.093448
0.083891
0.068596
0.043810
0.006471
-0.038303
-0.081778
-0.114045
-0.128633
-0.128154
-0.118301
-0.102363
-0.081163
-0.057589
-0.036033
-0.021516
-0.014279
-0.009051
-0.004149
0.001538
0.009519
0.020286
0.032593
0.043235
0.051093
0.055858
0.060302
0.066011
0.072015
0.080149
0.090452
0.101820
0.111367
0.118697
0.126161
0.131197
0.134448
0.137352
0.137984
0.136862
0.134208
0.129160
0.122867
0.117407
0.112011
0.104153
0.090970
0.070340
0.041371
0.009805
-0.016071
-0.034386
-0.043246
-0.042489
-0.034988
-0.022580
-0.007667
0.007115
0.019857
0.027764
0.028791
0.024914
0.020155
0.017567
0.018966
0.023341
0.028646
0.034639
0.039698
0.042132
0.042167
0.041105
0.041308
0.042041
0.043084
0.046682
0.052501
0.058597
0.063221
0.067042
0.070567
0.072748
0.073385
0.072293
0.069443
0.064569
0.057930
0.050806
0.044358
0.039581
0.036722
0.035592
0.034824
0.033982
0.034293
0.037558
0.043894
0.050932
0.058213
0.063439
0.066904
0.071128
0.074327
0.076729
0.079835
0.083370
0.086003
0.087130
0.086839
0.086031
0.086128
0.085689
0.084175
0.082543
0.081051
0.080838
0.081162
0.080904
0.080224
0.080636
0.082662
0.084346
0.086369
0.089524
0.093635
0.097701
0.100193
0.100532
0.096437
0.086431
0.071131
0.051186
0.027664
0.002855
-0.019889
-0.036561
-0.046446
-0.050856
-0.049045
-0.042986
-0.035150
-0.026794
-0.019803
-0.013806
-0.008912
-0.005724
-0.003666
-0.003914
-0.006556
-0.009758
-0.014376
-0.020407
-0.025042
-0.028136
-0.031271
-0.032994
-0.033076
-0.032043
-0.026998
-0.017946
-0.006739
0.007578
0.023384
0.037607
0.049060
0.056537
0.060946
0.063237
0.062000
0.057395
0.051328
0.043583
0.034479
0.024646
0.013939
0.003918
-0.006408
-0.017465
-0.027524
-0.035453
-0.040813
-0.045316
-0.048847
-0.051101
-0.053066
-0.054275
-0.054635
-0.053897
-0.051325
-0.046625
-0.039360
-0.030223
-0.021407
-0.014510
-0.008804
-0.003929
-0.001273
-0.000885
-0.001635
-0.001170
0.000244
0.000970
0.001985
0.005082
0.010384
0.015568
0.020988
0.026697
0.032118
0.037647
0.042167
0.045507
0.048648
0.050764
0.051401
0.051993
0.052998
0.055134
0.057569
0.058624
0.057959
0.055553
0.051061
0.044334
0.035744
0.024562
0.010260
-0.004994
-0.019752
-0.032528
-0.040775
-0.044970
-0.046233
-0.045299
-0.041321
-0.035666
-0.032708
-0.033477
-0.036822
-0.041394
-0.045606
-0.049280
-0.053395
-0.056078
-0.056798
-0.057446
-0.058076
-0.058861
-0.058383
-0.054542
-0.048676
-0.042066
-0.035398
-0.028828
-0.021898
-0.014892
-0.007738
-0.002886
-0.001265
-0.001654
-0.003212
-0.004922
-0.006976
-0.009320
-0.011436
-0.013689
-0.016585
-0.019982
-0.024234
-0.028306
-0.031309
-0.033537
-0.033615
-0.030149
-0.024667
-0.018693
-0.011749
-0.004700
0.002268
0.010167
0.018071
0.025477
0.030934
0.032909
0.032637
0.029705
0.023676
0.015271
0.006009
-0.001034
-0.005855
-0.009687
-0.012330
-0.013579
-0.013594
-0.013528
-0.012884
-0.010566
-0.008541
-0.007687
-0.007238
-0.007541
-0.008372
-0.010339
-0.014190
-0.019484
-0.025064
-0.029853
-0.032910
-0.032199
-0.026064
-0.014937
-0.000533
0.015389
0.029800
0.040345
0.046697
0.050174
0.052529
0.054547
0.056506
0.057335
0.057319
0.058353
0.059511
0.059893
0.059295
0.057647
0.053611
0.044593
0.029530
0.006696
-0.021383
-0.049006
-0.070585
-0.082578
-0.085181
-0.078910
-0.065071
-0.046090
-0.024372
-0.001073
0.022964
0.046356
0.066954
0.081768
0.090180
0.093355
0.091366
0.085992
0.079712
0.073603
0.068958
0.065291
0.061517
0.057969
0.055480
0.054881
0.053485
0.049548
0.044735
0.038889
0.031334
0.021630
0.011450
0.003307
-0.004197
-0.011441
-0.016691
-0.019679
-0.020394
-0.019688
-0.018236
-0.017069
-0.017084
-0.016072
-0.013448
-0.011751
-0.010824
-0.009341
-0.007695
-0.005511
-0.003521
-0.002659
-0.003042
-0.005909
-0.009822
-0.012278
-0.012430
-0.009242
-0.004059
0.000265
0.001812
0.000109
-0.003774
-0.008765
-0.013989
-0.019351
-0.024878
-0.030151
-0.034651
-0.037892
-0.039056
-0.037561
-0.034357
-0.030776
-0.026734
-0.022858
-0.020818
-0.020573
-0.020531
-0.018550
-0.014846
-0.011225
-0.008395
-0.006213
-0.004461
-0.002196
0.002008
0.006641
0.009792
0.011397
0.011569
0.011241
0.010308
0.008517
0.005676
-0.000183
-0.009348
-0.019852
-0.030086
-0.037752
-0.040872
-0.041001
-0.040803
-0.040611
-0.039611
-0.037922
-0.036318
-0.033967
-0.029343
-0.023580
-0.018409
-0.014251
-0.011964
-0.011874
-0.013035
-0.014673
-0.016022
-0.016318
-0.015492
-0.013838
-0.010743
-0.006737
-0.003196
-0.000146
0.002096
0.003049
0.001777
-0.001825
-0.007237
-0.013701
-0.020014
-0.026246
-0.031643
-0.035129
-0.035784
-0.034738
-0.035379
-0.036431
-0.034070
-0.028190
-0.021655
-0.016507
-0.012430
-0.009535
-0.008259
-0.008286
-0.009036
-0.010300
-0.012149
-0.014305
-0.016305
-0.017617
-0.018210
-0.018069
-0.017995
-0.018304
-0.018187
-0.017571
-0.016362
-0.015133
-0.014016
-0.012621
-0.011991
-0.011088
-0.009407
-0.007968
-0.006363
-0.005359
-0.005313
-0.004890
-0.003969
-0.003844
-0.004328
-0.005291
-0.006758
-0.006833
-0.005628
-0.004785
-0.004080
-0.003494
-0.002247
0.000686
0.003715
0.004519
0.003552
0.002983
0.003467
0.004381
0.004446
0.004807
0.007288
0.011248
0.016887
0.023407
0.029167
0.034303
0.038246
0.040110
0.039808
0.037933
0.034532
0.029407
0.023544
0.018608
0.014816
0.011071
0.007473
0.004633
0.003098
0.003332
0.005932
0.011124
0.017352
0.022992
0.028312
0.033813
0.037797
0.038812
0.037413
0.034469
0.031393
0.027955
0.022984
0.016445
0.009022
0.001623
-0.005833
-0.013031
-0.019526
-0.024475
-0.026923
-0.026840
-0.023119
-0.015987
-0.008403
-0.001385
0.005457
0.011596
0.017283
0.022414
0.026332
0.029456
0.032176
0.033593
0.033490
0.032744
0.031359
0.028419
0.024207
0.019990
0.015876
0.012544
0.010113
0.008472
0.008168
0.007893
0.007139
0.006238
0.004947
0.003630
0.002292
0.001598
0.001450
0.002200
0.005131
0.009587
0.014638
0.018696
0.021590
0.024815
0.028776
0.031765
0.032772
0.034421
0.036632
0.037435
0.037968
0.039760
0.042498
0.045567
0.048467
0.050293
0.051105
0.050930
0.050776
0.051335
0.051586
0.051894
0.052737
0.052753
0.050868
0.047452
0.043219
0.039279
0.035148
0.029045
0.020070
0.008210
-0.004842
-0.017164
-0.027098
-0.032721
-0.034390
-0.034242
-0.032893
-0.030607
-0.027702
-0.024054
-0.019317
-0.013571
-0.008140
-0.004992
-0.004566
-0.005623
-0.007936
-0.011389
-0.015591
-0.019682
-0.023402
-0.026661
-0.028812
-0.030221
-0.029783
-0.026108
-0.019788
-0.012256
-0.006001
-0.001946
0.000902
0.002446
0.002051
-0.000597
-0.004860
-0.008727
-0.011814
-0.014677
-0.016755
-0.018368
-0.019666
-0.020495
-0.022221
-0.025260
-0.028539
-0.031810
-0.035269
-0.038535
-0.041533
-0.044937
-0.047553
-0.047886
-0.046491
-0.044467
-0.043216
-0.042815
-0.042059
-0.040823
-0.039061
-0.035933
-0.031641
-0.027342
-0.023228
-0.019091
-0.015998
-0.015715
-0.017172
-0.018729
-0.020414
-0.021037
-0.021077
-0.021944
-0.022843
-0.023689
-0.024501
-0.024163
-0.022070
-0.018716
-0.015769
-0.013202
-0.010550
-0.008035
-0.004990
-0.001713
0.001691
0.004434
0.005202
0.004799
0.004646
0.004816
0.004309
0.002377
-0.000779
-0.004239
-0.006942
-0.008000
-0.007720
-0.007357
-0.006929
-0.005065
-0.000870
0.004255
0.008828
0.012698
0.014741
0.015019
0.014371
0.012865
0.011328
0.010037
0.008681
0.007400
0.006252
0.005151
0.004374
0.003763
0.002223
-0.000830
-0.004936
-0.009112
-0.013406
-0.017518
-0.020869
-0.023722
-0.025836
-0.027779
-0.028597
-0.028339
-0.028186
-0.026527
-0.024088
-0.022478
-0.021756
-0.021545
-0.021279
-0.021214
-0.021218
-0.021028
-0.020972
-0.021890
-0.023241
-0.024068
-0.025230
-0.027524
-0.030943
-0.034425
-0.037451
-0.039952
-0.041006
-0.040960
-0.040754
-0.040847
-0.041327
-0.042098
-0.043372
-0.044366
-0.044934
-0.045520
-0.045092
-0.044121
-0.043932
-0.044743
-0.046280
-0.047496
-0.047492
-0.046972
-0.046754
-0.046472
-0.045987
-0.044891
-0.042959
-0.041850
-0.041959
-0.041233
-0.038341
-0.033865
-0.029656
-0.025722
-0.021801
-0.019415
-0.018824
-0.019722
-0.022591
-0.027128
-0.032286
-0.037210
-0.041459
-0.045009
-0.047936
-0.050092
-0.051485
-0.052376
-0.052392
-0.051691
-0.050920
-0.049928
-0.049030
-0.048276
-0.047239
-0.045963
-0.044636
-0.044181
-0.044542
-0.044126
-0.041900
-0.038248
-0.033744
-0.028065
-0.021109
-0.012957
-0.004635
0.002504
0.009275
0.017011
0.025105
0.031586
0.036358
0.040101
0.042082
0.042857
0.042777
0.040616
0.036578
0.031489
0.025156
0.017268
0.008779
0.001238
-0.004613
-0.008931
-0.012321
-0.014930
-0.017239
-0.018724
-0.018917
-0.018965
-0.018694
-0.017910
-0.016685
-0.014238
-0.010625
-0.006863
-0.003526
0.000532
0.005515
0.009373
0.011155
0.011370
0.010396
0.008697
0.006986
0.005570
0.003920
0.001290
-0.002187
-0.005938
-0.009430
-0.012397
-0.014915
-0.017050
-0.018641
-0.019083
-0.018255
-0.017308
-0.017458
-0.017469
-0.014925
-0.010282
-0.005507
-0.001341
0.002510
0.006433
0.011023
0.016487
0.021518
0.025619
0.029375
0.033283
0.036914
0.038893
0.039875
0.041906
0.045335
0.048537
0.050782
0.053005
0.056026
0.059920
0.063546
0.065862
0.067100
0.067564
0.067418
0.067384
0.067383
0.066960
0.066171
0.064918
0.063904
0.063965
0.064370
0.064437
0.064259
0.063547
0.061654
0.058699
0.055283
0.051761
0.048317
0.044158
0.039515
0.035866
0.033612
0.031617
0.028863
0.024789
0.019717
0.015625
0.012716
0.010521
0.009590
0.009599
0.010180
0.011443
0.012652
0.012977
0.013825
0.016157
0.018584
0.020239
0.021171
0.021218
0.021483
0.023098
0.025659
0.028961
0.032729
0.036333
0.039184
0.041749
0.044490
0.046940
0.048660
0.049425
0.049330
0.048680
0.047524
0.046034
0.043598
0.040021
0.036821
0.032934
0.027401
0.022042
0.017591
0.013118
0.008015
0.002731
-0.002661
-0.008137
-0.013300
-0.018484
-0.023829
-0.028060
-0.030625
-0.033255
-0.035888
-0.037397
-0.039003
-0.040658
-0.041664
-0.042857
-0.043235
-0.042253
-0.042018
-0.042659
-0.041644
-0.037922
-0.033011
-0.027778
-0.022406
-0.017011
-0.011269
-0.004657
0.002763
0.009336
0.015066
0.020272
0.024234
0.027537
0.028838
0.026827
0.022698
0.017406
0.011937
0.006986
0.002488
-0.001303
-0.004465
-0.007622
-0.010178
-0.012402
-0.015234
-0.018251
-0.021287
-0.023426
-0.024213
-0.024272
-0.024004
-0.023477
-0.022444
-0.020655
-0.018554
-0.018221
-0.017991
-0.016077
-0.014586
-0.013418
-0.012166
-0.010623
-0.008548
-0.006457
-0.004854
-0.004075
-0.003578
-0.002978
-0.001985
-0.001307
-0.001822
-0.003502
-0.006643
-0.010236
-0.012599
-0.014946
-0.018086
-0.021098
-0.024276
-0.028667
-0.032928
-0.035670
-0.038132
-0.039708
-0.040037
-0.039920
-0.039183
-0.038690
-0.039088
-0.038309
-0.036840
-0.036163
-0.035564
-0.035199
-0.034247
-0.033407
-0.032410
-0.030819
-0.030801
-0.030302
-0.027310
-0.023882
-0.021375
-0.019527
-0.017101
-0.013184
-0.008554
-0.003799
0.001664
0.007626
0.013922
0.020210
0.026143
0.031639
0.035911
0.038805
0.039939
0.039723
0.039450
0.038948
0.037472
0.035750
0.033913
0.032048
0.030202
0.027693
0.026079
0.025719
0.025393
0.025669
0.026925
0.028084
0.028527
0.028696
0.028722
0.028216
0.026803
0.025045
0.023093
0.020916
0.020293
0.021188
0.021547
0.021285
0.022045
0.025035
0.029587
0.033143
0.034260
0.034127
0.034128
0.033999
0.033645
0.032945
0.031872
0.031715
0.032093
0.032193
0.032286
0.032521
0.033167
0.034513
0.035756
0.036478
0.038224
0.040840
0.042544
0.043966
0.045778
0.047024
0.048251
0.049506
0.049402
0.048877
0.050408
0.052074
0.052299
0.052518
0.051979
0.051689
0.052101
0.051453
0.050596
0.050225
0.049636
0.049022
0.047973
0.046661
0.046226
0.046047
0.046142
0.045850
0.044571
0.043705
0.042154
0.039615
0.037791
0.035642
0.032781
0.030809
0.029397
0.028092
0.026991
0.025986
0.025764
0.026187
0.025783
0.025261
0.025714
0.026208
0.026129
0.025871
0.025943
0.025934
0.025725
0.026124
0.026694
0.027165
0.027907
0.028099
0.028727
0.029455
0.029403
0.029414
0.028573
0.027068
0.024660
0.021828
0.020423
0.019437
0.018025
0.017579
0.017757
0.016279
0.015318
0.015488
0.015883
0.017235
0.017946
0.019663
0.021703
0.022141
0.023844
0.026561
0.029386
0.030600
0.029669
0.029077
0.027757
0.025104
0.022023
0.020325
0.019615
0.018328
0.017114
0.015932
0.014592
0.012938
0.011961
0.011739
0.012268
0.013079
0.012386
0.012126
0.012278
0.011715
0.010364
0.008732
0.008611
0.008884
0.009529
0.009274
0.008487
0.009029
0.009367
0.010182
0.011191
0.011582
0.011971
0.012140
0.011549
0.010810
0.010732
0.009968
0.008816
0.008146
0.007176
0.005239
0.003783
0.003957
0.004414
0.004933
0.005726
0.008738
0.012932
0.014328
0.014415
0.014415
0.013992
0.013797
0.012081
0.008630
0.004893
0.000663
-0.002913
-0.005006
-0.006915
-0.009168
-0.011395
-0.013866
-0.017070
-0.020227
-0.023181
-0.027551
-0.032009
-0.035528
-0.039368
-0.043021
-0.046213
-0.049252
-0.052230
-0.053585
-0.052774
-0.052274
-0.052405
-0.051333
-0.049638
-0.048515
-0.047512
-0.046753
-0.045436
-0.043053
-0.040449
-0.037324
-0.034384
-0.032001
-0.029682
-0.028443
-0.028319
-0.028532
-0.028810
-0.029296
-0.031158
-0.033558
-0.034004
-0.033944
-0.034911
-0.035748
-0.035827
-0.035927
-0.036009
-0.034595
-0.032632
-0.030394
-0.028141
-0.026773
-0.024406
-0.020745
-0.018060
-0.016288
-0.015285
-0.015113
-0.014094
-0.013333
-0.013726
-0.014704
-0.015619
-0.016236
-0.016139
-0.014574
-0.013277
-0.012686
-0.012043
-0.011409
-0.010843
-0.010619
-0.010882
-0.011288
-0.012329
-0.013976
-0.016186
-0.019095
-0.020823
-0.022932
-0.026596
-0.029731
-0.031417
-0.031754
-0.031524
-0.031400
-0.030664
-0.028146
-0.025823
-0.024417
-0.022947
-0.022269
-0.021689
-0.020533
-0.019283
-0.018243
-0.017192
-0.016331
-0.016672
-0.016699
-0.016185
-0.016147
-0.015645
-0.014747
-0.013785
-0.012785
-0.011576
-0.009624
-0.007544
-0.005429
-0.004128
-0.003924
-0.002957
-0.002044
-0.001307
-0.000204
0.000443
0.000502
0.000567
0.001747
0.003485
0.004871
0.005787
0.006195
0.006901
0.008139
0.009723
0.011587
0.013388
0.015364
0.017546
0.020057
0.022251
0.023103
0.023458
0.025035
0.026592
0.026716
0.027233
0.027724
0.027780
0.027746
0.026581
0.024887
0.023932
0.022751
0.020750
0.019182
0.018594
0.018934
0.018351
0.016223
0.014841
0.013650
0.011507
0.009416
0.007323
0.006186
0.006343
0.006446
0.006616
0.007179
0.009493
0.013754
0.017040
0.019446
0.022624
0.025186
0.026452
0.026579
0.026156
0.025021
0.022756
0.019670
0.015704
0.011842
0.008158
0.004541
0.000794
-0.002465
-0.004125
-0.003980
-0.002934
-0.002614
-0.002580
-0.002361
-0.001824
-0.001289
-0.001647
-0.002773
-0.004141
-0.004590
-0.004163
-0.003919
-0.003920
-0.004428
-0.005881
-0.007204
-0.008020
-0.009902
-0.011987
-0.013351
-0.014585
-0.015557
-0.016071
-0.015908
-0.015404
-0.014701
-0.014328
-0.014292
-0.013685
-0.013076
-0.013326
-0.013564
-0.013346
-0.013522
-0.014083
-0.015452
-0.017004
-0.017944
-0.019153
-0.020648
-0.022004
-0.021911
-0.020928
-0.021221
-0.021879
-0.021849
-0.021243
-0.020426
-0.019867
-0.019369
-0.018776
-0.018815
-0.019304
-0.019022
-0.018917
-0.018957
-0.019007
-0.020283
-0.021721
-0.022389
-0.023419
-0.024865
-0.026311
-0.028103
-0.029579
-0.030187
-0.030361
-0.030554
-0.031012
-0.031801
-0.031681
-0.030771
-0.030662
-0.030670
-0.030073
-0.029579
-0.028850
-0.027923
-0.027299
-0.027370
-0.028285
-0.029135
-0.029167
-0.027661
-0.025821
-0.024569
-0.023493
-0.022310
-0.020490
-0.018179
-0.017175
-0.017373
-0.016547
-0.016042
-0.016700
-0.017676
-0.018473
-0.018784
-0.018665
-0.018595
-0.018610
-0.017702
-0.017557
-0.017761
-0.016063
-0.014212
-0.012857
-0.010778
-0.007275
-0.003406
-0.000040
0.004505
0.009425
0.012566
0.014571
0.016290
0.018041
0.019970
0.021050
0.022133
0.024335
0.025585
0.025923
0.027158
0.028673
0.030044
0.031406
0.032845
0.034048
0.035055
0.036470
0.037716
0.038649
0.039039
0.038879
0.039071
0.039797
0.040495
0.040747
0.041056
0.041926
0.041975
0.041260
0.041544
0.041787
0.041404
0.041426
0.040909
0.038768
0.036400
0.034457
0.032083
0.029300
0.025870
0.022846
0.021936
0.021859
0.021727
0.021994
0.022073
0.021828
0.021549
0.021298
0.021466
0.021951
0.021978
0.021683
0.021590
0.021485
0.020462
0.018711
0.017999
0.018273
0.018586
0.018850
0.018437
0.018079
0.018566
0.018723
0.018203
0.017297
0.016517
0.016166
0.016027
0.016162
0.015781
0.014672
0.013187
0.011371
0.009972
0.009348
0.008675
0.007255
0.005808
0.004866
0.004550
0.004134
0.003047
0.002128
0.001476
0.000665
-0.000220
-0.000901
-0.001843
-0.002398
-0.002287
-0.002117
-0.001355
-0.000820
-0.000641
0.000726
0.002074
0.002434
0.003471
0.005219
0.006984
0.007795
0.007924
0.008527
0.009150
0.010417
0.011845
0.012230
0.012082
0.011900
0.011705
0.011676
0.012009
0.011950
0.011440
0.010461
0.009174
0.008276
0.007496
0.006420
0.004932
0.003822
0.003143
0.002172
0.001198
0.000658
0.000602
0.001521
0.002734
0.003309
0.004100
0.004932
0.005683
0.006563
0.007338
0.008798
0.011244
0.013294
0.014412
0.014469
0.013189
0.011762
0.010206
0.007446
0.003762
-0.000092
-0.003558
-0.005776
-0.007341
-0.008902
-0.009818
-0.010001
-0.009336
-0.008601
-0.008326
-0.007913
-0.007803
-0.007785
-0.007731
-0.008178
-0.008732
-0.009555
-0.010737
-0.011703
-0.012610
-0.014297
-0.016408
-0.018058
-0.019394
-0.020730
-0.022744
-0.025116
-0.026847
-0.028694
-0.031541
-0.034145
-0.035242
-0.036133
-0.038158
-0.040755
-0.043442
-0.045861
-0.046950
-0.047268
-0.048393
-0.049899
-0.051562
-0.053340
-0.054176
-0.054235
-0.053420
-0.052503
-0.052362
-0.051548
-0.050476
-0.050013
-0.049025
-0.046824
-0.043752
-0.040335
-0.036858
-0.033087
-0.028653
-0.023794
-0.019085
-0.014799
-0.010394
-0.005731
-0.002493
-0.001944
-0.002881
-0.003162
-0.002422
-0.002105
-0.002222
-0.003189
-0.004975
-0.005620
-0.005485
-0.005017
-0.004954
-0.005939
-0.006887
-0.007518
-0.007713
-0.008040
-0.008399
-0.008178
-0.008162
-0.008186
-0.008096
-0.007657
-0.006548
-0.006258
-0.006261
-0.005497
-0.005030
-0.005181
-0.005445
-0.005444
-0.005385
-0.005068
-0.004397
-0.003690
-0.002662
-0.001520
-0.000785
0.000136
0.001533
0.002468
0.003008
0.004263
0.006756
0.009398
0.009760
0.008384
0.006985
0.004894
0.002681
0.000838
-0.000632
-0.001489
-0.001847
-0.001523
-0.001295
-0.001142
0.000323
0.002974
0.005584
0.007558
0.009858
0.013260
0.015829
0.016860
0.017395
0.018641
0.020321
0.020919
0.021304
0.022016
0.023174
0.023816
0.023461
0.023639
0.023574
0.021926
0.018817
0.016219
0.015403
0.015374
0.015019
0.013732
0.011912
0.010433
0.009649
0.008435
0.006194
0.002712
-0.001555
-0.004479
-0.005823
-0.007138
-0.009412
-0.012797
-0.016139
-0.018878
-0.021412
-0.023899
-0.026773
-0.029457
-0.031056
-0.032091
-0.033660
-0.035182
-0.036302
-0.037146
-0.037049
-0.036537
-0.036441
-0.036370
-0.035863
-0.035498
-0.034544
-0.031753
-0.028105
-0.024236
-0.020359
-0.017874
-0.015837
-0.011298
-0.004790
0.001206
0.006251
0.010926
0.015154
0.019140
0.023143
0.026557
0.029493
0.031949
0.033259
0.033820
0.034300
0.035129
0.035893
0.036526
0.037963
0.038619
0.038249
0.037823
0.037189
0.036480
0.035678
0.035001
0.034244
0.033062
0.030816
0.027622
0.024087
0.020481
0.016502
0.012599
0.009042
0.005009
0.000775
-0.002564
-0.004205
-0.005976
-0.008158
-0.010112
-0.012139
-0.013582
-0.015288
-0.016770
-0.017343
-0.018262
-0.019712
-0.021046
-0.022215
-0.023026
-0.023904
-0.025303
-0.025705
-0.024456
-0.023532
-0.023757
-0.023925
-0.022900
-0.020104
-0.016526
-0.013054
-0.009794
-0.007029
-0.003826
-0.000522
0.000840
0.000711
0.001680
0.003989
0.005282
0.005979
0.006928
0.007405
0.008206
0.008752
0.008044
0.007106
0.006376
0.005289
0.004220
0.003194
0.001814
0.000513
-0.000936
-0.002877
-0.005282
-0.007078
-0.007372
-0.007525
-0.008064
-0.008411
-0.008643
-0.008543
-0.008659
-0.009022
-0.008857
-0.008749
-0.008977
-0.008919
-0.008754
-0.008766
-0.008073
-0.006711
-0.005912
-0.006058
-0.006512
-0.006662
-0.006231
-0.005192
-0.003923
-0.003250
-0.002693
-0.001964
-0.001213
-0.000264
-0.000062
-0.000615
-0.001616
-0.002337
-0.002648
-0.002857
-0.002795
-0.003186
-0.003906
-0.003708
-0.002539
-0.001769
-0.001631
-0.001498
-0.002106
-0.004294
-0.007290
-0.010497
-0.013159
-0.014375
-0.015605
-0.018039
-0.020154
-0.021233
-0.022039
-0.022320
-0.022599
-0.023351
-0.023437
-0.023104
-0.022959
-0.022543
-0.021745
-0.020644
-0.020199
-0.020249
-0.019669
-0.019588
-0.019882
-0.020005
-0.020229
-0.019676
-0.018940
-0.019018
-0.018607
-0.017501
-0.017662
-0.018648
-0.019747
-0.020829
-0.021332
-0.022258
-0.023509
-0.024990
-0.026293
-0.026034
-0.025129
-0.025052
-0.024851
-0.023175
-0.020032
-0.016514
-0.014062
-0.011354
-0.007672
-0.003584
0.000730
0.003562
0.003986
0.003520
0.003327
0.003207
0.002859
0.002079
0.001302
0.000662
-0.000192
-0.000456
-0.000119
-0.000664
-0.002115
-0.003586
-0.003424
-0.002025
-0.001072
0.000000
0.000110
-0.000322
0.001044
0.002885
0.004733
0.006475
0.006875
0.007496
0.009187
0.011064
0.012960
0.013686
0.013920
0.015550
0.016978
0.017538
0.018420
0.019525
0.020391
0.021053
0.022116
0.023611
0.024859
0.025339
0.025901
0.027097
0.027602
0.028032
0.029302
0.030292
0.030252
0.029125
0.028145
0.028183
0.028757
0.028964
0.028491
0.028359
0.028447
0.028471
0.028583
0.028682
0.028857
0.029159
0.029358
0.029426
0.029065
0.028033
0.027676
0.027980
0.027901
0.028027
0.028829
0.029609
0.029535
0.029086
0.029230
0.030149
0.031105
0.030616
0.029933
0.030191
0.029828
0.028872
0.027970
0.027552
0.026764
0.025403
0.024891
0.024762
0.024295
0.023449
0.022568
0.021318
0.020184
0.020218
0.020302
0.019519
0.018875
0.019018
0.019877
0.020772
0.020793
0.021257
0.023458
0.027355
0.030382
0.031137
0.031961
0.032869
0.033346
0.034498
0.035989
0.036217
0.035734
0.035526
0.035759
0.036868
0.037558
0.037450
0.037153
0.036220
0.034673
0.032297
0.029578
0.027773
0.025937
0.023960
0.021158
0.016609
0.012598
0.009966
0.007628
0.004813
0.002018
-0.000616
-0.003044
-0.004627
-0.005776
-0.006568
-0.006723
-0.006701
-0.006800
-0.006843
-0.006971
-0.006994
-0.006975
-0.007129
-0.006665
-0.005609
-0.004540
-0.003926
-0.004239
-0.004513
-0.004151
-0.003906
-0.003921
-0.004027
-0.003968
-0.003716
-0.003868
-0.004176
-0.004664
-0.005687
-0.006326
-0.006908
-0.007995
-0.008469
-0.008689
-0.009171
-0.009028
-0.008179
-0.007449
-0.006791
-0.006630
-0.007114
-0.006768
-0.006087
-0.006273
-0.007848
-0.010283
-0.011834
-0.012355
-0.013312
-0.015627
-0.017726
-0.018377
-0.019422
-0.021121
-0.022392
-0.023289
-0.023848
-0.024291
-0.024601
-0.024190
-0.023478
-0.023736
-0.024005
-0.023576
-0.023454
-0.023815
-0.024627
-0.025483
-0.026395
-0.027514
-0.028612
-0.029397
-0.029813
-0.030104
-0.030200
-0.030277
-0.030384
-0.030321
-0.030109
-0.030236
-0.030313
-0.030062
-0.029982
-0.029926
-0.029784
-0.030087
-0.029981
-0.029572
-0.029877
-0.029885
-0.029869
-0.030115
-0.030693
-0.031599
-0.032431
-0.033098
-0.033091
-0.033058
-0.033706
-0.034398
-0.034877
-0.035518
-0.035667
-0.035270
-0.035195
-0.035174
-0.035179
-0.034606
-0.033237
-0.032656
-0.032866
-0.032943
-0.033022
-0.032877
-0.031961
-0.031217
-0.030564
-0.029378
-0.028356
-0.027305
-0.025909
-0.024828
-0.024466
-0.024170
-0.023570
-0.023009
-0.022795
-0.023218
-0.024385
-0.025099
-0.024693
-0.024105
-0.024095
-0.024647
-0.024205
-0.023177
-0.021736
-0.019009
-0.017341
-0.017122
-0.016367
-0.013901
-0.010507
-0.008278
-0.007032
-0.006167
-0.005492
-0.004429
-0.003033
-0.001532
-0.000929
-0.001436
-0.001828
-0.001665
-0.001438
-0.001308
-0.001345
-0.001631
-0.001955
-0.002583
-0.003554
-0.004882
-0.006424
-0.008281
-0.010126
-0.011915
-0.014004
-0.015777
-0.017257
-0.018904
-0.020078
-0.020447
-0.021377
-0.021802
-0.021277
-0.021460
-0.021559
-0.021343
-0.021405
-0.021089
-0.020686
-0.021174
-0.022474
-0.023293
-0.023213
-0.023844
-0.025041
-0.026244
-0.027526
-0.028014
-0.028631
-0.029611
-0.030166
-0.031080
-0.031955
-0.031250
-0.029865
-0.029579
-0.029368
-0.028611
-0.028060
-0.026675
-0.025096
-0.025120
-0.024685
-0.022704
-0.020308
-0.018051
-0.016458
-0.014803
-0.013329
-0.012599
-0.012165
-0.012209
-0.012062
-0.011236
-0.010498
-0.009558
-0.008289
-0.007497
-0.006533
-0.005040
-0.003151
-0.001359
-0.000130
0.001701
0.003553
0.004012
0.004312
0.005573
0.006904
0.008218
0.009396
0.009908
0.010210
0.010474
0.010833
0.011226
0.011150
0.010942
0.010682
0.009729
0.009112
0.008284
0.006213
0.004999
0.005016
0.005231
0.005539
0.005035
0.004037
0.003543
0.003257
0.002641
0.001659
0.000641
-0.000451
-0.001492
-0.002218
-0.002209
-0.002677
-0.003652
-0.003796
-0.003745
-0.003738
-0.004385
-0.005222
-0.005189
-0.004922
-0.005119
-0.005907
-0.006704
-0.007295
-0.007781
-0.007775
-0.008431
-0.009877
-0.010470
-0.010506
-0.011060
-0.012521
-0.013881
-0.013856
-0.012896
-0.012211
-0.011709
-0.011301
-0.010638
-0.009445
-0.008545
-0.008728
-0.009594
-0.009265
-0.008197
-0.007517
-0.006575
-0.005607
-0.004803
-0.004125
-0.003659
-0.002881
-0.002261
-0.002148
-0.002350
-0.002632
-0.003058
-0.003907
-0.003796
-0.003080
-0.003308
-0.003438
-0.003344
-0.003404
-0.003314
-0.003364
-0.003135
-0.002522
-0.001840
-0.000809
0.000462
0.001130
0.001375
0.002532
0.004807
0.006787
0.007074
0.007217
0.008605
0.009837
0.010369
0.010262
0.010128
0.009817
0.009047
0.008646
0.008453
0.008202
0.008316
0.008381
0.007683
0.006964
0.006870
0.007315
0.007572
0.007361
0.007226
0.007552
0.008468
0.009050
0.009087
0.008474
0.006556
0.005295
0.004697
0.003766
0.002711
0.001144
-0.000151
-0.001299
-0.002242
-0.002502
-0.002095
-0.001818
-0.001802
-0.001313
-0.000939
-0.000552
0.001077
0.002641
0.002535
0.002388
0.002871
0.003820
0.005080
0.005221
0.004530
0.004356
0.004851
0.006083
0.007657
0.008203
0.007567
0.007283
0.007584
0.007737
0.007599
0.007179
0.007259
0.007490
0.007246
0.007226
0.007050
0.005746
0.004376
0.003733
0.002660
0.001231
-0.000131
-0.000429
-0.000336
-0.000743
-0.000917
-0.001462
-0.001380
-0.000509
-0.000110
0.000662
0.002671
0.005095
0.006858
0.007793
0.008354
0.009655
0.012109
0.014611
0.016576
0.017010
0.016647
0.018151
0.019757
0.019794
0.019248
0.018978
0.019299
0.019284
0.018965
0.018143
0.017188
0.016828
0.016397
0.015449
0.014548
0.014365
0.014155
0.013404
0.013643
0.015145
0.016014
0.016060
0.015824
0.015343
0.015839
0.017098
0.016509
0.014487
0.013313
0.013310
0.013400
0.012525
0.011502
0.010576
0.009255
0.008003
0.006863
0.005827
0.005047
0.004319
0.003135
0.002308
0.002343
0.002548
0.002895
0.002482
0.001251
0.000012
-0.000725
-0.000844
-0.001258
-0.001851
-0.001802
-0.000836
0.000093
0.000835
0.001918
0.002652
0.003411
0.004860
0.006165
0.006473
0.006331
0.007035
0.008563
0.009637
0.009668
0.009927
0.011333
0.012538
0.012388
0.011804
0.011869
0.012043
0.011584
0.010711
0.010025
0.009202
0.008822
0.009223
0.009474
0.009106
0.008203
0.007799
0.007978
0.008611
0.009232
0.009166
0.008896
0.008770
0.008811
0.008752
0.008312
0.007435
0.006284
0.005199
0.004549
0.004516
0.004376
0.003808
0.002776
0.001420
0.000516
0.000026
-0.000646
-0.001576
-0.001790
-0.002243
-0.004246
-0.005900
-0.006947
-0.007653
-0.007997
-0.008593
-0.008661
-0.008673
-0.008090
-0.006745
-0.005872
-0.005021
-0.003991
-0.003173
-0.002306
-0.001007
-0.000074
0.000734
0.002415
0.003769
0.004255
0.004793
0.005619
0.007021
0.008019
0.008156
0.008365
0.008848
0.010315
0.011527
0.011143
0.010646
0.011169
0.012575
0.013895
0.014912
0.015791
0.016253
0.016712
0.017188
0.016987
0.017050
0.017871
0.017958
0.018090
0.018554
0.018201
0.017213
0.015876
0.014861
0.014133
0.012915
0.010318
0.007501
0.005697
0.004072
0.003491
0.003635
0.003685
0.004642
0.005592
0.005709
0.006881
0.008176
0.008011
0.007879
0.007587
0.007702
0.009085
0.009921
0.010112
0.010240
0.010173
0.010958
0.011458
0.011559
0.011834
0.012300
0.013192
0.012977
0.012348
0.012381
0.013810
0.015333
0.014817
0.013991
0.014125
0.014263
0.014256
0.014467
0.014636
0.015206
0.016635
0.017531
0.017220
0.016947
0.016932
0.017443
0.018521
0.019035
0.018662
0.018998
0.019858
0.020074
0.020153
0.019920
0.020106
0.020077
0.019486
0.018976
0.018080
0.017278
0.016599
0.016265
0.016403
0.016385
0.016317
0.015595
0.014889
0.015055
0.014838
0.014542
0.013297
0.011740
0.011321
0.011011
0.010660
0.009718
0.008400
0.007583
0.006577
0.005358
0.005155
0.004731
0.003682
0.003400
0.003580
0.003467
0.002859
0.003067
0.002895
0.001718
0.001797
0.001841
0.001881
0.002530
0.002522
0.002130
0.002326
0.003415
0.004760
0.005024
0.003850
0.003573
0.003491
0.002842
0.003012
0.002712
0.001366
0.000929
0.001406
0.001297
0.001162
0.001018
0.000864
0.000879
0.000799
0.000050
-0.000826
-0.000794
-0.000872
-0.001298
-0.001801
-0.002251
-0.001904
-0.001383
-0.001686
-0.001171
0.000998
0.002024
0.001173
0.001522
0.003444
0.004733
0.005619
0.006669
0.007042
0.007341
0.007758
0.007607
0.007688
0.007831
0.007849
0.008598
0.009087
0.008890
0.009389
0.010132
0.010521
0.011244
0.012181
0.012952
0.014615
0.016156
0.016566
0.017653
0.018760
0.019149
0.018896
0.017849
0.017846
0.018995
0.019945
0.020282
0.019869
0.020764
0.022378
0.022967
0.023599
0.024429
0.025559
0.026366
0.026150
0.026332
0.027188
0.028118
0.028752
0.028645
0.028299
0.028031
0.027550
0.027625
0.027872
0.026075
0.024803
0.025118
0.025214
0.024859
0.023175
0.021845
0.021620
0.020962
0.019742
0.018086
0.016075
0.014611
0.014079
0.013543
0.011995
0.010887
0.011463
0.011054
0.009981
0.009560
0.008516
0.008103
0.007898
0.007600
0.007667
0.007070
0.006777
0.006321
0.006344
0.007164
0.006524
0.006110
0.006984
0.006854
0.005931
0.006334
0.007102
0.006767
0.006275
0.006682
0.006839
0.005829
0.004181
0.002571
0.002536
0.003011
0.002977
0.002907
0.002424
0.002733
0.003727
0.003672
0.002865
0.001930
0.001271
0.001477
0.001544
0.001172
0.000659
-0.000471
-0.000465
0.000329
-0.000068
-0.000210
-0.000596
-0.001266
-0.000909
-0.000294
-0.000339
-0.001293
-0.001351
-0.001681
-0.002687
-0.002743
-0.002821
-0.002582
-0.002096
-0.002398
-0.002710
-0.002281
-0.001462
0.000036
0.000468
-0.000065
0.000949
0.001654
0.001192
0.001736
0.003338
0.004111
0.003640
0.003086
0.003709
0.004703
0.005164
0.004863
0.004084
0.003813
0.003396
0.003540
0.003668
0.003091
0.002768
0.003148
0.003379
0.002522
0.002571
0.002701
0.001517
0.000995
0.000783
0.000174
-0.000631
-0.001678
-0.001912
-0.001963
-0.002904
-0.003777
-0.004167
-0.004718
-0.004883
-0.004916
-0.005526
-0.005746
-0.005511
-0.006217
-0.007441
-0.007686
-0.007819
-0.007735
-0.007575
-0.008387
-0.008308
-0.007684
-0.008008
-0.007419
-0.006039
-0.005498
-0.005256
-0.005339
-0.005080
-0.004216
-0.002851
-0.001382
-0.001162
-0.000652
0.000595
0.002378
0.004181
0.004993
0.005820
0.006850
0.007847
0.009436
0.011051
0.012320
0.013377
0.014382
0.016253
0.017882
0.018805
0.019595
0.020547
0.021431
0.021667
0.021838
0.022226
0.022407
0.022280
0.021874
0.021635
0.021098
0.019466
0.018484
0.017854
0.016332
0.015023
0.014224
0.013222
0.012247
0.011797
0.011483
0.011295
0.011493
0.011417
0.010608
0.009719
0.009688
0.010272
0.010548
0.010883
0.011375
0.011190
0.011129
0.011655
0.011787
0.012376
0.013397
0.014156
0.014986
0.015535
0.015789
0.015449
0.015214
0.015187
0.014818
0.014918
0.015126
0.015143
0.015646
0.016586
0.017264
0.017467
0.017489
0.017487
0.017829
0.019215
0.020638
0.020494
0.019823
0.019758
0.020013
0.020207
0.019745
0.019652
0.020157
0.019785
0.018892
0.018417
0.018020
0.017217
0.016454
0.015400
0.014456
0.014396
0.014462
0.014559
0.014664
0.014687
0.014874
0.015006
0.015108
0.015487
0.015762
0.015323
0.015279
0.016816
0.018666
0.018572
0.017452
0.017502
0.017225
0.016267
0.015852
0.015669
0.015641
0.015340
0.014341
0.013392
0.013133
0.013519
0.014135
0.013914
0.012946
0.013170
0.014878
0.015565
0.015236
0.014956
0.014656
0.015050
0.015105
0.014905
0.015061
0.015011
0.014984
0.015105
0.015197
0.015053
0.015139
0.015276
0.015327
0.015835
0.016622
0.016976
0.016910
0.017021
0.017096
0.017096
0.016702
0.016002
0.015640
0.015985
0.015466
0.013686
0.012460
0.011001
0.009857
0.009372
0.008284
0.007159
0.006463
0.005600
0.003943
0.001682
-0.000368
-0.001577
-0.001678
-0.001904
-0.003100
-0.004188
-0.004588
-0.005341
-0.006385
-0.006766
-0.007492
-0.008184
-0.007876
-0.007859
-0.007883
-0.007545
-0.007804
-0.007693
-0.006780
-0.006398
-0.006784
-0.006548
-0.005880
-0.005974
-0.006049
-0.004710
-0.003684
-0.004201
-0.004338
-0.004050
-0.004070
-0.004587
-0.005347
-0.005730
-0.006047
-0.006590
-0.007073
-0.007069
-0.006956
-0.008057
-0.010060
-0.011685
-0.012603
-0.013238
-0.014378
-0.015131
-0.015738
-0.016880
-0.017246
-0.017371
-0.018092
-0.018135
-0.017580
-0.018059
-0.018952
-0.019136
-0.019062
-0.019618
-0.020231
-0.020415
-0.020997
-0.021749
-0.022292
-0.022723
-0.022581
-0.022631
-0.023277
-0.023935
-0.024270
-0.023742
-0.023557
-0.023845
-0.023945
-0.023662
-0.023888
-0.025169
-0.025651
-0.025213
-0.025446
-0.026530
-0.027033
-0.027313
-0.027896
-0.027724
-0.027585
-0.028366
-0.029091
-0.029247
-0.028610
-0.027190
-0.026495
-0.027019
-0.027482
-0.027499
-0.027144
-0.026931
-0.026588
-0.025273
-0.023957
-0.024228
-0.024881
-0.024331
-0.024520
-0.024459
-0.023944
-0.024442
-0.024276
-0.024323
-0.024529
-0.024291
-0.024071
-0.023812
-0.023935
-0.023830
-0.023808
-0.023473
-0.023459
-0.023841
-0.023793
-0.024594
-0.025072
-0.025045
-0.025114
-0.024776
-0.025810
-0.026824
-0.026169
-0.026293
-0.026329
-0.025465
-0.025407
-0.025587
-0.025118
-0.024861
-0.025358
-0.025926
-0.025490
-0.025382
-0.025788
-0.025626
-0.025579
-0.024820
-0.023810
-0.023077
-0.022600
-0.022185
-0.022100
-0.022700
-0.023383
-0.024062
-0.023814
-0.022719
-0.021507
-0.020951
-0.021466
-0.022140
-0.022107
-0.021297
-0.021534
-0.022236
-0.022212
-0.022879
-0.023256
-0.023748
-0.024153
-0.024012
-0.024896
-0.025762
-0.025966
-0.025723
-0.026347
-0.027473
-0.027197
-0.026957
-0.027010
-0.026177
-0.025518
-0.025445
-0.024893
-0.024944
-0.025658
-0.025298
-0.024985
-0.025324
-0.024827
-0.024180
-0.024064
-0.024054
-0.024378
-0.024789
-0.025268
-0.025689
-0.025513
-0.024997
-0.025901
-0.026590
-0.025767
-0.026364
-0.027501
-0.027726
-0.027302
-0.026965
-0.026889
-0.025817
-0.024680
-0.024235
-0.024505
-0.025075
-0.024723
-0.024372
-0.024523
-0.024459
-0.024334
-0.024560
-0.025021
-0.024490
-0.024220
-0.025555
-0.025957
-0.025393
-0.025120
-0.024976
-0.025834
-0.026242
-0.026151
-0.026925
-0.027095
-0.026950
-0.027302
-0.027444
-0.027669
-0.027679
-0.027727
-0.027899
-0.027710
-0.027495
-0.027126
-0.026607
-0.025985
-0.025314
-0.024713
-0.024233
-0.023423
-0.022229
-0.020652
-0.019460
-0.018720
-0.017887
-0.017089
-0.015993
-0.015014
-0.014236
-0.013477
-0.012597
-0.012196
-0.011626
-0.010241
-0.009478
-0.009800
-0.010429
-0.009959
-0.009330
-0.008080
-0.006486
-0.007156
-0.007579
-0.006911
-0.007065
-0.007154
-0.007140
-0.007105
-0.007057
-0.007072
-0.006813
-0.007168
-0.007182
-0.006503
-0.007001
-0.007976
-0.008464
-0.008338
-0.007462
-0.007248
-0.006747
-0.006167
-0.006889
-0.007123
-0.006887
-0.006670
-0.006737
-0.006501
-0.005227
-0.003981
-0.003460
-0.003994
-0.004259
-0.003771
-0.003617
-0.003986
-0.003942
-0.003591
-0.003603
-0.003866
-0.004149
-0.003870
-0.002796
-0.001877
-0.002822
-0.002357
-0.001562
-0.002812
-0.002413
-0.002389
-0.003103
-0.003766
-0.004241
-0.003204
-0.003208
-0.004248
-0.004128
-0.004518
-0.004951
-0.004818
-0.005924
-0.005608
-0.004830
-0.005693
-0.006477
-0.006892
-0.006857
-0.007159
-0.007949
-0.008985
-0.010609
-0.011021
-0.011276
-0.013113
-0.014416
-0.015150
-0.016265
-0.017270
-0.017104
-0.016646
-0.016999
-0.016866
-0.016717
-0.017111
-0.017763
-0.018805
-0.018902
-0.018416
-0.018438
-0.017964
-0.017877
-0.018454
-0.018102
-0.018283
-0.018645
-0.018163
-0.018305
-0.018392
-0.018392
-0.018524
-0.018414
-0.019498
-0.020863
-0.021743
-0.021711
-0.019974
-0.019276
-0.019670
-0.019269
-0.018544
-0.018094
-0.018481
-0.018534
-0.016804
-0.015396
-0.015398
-0.015614
-0.014633
-0.012707
-0.012275
-0.012444
-0.011058
-0.010191
-0.010541
-0.010135
-0.009832
-0.010017
-0.009847
-0.009501
-0.009360
-0.009339
-0.008962
-0.008062
-0.006940
-0.006309
-0.006898
-0.007500
-0.007120
-0.007076
-0.007062
-0.006997
-0.007407
-0.007658
-0.008186
-0.008946
-0.008898
-0.009105
-0.009742
-0.009729
-0.009411
-0.009299
-0.009960
-0.010400
-0.010483
-0.010902
-0.011392
-0.012480
-0.012953
-0.012469
-0.013054
-0.014471
-0.014720
-0.014760
-0.015482
-0.015826
-0.015678
-0.015333
-0.014835
-0.013376
-0.012927
-0.013081
-0.012651
-0.011733
-0.010202
-0.010014
-0.009590
-0.008289
-0.007482
-0.007130
-0.007207
-0.007317
-0.007225
-0.007004
-0.006842
-0.007217
-0.006849
-0.005459
-0.004516
-0.003718
-0.003549
-0.003542
-0.002594
-0.001778
-0.001469
-0.000643
0.000839
0.001360
0.000888
0.001052
0.000960
0.000938
0.001304
0.001370
0.001393
0.001508
0.002243
0.002073
0.001491
0.001808
0.002005
0.001648
0.001819
0.002587
0.002468
0.002019
0.001230
0.000713
0.001136
0.001327
0.001503
0.001255
0.000870
0.001170
0.001163
0.000738
0.001145
0.002245
0.001819
0.000240
0.000659
0.001282
0.000532
0.000840
0.001403
0.001491
0.002181
0.002141
0.001287
0.000385
-0.000175
-0.000275
-0.001133
-0.001103
0.000653
0.001150
0.000541
0.000546
0.000156
0.000947
0.000753
0.000199
0.001777
0.001151
0.000373
0.001301
0.001104
0.000968
0.001490
0.001162
0.001129
0.000974
0.001061
0.001402
0.000852
0.000746
0.000999
0.001805
0.003250
0.004203
0.003886
0.003340
0.003740
0.003984
0.003501
0.004208
0.005439
0.005611
0.006520
0.007949
0.008632
0.009086
0.009716
0.010620
0.011436
0.011876
0.011958
0.011856
0.012118
0.013284
0.014772
0.015051
0.015639
0.016956
0.017771
0.018522
0.018766
0.019650
0.021056
0.021311
0.022134
0.023569
0.024095
0.024161
0.024429
0.025716
0.027074
0.027317
0.026813
0.026447
0.027615
0.029494
0.030144
0.029685
0.029444
0.030007
0.031181
0.030731
0.029286
0.029390
0.029655
0.029709
0.029746
0.029655
0.029630
0.029637
0.030102
0.030761
0.031306
0.031739
0.031844
0.032041
0.032439
0.032553
0.032450
0.032345
0.031857
0.031131
0.030646
0.030776
0.030434
0.029497
0.029068
0.027914
0.026844
0.026826
0.026162
0.024693
0.023835
0.023073
0.022073
0.021130
0.019909
0.019037
0.018257
0.017566
0.016793
0.015493
0.014747
0.014149
0.013962
0.014363
0.013831
0.013137
0.012939
0.012325
0.011579
0.011835
0.012265
0.012238
0.012064
0.011317
0.010514
0.010471
0.010618
0.011137
0.012071
0.012178
0.012039
0.012184
0.012132
0.011921
0.012101
0.012314
0.012182
0.012166
0.011912
0.012091
0.012136
0.010755
0.010082
0.010404
0.009952
0.008997
0.007930
0.007647
0.007647
0.006784
0.006349
0.006040
0.005766
0.005895
0.005507
0.005061
0.004835
0.004759
0.005116
0.005700
0.005758
0.005528
0.006012
0.006365
0.006374
0.006681
0.006420
0.006097
0.006358
0.006231
0.005496
0.004382
0.003619
0.003499
0.002729
0.001642
0.000996
0.000460
0.000267
-0.000285
-0.001415
-0.002018
-0.002519
-0.003676
-0.004124
-0.003865
-0.004536
-0.005837
-0.006603
-0.007019
-0.007700
-0.008214
-0.008364
-0.008782
-0.009560
-0.010200
-0.010502
-0.011015
-0.011938
-0.012756
-0.013504
-0.014158
-0.014936
-0.015644
-0.016365
-0.016935
-0.016570
-0.016482
-0.016805
-0.016864
-0.016752
-0.016608
-0.017002
-0.017069
-0.015601
-0.014231
-0.014141
-0.014147
-0.014606
-0.014551
-0.014075
-0.014355
-0.013680
-0.012618
-0.011993
-0.011563
-0.011747
-0.011838
-0.011373
-0.010688
-0.009856
-0.008759
-0.007505
-0.006805
-0.006048
-0.005515
-0.005638
-0.005626
-0.005554
-0.005218
-0.005271
-0.005317
-0.004628
-0.003830
-0.003273
-0.002533
-0.002244
-0.002267
-0.001123
-0.000160
0.000132
0.000053
-0.000352
-0.000119
-0.000638
-0.001655
-0.001628
-0.002117
-0.002815
-0.003009
-0.003438
-0.003260
-0.002587
-0.002618
-0.002893
-0.002791
-0.002677
-0.002756
-0.002721
-0.002592
-0.002517
-0.002024
-0.000856
0.000456
0.001226
0.001399
0.002097
0.002726
0.002841
0.003390
0.003817
0.004329
0.005275
0.005903
0.005616
0.005168
0.005137
0.005924
0.005639
0.005103
0.006743
0.007718
0.008266
0.008834
0.008601
0.009384
0.010614
0.011246
0.011582
0.012207
0.013342
0.013456
0.013002
0.012683
0.012258
0.011788
0.011465
0.011292
0.010514
0.009977
0.009795
0.009288
0.008915
0.008706
0.008439
0.008160
0.008284
0.007999
0.007530
0.008404
0.008533
0.008318
0.008620
0.008409
0.008634
0.008686
0.009409
0.009851
0.009328
0.009503
0.009089
0.009778
0.011696
0.012093
0.011372
0.010914
0.011178
0.011249
0.011234
0.011642
0.011673
0.011221
0.010857
0.010590
0.010165
0.009587
0.008962
0.008544
0.008299
0.008077
0.008448
0.008405
0.008259
0.008340
0.007882
0.008040
0.008048
0.007634
0.007843
0.008369
0.008705
0.008405
0.008098
0.008906
0.009814
0.010513
0.011524
0.011710
0.011590
0.012711
0.014427
0.014809
0.014422
0.014451
0.014485
0.014801
0.015949
0.017203
0.017838
0.017516
0.016775
0.017257
0.018003
0.017687
0.017043
0.017155
0.017471
0.017292
0.017528
0.017998
0.018283
0.019134
0.020184
0.020304
0.019361
0.019788
0.021027
0.020828
0.021982
0.023251
0.022948
0.023564
0.024755
0.025053
0.025424
0.026318
0.027347
0.027972
0.028429
0.029399
0.028787
0.028039
0.028860
0.029263
0.028955
0.029662
0.030663
0.030286
0.030997
0.031994
0.031419
0.031721
0.031734
0.031492
0.031795
0.030859
0.029963
0.029912
0.030002
0.029698
0.029226
0.028402
0.027747
0.027606
0.027176
0.027324
0.026897
0.025131
0.024054
0.023597
0.023100
0.022843
0.022052
0.021418
0.021312
0.020969
0.020792
0.019872
0.018993
0.018643
0.018146
0.017489
0.015952
0.015082
0.014329
0.013152
0.012879
0.012112
0.010788
0.009422
0.008424
0.008436
0.007882
0.006611
0.006051
0.005841
0.005809
0.006179
0.005872
0.005517
0.005575
0.004560
0.003763
0.004202
0.004875
0.005010
0.004308
0.004252
0.004703
0.004526
0.005081
0.005705
0.005462
0.005341
0.005279
0.005313
0.005792
0.006122
0.007100
0.009001
0.009101
0.007902
0.007941
0.008122
0.008550
0.010561
0.011444
0.010659
0.010343
0.010006
0.009397
0.009623
0.010254
0.010180
0.009765
0.009299
0.008191
0.007183
0.006933
0.007220
0.006733
0.005780
0.005867
0.005419
0.005279
0.004787
0.002872
0.002719
0.002813
0.002141
0.002901
0.002931
0.002276
0.001857
0.001131
0.001488
0.001846
0.002008
0.002494
0.002484
0.001765
0.001032
0.000677
0.000944
0.001629
0.000960
0.000619
0.001175
0.001084
0.003552
0.002630
0.002019
0.002276
0.002551
0.002488
0.002315
0.002173
0.002373
0.002227
0.002616
0.003381
0.003051
0.002905
0.003116
0.004110
0.004884
0.003737
0.002817
0.002555
0.001836
0.002627
0.004704
0.004824
0.004586
0.004428
0.004064
0.005264
0.006163
0.006623
0.007137
0.006835
0.007153
0.007301
0.005942
0.004866
0.004082
0.003974
0.004266
0.003382
0.002568
0.002400
0.001760
0.000873
0.000236
-0.000315
-0.001154
-0.001852
-0.002208
-0.002840
-0.003298
-0.003658
-0.004000
-0.004155
-0.004653
-0.005504
-0.005389
-0.005422
-0.006300
-0.006427
-0.006339
-0.006290
-0.006411
-0.006948
-0.007206
-0.007163
-0.007468
-0.007951
-0.008323
-0.008370
-0.008404
-0.008711
-0.008877
-0.009668
-0.010077
-0.010169
-0.010973
-0.011477
-0.011470
-0.011163
-0.011264
-0.011413
-0.011320
-0.011435
-0.011370
-0.011417
-0.011604
-0.011428
-0.011319
-0.011485
-0.011689
-0.011384
-0.010605
-0.010269
-0.009636
-0.009421
-0.010004
-0.010408
-0.011112
-0.011545
-0.012001
-0.011738
-0.010793
-0.011045
-0.011865
-0.011787
-0.010671
-0.009855
-0.009282
-0.009132
-0.009732
-0.009423
-0.009081
-0.009263
-0.009294
-0.008859
-0.007739
-0.007618
-0.007772
-0.007152
-0.006586
-0.006537
-0.007057
-0.007043
-0.006341
-0.005541
-0.004697
-0.004104
-0.004040
-0.004326
-0.004407
-0.004242
-0.003951
-0.004086
-0.004203
-0.003941
-0.004049
-0.004037
-0.004014
-0.004137
-0.004060
-0.003831
-0.004449
-0.005318
-0.005548
-0.005775
-0.006152
-0.006693
-0.006437
-0.006340
-0.006413
-0.006323
-0.007121
-0.007546
-0.007734
-0.007888
-0.007076
-0.006428
-0.006558
-0.007012
-0.007107
-0.006359
-0.005994
-0.006272
-0.005954
-0.004568
-0.003463
-0.003624
-0.003605
-0.003698
-0.004022
-0.003080
-0.002337
-0.002303
-0.002500
-0.002962
-0.003013
-0.002332
-0.001671
-0.001492
-0.001086
-0.001105
-0.001396
-0.001384
-0.001263
-0.001195
-0.001293
-0.001453
-0.001411
-0.001335
-0.001531
-0.001660
-0.001974
-0.001902
-0.001603
-0.002363
-0.002847
-0.003104
-0.004102
-0.004067
-0.004267
-0.005106
-0.005022
-0.005562
-0.006449
-0.006491
-0.006169
-0.006081
-0.006339
-0.006872
-0.007468
-0.007645
-0.007456
-0.007263
-0.007590
-0.008395
-0.008925
-0.008775
-0.008465
-0.008964
-0.009662
-0.009447
-0.008681
-0.008341
-0.008524
-0.008439
-0.008716
-0.008721
-0.008220
-0.008162
-0.007489
-0.006598
-0.006048
-0.005959
-0.005935
-0.005288
-0.004495
-0.004009
-0.003626
-0.003695
-0.004023
-0.003122
-0.001644
-0.001080
-0.001642
-0.001754
-0.000908
-0.000028
0.000537
0.000500
0.000249
0.000482
0.000643
0.000345
0.000471
0.000439
0.000663
0.001142
0.001317
0.001905
0.002011
0.001834
0.002354
0.002535
0.002101
0.002045
0.002071
0.002185
0.002829
0.003378
0.003275
0.003378
0.004051
0.004126
0.003740
0.003696
0.003772
0.003670
0.003682
0.003787
0.003530
0.003358
0.003497
0.003373
0.003438
0.003279
0.002969
0.003379
0.003110
0.002803
0.003151
0.002886
0.002596
0.002645
0.002808
0.003132
0.003205
0.002906
0.002593
0.002310
0.002475
0.002849
0.003294
0.004028
0.004286
0.004015
0.003658
0.003676
0.003801
0.003667
0.003077
0.002437
0.002293
0.002021
0.001603
0.001345
0.001205
0.000813
0.000204
0.000003
-0.000206
-0.000768
-0.001071
-0.000839
-0.000823
-0.001112
-0.000964
-0.001097
-0.001320
-0.001230
-0.001645
-0.002099
-0.002368
-0.002637
-0.002658
-0.002748
-0.003044
-0.003324
-0.003379
-0.003184
-0.003142
-0.003373
-0.003269
-0.003220
-0.004011
-0.004287
-0.004167
-0.004718
-0.005111
-0.005151
-0.005068
-0.004973
-0.005000
-0.005078
-0.005116
-0.005175
-0.005115
-0.004821
-0.004420
-0.003886
-0.003709
-0.003776
-0.003653
-0.003525
-0.003463
-0.003552
-0.003640
-0.003627
-0.003590
-0.003585
-0.003225
-0.002270
-0.001831
-0.002101
-0.002358
-0.002437
-0.002241
-0.002322
-0.002362
-0.002322
-0.002541
-0.002603
-0.002353
-0.001647
-0.001109
-0.001054
-0.001372
-0.001613
-0.001512
-0.001563
-0.001531
-0.001598
-0.001651
-0.001351
-0.001392
-0.001564
-0.001476
-0.001623
-0.002146
-0.002402
-0.002253
-0.002214
-0.002439
-0.002564
-0.002515
-0.002473
-0.002277
-0.002477
-0.003015
-0.002944
-0.002813
-0.002929
-0.002962
-0.003127
-0.003291
-0.003322
-0.003507
-0.003929
-0.004152
-0.004060
-0.004150
-0.004492
-0.004165
-0.003552
-0.003595
-0.003869
-0.004044
-0.004019
-0.003988
-0.004105
-0.004055
-0.004011
-0.004388
-0.004670
-0.004683
-0.004787
-0.004886
-0.005189
-0.005569
-0.005793
-0.005841
-0.005646
-0.005766
-0.005966
-0.006204
-0.006726
-0.006891
-0.006785
-0.006814
-0.007030
-0.007176
-0.007158
-0.007133
-0.007125
-0.007226
-0.007527
-0.007783
-0.007873
-0.008058
-0.008302
-0.008498
-0.008878
-0.009169
-0.009250
-0.009622
-0.010145
-0.010544
-0.010760
-0.010961
-0.011252
-0.011540
-0.011598
-0.011507
-0.011689
-0.011745
-0.011531
-0.011435
-0.011425
-0.011274
-0.011201
-0.011193
-0.011186
-0.011419
-0.011620
-0.011713
-0.011696
-0.011690
-0.011789
-0.012040
-0.012348
-0.012367
-0.012245
-0.012031
-0.011746
-0.011686
-0.011913
-0.012143
-0.012153
-0.011972
-0.011707
-0.011634
-0.011930
-0.012256
-0.012195
-0.011677
-0.011205
-0.011155
-0.011260
-0.011381
-0.011419
-0.011241
-0.011086
-0.010980
-0.010753
-0.010674
-0.010726
-0.010814
-0.011046
-0.011036
-0.010792
-0.010836
-0.011004
-0.010968
-0.010895
-0.010624
-0.010323
-0.010238
-0.010129
-0.010000
-0.009797
-0.009710
-0.009715
-0.009701
-0.009789
-0.009717
-0.009573
-0.009488
-0.009253
-0.009034
-0.008942
-0.008863
-0.008713
-0.008630
-0.008440
-0.008130
-0.008191
-0.008253
-0.008035
-0.007785
-0.007609
-0.007523
-0.007444
-0.007331
-0.007111
-0.006889
-0.006733
-0.006575
-0.006379
-0.006194
-0.006111
-0.005875
-0.005436
-0.005102
-0.004919
-0.004722
-0.004493
-0.004370
-0.004205
-0.003987
-0.003908
-0.003878
-0.003822
-0.003769
-0.003812
-0.003667
-0.003379
-0.003316
-0.003179
-0.002972
-0.002882
-0.002795
-0.002739
-0.002670
-0.002581
-0.002513
-0.002391
-0.002266
-0.002048
-0.001863
-0.001782
-0.001627
-0.001449
-0.001281
-0.001181
-0.001034
-0.000812
-0.000699
-0.000671
-0.000723
-0.000705
-0.000455
-0.000164
0.000066
0.000317
0.000491
0.000579
0.000850
0.001157
0.001338
0.001514
0.001672
0.001908
0.002195
0.002333
0.002448
0.002657
0.002822
0.003007
0.003184
0.003327
0.003535
0.003600
0.003701
0.003974
0.004126
0.004245
0.004324
0.004310
0.004429
0.004628
0.004734
0.004806
0.004867
0.004909
0.004917
0.004954
0.005034
0.005030
0.005074
0.005131
0.005117
0.005191
0.005222
0.005233
0.005292
0.005301
0.005328
0.005318
0.005370
0.005465
0.005431
0.005413
0.005481
0.005522
0.005503
0.005533
0.005523
0.005445
0.005489
0.005553
0.005590
0.005613
0.005636
0.005683
0.005680
0.005718
0.005743
0.005754
0.005819
0.005878
0.005936
0.005932
0.005930
0.005979
0.006038
0.006055
0.006014
0.006018
0.006050
0.006028
0.006051
0.006138
0.006125
0.006042
0.006020
0.006031
0.005988
0.005952
0.005950
0.005905
0.005900
0.005955
0.005955
0.005900
0.005840
0.005808
0.005783
0.005745
0.005697
0.005659
0.005647
0.005653
0.005634
0.005579
0.005530
0.005475
0.005433
0.005395
0.005337
0.005280
0.005244
0.005224
0.005181
0.005110
0.005046
0.005001
0.004955
0.004896
0.004826
0.004767
0.004712
0.004667
0.004644
0.004589
0.004531
0.004503
0.004452
0.004380
0.004326
0.004271
0.004207
0.004151
0.004091
0.004027
0.003972
0.003918
0.003853
0.003790
0.003730
0.003672
0.003612
0.003559
0.003514
0.003454
0.003387
0.003322
0.003258
0.003203
0.003142
0.003075
0.003009
0.002942
0.002881
0.002818
0.002751
0.002690
0.002631
0.002567
0.002504
0.002441
0.002373
0.002308
0.002250
0.002189
0.002120
0.002051
0.001984
0.001919
0.001853
0.001784
0.001720
0.001655
0.001590
0.001527
0.001460
0.001392
0.001326
0.001261
0.001196
0.001131
0.001065
0.001001
0.000936
0.000872
0.000808
0.000744
0.000680
0.000617
0.000554
0.000491
0.000428
0.000366
0.000303
0.000241
0.000179
0.000118
0.000056
-0.000005
-0.000066
-0.000126
