-0.001088
-0.001072
-0.001068
-0.001056
-0.001052
-0.001034
-0.001021
-0.000998
-0.000995
-0.000996
-0.001015
-0.001032
-0.001068
-0.001091
-0.001117
-0.001133
-0.001164
-0.001192
-0.001230
-0.001227
-0.001175
-0.001075
-0.000975
-0.000985
-0.001162
-0.001402
-0.001662
-0.001921
-0.002049
-0.001972
-0.001824
-0.001671
-0.001526
-0.001354
-0.001209
-0.001087
-0.000971
-0.000862
-0.000973
-0.001323
-0.001749
-0.002159
-0.002520
-0.002681
-0.002639
-0.002557
-0.002492
-0.002423
-0.002302
-0.002115
-0.001638
-0.001594
-0.002378
-0.002915
-0.002385
-0.001793
-0.001890
-0.002293
-0.002183
-0.001477
-0.000828
-0.001575
-0.002503
-0.000676
0.003474
0.004654
0.000763
-0.005613
-0.009416
-0.007865
-0.003599
-0.000750
-0.001816
-0.004014
-0.004396
-0.003958
-0.004132
-0.005380
-0.004939
0.000736
0.009601
-0.000804
-0.015794
-0.011686
0.003405
0.010403
-0.001126
-0.018744
-0.016982
0.005169
0.014625
0.002801
-0.009958
-0.004419
0.013149
0.012838
-0.009964
-0.020220
-0.003997
0.012562
0.004252
-0.020243
-0.039392
-0.024961
0.016461
0.031175
0.004738
-0.016673
-0.008437
0.012008
0.016976
0.004740
-0.009236
-0.011455
0.001307
0.009403
-0.001018
-0.009307
-0.004488
-0.000707
-0.005327
-0.010060
-0.009839
-0.002506
0.012176
0.015822
-0.006795
-0.023134
-0.009775
0.017191
0.022809
0.002010
-0.022871
-0.024513
-0.004437
0.011385
0.008048
-0.006275
-0.010356
0.000879
0.007249
-0.001016
-0.005698
0.002761
0.012739
0.015462
0.007962
-0.006621
-0.020679
-0.015415
0.000748
-0.003562
-0.016071
-0.015183
-0.004292
0.005764
0.011994
0.014087
0.007056
0.001796
0.007473
0.014323
0.008912
-0.005125
-0.004715
0.012451
0.020806
0.011760
-0.001708
-0.013837
-0.006601
0.013210
0.009360
-0.003025
0.011587
0.036746
0.036885
0.014070
-0.008946
-0.008176
0.013668
0.017270
-0.004308
-0.012672
-0.002844
0.004598
0.004406
0.002253
0.002657
0.003354
0.002781
0.004922
0.009406
0.007971
0.006530
0.012404
0.015760
0.005216
-0.001695
0.000309
-0.002911
0.000172
0.006811
0.011543
0.017722
0.018173
0.010675
0.000556
-0.001874
0.005177
0.014965
0.020507
0.014607
0.000375
-0.002818
0.006204
0.007217
0.000229
-0.001664
-0.001933
-0.006297
-0.003112
0.007415
0.010930
0.004601
-0.003996
-0.006126
-0.003237
-0.000198
0.000959
0.001770
0.002835
0.003289
0.001014
-0.001343
0.004082
0.016902
0.015430
0.002017
-0.007453
-0.008746
-0.005649
-0.002781
-0.000292
0.003930
0.007549
0.008606
0.008579
0.008947
0.009637
0.006989
-0.000057
-0.007074
-0.009013
-0.006029
-0.000668
0.006657
0.013613
0.012727
0.003860
0.012678
0.012557
0.000572
-0.000850
-0.009215
-0.021044
-0.013522
0.011694
0.029602
0.009502
-0.013382
-0.005837
0.012002
0.022645
0.017747
-0.001448
-0.014413
-0.002376
0.006993
-0.006185
-0.019209
-0.006639
0.021571
0.047098
0.040566
0.015311
0.010212
0.020314
0.002741
-0.019368
-0.014130
-0.000099
-0.005943
-0.030892
-0.045990
-0.030520
0.002855
0.007281
-0.024125
-0.061400
-0.089757
-0.100016
-0.085610
-0.066509
-0.067899
-0.065482
-0.070547
-0.102703
-0.117048
-0.075296
-0.016485
0.014992
0.021704
0.009971
-0.010239
-0.004248
0.022948
0.025469
0.017985
0.001948
-0.017597
-0.022177
-0.033940
-0.029741
0.011753
0.068193
0.098884
0.098251
0.077129
0.053773
0.042835
0.012881
-0.038638
-0.045010
0.005820
0.027744
0.006070
-0.017986
-0.036174
-0.012668
0.057498
0.125651
0.171013
0.177598
0.115947
0.010163
-0.012813
0.066976
0.110138
0.061316
-0.017356
-0.077615
-0.120421
-0.107996
-0.024001
0.037866
0.029064
-0.014179
-0.051311
-0.055113
-0.019882
0.018518
0.034538
0.023305
-0.001974
-0.011844
0.016504
0.070276
0.123667
0.159875
0.149504
0.099711
0.047807
0.044553
0.098392
0.152087
0.176560
0.148982
0.088129
0.038824
0.017477
0.012242
-0.013653
-0.066148
-0.106920
-0.114942
-0.097348
-0.093385
-0.113833
-0.108912
-0.047505
-0.009323
-0.036529
-0.076723
-0.089862
-0.091876
-0.109082
-0.124894
-0.134399
-0.151823
-0.169420
-0.146370
-0.082185
-0.011549
0.048419
0.076728
0.052756
-0.004431
-0.060175
-0.074474
-0.021896
0.026530
0.038105
0.062914
0.118644
0.175012
0.207728
0.227201
0.243835
0.230650
0.180694
0.111333
0.038905
0.012757
0.038785
0.050751
0.023457
0.003567
0.020641
0.053997
0.050685
0.002548
-0.023754
-0.004432
0.024738
0.013284
-0.044761
-0.094906
-0.057069
0.048202
0.088372
0.052235
0.021817
0.009630
-0.014765
-0.033763
-0.013649
0.005237
-0.011704
-0.042236
-0.061802
-0.040118
0.013811
0.062473
0.067548
0.038841
0.020664
0.032091
0.046310
0.029929
-0.026137
-0.088029
-0.113949
-0.102930
-0.082963
-0.077190
-0.087092
-0.094552
-0.087837
-0.074956
-0.074842
-0.087296
-0.100497
-0.097545
-0.073056
-0.048648
-0.041656
-0.027068
0.014832
0.071144
0.106358
0.094958
0.030177
-0.014292
-0.001997
0.027392
0.046302
0.056185
0.055176
0.033152
0.000093
0.003279
0.058558
0.109066
0.115239
0.076678
0.016210
-0.016715
0.004980
0.052769
0.063233
0.032953
0.002813
-0.000553
0.022232
0.040623
0.024100
-0.020785
-0.064565
-0.081781
-0.079621
-0.125145
-0.191340
-0.210823
-0.193883
-0.183133
-0.189493
-0.197708
-0.198400
-0.195274
-0.193158
-0.190133
-0.180462
-0.165600
-0.156092
-0.158400
-0.160198
-0.145101
-0.121758
-0.099623
-0.078334
-0.068974
-0.048540
-0.000741
0.049994
0.083401
0.096270
0.090106
0.074260
0.057969
0.043786
0.037209
0.045190
0.040609
0.016662
0.012923
0.038023
0.052156
0.035369
0.006691
-0.008959
-0.010536
-0.011844
-0.024139
-0.048410
-0.074522
-0.076420
-0.044224
-0.022184
-0.033221
-0.057848
-0.079995
-0.099588
-0.119487
-0.107994
-0.083082
-0.086571
-0.098059
-0.099362
-0.100814
-0.104017
-0.095961
-0.077234
-0.063920
-0.066299
-0.069625
-0.054474
-0.023836
0.006693
0.023686
0.022579
0.024899
0.040586
0.051861
0.047963
0.039476
0.034498
0.036324
0.051784
0.078112
0.097718
0.103241
0.101930
0.102772
0.110916
0.123721
0.119497
0.085332
0.041566
0.014395
0.003471
0.011864
0.033292
0.028452
-0.003959
-0.007094
0.029655
0.066727
0.072356
0.053357
0.031856
0.056563
0.128077
0.195740
0.218986
0.212385
0.214158
0.224008
0.211804
0.164621
0.098488
0.057000
0.041460
0.018591
-0.009354
-0.009584
0.019244
0.035053
0.015345
-0.000651
0.013419
0.038395
0.056734
0.048145
0.023099
0.013370
0.015109
0.006757
-0.012268
-0.031640
-0.039618
-0.038706
-0.045845
-0.066734
-0.083752
-0.092232
-0.105658
-0.108414
-0.092621
-0.092994
-0.096181
-0.067347
-0.016134
0.031682
0.068720
0.091238
0.107503
0.127996
0.132728
0.113888
0.091364
0.080161
0.068203
0.046463
0.022568
0.004966
-0.000839
0.000170
-0.010131
-0.033581
-0.059212
-0.081488
-0.100670
-0.092528
-0.050360
0.002160
0.049792
0.092851
0.128767
0.152002
0.166338
0.169768
0.150042
0.122186
0.107794
0.103858
0.103544
0.104560
0.108529
0.115473
0.122476
0.127918
0.120446
0.097991
0.075609
0.058979
0.044697
0.036410
0.032169
0.015418
-0.010571
-0.023435
-0.020811
-0.022294
-0.046086
-0.086114
-0.120744
-0.139972
-0.147084
-0.150586
-0.148227
-0.139610
-0.128627
-0.114480
-0.092508
-0.064984
-0.038126
-0.029273
-0.043251
-0.063653
-0.054496
-0.009343
0.044185
0.085075
0.101690
0.103308
0.103992
0.107181
0.109764
0.111879
0.114154
0.116362
0.103052
0.050194
-0.032110
-0.114529
-0.174629
-0.193330
-0.195245
-0.209574
-0.234362
-0.257036
-0.271246
-0.250999
-0.196970
-0.137586
-0.095501
-0.072872
-0.056018
-0.038125
-0.036764
-0.045348
-0.021650
0.035338
0.071085
0.061972
0.036976
0.041734
0.065887
0.082341
0.102564
0.133152
0.156305
0.162027
0.148684
0.117895
0.082292
0.048258
0.020571
-0.001049
-0.010585
-0.014097
-0.021959
-0.033253
-0.028740
0.001715
0.043852
0.080479
0.088293
0.070173
0.049785
0.045030
0.053177
0.044545
0.006365
-0.044734
-0.084560
-0.095640
-0.086868
-0.089390
-0.108992
-0.129503
-0.126712
-0.102974
-0.078657
-0.064600
-0.056987
-0.055952
-0.061965
-0.070034
-0.077120
-0.082111
-0.085260
-0.073908
-0.046097
-0.014774
0.013515
0.039326
0.058334
0.068692
0.080830
0.098812
0.115605
0.124564
0.127748
0.121163
0.103526
0.096033
0.106788
0.122970
0.143775
0.170809
0.196715
0.214940
0.227493
0.209117
0.152525
0.084101
0.021243
-0.036888
-0.096066
-0.156352
-0.209424
-0.235197
-0.242207
-0.249500
-0.229370
-0.171950
-0.103836
-0.044985
-0.035655
-0.066588
-0.081915
-0.083931
-0.098899
-0.124173
-0.142497
-0.149553
-0.138065
-0.111203
-0.077196
-0.039321
-0.000726
0.036725
0.065269
0.084946
0.102691
0.118211
0.117467
0.100251
0.081522
0.070796
0.065638
0.061405
0.059279
0.059158
0.054115
0.046396
0.053278
0.073870
0.076373
0.051818
0.026676
0.008990
-0.012854
-0.043002
-0.074755
-0.103121
-0.112680
-0.108190
-0.105768
-0.106860
-0.097783
-0.059380
0.000126
0.059088
0.094019
0.103676
0.102492
0.090379
0.069102
0.046165
0.038415
0.047070
0.056127
0.047673
0.024216
0.003632
-0.006716
-0.011942
-0.015549
-0.014647
-0.010071
-0.004092
0.001501
0.004287
-0.003055
-0.018743
-0.035046
-0.038721
-0.026029
-0.013030
-0.044036
-0.104764
-0.141583
-0.149663
-0.151763
-0.144807
-0.119062
-0.093877
-0.071262
-0.039555
-0.013757
-0.003534
0.011073
0.038522
0.066928
0.081014
0.059547
0.020421
0.016094
0.047430
0.078786
0.091488
0.095707
0.097840
0.102352
0.121842
0.151808
0.143518
0.090165
0.028066
-0.023201
-0.052254
-0.052407
-0.048367
-0.061103
-0.074201
-0.066572
-0.044829
-0.031860
-0.041880
-0.064832
-0.085399
-0.084197
-0.067991
-0.058059
-0.056276
-0.049958
-0.032908
-0.012165
0.004512
0.008347
-0.002244
-0.018377
-0.022933
-0.002999
0.029823
0.038732
0.023446
0.017287
0.028032
0.040661
0.042000
0.033540
0.022471
0.012628
0.002883
-0.010084
-0.025021
-0.028738
-0.020434
-0.013590
-0.014456
-0.017957
-0.019406
-0.009160
0.013979
0.039441
0.040381
0.009529
-0.004004
0.019664
0.052756
0.070438
0.065244
0.032183
-0.018041
-0.050968
-0.079251
-0.105049
-0.114260
-0.115373
-0.120869
-0.102070
-0.049824
0.010825
0.064369
0.103273
0.105625
0.075449
0.029169
-0.002459
-0.001806
0.001006
-0.024297
-0.051939
-0.045748
-0.025558
-0.018913
-0.018318
-0.018352
-0.030772
-0.051043
-0.069100
-0.066020
-0.042832
-0.021427
-0.012030
-0.024535
-0.056877
-0.070753
-0.068472
-0.053579
-0.012635
0.042933
0.066289
0.048608
0.036254
0.055712
0.092483
0.123840
0.135177
0.106491
0.066244
0.057893
0.069749
0.074717
0.069828
0.057186
0.049258
0.057903
0.076510
0.093637
0.106002
0.091882
0.053471
0.018834
-0.024507
-0.079997
-0.107659
-0.113151
-0.107930
-0.081050
-0.057819
-0.062040
-0.087426
-0.115893
-0.111527
-0.071754
-0.028639
-0.013158
-0.012897
0.001852
0.030631
0.060509
0.085260
0.105590
0.117724
0.123407
0.125160
0.123778
0.120875
0.118616
0.119061
0.122576
0.104814
0.053763
-0.009350
-0.037698
-0.025794
-0.021551
-0.031875
-0.029586
-0.010737
0.006384
0.001316
-0.021298
-0.043388
-0.045093
-0.026729
-0.006991
0.002395
-0.001844
-0.012978
-0.010415
0.016213
0.024734
0.012621
0.007038
0.000571
-0.020913
-0.052488
-0.071763
-0.067958
-0.053308
-0.042279
-0.036763
-0.023539
0.002960
0.033961
0.060565
0.051209
-0.006141
-0.055897
-0.054359
-0.027442
-0.015923
-0.031141
-0.053410
-0.040335
0.005465
0.028433
-0.000296
-0.028049
-0.034374
-0.048958
-0.083170
-0.124433
-0.154193
-0.139306
-0.088373
-0.046108
-0.023511
-0.016152
-0.027637
-0.035183
-0.019586
-0.009013
-0.027922
-0.057870
-0.061905
-0.034030
0.006144
0.043295
0.077220
0.104074
0.083666
0.016020
-0.027882
-0.015386
0.019631
0.028694
0.011027
-0.014138
-0.036217
-0.024276
0.007026
0.015942
0.018919
0.013235
-0.015562
-0.057722
-0.081613
-0.071681
-0.046380
-0.046019
-0.076432
-0.105690
-0.080741
-0.021302
-0.007178
-0.031626
-0.035534
-0.011563
0.011447
0.022712
0.031122
0.044052
0.059403
0.073510
0.086165
0.098681
0.106482
0.107515
0.105976
0.102133
0.085425
0.053218
0.016190
-0.018294
-0.035538
-0.027112
-0.015824
-0.017022
-0.015789
-0.009389
-0.009277
-0.012103
-0.014298
-0.028169
-0.053945
-0.078560
-0.091258
-0.101037
-0.095785
-0.069344
-0.033587
0.002720
0.037484
0.069985
0.065804
-0.009065
-0.076392
-0.076597
-0.040480
-0.008047
-0.018431
-0.054321
-0.052279
-0.006719
0.018651
0.001772
-0.014797
-0.007413
0.008807
0.018077
0.013655
0.002969
0.006546
0.030891
0.040169
0.015519
-0.014241
-0.020344
-0.004352
0.016008
0.027309
0.029643
0.037554
0.055519
0.072738
0.079118
0.074231
0.056988
0.031239
0.018981
0.016173
0.013454
0.015075
0.014906
0.020621
0.039510
0.063692
0.085017
0.100068
0.107855
0.106830
0.105573
0.096395
0.064675
0.018024
-0.027239
-0.046406
-0.031346
-0.002585
0.022703
0.035210
0.049592
0.086593
0.139600
0.179335
0.181169
0.161509
0.157064
0.153541
0.128419
0.090594
0.054767
0.024528
0.004441
-0.003818
-0.007244
-0.010222
-0.013181
-0.015487
-0.018297
-0.035097
-0.067848
-0.102579
-0.120337
-0.114666
-0.094631
-0.075929
-0.073926
-0.076542
-0.068822
-0.054130
-0.058895
-0.089009
-0.125220
-0.144907
-0.141587
-0.139310
-0.154258
-0.147860
-0.104569
-0.052633
-0.027858
-0.035583
-0.051504
-0.061490
-0.051393
-0.022418
0.010623
0.032050
0.030418
0.014243
0.004270
0.004732
0.007063
0.006670
0.005456
0.008730
0.019220
0.024077
0.017181
0.021373
0.046949
0.079977
0.108476
0.114989
0.076771
0.020849
0.000890
0.021086
0.053956
0.081415
0.085846
0.070076
0.073668
0.105204
0.127883
0.124463
0.120159
0.115023
0.086130
0.037121
-0.010149
-0.035227
-0.043693
-0.054936
-0.061365
-0.042825
-0.004665
0.034189
0.061843
0.059720
0.032909
0.003262
-0.019479
-0.037490
-0.044722
-0.039105
-0.028670
-0.007466
0.024957
0.059425
0.081643
0.090321
0.095425
0.101679
0.100325
0.086104
0.073444
0.080424
0.102778
0.121086
0.127242
0.127524
0.128506
0.121931
0.092955
0.046561
-0.000047
-0.028703
-0.032101
-0.031317
-0.040927
-0.055450
-0.067365
-0.071701
-0.066867
-0.057710
-0.049197
-0.048733
-0.060754
-0.079557
-0.097904
-0.113858
-0.118636
-0.109063
-0.099165
-0.099341
-0.105334
-0.108731
-0.102387
-0.089109
-0.080597
-0.079919
-0.079010
-0.073130
-0.068268
-0.069819
-0.061499
-0.026835
0.023547
0.067615
0.089147
0.094858
0.099146
0.088008
0.055573
0.016825
-0.018463
-0.050144
-0.073345
-0.081940
-0.096524
-0.114334
-0.103927
-0.066557
-0.025436
0.008010
0.021535
0.006320
-0.019566
-0.039417
-0.054100
-0.065147
-0.069371
-0.063287
-0.047093
-0.033429
-0.028411
-0.026422
-0.023271
-0.024937
-0.036623
-0.053085
-0.062082
-0.059971
-0.053780
-0.043323
-0.014527
0.031555
0.079971
0.124481
0.166830
0.208725
0.230448
0.214497
0.174648
0.121510
0.059558
-0.003548
-0.063451
-0.088010
-0.064851
-0.022412
0.015272
0.047363
0.080466
0.114659
0.130507
0.119395
0.087412
0.046537
0.006793
-0.030154
-0.049523
-0.041390
-0.019341
-0.000451
-0.016113
-0.067028
-0.116902
-0.133836
-0.127222
-0.144363
-0.192222
-0.244583
-0.268847
-0.188408
-0.024851
0.088154
0.122058
0.138936
0.173164
0.189033
0.161321
0.113158
0.070416
0.036231
0.030731
0.055616
0.074592
0.058901
0.022043
0.015866
0.050371
0.092266
0.111377
0.087661
0.038594
-0.000432
-0.021225
-0.044836
-0.078701
-0.108458
-0.097395
-0.048925
0.004421
0.048830
0.082141
0.076400
0.032277
-0.018940
-0.062940
-0.102797
-0.136625
-0.157931
-0.152751
-0.111649
-0.051243
0.009811
0.069373
0.129943
0.187570
0.186101
0.109792
0.010143
-0.072692
-0.123646
-0.157097
-0.188946
-0.192285
-0.154110
-0.100797
-0.053189
-0.023669
-0.024081
-0.045345
-0.064259
-0.065866
-0.064877
-0.079401
-0.103085
-0.125618
-0.137015
-0.110003
-0.046844
0.021003
0.078931
0.088858
0.037546
-0.038363
-0.096593
-0.114686
-0.114560
-0.122870
-0.137412
-0.137276
-0.104062
-0.051437
0.000674
0.047356
0.090745
0.087773
0.019151
-0.040891
-0.050492
-0.040286
-0.031910
-0.021063
-0.002131
0.019696
0.039278
0.041346
0.018570
-0.016312
-0.045375
-0.062433
-0.072944
-0.081827
-0.061845
-0.009318
0.049778
0.102243
0.150500
0.200500
0.251363
0.290930
0.300292
0.285964
0.270490
0.264848
0.266822
0.267868
0.249451
0.179461
0.071135
-0.026456
-0.083720
-0.116913
-0.149989
-0.172129
-0.174540
-0.169045
-0.141025
-0.080442
-0.007404
0.028422
0.015025
-0.013115
-0.033306
-0.038481
-0.038335
-0.052692
-0.081652
-0.112124
-0.138631
-0.160890
-0.155526
-0.119328
-0.076889
-0.040727
-0.009220
0.023568
0.057187
0.090376
0.121752
0.153299
0.184484
0.213257
0.216297
0.186661
0.146045
0.119773
0.116511
0.113270
0.087023
0.045054
0.004204
-0.031399
-0.061513
-0.082290
-0.095736
-0.107941
-0.120597
-0.124232
-0.111903
-0.091424
-0.071868
-0.054844
-0.040236
-0.031845
-0.028986
-0.027162
-0.024393
-0.021285
-0.018476
-0.014153
-0.007444
0.000123
0.007377
0.014232
0.020919
0.026060
0.027528
0.026299
0.025020
0.026307
0.035529
0.050667
0.053633
0.038959
0.029470
0.039274
0.056753
0.067046
0.070252
0.073155
0.070743
0.057729
0.039335
0.021615
0.005854
-0.005368
-0.006632
-0.000626
0.006056
0.011190
0.015910
0.019831
0.015946
0.003901
-0.009459
-0.020883
-0.027170
-0.027724
-0.025875
-0.025895
-0.032034
-0.040761
-0.040168
-0.029927
-0.018253
-0.008891
-0.001185
0.002301
0.001303
-0.000793
-0.002230
-0.003286
-0.004663
-0.007587
-0.013849
-0.021950
-0.023838
-0.015846
-0.003775
0.007362
0.017103
0.026155
0.022340
0.003850
-0.017537
-0.036091
-0.051545
-0.062380
-0.068739
-0.073652
-0.071390
-0.058270
-0.040212
-0.027325
-0.021183
-0.017372
-0.014618
-0.008354
0.004017
0.018737
0.032680
0.042069
0.043132
0.038376
0.032664
0.018759
-0.005123
-0.031322
-0.054846
-0.066505
-0.062404
-0.044976
-0.017145
0.014822
0.046085
0.070422
0.084781
0.092324
0.076143
0.028527
-0.030530
-0.084703
-0.110357
-0.104527
-0.088254
-0.075668
-0.066576
-0.065416
-0.064181
-0.058445
-0.058579
-0.066110
-0.070022
-0.063650
-0.053156
-0.049496
-0.056538
-0.058494
-0.047454
-0.031877
-0.020958
-0.016853
-0.015270
-0.012872
-0.009852
-0.007122
-0.002838
0.009596
0.029606
0.050511
0.069370
0.082997
0.088272
0.085416
0.070737
0.046525
0.021205
-0.002318
-0.024489
-0.042422
-0.053798
-0.062605
-0.071564
-0.080641
-0.078759
-0.064027
-0.046203
-0.039960
-0.045458
-0.051905
-0.046909
-0.029127
-0.008402
0.004906
0.010231
0.011840
0.008726
0.001636
-0.006383
-0.013545
-0.017568
-0.016324
-0.011813
-0.007223
-0.003366
0.000508
0.006984
0.016302
0.026074
0.032068
0.032216
0.029179
0.021805
0.008896
-0.004119
-0.011608
-0.017625
-0.029265
-0.044932
-0.059631
-0.056903
-0.036288
-0.012639
0.007389
0.025753
0.045184
0.064187
0.065968
0.041722
0.005983
-0.026817
-0.043561
-0.035265
-0.012174
0.010936
0.030672
0.047028
0.051637
0.044502
0.035207
0.027916
0.021799
0.015269
0.014639
0.022794
0.034539
0.045080
0.052363
0.054737
0.053783
0.052482
0.051789
0.051071
0.047414
0.037188
0.022356
0.007349
-0.005944
-0.009762
-0.003583
0.004556
0.010989
0.016475
0.021953
0.017038
-0.001333
-0.023632
-0.041845
-0.051974
-0.057349
-0.062568
-0.066008
-0.062593
-0.053821
-0.043478
-0.032910
-0.022043
-0.011003
-0.000487
0.003330
-0.000256
-0.005368
-0.009187
-0.012289
-0.015579
-0.015764
-0.011898
-0.007030
-0.002878
0.001261
0.014576
0.041423
0.068502
0.075185
0.063989
0.051255
0.042660
0.035201
0.026186
0.016550
0.007516
0.000613
0.000668
0.007118
0.014557
0.022398
0.032532
0.044714
0.056816
0.065685
0.068904
0.069995
0.076382
0.083426
0.077683
0.060548
0.042209
0.026704
0.012181
-0.003115
-0.018741
-0.032974
-0.032208
-0.013112
0.011268
0.032302
0.040648
0.037707
0.030797
0.021362
0.009705
-0.002288
-0.007236
-0.002549
0.005655
0.012598
0.017595
0.022143
0.027036
0.032103
0.036694
0.039366
0.037441
0.032052
0.026352
0.021596
0.018489
0.018107
0.019561
0.021160
0.020738
0.017558
0.013296
0.009330
0.005646
0.001896
-0.001870
-0.005337
-0.004192
0.006058
0.015897
0.008774
-0.012478
-0.033229
-0.038613
-0.045338
-0.052658
-0.060922
-0.065690
-0.066219
-0.066016
-0.066604
-0.067516
-0.068060
-0.067884
-0.060170
-0.041610
-0.024350
-0.014988
-0.007027
0.003995
0.016479
0.027895
0.036801
0.043146
0.048397
0.051993
0.050063
0.043288
0.036191
0.033983
0.036985
0.041010
0.044905
0.049715
0.055522
0.059130
0.057794
0.053289
0.049221
0.046963
0.045757
0.044379
0.042702
0.041023
0.039517
0.037675
0.030673
0.017740
0.003874
-0.008690
-0.020260
-0.031493
-0.036674
-0.034895
-0.031316
-0.028934
-0.027241
-0.025434
-0.024208
-0.023917
-0.023876
-0.023698
-0.023330
-0.023049
-0.022793
-0.022524
-0.021577
-0.019839
-0.017855
-0.016063
-0.014400
-0.012780
-0.011161
-0.009615
-0.008001
-0.006295
-0.004571
-0.002959
-0.001415
0.000028
0.001377
0.001764
-0.000917
-0.006085
-0.010726
-0.013567
-0.015421
-0.017429
-0.019473
-0.020363
-0.019782
-0.018720
-0.015800
-0.010311
-0.003824
0.002119
0.007381
0.011514
0.014547
0.017132
0.019661
0.022043
0.024065
0.024588
0.023769
0.022734
0.021920
0.021129
0.020194
0.018373
0.015114
0.011125
0.007305
0.003858
0.000635
-0.002784
-0.006847
-0.011272
-0.015402
-0.019127
-0.022256
-0.021031
-0.014234
-0.009389
-0.011391
-0.016866
-0.021390
-0.024532
-0.027344
-0.030307
-0.032943
-0.034647
-0.031692
-0.024493
-0.017076
-0.011108
-0.006027
-0.001202
0.003092
0.005225
0.005195
0.003427
0.000564
-0.002253
-0.004693
-0.006811
-0.008432
-0.009291
-0.009703
-0.010025
-0.010363
-0.010644
-0.010843
-0.010890
-0.010710
-0.010372
-0.010038
-0.009748
-0.009475
-0.009144
-0.008681
-0.008148
-0.007666
-0.007256
-0.006899
-0.006580
-0.006314
-0.006285
-0.006536
-0.006839
-0.007037
-0.007117
-0.007016
-0.006771
-0.006507
-0.006259
-0.006018
-0.005780
-0.005590
-0.005431
-0.005251
-0.005036
-0.004817
-0.004617
-0.004408
-0.004149
-0.003815
-0.003438
-0.003065
-0.002716
-0.002382
-0.002049
-0.001713
-0.001375
-0.001040
-0.000707
-0.000376
-0.000042
0.000287
0.000606
0.000913
0.001218
0.001529
0.001831
0.002109
0.002357
0.002585
0.002809
0.003031
0.003247
0.003459
0.003672
0.003886
0.004099
0.004308
0.004513
0.004716
0.004916
0.005113
0.005306
0.005495
0.005680
0.005861
0.006038
0.006211
0.006380
