0.000503
0.000749
0.001125
0.001268
0.001272
0.001132
0.001325
0.001948
0.002424
0.002739
0.002480
0.001558
0.001675
0.002462
0.001820
0.000338
-0.000093
0.000032
-0.000657
-0.001586
-0.002377
-0.002646
-0.001587
0.000284
0.002827
0.004556
0.004758
0.005513
0.005807
0.004582
0.003214
0.001806
0.000274
0.001841
0.009750
0.018336
0.020508
0.014618
0.001296
-0.009372
-0.011602
-0.011989
-0.009652
-0.006215
-0.009301
-0.015512
-0.018327
-0.012779
0.001455
0.009743
0.007849
0.008758
0.010019
0.006720
0.005461
0.007370
0.007458
0.003096
-0.004496
-0.009964
-0.010170
-0.010281
-0.010308
-0.005519
0.001873
0.006361
0.008351
0.012267
0.016116
0.014261
0.007999
0.004096
0.003760
0.003612
-0.000366
-0.006738
-0.008928
-0.007353
-0.003674
0.002105
0.007390
0.012437
0.018511
0.023788
0.026392
0.021359
-0.001218
-0.025121
-0.024551
-0.019422
-0.023742
-0.016455
0.000990
0.014057
0.023446
0.027457
0.023710
0.005258
-0.018393
-0.015140
-0.005719
-0.019454
-0.031576
-0.030407
-0.030201
-0.031349
-0.025654
-0.012871
0.000069
0.005611
0.004628
0.003916
0.012860
0.027427
0.029932
0.026994
0.025432
0.011268
-0.002694
0.000718
0.006553
0.007844
0.010280
0.011750
0.009613
0.008660
0.016160
0.027166
0.030448
0.028819
0.027422
0.022127
0.015410
0.009983
0.003074
-0.003714
-0.006995
-0.005665
-0.001582
-0.000871
-0.006911
-0.014051
-0.017670
-0.019994
-0.020300
-0.014441
-0.006716
-0.004873
-0.001984
0.012231
0.028483
0.035415
0.037449
0.030775
0.004278
-0.026437
-0.055887
-0.100622
-0.137638
-0.140185
-0.120525
-0.098538
-0.086046
-0.080833
-0.071830
-0.058821
-0.049709
-0.043076
-0.042567
-0.050553
-0.053838
-0.047325
-0.023146
0.019574
0.054539
0.072447
0.092399
0.115125
0.126281
0.129294
0.114596
0.077322
0.028945
-0.008719
-0.007195
0.007057
0.024751
0.057978
0.080879
0.099588
0.119562
0.125407
0.124873
0.104721
0.062145
0.013756
-0.050102
-0.072897
-0.050826
-0.039019
0.034216
0.101412
0.070533
0.038696
0.001123
-0.050836
-0.063826
-0.052938
-0.023907
0.011612
0.015453
0.002053
-0.007809
-0.018615
-0.013331
-0.010433
-0.037352
-0.061144
-0.061007
-0.056088
-0.039094
-0.005539
0.009532
-0.003055
-0.029992
-0.054491
-0.053904
-0.039333
-0.011410
0.031907
0.048471
0.038073
0.013707
-0.051547
-0.118339
-0.117261
-0.084370
-0.062170
-0.025081
-0.003657
-0.013310
-0.012209
-0.021858
-0.053612
-0.064154
-0.049898
-0.040817
-0.040999
-0.049419
-0.077179
-0.094481
-0.082436
-0.069689
-0.051481
-0.027733
-0.019610
-0.026074
-0.019813
0.013790
0.040403
0.056845
0.088274
0.112052
0.110713
0.106306
0.105886
0.097163
0.083483
0.075415
0.054598
0.010770
-0.022554
-0.072480
-0.169295
-0.209876
-0.177014
-0.146886
-0.088901
-0.026053
-0.012523
-0.013106
-0.013589
-0.016563
-0.018189
-0.016564
0.012255
0.058175
0.090540
0.126752
0.153473
0.147514
0.132218
0.074044
-0.006163
-0.026231
-0.011383
0.038364
0.106336
0.134902
0.160081
0.176947
0.157645
0.119582
0.072154
0.034816
0.019410
0.029998
0.056257
0.075807
0.092318
0.098149
0.076793
0.054015
0.044730
0.034904
0.028836
0.029546
0.036512
0.031462
-0.000083
-0.033647
-0.070668
-0.090048
-0.071297
-0.061272
-0.065614
-0.068719
-0.091766
-0.149804
-0.190358
-0.175061
-0.166890
-0.148795
-0.071450
0.021048
0.133297
0.207933
0.186980
0.189822
0.207003
0.145780
0.079479
0.040805
-0.014301
-0.058242
-0.083737
-0.116122
-0.133076
-0.140434
-0.156313
-0.162806
-0.164206
-0.160346
-0.140536
-0.119758
-0.105900
-0.099714
-0.095609
-0.078923
-0.057940
-0.047328
-0.040792
-0.029396
-0.015534
-0.008062
-0.011755
-0.003931
0.036807
0.079236
0.106493
0.136720
0.152818
0.152012
0.138783
0.098332
0.052728
0.008638
-0.022939
-0.015564
0.009477
0.035154
0.047170
0.028588
-0.016327
-0.069614
-0.088414
-0.071350
-0.053501
-0.037563
-0.035995
-0.050127
-0.059003
-0.058313
-0.054395
-0.058620
-0.065950
-0.062604
-0.048740
-0.032652
-0.018666
-0.013208
-0.017402
-0.013306
0.006418
0.023702
0.025185
0.007036
-0.025448
-0.062373
-0.091277
-0.072571
-0.009097
0.039479
0.071200
0.120520
0.165602
0.176922
0.153864
0.093966
0.007104
-0.067059
-0.082835
-0.073903
-0.079265
-0.063996
-0.034452
-0.012660
0.010825
0.021340
0.017130
0.037364
0.079964
0.106512
0.127507
0.161164
0.189761
0.190852
0.147879
0.087403
0.050237
0.017926
-0.026156
-0.057606
-0.069433
-0.080881
-0.085103
-0.074004
-0.057157
-0.027208
-0.005516
-0.013081
-0.016416
0.008657
0.040711
0.061741
0.101664
0.155755
0.167585
0.146845
0.123389
0.089274
0.029712
-0.012380
0.012347
0.049115
0.074835
0.088377
0.083550
0.072595
0.015157
-0.042204
-0.046063
-0.046696
-0.050216
-0.062445
-0.089901
-0.103689
-0.114506
-0.138081
-0.157362
-0.130105
-0.062362
-0.014364
0.003780
0.002572
-0.017542
-0.050985
-0.087993
-0.109556
-0.115232
-0.112630
-0.081418
-0.024776
0.030251
0.081101
0.102280
0.086974
0.067982
0.036226
-0.007478
-0.051706
-0.123112
-0.175172
-0.166027
-0.160651
-0.127769
-0.034317
0.004560
-0.015714
-0.012443
-0.025342
-0.064472
-0.061411
-0.049480
-0.062012
-0.039579
-0.001897
-0.006782
-0.016364
-0.015728
-0.032454
-0.049091
-0.052933
-0.055804
-0.063961
-0.070729
-0.066032
-0.041397
0.002621
0.047207
0.064063
0.052374
0.051573
0.066172
0.068796
0.063291
0.063461
0.071103
0.067005
0.039625
0.006006
-0.026142
-0.035423
-0.008022
0.031600
0.059420
0.076588
0.093027
0.092309
0.077974
0.065313
0.051836
0.044188
0.041607
0.062226
0.102446
0.105207
0.086493
0.080886
0.060080
0.041033
0.046994
0.044487
0.027577
0.016202
0.008385
-0.001951
-0.013251
-0.023172
-0.038580
-0.059296
-0.069418
-0.076373
-0.078429
-0.038382
0.022040
0.065422
0.104425
0.115278
0.100471
0.091430
0.066386
0.034039
0.004267
-0.039393
-0.084198
-0.119760
-0.132367
-0.130612
-0.137614
-0.136021
-0.127891
-0.111445
-0.074745
-0.045326
-0.020729
0.017688
0.038852
0.033995
0.036452
0.040251
0.024686
-0.003693
-0.018438
-0.016438
-0.016120
0.006700
0.053041
0.072400
0.068465
0.073115
0.067082
0.040592
0.018109
-0.008010
-0.050450
-0.069997
-0.055078
-0.041274
-0.033027
-0.027146
-0.029688
-0.032715
-0.031140
-0.027567
-0.019957
-0.009019
-0.005045
-0.007731
-0.017386
-0.053253
-0.084229
-0.077258
-0.072869
-0.075000
-0.060837
-0.045067
-0.033667
-0.016242
0.009416
0.034704
0.050180
0.055688
0.058537
0.056159
0.043371
0.025218
0.010432
0.003742
0.004379
0.011107
0.020300
0.024804
0.022473
0.012180
-0.010408
-0.027190
-0.019043
-0.003633
0.003452
0.000953
-0.015007
-0.045802
-0.077738
-0.085806
-0.082263
-0.087069
-0.082762
-0.073813
-0.077286
-0.079862
-0.064957
-0.040320
-0.019561
0.001183
0.012687
0.006704
-0.000656
-0.004948
-0.000633
0.026479
0.056241
0.063172
0.056595
0.034878
-0.015971
-0.052109
-0.040684
-0.023482
-0.019925
-0.015992
-0.018116
-0.031377
-0.038136
-0.036314
-0.028763
-0.001729
0.031068
0.052792
0.076804
0.100824
0.107598
0.111802
0.133927
0.159561
0.173822
0.178963
0.175394
0.163494
0.145717
0.127971
0.109323
0.088410
0.079058
0.077150
0.068153
0.061695
0.065322
0.077704
0.096951
0.111415
0.119696
0.121164
0.093586
0.050163
0.027145
0.006884
-0.019749
-0.026302
-0.027236
-0.037366
-0.037350
-0.029641
-0.026899
-0.024892
-0.017516
-0.005715
0.004247
0.011992
0.026212
0.045475
0.053406
0.054652
0.066794
0.080968
0.084145
0.070597
0.039557
0.005205
-0.031832
-0.059711
-0.059109
-0.051500
-0.044650
-0.032251
-0.023313
-0.022124
-0.028562
-0.041749
-0.053377
-0.054720
-0.052904
-0.045525
-0.027565
-0.006040
0.009298
0.006880
-0.003779
-0.008579
-0.010967
-0.010409
0.001032
0.015532
0.021471
0.018402
-0.001722
-0.031104
-0.045319
-0.049276
-0.058840
-0.066286
-0.061440
-0.055465
-0.051617
-0.039387
-0.024150
-0.009861
-0.000095
0.000408
-0.000843
-0.003000
-0.006024
-0.008701
-0.009575
0.001330
0.023442
0.040947
0.045247
0.044738
0.035086
0.009928
-0.002884
0.004560
0.012413
0.027816
0.051641
0.062205
0.062559
0.062541
0.049323
0.025406
0.000861
-0.019693
-0.024273
-0.022067
-0.022699
-0.016943
-0.007279
-0.000408
0.006552
0.010621
0.008831
0.009502
0.011183
0.008232
0.005818
0.005097
0.003089
0.000049
0.004524
0.018710
0.032986
0.048449
0.061679
0.059805
0.044100
0.029499
0.025859
0.028716
0.034131
0.040165
0.040815
0.037375
0.031236
0.023653
0.021125
0.024279
0.028652
0.031044
0.029093
0.015401
-0.013316
-0.041774
-0.053137
-0.054168
-0.053435
-0.042837
-0.019735
-0.000737
0.001825
0.001479
-0.001144
-0.021404
-0.044291
-0.049303
-0.047734
-0.050501
-0.050817
-0.052943
-0.061943
-0.068863
-0.071464
-0.073976
-0.076403
-0.073526
-0.065839
-0.055505
-0.038721
-0.020811
-0.007710
-0.003080
-0.006667
-0.007984
-0.006231
-0.008119
-0.010552
-0.007730
-0.003242
-0.001474
0.000125
-0.001895
-0.010617
-0.019208
-0.026541
-0.035294
-0.044982
-0.054185
-0.059339
-0.062912
-0.065640
-0.062216
-0.058956
-0.057972
-0.052131
-0.042429
-0.031756
-0.023509
-0.019092
-0.016750
-0.019304
-0.025352
-0.029602
-0.033508
-0.044522
-0.061786
-0.069268
-0.068399
-0.072585
-0.073582
-0.067854
-0.064601
-0.061608
-0.057338
-0.054763
-0.052413
-0.052616
-0.055591
-0.056753
-0.057305
-0.055793
-0.050694
-0.045658
-0.037699
-0.026999
-0.021750
-0.021296
-0.023466
-0.028559
-0.031192
-0.030319
-0.025460
-0.019023
-0.014512
-0.013379
-0.019968
-0.031344
-0.038211
-0.037809
-0.035818
-0.030194
-0.021031
-0.013807
-0.005769
0.004087
0.013832
0.020661
0.024553
0.027504
0.024411
0.018664
0.017725
0.014915
0.006098
-0.000384
-0.000945
0.001092
0.007113
0.015693
0.022142
0.023339
0.017765
0.009164
0.004705
0.006032
0.008697
0.010712
0.014429
0.018315
0.016328
0.012584
0.013555
0.017317
0.020613
0.022167
0.024763
0.026481
0.023206
0.019859
0.022024
0.027675
0.032418
0.034612
0.032301
0.029621
0.030293
0.030568
0.031246
0.032527
0.032332
0.029689
0.025995
0.020973
0.010588
0.000755
-0.000623
0.001237
-0.000817
-0.003855
-0.006906
-0.011226
-0.014268
-0.017551
-0.024259
-0.032572
-0.036897
-0.038600
-0.038387
-0.033876
-0.031418
-0.030932
-0.027571
-0.023046
-0.018365
-0.014116
-0.007715
0.001889
0.009300
0.015814
0.021987
0.024225
0.027125
0.032120
0.036852
0.042063
0.045357
0.047114
0.048343
0.045677
0.042909
0.043595
0.043033
0.040534
0.039021
0.037932
0.033548
0.025990
0.020382
0.016207
0.006672
-0.009267
-0.020518
-0.023276
-0.026343
-0.027088
-0.023194
-0.022879
-0.023750
-0.021720
-0.020472
-0.020310
-0.020783
-0.020421
-0.014391
-0.002051
0.007258
0.007774
0.003060
-0.009639
-0.021345
-0.018621
-0.011379
-0.003840
0.007424
0.013179
0.010096
0.006304
0.004457
0.005560
0.012184
0.024350
0.036929
0.042446
0.045418
0.050247
0.049931
0.043332
0.038034
0.034918
0.034321
0.038040
0.040732
0.042249
0.041538
0.030906
0.012848
-0.003317
-0.010168
-0.011581
-0.012644
-0.006352
0.003000
0.006727
0.007321
0.006818
0.007797
0.013081
0.017662
0.020096
0.021598
0.011273
-0.003308
-0.002900
0.002805
0.010177
0.028495
0.042354
0.042203
0.041149
0.041103
0.036163
0.029628
0.027925
0.026986
0.024108
0.026134
0.029934
0.031209
0.032954
0.032888
0.030176
0.027906
0.025639
0.025367
0.028015
0.028186
0.024177
0.020395
0.018063
0.017340
0.018994
0.019526
0.018292
0.016892
0.016207
0.017007
0.017555
0.016839
0.014558
0.011493
0.009189
0.007932
0.007314
0.006232
0.004635
0.002413
-0.001762
-0.006050
-0.007830
-0.009780
-0.009929
-0.005345
-0.000488
0.005972
0.014767
0.019403
0.020920
0.022075
0.020092
0.018201
0.017488
0.015581
0.019333
0.027622
0.030342
0.032447
0.035435
0.031790
0.025205
0.017329
0.009518
0.005850
0.002024
-0.001901
-0.002411
-0.003399
-0.008050
-0.014006
-0.016382
-0.016264
-0.018615
-0.021221
-0.021713
-0.022758
-0.023344
-0.020659
-0.017805
-0.016629
-0.014274
-0.010895
-0.009020
-0.009121
-0.008409
-0.003737
0.000519
0.000473
0.001776
0.004916
0.005556
0.005649
0.006455
0.005250
0.002800
0.001771
0.000886
-0.000832
-0.000216
0.003655
0.006865
0.009501
0.012799
0.014413
0.015686
0.015719
0.011978
0.009700
0.009307
0.007100
0.007204
0.010246
0.011937
0.013942
0.015629
0.014765
0.015266
0.016242
0.013503
0.010148
0.008616
0.006375
0.003540
0.001238
-0.001293
-0.003812
-0.006525
-0.012552
-0.022119
-0.029098
-0.033049
-0.036020
-0.035588
-0.035471
-0.037453
-0.038489
-0.039617
-0.040279
-0.037526
-0.033677
-0.029905
-0.023500
-0.020103
-0.019926
-0.017506
-0.018331
-0.021663
-0.022025
-0.020413
-0.017221
-0.013871
-0.012435
-0.013208
-0.014251
-0.011603
-0.003885
0.002731
0.006505
0.010046
0.005095
-0.004236
-0.006796
-0.012678
-0.021417
-0.022162
-0.022929
-0.027085
-0.028757
-0.030323
-0.030678
-0.027190
-0.025721
-0.022950
-0.013048
-0.004832
-0.003307
-0.004251
-0.006005
-0.008181
-0.011555
-0.016072
-0.016943
-0.016457
-0.018884
-0.020220
-0.020753
-0.021663
-0.019928
-0.016439
-0.011720
-0.007320
-0.005092
-0.002975
-0.005606
-0.013165
-0.017382
-0.019501
-0.020552
-0.016172
-0.010408
-0.009477
-0.010535
-0.011505
-0.014739
-0.018745
-0.021074
-0.020133
-0.012995
-0.002758
0.001544
0.001058
0.000259
-0.005748
-0.013738
-0.015044
-0.014594
-0.015685
-0.014522
-0.014534
-0.016552
-0.016052
-0.013908
-0.012995
-0.012588
-0.011811
-0.012244
-0.013514
-0.013647
-0.011943
-0.009247
-0.006859
-0.005469
-0.007189
-0.010211
-0.012213
-0.016589
-0.023886
-0.030108
-0.032391
-0.030857
-0.025579
-0.020003
-0.019319
-0.022304
-0.025960
-0.028406
-0.029277
-0.028638
-0.025613
-0.019616
-0.011716
-0.006907
-0.001979
0.004532
0.003339
-0.002583
-0.006081
-0.009360
-0.013374
-0.014968
-0.011214
-0.002728
0.005828
0.011280
0.015600
0.018832
0.018513
0.017513
0.018746
0.020383
0.019840
0.016938
0.013099
0.006630
-0.002264
-0.007279
-0.008098
-0.008881
-0.007824
-0.005452
-0.003582
-0.001441
-0.001324
-0.002348
-0.001694
-0.001611
-0.003945
-0.006077
-0.006348
-0.006701
-0.006302
-0.004630
-0.004014
-0.001618
0.003933
0.007216
0.008476
0.011063
0.012874
0.014060
0.017690
0.022530
0.025489
0.027449
0.028855
0.028739
0.031255
0.036409
0.038444
0.038916
0.037600
0.031696
0.025851
0.023219
0.021747
0.022464
0.026151
0.028036
0.028263
0.027256
0.024157
0.022675
0.021668
0.019165
0.017814
0.018162
0.017965
0.017138
0.016685
0.017273
0.019317
0.021375
0.023502
0.024407
0.021884
0.019767
0.019256
0.017230
0.014790
0.014704
0.017070
0.019151
0.020689
0.023421
0.026553
0.028206
0.025238
0.017863
0.009109
0.002931
0.001698
-0.001175
-0.005629
-0.003620
0.000145
0.002659
0.008290
0.011473
0.012523
0.015942
0.014909
0.010940
0.009645
0.004835
-0.001913
-0.003077
-0.002362
-0.003528
-0.004772
-0.005022
-0.004521
-0.002428
0.000456
0.002268
0.004711
0.005046
0.000564
-0.006940
-0.016388
-0.021732
-0.024314
-0.028922
-0.031873
-0.031635
-0.028952
-0.026313
-0.024016
-0.022071
-0.022861
-0.023710
-0.022423
-0.020510
-0.018624
-0.018674
-0.022309
-0.025509
-0.026721
-0.028949
-0.026866
-0.018872
-0.013089
-0.009256
-0.005070
-0.002221
-0.002262
-0.004718
-0.006153
-0.007784
-0.009784
-0.008901
-0.007734
-0.008045
-0.008060
-0.009047
-0.010920
-0.011880
-0.010917
-0.006725
0.005129
0.022166
0.027078
0.024621
0.026531
0.019834
0.005995
0.001046
0.002853
0.002574
0.004080
0.006435
0.006383
0.008104
0.011123
0.014180
0.016941
0.018867
0.021032
0.023183
0.024531
0.025767
0.024768
0.020844
0.016699
0.012203
0.007983
0.004294
0.002931
0.005332
0.006598
0.005163
0.002073
-0.001132
-0.002333
-0.003689
-0.006137
-0.007873
-0.009140
-0.010710
-0.011996
-0.014655
-0.020646
-0.025887
-0.027278
-0.027985
-0.028876
-0.027120
-0.022470
-0.015200
-0.003528
0.009209
0.015668
0.014586
0.009414
0.003248
-0.000100
-0.000125
0.001171
0.004268
0.004997
0.000191
-0.005086
-0.008795
-0.009631
-0.006706
-0.004724
-0.002015
0.002646
0.004156
0.004490
0.007304
0.011875
0.014988
0.014647
0.013418
0.010790
0.003128
-0.003419
-0.003797
-0.004066
-0.002335
0.003795
0.006974
0.005267
0.002674
0.000872
0.000004
-0.000016
-0.000861
-0.002712
-0.001573
0.003132
0.006779
0.009653
0.012805
0.014050
0.016675
0.022197
0.025159
0.027743
0.032727
0.033459
0.030665
0.030312
0.029916
0.027388
0.024318
0.020822
0.019023
0.018911
0.017798
0.017227
0.014641
0.007720
0.003443
0.002826
0.004133
0.008878
0.015811
0.021221
0.022962
0.024168
0.023502
0.018565
0.014234
0.015355
0.017531
0.016476
0.014658
0.012324
0.009771
0.007361
0.005698
0.006072
0.006682
0.006330
0.005184
0.002319
-0.001284
-0.003953
-0.005349
-0.005172
-0.004391
-0.004865
-0.006644
-0.008006
-0.009205
-0.010323
-0.010401
-0.010762
-0.012219
-0.015170
-0.018924
-0.021848
-0.022919
-0.020782
-0.017235
-0.013181
-0.009362
-0.008060
-0.008153
-0.008556
-0.009324
-0.012357
-0.015666
-0.015970
-0.015491
-0.014357
-0.012894
-0.011467
-0.010499
-0.012933
-0.016499
-0.019556
-0.023364
-0.025467
-0.026478
-0.028364
-0.029834
-0.028627
-0.024972
-0.022700
-0.021000
-0.016487
-0.011557
-0.009093
-0.006774
-0.004374
-0.003881
-0.003154
-0.001318
-0.000023
0.000502
0.000079
-0.001653
-0.005066
-0.009219
-0.011145
-0.014908
-0.025614
-0.032088
-0.028608
-0.027101
-0.025534
-0.019283
-0.018866
-0.021845
-0.019726
-0.014035
-0.007459
-0.002620
0.001328
0.004615
0.004630
0.003119
0.001695
0.001492
0.004914
0.008209
0.009464
0.011861
0.013021
0.012099
0.012301
0.012651
0.012079
0.011596
0.011287
0.011134
0.010775
0.009878
0.008932
0.009962
0.013072
0.015106
0.017077
0.020804
0.020959
0.016583
0.012794
0.007203
0.002208
0.002680
0.002312
-0.000118
-0.000738
-0.001088
-0.001831
0.000403
0.005003
0.009603
0.013869
0.015864
0.012851
0.004566
-0.001401
-0.003443
-0.005036
-0.005361
-0.006621
-0.009061
-0.011190
-0.012133
-0.011819
-0.011106
-0.009676
-0.008060
-0.007053
-0.006850
-0.007140
-0.007822
-0.008519
-0.008118
-0.007510
-0.007430
-0.007642
-0.008986
-0.010657
-0.011957
-0.012393
-0.010747
-0.009547
-0.006530
0.001911
0.008375
0.009801
0.011085
0.011737
0.010214
0.008967
0.007591
0.004943
0.003032
0.001793
0.001308
0.002172
0.002737
0.002626
0.002504
0.002370
0.002751
0.005408
0.009577
0.012683
0.014257
0.013987
0.013286
0.014042
0.015491
0.016451
0.016883
0.017169
0.017166
0.017077
0.016615
0.015232
0.011713
0.005726
0.001849
0.001417
0.002224
0.005004
0.007288
0.007291
0.008415
0.010428
0.010797
0.010715
0.010998
0.010532
0.009572
0.008521
0.007381
0.007922
0.009641
0.009560
0.006569
0.001575
-0.004869
-0.009696
-0.008911
-0.006615
-0.005829
-0.005214
-0.005819
-0.006493
-0.004599
-0.002185
-0.000737
0.000524
-0.000033
-0.001338
-0.001984
-0.004423
-0.008782
-0.012960
-0.016169
-0.017908
-0.016649
-0.013533
-0.011253
-0.007828
-0.003695
-0.002909
-0.004876
-0.006716
-0.009162
-0.011794
-0.010585
-0.007142
-0.005659
-0.004691
-0.002789
-0.001399
-0.000792
-0.000846
-0.001736
-0.002846
-0.003563
-0.003440
-0.001734
0.000334
0.000985
0.001136
0.000225
-0.001834
-0.003226
-0.004877
-0.006960
-0.008418
-0.008866
-0.007375
-0.005223
-0.004082
-0.005095
-0.008705
-0.011281
-0.011413
-0.009078
-0.006224
-0.005824
-0.007263
-0.011658
-0.015474
-0.015789
-0.016254
-0.015980
-0.013141
-0.010720
-0.009902
-0.008737
-0.008635
-0.010319
-0.011039
-0.011129
-0.011280
-0.011263
-0.012107
-0.013709
-0.015316
-0.015948
-0.014333
-0.011999
-0.010342
-0.007783
-0.005794
-0.006594
-0.008211
-0.009592
-0.010448
-0.008500
-0.004919
-0.002504
-0.001641
-0.002432
-0.003743
-0.004798
-0.007396
-0.010735
-0.011765
-0.010984
-0.008478
-0.004188
-0.001542
-0.000944
-0.001029
-0.002471
-0.004542
-0.004818
-0.001677
0.001524
0.003510
0.007782
0.012215
0.013641
0.013658
0.013185
0.011469
0.007691
0.003561
0.001375
-0.000493
-0.002544
-0.003873
-0.004679
-0.002323
0.003415
0.007747
0.012144
0.017729
0.019074
0.017691
0.018347
0.020029
0.021510
0.022818
0.023977
0.024900
0.024560
0.023462
0.021829
0.017555
0.012254
0.009994
0.009397
0.009342
0.010896
0.013315
0.015155
0.015062
0.015577
0.017868
0.019282
0.021446
0.024810
0.025511
0.024032
0.021961
0.018893
0.015655
0.013602
0.013391
0.014084
0.014493
0.013959
0.010892
0.005887
0.001875
-0.001664
-0.005391
-0.007638
-0.008524
-0.008770
-0.006082
-0.000785
0.003114
0.004944
0.005242
0.005578
0.006774
0.007273
0.007073
0.004972
0.001320
-0.001070
-0.003640
-0.007314
-0.010326
-0.012641
-0.014362
-0.013905
-0.011468
-0.010226
-0.010430
-0.010336
-0.010269
-0.009415
-0.005537
-0.001018
0.001800
0.004232
0.004553
0.002717
0.000998
-0.000186
0.000318
0.001355
0.001291
0.001647
0.001967
0.000125
-0.004141
-0.008560
-0.010813
-0.012514
-0.014423
-0.015066
-0.014388
-0.013282
-0.011870
-0.009102
-0.006324
-0.005317
-0.004690
-0.003512
-0.000534
0.004333
0.007416
0.007630
0.005330
0.001644
-0.002173
-0.004490
-0.002268
0.000420
0.001101
0.003228
0.005499
0.005992
0.005621
0.004524
0.001524
-0.001727
-0.001874
-0.000210
0.001132
0.002888
0.004702
0.004759
0.003851
0.003838
0.003819
0.002985
0.003731
0.007241
0.011507
0.013462
0.010043
0.004509
-0.001609
-0.009025
-0.011165
-0.009524
-0.009461
-0.008730
-0.006463
-0.004881
-0.006589
-0.009096
-0.009323
-0.008958
-0.008020
-0.006964
-0.006339
-0.005883
-0.006251
-0.006702
-0.007386
-0.008526
-0.009384
-0.010132
-0.011422
-0.013665
-0.015441
-0.013745
-0.008302
-0.000312
0.006804
0.006199
0.001167
-0.000391
-0.002433
-0.006570
-0.007372
-0.007556
-0.009743
-0.010390
-0.009654
-0.009313
-0.009173
-0.009692
-0.010595
-0.009370
-0.006251
-0.003394
0.000514
0.003708
0.003250
0.002842
0.003669
0.003988
0.005352
0.007194
0.008738
0.011451
0.013168
0.013140
0.014256
0.015904
0.015598
0.013077
0.008558
0.002943
-0.000991
-0.003724
-0.005504
-0.004456
-0.002400
-0.000851
0.000044
-0.000561
-0.001961
-0.002798
-0.000282
0.005603
0.009795
0.012660
0.013601
0.010779
0.008512
0.007036
0.005362
0.004327
0.003102
0.001370
-0.000515
-0.001971
-0.001372
0.001783
0.005021
0.008515
0.012641
0.015655
0.017312
0.016686
0.014282
0.012162
0.009764
0.007319
0.005961
0.004771
0.003413
0.001513
-0.000525
-0.001507
-0.001200
0.000146
0.001198
0.002526
0.003953
0.003056
0.001771
0.001229
-0.001029
-0.002457
-0.001728
-0.002147
-0.002775
-0.002995
-0.004741
-0.006591
-0.007139
-0.006102
-0.003342
-0.000920
0.000137
0.000554
0.000481
-0.000188
-0.000999
-0.001754
-0.002026
-0.001312
-0.000876
-0.001504
-0.002923
-0.005494
-0.008257
-0.009272
-0.009805
-0.011161
-0.011814
-0.011442
-0.010779
-0.009829
-0.007940
-0.005427
-0.004609
-0.005340
-0.006418
-0.008526
-0.009552
-0.008578
-0.007957
-0.006830
-0.005138
-0.005208
-0.005042
-0.003118
-0.002117
-0.001864
-0.001235
-0.002345
-0.004412
-0.004749
-0.003708
-0.001644
0.001896
0.005488
0.006872
0.007072
0.007432
0.007552
0.007702
0.008257
0.009519
0.011232
0.012868
0.013015
0.011389
0.009104
0.004689
-0.000460
-0.002141
-0.002211
-0.003067
-0.002855
-0.001265
0.000344
0.001902
0.003859
0.005604
0.006835
0.007765
0.008198
0.007986
0.007422
0.006982
0.006401
0.005493
0.004411
0.003081
0.001346
-0.000469
-0.001998
-0.003913
-0.006353
-0.008522
-0.010246
-0.011014
-0.010907
-0.011202
-0.011418
-0.010760
-0.009500
-0.007878
-0.006211
-0.004252
-0.002056
-0.001152
-0.002047
-0.002727
-0.002478
-0.002558
-0.002061
0.000074
0.002135
0.003670
0.004856
0.003951
0.001718
-0.000127
-0.001275
-0.000488
0.001188
0.002043
0.002932
0.003450
0.002072
-0.000062
-0.000647
0.000081
0.000496
0.000346
-0.000009
-0.000785
-0.001942
-0.003252
-0.004213
-0.004489
-0.004082
-0.003080
-0.002181
-0.001418
-0.000676
-0.002024
-0.004835
-0.005799
-0.006182
-0.005358
-0.001410
0.002972
0.007066
0.008393
0.005197
0.002745
0.001670
-0.000365
-0.001687
-0.002344
-0.002547
-0.001847
-0.001273
-0.000372
0.001004
0.001555
0.001472
0.002077
0.003840
0.005674
0.006945
0.007955
0.008214
0.007970
0.008417
0.009284
0.009519
0.008573
0.006481
0.004875
0.004142
0.003094
0.002282
0.001641
0.000011
-0.001988
-0.003387
-0.004797
-0.006604
-0.008426
-0.010059
-0.011580
-0.012979
-0.012491
-0.010063
-0.008563
-0.006610
-0.003339
-0.001911
-0.001678
-0.002318
-0.004684
-0.007412
-0.010164
-0.011657
-0.011271
-0.010862
-0.010943
-0.010411
-0.009581
-0.009211
-0.008164
-0.006241
-0.004633
-0.004566
-0.006024
-0.006860
-0.006368
-0.004818
-0.002813
-0.000703
0.002306
0.003160
0.001005
0.000369
0.000246
-0.001452
-0.002078
-0.001341
-0.000483
0.000371
0.000882
0.001094
0.000633
-0.000406
-0.001313
-0.002316
-0.003090
-0.003544
-0.003993
-0.004021
-0.004445
-0.006649
-0.009264
-0.011270
-0.011052
-0.006213
-0.001592
0.001508
0.006629
0.008881
0.007484
0.007611
0.007314
0.004844
0.001890
-0.001862
-0.002149
0.002812
0.005529
0.007431
0.012271
0.013865
0.012132
0.011888
0.012695
0.014428
0.016350
0.017163
0.016960
0.014793
0.012353
0.010136
0.006874
0.004696
0.003367
0.001837
0.001536
0.002377
0.002619
0.002752
0.003110
0.001520
-0.001314
-0.002576
-0.002802
-0.003013
-0.002769
-0.001465
0.000599
0.002373
0.004218
0.006446
0.008598
0.010692
0.011844
0.010924
0.009074
0.007864
0.006323
0.003344
0.000216
-0.002601
-0.005205
-0.006548
-0.006960
-0.006250
-0.004564
-0.003336
-0.001238
0.002057
0.004276
0.005127
0.004631
0.002988
0.001938
0.000991
-0.000424
-0.000178
0.001011
0.001132
0.001455
0.001591
0.000603
-0.000057
-0.001632
-0.004291
-0.005297
-0.005821
-0.007074
-0.007351
-0.006944
-0.006157
-0.004417
-0.003065
-0.002210
-0.001168
-0.000665
-0.000648
-0.000475
0.000098
0.000480
0.000427
-0.000454
-0.002848
-0.004878
-0.006164
-0.007848
-0.008413
-0.008152
-0.008477
-0.008540
-0.008339
-0.008343
-0.007348
-0.005283
-0.003894
-0.002840
-0.000884
0.000545
0.000316
-0.000036
-0.000011
-0.000343
0.000108
0.001639
0.002296
0.002469
0.002518
0.000851
-0.001627
-0.004466
-0.007325
-0.008247
-0.007384
-0.005824
-0.004651
-0.003587
-0.001535
0.000094
-0.000162
-0.000708
-0.000464
-0.000292
0.000744
0.002365
0.003395
0.005052
0.006446
0.006575
0.006738
0.006848
0.006718
0.006681
0.006640
0.006189
0.004890
0.003582
0.002712
0.001765
0.001091
0.000124
-0.001861
-0.003558
-0.004221
-0.004280
-0.003588
-0.002474
-0.001563
-0.000556
0.000198
0.000508
0.000680
0.000670
0.001483
0.003432
0.004635
0.004172
0.003442
0.002752
0.001052
-0.000132
0.000028
-0.000087
-0.000230
-0.000111
-0.000135
-0.000097
0.000011
0.000363
0.001045
0.001658
0.001737
0.001568
0.001681
0.002133
0.003087
0.003962
0.004221
0.004472
0.004364
0.003598
0.003029
0.002354
0.001532
0.001373
0.001791
0.002231
0.002360
0.002502
0.002792
0.003180
0.003745
0.004169
0.004545
0.005137
0.005454
0.005206
0.004799
0.004455
0.003955
0.003231
0.002577
0.002036
0.001245
0.000400
-0.000056
-0.000509
-0.001054
-0.001339
-0.001521
-0.001622
-0.001586
-0.001626
-0.001750
-0.001857
-0.002015
-0.002077
-0.001851
-0.001608
-0.001493
-0.001503
-0.001730
-0.001967
-0.002079
-0.002074
-0.001942
-0.001771
-0.001540
-0.001357
-0.001322
-0.001271
-0.001151
-0.001031
-0.000936
-0.000868
-0.000868
-0.000945
-0.000997
-0.000994
-0.001040
-0.001111
-0.001055
-0.000878
-0.000719
-0.000568
-0.000539
-0.000699
-0.000737
-0.000665
-0.000682
-0.000712
-0.000714
-0.000713
-0.000724
-0.000767
-0.000808
-0.000827
-0.000837
-0.000828
-0.000809
-0.000816
-0.000835
-0.000834
-0.000814
-0.000776
-0.000717
-0.000641
-0.000600
-0.000624
-0.000645
-0.000639
-0.000637
-0.000638
-0.000638
-0.000625
-0.000600
-0.000580
-0.000556
-0.000512
-0.000452
-0.000386
-0.000328
-0.000280
-0.000239
-0.000204
-0.000175
-0.000150
-0.000126
-0.000103
-0.000081
-0.000058
-0.000035
-0.000011
