0.001484
0.001865
0.002120
0.001890
0.001963
0.001875
0.001955
0.002567
0.003346
0.003734
0.003557
0.002054
-0.000268
-0.001278
-0.000722
0.000628
0.003310
0.005844
0.004964
0.002765
0.001905
0.002580
0.005254
0.007410
0.006623
0.003433
-0.001239
-0.008654
-0.014710
-0.011562
-0.003716
0.001146
0.002611
0.000819
-0.002090
-0.001070
0.005755
0.013353
0.011890
0.001102
-0.006329
-0.006481
-0.002034
0.002834
-0.001917
-0.011814
-0.015769
-0.014994
-0.011076
-0.007239
-0.006843
-0.007181
-0.005775
-0.001213
0.003614
0.004361
-0.001047
-0.008564
-0.006298
0.004671
0.011211
0.012685
0.010317
0.003776
0.000640
-0.001701
-0.007019
-0.007418
-0.004106
-0.004155
-0.003491
0.000791
-0.001752
-0.013858
-0.021591
-0.016801
-0.007281
-0.002382
0.002127
0.008663
0.011466
0.011810
0.013202
0.012113
0.007305
0.004455
0.003737
0.004171
0.007926
0.010772
0.006263
-0.003088
-0.009745
-0.004147
0.012527
0.023585
0.017106
-0.002192
-0.012489
-0.016090
-0.023260
-0.016932
-0.005898
-0.007802
-0.013603
-0.013905
0.002097
0.023818
0.032920
0.040641
0.038123
0.021077
0.012479
0.006303
0.000156
0.006291
0.015915
0.021279
0.022652
0.013402
0.000942
-0.003496
-0.008447
-0.017501
-0.015902
0.000083
0.009956
0.014995
0.022010
0.014199
0.000767
-0.003282
-0.004401
-0.002760
-0.002192
-0.002767
-0.002905
-0.016861
-0.040749
-0.051044
-0.049051
-0.045378
-0.039013
-0.031457
-0.016744
-0.004316
-0.005436
0.006226
0.034758
0.050843
0.054255
0.055402
0.054689
0.056994
0.060554
0.066645
0.062583
0.038320
0.004259
-0.058941
-0.117452
-0.109119
-0.076834
-0.059513
-0.019085
0.048946
0.082303
0.065179
0.045552
0.037687
0.025964
0.022802
0.038183
0.036889
0.007384
-0.014622
-0.021271
-0.015920
0.009368
0.049712
0.088197
0.079659
0.025667
-0.062532
-0.174179
-0.171124
-0.076179
-0.038184
0.003319
0.057452
0.041112
-0.000336
-0.006457
0.010349
0.035613
0.055267
0.058888
0.040368
0.004722
-0.018371
-0.032079
-0.027114
-0.004028
-0.000115
-0.000554
0.008088
0.010657
0.000822
-0.026321
-0.057258
-0.076140
-0.085905
-0.075570
-0.045672
-0.012410
0.043841
0.105542
0.097655
0.020496
-0.063747
-0.110834
-0.105033
-0.083814
-0.072220
-0.063213
-0.031413
0.007610
-0.005851
-0.032698
-0.030730
-0.035238
-0.026422
0.011856
0.034233
0.052259
0.078556
0.085741
0.086778
0.094307
0.096748
0.093640
0.092123
0.080492
0.038027
-0.024779
-0.086636
-0.103588
-0.065843
-0.051132
-0.051642
-0.029260
-0.045923
-0.085001
-0.088106
-0.073916
-0.055582
-0.029595
0.015639
0.043546
0.032039
0.029561
0.028368
0.021341
0.033167
0.048719
0.054293
0.054039
0.040856
0.018750
0.009930
0.027413
0.048381
0.052835
0.051442
-0.035925
-0.162491
-0.163124
-0.147725
-0.169672
-0.143682
-0.098873
-0.031652
0.064451
0.142639
0.168091
0.140838
0.096942
0.063552
-0.003522
-0.057971
-0.014631
0.026820
0.029734
0.029740
0.002159
-0.031427
-0.056826
-0.062207
-0.042304
-0.031248
-0.025333
-0.014218
-0.016348
-0.022299
-0.014781
0.001726
0.024796
0.049972
0.068973
0.072211
0.045601
-0.025357
-0.096232
-0.088141
-0.022144
0.043847
0.094622
0.121265
0.123501
0.104764
0.058359
-0.035268
-0.106911
-0.100489
-0.089616
-0.070234
-0.017896
0.006726
-0.006336
-0.018519
-0.032591
-0.054382
-0.060665
-0.045885
-0.030689
-0.009404
0.030182
0.043912
0.031198
0.043671
0.067564
0.055200
0.018159
-0.015321
-0.065045
-0.106710
-0.091462
-0.056525
-0.042346
-0.021186
0.018980
0.062576
0.097208
0.103718
0.090571
0.077510
0.071412
0.051167
-0.004149
-0.038870
-0.032659
-0.033741
-0.024171
0.002950
0.016049
0.033961
0.065974
0.088350
0.072059
0.029369
0.002841
-0.035888
-0.077513
-0.068768
-0.048610
-0.044235
-0.037596
-0.019935
0.017020
0.045434
0.043297
0.034853
0.026618
0.017469
0.012695
0.012577
0.003447
-0.033810
-0.069748
-0.081677
-0.072990
-0.054918
-0.016092
0.057237
0.075909
0.021231
-0.012467
-0.045309
-0.115277
-0.134761
-0.090600
-0.066357
-0.054967
-0.006366
0.036095
0.007593
-0.042367
-0.073790
-0.101969
-0.091178
-0.039344
0.004127
0.066920
0.141833
0.147168
0.113517
0.101987
0.070381
-0.016092
-0.101657
-0.136839
-0.143471
-0.149318
-0.139492
-0.119227
-0.108797
-0.081575
-0.041765
-0.023001
-0.014025
-0.006559
-0.005779
0.003153
0.021436
0.038385
0.062116
0.090949
0.102897
0.090124
0.077520
0.079878
0.076996
0.067621
0.064486
0.064274
0.061586
0.043673
0.001621
-0.023978
0.002044
0.032589
0.054423
0.105184
0.143781
0.139771
0.122361
0.106455
0.084072
0.041063
0.016881
0.027249
0.020676
-0.009556
-0.031587
-0.038200
-0.046696
-0.051157
-0.038621
-0.036138
-0.070021
-0.115080
-0.135014
-0.146661
-0.139908
-0.099356
-0.065219
0.013581
0.088676
0.028430
-0.028309
-0.014583
-0.022251
-0.010185
0.018708
0.023610
0.030821
0.040837
0.047796
0.048969
0.033975
0.019771
0.025920
0.050930
0.068158
0.047508
0.001042
-0.067192
-0.114623
-0.076537
-0.017751
0.017242
0.034317
0.020874
0.012407
0.017019
0.022301
0.031754
0.027219
0.009190
-0.000350
-0.004558
-0.008447
-0.002078
0.010981
0.022577
0.030117
0.019863
-0.004823
-0.030617
-0.059081
-0.067819
-0.040251
-0.004579
0.022952
0.044975
0.033479
-0.018153
-0.062832
-0.079949
-0.073314
-0.035194
0.018467
0.051651
0.056228
0.017260
-0.054627
-0.083065
-0.061961
-0.035649
0.030782
0.125691
0.155127
0.125876
0.097050
0.035391
-0.053153
-0.034376
0.042187
0.057757
0.088473
0.139410
0.145878
0.121979
0.102883
0.084739
0.050705
0.010228
-0.026160
-0.048125
-0.060239
-0.059487
-0.033695
-0.008543
0.011374
0.040720
0.069114
0.075851
0.042451
0.006218
-0.007730
-0.044967
-0.084467
-0.079995
-0.081853
-0.094965
-0.073034
-0.051176
-0.031295
0.052087
0.122218
0.083924
0.044802
0.037897
-0.011952
-0.052287
-0.051683
-0.039599
-0.007616
0.017940
0.033176
0.060227
0.072940
0.060600
0.042848
0.032694
0.023773
0.003100
-0.030018
-0.055700
-0.063182
-0.059312
-0.040758
-0.019861
-0.010945
0.001606
0.010434
-0.007320
-0.027952
-0.029854
-0.030136
-0.025033
-0.006611
0.008094
0.019862
0.030190
0.022178
0.001040
-0.011481
-0.020276
-0.031268
-0.021066
0.007246
0.039308
0.084320
0.111963
0.105316
0.094585
0.086875
0.073198
0.049007
0.012567
-0.059617
-0.129118
-0.132483
-0.125005
-0.120611
-0.089397
-0.054580
-0.011803
0.023654
0.031100
0.035977
0.038370
0.029040
0.034648
0.055290
0.064533
0.063077
0.054289
0.042155
0.040362
0.047499
0.056060
0.047660
0.017561
-0.003643
-0.019828
-0.042287
-0.029649
0.015838
0.062398
0.097030
0.087135
0.062950
0.062380
0.056166
0.047301
0.053277
0.047670
0.022423
0.005569
-0.012250
-0.042205
-0.054298
-0.041104
-0.024323
-0.017920
-0.012365
-0.006734
-0.016880
-0.029181
-0.032722
-0.044059
-0.061521
-0.075052
-0.089324
-0.105582
-0.108909
-0.086441
-0.062544
-0.054983
-0.049655
-0.052514
-0.063927
-0.065334
-0.054830
-0.039875
-0.025816
-0.015421
-0.028005
-0.054396
-0.061149
-0.057147
-0.044641
-0.014247
0.017299
0.038102
0.058419
0.075294
0.082008
0.091501
0.103594
0.109759
0.114329
0.113862
0.102025
0.077817
0.040705
0.020484
0.022360
0.017839
0.016813
0.021049
0.009303
-0.012580
-0.032332
-0.054837
-0.069850
-0.076547
-0.085131
-0.080088
-0.071225
-0.074797
-0.074322
-0.070745
-0.073663
-0.070336
-0.055469
-0.035858
-0.010227
0.020136
0.041075
0.048030
0.041543
0.020098
-0.002745
-0.024010
-0.036423
-0.036848
-0.038731
-0.037774
-0.042507
-0.056896
-0.063916
-0.067082
-0.075925
-0.075528
-0.061374
-0.047851
-0.019296
0.023206
0.040442
0.033098
0.018649
-0.000336
-0.013311
-0.023015
-0.027833
-0.024300
-0.029435
-0.041523
-0.050395
-0.047920
-0.027673
-0.011795
-0.005926
0.005108
0.009576
0.005137
0.008121
0.013987
0.014024
0.009293
0.002552
-0.001226
-0.004829
-0.005211
0.002934
0.008079
0.009876
0.020810
0.029999
0.028064
0.028009
0.026195
0.016862
0.004812
-0.008906
-0.015126
-0.014368
-0.018498
-0.019800
-0.009033
0.000295
0.004060
0.007402
-0.000632
-0.015216
-0.024298
-0.032237
-0.036834
-0.035993
-0.030596
-0.023546
-0.022879
-0.025766
-0.018260
-0.003331
0.008595
0.026652
0.042896
0.044192
0.040965
0.035601
0.029986
0.026173
0.025869
0.033000
0.041125
0.038661
0.021954
0.008334
-0.013209
-0.040892
-0.039657
-0.033000
-0.038967
-0.038527
-0.029188
-0.010078
0.013063
0.023426
0.022492
0.017215
0.009957
0.005752
0.002203
0.005002
0.014204
0.019566
0.027964
0.038299
0.041034
0.037688
0.028244
0.014638
0.002158
-0.005624
-0.003232
0.006416
0.009470
0.009007
0.011004
0.006448
-0.000346
-0.003296
-0.008446
-0.013199
-0.015398
-0.015038
-0.007965
0.000632
0.006267
0.009558
0.009811
0.008488
0.008033
0.008703
0.008206
0.006039
-0.000126
-0.007557
-0.007030
-0.005810
-0.010612
-0.013371
-0.011840
-0.009835
-0.009745
-0.012188
-0.016083
-0.020091
-0.025082
-0.026217
-0.020220
-0.016544
-0.016198
-0.012125
-0.004763
0.005603
0.015166
0.016814
0.019951
0.032058
0.042415
0.049847
0.054721
0.050723
0.035272
0.008533
-0.006673
0.005399
0.016952
0.014089
0.010925
0.004788
-0.006990
-0.016610
-0.019188
-0.014720
-0.012186
-0.013248
-0.012624
-0.012649
-0.010899
-0.004914
-0.001791
-0.001255
-0.000537
-0.003629
-0.007987
-0.010650
-0.014533
-0.016445
-0.011422
-0.004856
-0.001252
0.002939
0.005831
0.003410
-0.000506
-0.001813
-0.003248
-0.006092
-0.007916
-0.008926
-0.010656
-0.013799
-0.017003
-0.018615
-0.019881
-0.021462
-0.022998
-0.023915
-0.021012
-0.015962
-0.011064
-0.005435
-0.004800
-0.008498
-0.010462
-0.012072
-0.014584
-0.019713
-0.025207
-0.021616
-0.013358
-0.004142
0.017698
0.034771
0.032236
0.031469
0.032334
0.023905
0.014469
0.010381
0.011540
0.013925
0.012038
0.003026
-0.009986
-0.015740
-0.016299
-0.018980
-0.017722
-0.015382
-0.018381
-0.022128
-0.023800
-0.019600
-0.010287
0.004098
0.023869
0.030138
0.030178
0.038343
0.039135
0.035586
0.040523
0.049921
0.057167
0.060940
0.057599
0.047874
0.034304
0.016647
0.009638
0.015983
0.021953
0.024958
0.023581
0.019175
0.012042
-0.001163
-0.012320
-0.014115
-0.013856
-0.017607
-0.020237
-0.017683
-0.014641
-0.012804
-0.007952
-0.002194
0.002548
0.011723
0.022019
0.022947
0.018601
0.016906
0.015755
0.013890
0.015171
0.019558
0.022340
0.022342
0.019937
0.011187
-0.003101
-0.008830
-0.003159
0.002839
0.008374
0.016111
0.018774
0.015110
0.016761
0.022836
0.025158
0.024722
0.022878
0.012527
-0.001528
-0.006016
-0.008212
-0.009659
-0.011913
-0.025685
-0.040510
-0.042084
-0.028963
-0.013899
-0.004144
0.006738
0.013944
0.015282
0.014430
0.014552
0.016826
0.010115
-0.012959
-0.035577
-0.040380
-0.029887
-0.012971
0.000256
0.005219
0.006246
0.008581
0.008179
0.005330
0.006597
0.007497
0.005544
0.002884
-0.000238
0.000777
0.008864
0.013830
0.010833
0.009953
0.010737
0.008014
0.008300
0.014918
0.020620
0.025198
0.030752
0.032629
0.033605
0.036337
0.037625
0.038114
0.038741
0.036278
0.031523
0.024036
0.009254
-0.000433
0.002019
0.000045
-0.004297
0.000798
0.008993
0.016845
0.021795
0.018023
0.012423
0.010801
0.007611
0.005942
0.012303
0.018817
0.020868
0.020181
0.011528
-0.001412
-0.008260
-0.009712
-0.010531
-0.010646
-0.017891
-0.032023
-0.035149
-0.034528
-0.040865
-0.041349
-0.035451
-0.031142
-0.027400
-0.024231
-0.023090
-0.023058
-0.024965
-0.029783
-0.037549
-0.044966
-0.047669
-0.049256
-0.049878
-0.046857
-0.044489
-0.042977
-0.040613
-0.038722
-0.036736
-0.032252
-0.025715
-0.022822
-0.022519
-0.022181
-0.025656
-0.030614
-0.035286
-0.033770
-0.023337
-0.018895
-0.019320
-0.018608
-0.024188
-0.031270
-0.034301
-0.034356
-0.029223
-0.021545
-0.015166
-0.011085
-0.009934
-0.012348
-0.016550
-0.019156
-0.022901
-0.026014
-0.023618
-0.020633
-0.020355
-0.018974
-0.015365
-0.011872
-0.009733
-0.008040
-0.005384
-0.002198
-0.000118
0.000648
0.001845
0.003310
0.004107
0.003462
0.000305
-0.003160
-0.005013
-0.006242
-0.004642
0.001258
0.006676
0.012028
0.019815
0.024080
0.024251
0.026586
0.030060
0.030817
0.028647
0.026597
0.025595
0.024217
0.024724
0.026015
0.026339
0.028087
0.030083
0.029962
0.026031
0.016371
0.007128
0.005611
0.007790
0.008563
0.008262
0.008935
0.010083
0.009325
0.008015
0.008140
0.010380
0.013706
0.015510
0.017296
0.019762
0.017941
0.013763
0.009344
-0.000670
-0.008851
-0.011476
-0.017275
-0.022352
-0.025068
-0.025022
-0.017837
-0.012059
-0.006246
0.001584
0.002064
0.003371
0.012170
0.020774
0.026804
0.031230
0.033839
0.036916
0.040090
0.040291
0.039206
0.039594
0.040331
0.040423
0.040682
0.040506
0.037674
0.032910
0.027985
0.026570
0.032978
0.039394
0.041590
0.042950
0.039303
0.030468
0.019042
0.010564
0.007853
0.001844
-0.005962
-0.008371
-0.007655
-0.007435
-0.008886
-0.012315
-0.016955
-0.019744
-0.019312
-0.015898
-0.012234
-0.011188
-0.009836
-0.008611
-0.010539
-0.012250
-0.012176
-0.011805
-0.010769
-0.010131
-0.009434
-0.006357
0.000356
0.008982
0.017136
0.026638
0.028693
0.020251
0.017256
0.014828
0.005549
0.001626
0.002131
0.000585
-0.000166
0.001287
0.003623
0.005588
0.007452
0.010055
0.012594
0.014365
0.016076
0.017478
0.016922
0.015778
0.015901
0.016644
0.018018
0.019072
0.016285
0.009950
0.000651
-0.014884
-0.026301
-0.025022
-0.019569
-0.012971
-0.005429
-0.000894
0.000102
-0.000743
-0.002176
-0.003585
-0.005649
-0.008208
-0.010508
-0.010483
-0.006086
-0.002207
-0.002723
-0.007110
-0.014409
-0.019599
-0.021347
-0.021470
-0.018697
-0.015592
-0.014682
-0.015750
-0.018936
-0.022649
-0.025809
-0.029666
-0.030401
-0.025212
-0.021394
-0.018359
-0.013306
-0.010903
-0.011221
-0.013943
-0.018105
-0.023524
-0.027129
-0.024984
-0.024354
-0.026831
-0.028716
-0.031635
-0.034006
-0.035875
-0.036482
-0.034137
-0.031554
-0.027023
-0.021567
-0.019253
-0.018009
-0.016029
-0.014109
-0.011249
-0.006486
-0.003170
-0.002293
-0.002339
-0.004964
-0.008599
-0.013274
-0.021240
-0.026694
-0.027304
-0.025596
-0.022457
-0.019823
-0.018115
-0.020181
-0.024592
-0.026325
-0.028793
-0.033490
-0.036998
-0.039117
-0.037353
-0.032085
-0.025337
-0.014259
-0.007103
-0.006687
-0.004964
-0.003487
-0.002255
0.000044
0.001802
0.003279
0.002302
-0.000859
-0.003241
-0.005375
-0.004548
-0.000754
0.000717
0.001772
0.004942
0.007952
0.009623
0.010090
0.008819
0.006949
0.006041
0.006201
0.008799
0.013464
0.017298
0.017799
0.016966
0.017788
0.018461
0.018947
0.020407
0.021467
0.022206
0.022071
0.019687
0.017209
0.015326
0.013971
0.014707
0.015152
0.012742
0.009934
0.009201
0.009069
0.010879
0.015118
0.019431
0.024203
0.026530
0.026087
0.025308
0.024619
0.025360
0.026088
0.025151
0.022059
0.018552
0.016639
0.016024
0.019131
0.024688
0.029203
0.032228
0.031830
0.028142
0.024793
0.022577
0.018539
0.013665
0.010647
0.009447
0.009091
0.008694
0.009151
0.011451
0.015875
0.019368
0.020926
0.022262
0.020105
0.014058
0.008354
0.006526
0.006710
0.003692
-0.001414
-0.006720
-0.009409
-0.007527
-0.006573
-0.005155
-0.000785
0.000528
-0.000595
-0.000756
-0.000691
0.001820
0.006027
0.008987
0.011610
0.010292
0.000690
-0.012494
-0.020271
-0.021698
-0.019610
-0.014688
-0.008601
-0.002550
-0.003065
-0.008771
-0.012916
-0.017702
-0.021212
-0.021444
-0.020367
-0.019588
-0.019807
-0.019029
-0.014506
-0.007233
0.000622
0.007419
0.008685
0.004503
0.001149
0.000924
-0.000209
-0.001273
-0.000470
-0.000843
-0.001598
-0.001917
-0.002698
-0.003594
-0.004684
-0.003989
-0.000674
0.001330
0.004236
0.009683
0.011411
0.010532
0.010265
0.009639
0.009316
0.008874
0.007602
0.004694
0.000693
-0.001633
-0.002933
-0.004602
-0.002505
0.003065
0.007505
0.015983
0.025181
0.027755
0.027696
0.022516
0.012119
-0.000756
-0.012983
-0.016487
-0.011234
-0.003358
0.003405
0.007347
0.005415
0.000812
-0.000723
-0.001968
-0.002415
0.003076
0.008308
0.009354
0.011168
0.009584
0.001930
-0.004480
-0.006676
-0.005168
-0.000228
0.006502
0.012524
0.011421
0.004580
-0.000887
-0.003862
-0.005285
-0.006785
-0.006525
-0.004032
-0.002860
-0.004045
-0.005979
-0.006623
-0.007278
-0.008252
-0.007887
-0.008055
-0.009446
-0.010073
-0.008229
-0.003177
0.002411
0.006042
0.008550
0.008261
0.003470
-0.003155
-0.008986
-0.010068
-0.007868
-0.009308
-0.012927
-0.015076
-0.016692
-0.018662
-0.020603
-0.021110
-0.018278
-0.013055
-0.009866
-0.009128
-0.007148
-0.006150
-0.009561
-0.013040
-0.014040
-0.014281
-0.010911
-0.005988
-0.004681
-0.003262
-0.002977
-0.007790
-0.013368
-0.012568
-0.004715
0.001520
0.005919
0.011876
0.014256
0.010513
0.004182
0.000654
0.000561
0.002379
0.004634
0.005646
0.005135
0.002932
0.001227
0.001976
0.004354
0.005556
0.005504
0.006483
0.007640
0.008292
0.009111
0.008445
0.005508
0.001432
-0.003527
-0.006031
-0.003614
-0.000966
0.000513
0.005396
0.009116
0.005810
0.002131
0.001189
-0.002396
-0.006773
-0.005502
-0.002493
-0.003121
-0.003817
-0.003083
-0.002336
-0.001844
-0.001918
-0.001968
-0.000809
0.001938
0.004536
0.003795
-0.000521
-0.005175
-0.008907
-0.009897
-0.005745
-0.001170
0.002148
0.010177
0.016418
0.016363
0.017424
0.014578
0.006569
-0.002886
-0.016757
-0.027596
-0.026730
-0.014167
0.003380
0.015131
0.017464
0.014065
0.005878
-0.004165
-0.011371
-0.014766
-0.011182
-0.005032
-0.003270
-0.001603
0.001324
0.002505
0.002420
0.000359
-0.005379
-0.010859
-0.009865
-0.004945
-0.000619
0.006684
0.014588
0.016701
0.014857
0.011609
0.008047
0.002172
-0.003863
-0.005773
-0.006462
-0.005920
-0.001001
0.006642
0.010523
0.010131
0.008700
0.002806
-0.004996
-0.009361
-0.008809
-0.002572
0.006220
0.013860
0.016289
0.014542
0.012604
0.008542
-0.000007
-0.004631
-0.000073
0.004111
0.008719
0.015813
0.016461
0.013848
0.013662
0.013726
0.012917
0.010730
0.006132
0.001229
-0.001008
-0.003148
-0.009132
-0.018753
-0.026183
-0.028750
-0.029895
-0.027991
-0.023541
-0.021000
-0.018056
-0.013943
-0.009532
-0.003624
0.000409
0.000771
-0.001411
-0.006608
-0.009939
-0.009749
-0.010294
-0.007141
-0.000970
0.001144
0.000799
-0.000660
-0.002821
-0.004705
-0.005134
-0.001582
0.001668
0.002623
0.002916
-0.000123
-0.005539
-0.010620
-0.011954
-0.008762
-0.006295
-0.004293
-0.000335
0.002188
0.002148
0.002411
0.003232
0.003265
0.003414
0.004357
0.005297
0.005092
0.003113
0.001251
0.000112
-0.000317
0.001310
0.003328
0.005473
0.010303
0.018191
0.025178
0.025417
0.021029
0.017022
0.009789
-0.002498
-0.011934
-0.016331
-0.022096
-0.028537
-0.028245
-0.021088
-0.011509
0.001513
0.011482
0.011208
0.010042
0.014391
0.018376
0.020537
0.020429
0.015107
0.008628
0.005477
0.005444
0.006858
0.007837
0.007216
0.006264
0.007354
0.011482
0.016482
0.019914
0.020327
0.017660
0.015693
0.013374
0.007535
0.002554
0.000208
-0.003074
-0.003972
0.000389
0.003714
0.005995
0.009797
0.012339
0.012609
0.009258
0.005853
0.006536
0.007192
0.005871
0.005530
0.003488
-0.003170
-0.008477
-0.009874
-0.008350
-0.004965
-0.003150
-0.001534
0.000756
0.003102
0.006170
0.008683
0.009294
0.006653
0.001649
-0.003156
-0.005825
-0.005367
-0.004882
-0.007837
-0.011139
-0.008479
-0.002871
-0.000351
0.003428
0.006197
0.002552
0.000123
0.000198
-0.002300
-0.004323
-0.004193
-0.004421
-0.004749
-0.005642
-0.008908
-0.012717
-0.014328
-0.012536
-0.010012
-0.009327
-0.007977
-0.006473
-0.006022
-0.004908
-0.004082
-0.004124
-0.004126
-0.005393
-0.007577
-0.009382
-0.012028
-0.013783
-0.011962
-0.008464
-0.005653
-0.004670
-0.007364
-0.010754
-0.011408
-0.013243
-0.014532
-0.009725
-0.005570
-0.005705
-0.005800
-0.007481
-0.008929
-0.005847
-0.001188
0.002349
0.006667
0.011814
0.014823
0.014471
0.014124
0.015640
0.016504
0.016843
0.017591
0.018187
0.017366
0.014691
0.011597
0.005661
-0.002703
-0.007451
-0.009615
-0.011392
-0.012718
-0.013006
-0.008511
-0.003062
-0.001183
-0.002131
-0.005360
-0.007561
-0.007572
-0.003728
0.001613
0.003176
0.004706
0.004531
0.000282
-0.002360
-0.003811
-0.005843
-0.006338
-0.004308
-0.001589
0.000483
0.001857
-0.000345
-0.004250
-0.006170
-0.009060
-0.012711
-0.014142
-0.014621
-0.014947
-0.012370
-0.007078
-0.002871
0.000986
0.004507
0.004815
0.005313
0.007161
0.006202
0.003579
0.001463
-0.000071
-0.000710
-0.000837
-0.001205
-0.002539
-0.005078
-0.008679
-0.011555
-0.012534
-0.011249
-0.008933
-0.005932
0.001211
0.007527
0.009216
0.008242
0.004144
0.001159
-0.001569
-0.002627
0.003443
0.008021
0.008560
0.012314
0.013843
0.009082
0.004676
-0.000861
-0.008468
-0.011829
-0.010451
-0.006293
-0.000091
0.008190
0.013565
0.013086
0.014393
0.017684
0.019166
0.018455
0.013718
0.009373
0.005496
-0.001303
-0.003612
-0.002745
-0.005955
-0.008825
-0.010166
-0.008771
-0.000883
0.008707
0.015244
0.017710
0.014685
0.008754
0.005698
0.007386
0.012102
0.013917
0.013588
0.014797
0.012163
0.007467
0.005328
0.003800
0.004213
0.005480
0.005227
0.004887
0.001814
-0.002938
-0.005624
-0.004807
0.001186
0.006160
0.008795
0.013785
0.013789
0.007926
0.005583
0.003322
-0.000820
-0.000506
0.000651
-0.001132
-0.003257
-0.005643
-0.007325
-0.007949
-0.007670
-0.005697
-0.004373
-0.003301
-0.001821
-0.003719
-0.007460
-0.009080
-0.011251
-0.012327
-0.008847
-0.006233
-0.005222
-0.002494
-0.002174
-0.004799
-0.005931
-0.005905
-0.002040
0.005273
0.009668
0.012009
0.009586
0.002585
-0.002958
-0.007140
-0.006655
-0.002974
-0.002601
-0.003836
-0.003193
-0.001985
-0.001728
-0.001480
-0.001111
-0.000906
-0.000595
0.000650
0.002698
0.004501
0.004621
0.001501
-0.001887
-0.003446
-0.006387
-0.009240
-0.007396
-0.004584
-0.003042
0.000436
0.002237
0.001586
0.000050
-0.003090
-0.005045
-0.006436
-0.005067
0.000496
0.003452
0.004452
0.006578
0.006225
0.003912
0.003099
0.002266
0.000033
-0.002560
-0.005095
-0.009353
-0.015733
-0.019012
-0.017991
-0.015841
-0.011863
-0.007518
-0.006930
-0.007193
-0.005071
-0.002519
-0.000603
-0.000391
-0.001322
-0.001983
-0.002527
-0.003232
-0.003101
-0.001208
0.000331
0.001766
0.004695
0.007840
0.009448
0.007878
0.005348
0.003122
0.000479
-0.000108
-0.000154
-0.001571
-0.002782
-0.003513
-0.002353
0.000540
0.002235
0.003979
0.006011
0.003772
-0.000636
-0.002828
-0.003907
-0.003338
-0.002524
-0.003302
-0.003346
-0.002795
-0.002821
-0.000709
0.004833
0.008239
0.008276
0.010464
0.011412
0.007506
0.005046
0.003481
-0.000508
-0.003372
-0.003270
-0.001549
-0.000737
-0.000696
-0.000254
-0.000329
0.000364
0.002991
0.005435
0.006217
0.007014
0.007452
0.005214
0.002396
-0.001461
-0.008954
-0.013435
-0.012559
-0.012096
-0.011302
-0.009007
-0.004374
0.000289
0.001436
0.002586
0.002723
0.001202
0.001388
0.002392
0.003229
0.004035
0.005110
0.005183
0.003093
0.001668
0.001414
0.001216
0.002378
0.003686
0.004562
0.006458
0.007734
0.008400
0.009342
0.007721
0.004466
0.002389
0.000447
-0.001678
-0.002985
-0.001770
0.000583
0.002341
0.005417
0.007797
0.007306
0.005573
0.004040
0.001235
-0.003230
-0.005305
-0.005816
-0.007365
-0.006281
-0.002548
0.000843
0.005403
0.007409
0.005693
0.006587
0.007759
0.006866
0.006511
0.005156
0.002943
0.001382
-0.000945
-0.003771
-0.005748
-0.007399
-0.009211
-0.008191
-0.004264
-0.002197
-0.000533
0.002473
0.003644
0.002223
-0.000035
-0.001625
-0.003268
-0.003841
-0.000854
0.003583
0.006746
0.007095
0.004926
0.002689
0.001721
0.002238
0.002224
0.000948
-0.000467
-0.002609
-0.004857
-0.004372
-0.001619
-0.000307
0.000133
0.000103
-0.002281
-0.005225
-0.007138
-0.009011
-0.011258
-0.011379
-0.008657
-0.007190
-0.006726
-0.004642
-0.003019
-0.002642
-0.002005
-0.001432
-0.001205
-0.001141
-0.000630
0.001220
0.002797
0.003332
0.003816
0.002972
0.001230
0.000391
-0.000718
-0.001875
-0.002167
-0.002758
-0.003705
-0.004208
-0.003694
-0.002615
-0.002304
-0.002312
-0.001916
-0.001959
-0.002420
-0.002776
-0.004511
-0.006934
-0.007752
-0.008878
-0.011225
-0.011852
-0.010705
-0.010648
-0.011380
-0.011386
-0.011352
-0.011613
-0.010234
-0.007021
-0.004831
-0.003235
-0.001125
-0.000064
0.000757
0.001491
0.000268
-0.000972
-0.001027
-0.001872
-0.002776
-0.002294
-0.001621
-0.001344
-0.001844
-0.003917
-0.005663
-0.006284
-0.006501
-0.005611
-0.004749
-0.004930
-0.004820
-0.004697
-0.005261
-0.005159
-0.004437
-0.004218
-0.004025
-0.004964
-0.007755
-0.010190
-0.009600
-0.005922
-0.002773
0.000831
0.004890
0.005027
0.002907
0.001899
0.002401
0.003253
0.003775
0.004597
0.006043
0.005741
0.002655
0.000925
0.000845
0.001082
0.002970
0.004505
0.005736
0.007789
0.008373
0.007914
0.007805
0.007480
0.006768
0.007030
0.008851
0.010007
0.010219
0.010949
0.010862
0.009530
0.008775
0.009328
0.010714
0.011589
0.012194
0.011966
0.009440
0.007282
0.006096
0.003799
0.003007
0.004959
0.005731
0.005750
0.007301
0.008854
0.009651
0.008840
0.006881
0.004653
0.000777
-0.002173
-0.003621
-0.005737
-0.006159
-0.005870
-0.007654
-0.009402
-0.010411
-0.010070
-0.006386
-0.003143
-0.002244
-0.000149
0.000737
-0.001580
-0.002621
-0.002056
-0.002369
-0.002565
-0.002438
-0.002439
-0.002380
-0.002244
-0.002237
-0.002325
-0.002307
-0.002610
-0.004059
-0.005638
-0.006586
-0.007126
-0.005440
-0.002697
-0.001977
-0.001548
0.000087
0.000202
-0.002140
-0.004358
-0.006490
-0.008114
-0.008442
-0.009071
-0.007820
-0.005213
-0.004782
-0.004241
-0.002913
-0.002580
-0.001526
0.000494
0.001779
0.002850
0.004170
0.004669
0.004477
0.004757
0.005014
0.004712
0.004474
0.004167
0.003882
0.004397
0.005140
0.005527
0.006575
0.007379
0.006020
0.004427
0.004084
0.003332
0.002677
0.003060
0.003478
0.003877
0.004349
0.004640
0.005898
0.008419
0.010333
0.011974
0.013308
0.011821
0.009657
0.009219
0.008154
0.006952
0.007176
0.007163
0.006266
0.005153
0.004222
0.003410
0.002087
0.000342
-0.000552
0.000254
0.001174
0.000840
0.000506
0.000538
0.000216
-0.000087
-0.000103
-0.000168
-0.000223
0.000424
0.001289
0.001277
0.001247
0.001360
0.000775
0.000249
-0.000061
-0.000641
-0.001130
-0.001537
-0.001772
-0.001383
-0.001005
-0.000884
0.000226
0.001875
0.002071
0.000675
-0.000533
-0.001322
-0.003103
-0.004682
-0.005047
-0.005067
-0.004132
-0.002850
-0.002461
-0.002332
-0.002638
-0.003143
-0.003101
-0.002971
-0.002898
-0.003554
-0.005134
-0.005971
-0.005781
-0.004664
-0.002927
-0.001539
-0.000183
0.000583
0.000972
0.002025
0.002830
0.002919
0.002814
0.002462
0.002068
0.002374
0.002940
0.003010
0.003053
0.003392
0.003180
0.002155
0.001348
0.000863
0.000641
0.000900
0.000826
0.000078
-0.000614
-0.000765
-0.000765
-0.000936
-0.001262
-0.001825
-0.002292
-0.002516
-0.002750
-0.002911
-0.002997
-0.003120
-0.003062
-0.002759
-0.002541
-0.002787
-0.003374
-0.003482
-0.003175
-0.002863
-0.002292
-0.001613
-0.001028
-0.000862
-0.000961
-0.000760
-0.000609
-0.000538
-0.000088
0.000624
0.001459
0.002195
0.002335
0.002101
0.002047
0.002060
0.001935
0.001837
0.001805
0.001679
0.001418
0.001106
0.000773
0.000436
0.000297
0.000387
0.000440
0.000350
0.000151
-0.000061
-0.000279
-0.000447
-0.000416
-0.000374
-0.000228
0.000026
-0.000035
-0.000265
-0.000601
-0.001092
-0.001329
-0.001232
-0.000989
-0.000594
-0.000320
-0.000379
-0.000528
-0.000799
-0.001076
-0.001116
-0.001067
-0.000941
-0.000779
-0.000655
-0.000505
-0.000344
-0.000248
-0.000218
-0.000243
-0.000494
-0.000804
-0.000768
-0.000570
-0.000432
-0.000242
-0.000124
-0.000148
-0.000159
-0.000161
-0.000173
-0.000135
-0.000088
-0.000091
-0.000105
-0.000127
-0.000173
-0.000202
-0.000209
-0.000206
-0.000212
-0.000226
-0.000234
-0.000244
-0.000259
-0.000271
-0.000282
-0.000295
-0.000310
-0.000323
-0.000343
-0.000375
-0.000411
-0.000430
-0.000428
-0.000411
-0.000383
-0.000350
-0.000316
-0.000282
-0.000254
-0.000232
-0.000210
-0.000187
-0.000162
-0.000136
-0.000112
-0.000089
