-0.000943
-0.001422
-0.001991
-0.001904
-0.001865
-0.001825
-0.001787
-0.001749
-0.001711
-0.001674
-0.001638
-0.001606
-0.001578
-0.001554
-0.001535
-0.001522
-0.001512
-0.001504
-0.001496
-0.001487
-0.001478
-0.001468
-0.001461
-0.001458
-0.001457
-0.001454
-0.001448
-0.001438
-0.001421
-0.001397
-0.001363
-0.001319
-0.001268
-0.001205
-0.001130
-0.001048
-0.000970
-0.000903
-0.000847
-0.000800
-0.000762
-0.000730
-0.000705
-0.000690
-0.000689
-0.000706
-0.000742
-0.000799
-0.000880
-0.000980
-0.001086
-0.001179
-0.001250
-0.001296
-0.001324
-0.001342
-0.001354
-0.001355
-0.001340
-0.001296
-0.001211
-0.001066
-0.000859
-0.000611
-0.000352
-0.000118
0.000069
0.000211
0.000320
0.000400
0.000455
0.000486
0.000486
0.000437
0.000334
0.000187
0.000001
-0.000220
-0.000454
-0.000682
-0.000904
-0.001133
-0.001379
-0.001639
-0.001901
-0.002151
-0.002410
-0.002699
-0.002996
-0.003262
-0.003438
-0.003464
-0.003288
-0.002846
-0.002112
-0.001147
-0.000086
0.000916
0.001778
0.002533
0.003230
0.003867
0.004398
0.004772
0.004957
0.004935
0.004706
0.004306
0.003766
0.003066
0.002135
0.000955
-0.000295
-0.001328
-0.001987
-0.002327
-0.002487
-0.002551
-0.002532
-0.002417
-0.002215
-0.001991
-0.001818
-0.001718
-0.001640
-0.001504
-0.001237
-0.000776
-0.000084
0.000830
0.001865
0.002832
0.003548
0.003914
0.003964
0.003773
0.003413
0.002979
0.002509
0.001982
0.001342
0.000533
-0.000408
-0.001395
-0.002331
-0.003102
-0.003624
-0.003882
-0.003866
-0.003508
-0.002668
-0.001119
0.001264
0.004072
0.006437
0.007776
0.008117
0.007815
0.007277
0.006775
0.006396
0.006080
0.005690
0.005058
0.004062
0.002660
0.001009
-0.000530
-0.001623
-0.002146
-0.002187
-0.001896
-0.001429
-0.000962
-0.000678
-0.000697
-0.001029
-0.001595
-0.002249
-0.002778
-0.003002
-0.002785
-0.001945
-0.000399
0.001739
0.004087
0.006012
0.006950
0.006549
0.004590
0.001142
-0.003043
-0.006718
-0.009030
-0.010054
-0.010484
-0.010951
-0.011676
-0.012566
-0.013417
-0.014085
-0.014481
-0.014454
-0.013388
-0.010275
-0.004825
0.002052
0.009124
0.015776
0.021696
0.026219
0.028828
0.029636
0.029061
0.027556
0.025556
0.023460
0.021404
0.019103
0.015863
0.010989
0.004849
-0.000942
-0.004928
-0.006950
-0.007829
-0.008351
-0.008760
-0.008921
-0.008693
-0.008079
-0.007249
-0.006398
-0.005544
-0.004548
-0.003350
-0.002110
-0.001082
-0.000531
-0.000596
-0.001219
-0.002277
-0.003568
-0.004772
-0.005490
-0.005372
-0.004271
-0.002238
0.000780
0.005042
0.010576
0.016667
0.021740
0.024149
0.022708
0.016805
0.007516
-0.001883
-0.007979
-0.009901
-0.009316
-0.008355
-0.008213
-0.008959
-0.009947
-0.010517
-0.010385
-0.009540
-0.008060
-0.006057
-0.003708
-0.001253
0.000860
0.001980
0.001516
-0.000979
-0.005847
-0.012455
-0.018796
-0.023086
-0.025029
-0.025297
-0.024616
-0.023403
-0.021681
-0.019355
-0.016605
-0.013773
-0.011070
-0.008298
-0.004523
0.001555
0.009801
0.017829
0.023306
0.025964
0.027047
0.027907
0.029124
0.030359
0.030785
0.029707
0.026805
0.022243
0.016892
0.012166
0.009088
0.007616
0.006992
0.006451
0.005479
0.003934
0.002149
0.000626
-0.000166
0.000156
0.001647
0.004057
0.007144
0.010650
0.014297
0.018031
0.021873
0.025579
0.028549
0.029870
0.028296
0.022963
0.015148
0.008136
0.004164
0.002747
0.002036
0.000501
-0.002290
-0.005682
-0.008730
-0.011089
-0.013196
-0.015655
-0.018605
-0.021695
-0.024414
-0.026330
-0.027253
-0.027080
-0.025315
-0.020631
-0.011810
0.000494
0.014096
0.026832
0.037315
0.045007
0.049849
0.051271
0.047570
0.037692
0.023262
0.007811
-0.004708
-0.011445
-0.012671
-0.011232
-0.010137
-0.011438
-0.015846
-0.022289
-0.028378
-0.032015
-0.032641
-0.031126
-0.028674
-0.025799
-0.021677
-0.014118
-0.001831
0.012382
0.022849
0.025910
0.021533
0.011812
0.000279
-0.009070
-0.014160
-0.016020
-0.017109
-0.018959
-0.021409
-0.023471
-0.024355
-0.023885
-0.022383
-0.020130
-0.017162
-0.013492
-0.009307
-0.005029
-0.001050
0.002728
0.006874
0.011878
0.017586
0.023056
0.027236
0.029798
0.031227
0.032323
0.033634
0.035181
0.036545
0.037179
0.036652
0.034760
0.031579
0.027066
0.020872
0.013133
0.005118
-0.001358
-0.005413
-0.007567
-0.008705
-0.009270
-0.009200
-0.008488
-0.007568
-0.006953
-0.006873
-0.007002
-0.006766
-0.006064
-0.005484
-0.005732
-0.006900
-0.008488
-0.009618
-0.009229
-0.006647
-0.002137
0.002920
0.006583
0.007439
0.005364
0.001354
-0.003349
-0.007852
-0.011793
-0.015333
-0.018659
-0.021672
-0.024048
-0.025256
-0.024387
-0.019502
-0.008719
0.006073
0.019038
0.025764
0.026645
0.024876
0.022985
0.021580
0.020063
0.017397
0.012338
0.003684
-0.007734
-0.018109
-0.024098
-0.025837
-0.025841
-0.026389
-0.028332
-0.031489
-0.035219
-0.038801
-0.041903
-0.044373
-0.045741
-0.045132
-0.041040
-0.032211
-0.019330
-0.004695
0.009673
0.022330
0.031600
0.036366
0.037062
0.034873
0.030742
0.025927
0.022353
0.021464
0.023968
0.030392
0.040245
0.050594
0.056816
0.055074
0.044238
0.026943
0.007863
-0.008607
-0.018892
-0.022024
-0.020148
-0.015945
-0.010903
-0.005473
0.000123
0.005279
0.008922
0.009891
0.007811
0.004058
0.001177
0.001036
0.003944
0.008728
0.013333
0.016246
0.017561
0.018426
0.019840
0.021707
0.022742
0.020858
0.014842
0.006604
-0.000160
-0.003452
-0.004076
-0.003871
-0.004120
-0.005179
-0.006542
-0.007784
-0.009205
-0.011513
-0.015092
-0.019314
-0.022847
-0.024355
-0.023067
-0.018986
-0.012412
-0.004192
0.004014
0.010278
0.013574
0.013838
0.011355
0.007533
0.004542
0.004148
0.006982
0.012296
0.018269
0.022808
0.024840
0.024617
0.022917
0.020026
0.014927
0.006642
-0.003161
-0.010915
-0.014613
-0.014997
-0.013867
-0.012780
-0.012541
-0.013290
-0.015062
-0.017661
-0.020723
-0.023790
-0.026379
-0.028353
-0.029642
-0.030204
-0.030004
-0.028878
-0.026893
-0.024435
-0.021708
-0.018773
-0.015613
-0.011235
-0.003830
0.006921
0.018387
0.026953
0.031459
0.033499
0.034869
0.035915
0.035616
0.033114
0.028930
0.025095
0.023657
0.024771
0.027124
0.028645
0.027394
0.023251
0.018287
0.015538
0.016759
0.021378
0.026969
0.030688
0.031388
0.029909
0.027660
0.025467
0.023346
0.020549
0.015334
0.005923
-0.007444
-0.022702
-0.037786
-0.051445
-0.062217
-0.067671
-0.066073
-0.057802
-0.045476
-0.032593
-0.022541
-0.017454
-0.016539
-0.017524
-0.018664
-0.019537
-0.020310
-0.020860
-0.021095
-0.020248
-0.017453
-0.013060
-0.008420
-0.005220
-0.004710
-0.007281
-0.013081
-0.021889
-0.032397
-0.043335
-0.053890
-0.063220
-0.070564
-0.075543
-0.078450
-0.079750
-0.079571
-0.078048
-0.075455
-0.072126
-0.068623
-0.065279
-0.062225
-0.059857
-0.058467
-0.058159
-0.059019
-0.060856
-0.063022
-0.065171
-0.067112
-0.068179
-0.067929
-0.066087
-0.062671
-0.058068
-0.052972
-0.048934
-0.047820
-0.051000
-0.058866
-0.069721
-0.080341
-0.088057
-0.092101
-0.094158
-0.096331
-0.099104
-0.102038
-0.104621
-0.106364
-0.107378
-0.108206
-0.109255
-0.111162
-0.114160
-0.117618
-0.120638
-0.122652
-0.122775
-0.119350
-0.111337
-0.099327
-0.085451
-0.071815
-0.058845
-0.045906
-0.032948
-0.021024
-0.011868
-0.005515
0.001408
0.012335
0.027671
0.045036
0.061848
0.077507
0.092569
0.107448
0.120986
0.130378
0.134276
0.133995
0.131309
0.126817
0.120169
0.111221
0.100933
0.090420
0.080497
0.072739
0.067724
0.064037
0.059904
0.053805
0.045288
0.036844
0.032754
0.035626
0.044881
0.057339
0.069820
0.081042
0.091587
0.101834
0.110717
0.116534
0.118417
0.116955
0.112618
0.105963
0.098251
0.090559
0.082908
0.074665
0.065490
0.055606
0.046408
0.039407
0.034653
0.031440
0.028732
0.026032
0.023736
0.021758
0.019937
0.018269
0.016446
0.014141
0.011011
0.006922
0.002492
-0.001680
-0.005191
-0.007494
-0.008741
-0.009256
-0.009046
-0.008370
-0.007885
-0.007967
-0.008907
-0.011170
-0.014932
-0.020804
-0.029717
-0.041229
-0.053912
-0.066499
-0.077634
-0.085946
-0.090519
-0.091983
-0.090111
-0.080330
-0.057422
-0.022540
0.017445
0.056804
0.093911
0.130101
0.167340
0.206460
0.246867
0.287138
0.323379
0.347099
0.351329
0.338273
0.317495
0.297765
0.281263
0.265695
0.248524
0.228507
0.206591
0.184623
0.163431
0.143106
0.123107
0.102830
0.082402
0.061762
0.040884
0.020245
-0.000203
-0.020656
-0.041127
-0.061719
-0.082209
-0.101984
-0.119049
-0.131220
-0.138633
-0.143177
-0.146812
-0.150482
-0.153978
-0.156659
-0.158902
-0.161468
-0.165251
-0.171693
-0.181601
-0.194838
-0.209827
-0.224865
-0.239204
-0.251657
-0.260357
-0.264267
-0.263907
-0.258810
-0.246782
-0.227295
-0.202816
-0.176975
-0.151872
-0.127393
-0.102607
-0.076945
-0.050603
-0.023979
0.002574
0.028790
0.054002
0.075889
0.091280
0.099912
0.105612
0.113573
0.126352
0.140858
0.151212
0.153584
0.145786
0.127233
0.101436
0.073607
0.046716
0.021792
0.000297
-0.014741
-0.021801
-0.023397
-0.023613
-0.024719
-0.026798
-0.029639
-0.033045
-0.037001
-0.041928
-0.048088
-0.055093
-0.061848
-0.067280
-0.070992
-0.072744
-0.072165
-0.069543
-0.064504
-0.055917
-0.043354
-0.027838
-0.011256
0.005240
0.021282
0.037276
0.053548
0.069324
0.083827
0.097401
0.111194
0.125779
0.140737
0.155648
0.170434
0.185105
0.199555
0.214254
0.230301
0.247313
0.262263
0.271797
0.273764
0.264964
0.241059
0.202578
0.156706
0.110493
0.066500
0.023488
-0.018784
-0.054198
-0.074817
-0.080023
-0.075238
-0.064431
-0.049822
-0.036704
-0.031039
-0.034644
-0.046455
-0.063883
-0.083137
-0.100468
-0.112998
-0.119551
-0.121886
-0.122849
-0.123739
-0.124487
-0.124562
-0.123644
-0.121800
-0.119422
-0.116809
-0.113965
-0.110863
-0.107716
-0.104151
-0.099566
-0.092971
-0.082492
-0.067688
-0.050980
-0.036777
-0.027456
-0.021189
-0.014881
-0.006635
0.003371
0.013011
0.019634
0.021682
0.019051
0.012931
0.005962
0.000839
-0.000987
0.000092
0.002693
0.005979
0.009456
0.013718
0.020413
0.031162
0.046226
0.061666
0.072022
0.075398
0.072166
0.062392
0.046587
0.027016
0.006359
-0.014016
-0.034277
-0.054999
-0.075237
-0.092060
-0.102438
-0.105940
-0.105073
-0.102282
-0.097921
-0.091758
-0.084132
-0.075167
-0.063776
-0.048242
-0.028607
-0.006821
0.014911
0.035897
0.056653
0.077376
0.098396
0.118140
0.132888
0.141233
0.145034
0.146843
0.149019
0.152266
0.155480
0.157792
0.158318
0.155050
0.144710
0.125789
0.100976
0.074811
0.049885
0.025834
0.001594
-0.023547
-0.049459
-0.073809
-0.093151
-0.106323
-0.116206
-0.126276
-0.136974
-0.146910
-0.154407
-0.158941
-0.161587
-0.163633
-0.165971
-0.169074
-0.172760
-0.177287
-0.183848
-0.192815
-0.204159
-0.216074
-0.224438
-0.226851
-0.221439
-0.204950
-0.177436
-0.143820
-0.109487
-0.076534
-0.044175
-0.011195
0.023236
0.058928
0.093912
0.123507
0.142583
0.150914
0.153690
0.156437
0.161395
0.168327
0.176576
0.186540
0.198930
0.213084
0.227820
0.242371
0.255565
0.264519
0.262836
0.244238
0.210001
0.168158
0.126330
0.087318
0.049469
0.010724
-0.026208
-0.053052
-0.062388
-0.054104
-0.034438
-0.011466
0.007673
0.018462
0.021058
0.019409
0.017822
0.018231
0.019995
0.022110
0.023731
0.024430
0.024113
0.022635
0.019643
0.014711
0.007858
-0.000981
-0.011917
-0.024637
-0.038379
-0.051328
-0.060658
-0.065293
-0.066234
-0.063904
-0.056958
-0.043698
-0.025192
-0.004673
0.015524
0.033905
0.048282
0.057348
0.062433
0.065860
0.069122
0.072582
0.076131
0.079548
0.082846
0.086359
0.089744
0.092035
0.091355
0.084391
0.069007
0.046787
0.022066
-0.001500
-0.022232
-0.037839
-0.046767
-0.051016
-0.053950
-0.057914
-0.063120
-0.068328
-0.072896
-0.077121
-0.081610
-0.087431
-0.096026
-0.107759
-0.121537
-0.135852
-0.149721
-0.162847
-0.174649
-0.183952
-0.189895
-0.192812
-0.193571
-0.192373
-0.188433
-0.180519
-0.168291
-0.153269
-0.137702
-0.122787
-0.108700
-0.095859
-0.085139
-0.076778
-0.069660
-0.061880
-0.052506
-0.041977
-0.031334
-0.021488
-0.012769
-0.005046
0.002286
0.009471
0.016167
0.022421
0.029072
0.037418
0.048265
0.060931
0.073677
0.084943
0.093725
0.100246
0.105925
0.111899
0.118711
0.126893
0.136960
0.148594
0.160878
0.173035
0.183742
0.191661
0.196281
0.197908
0.196883
0.191542
0.179791
0.162334
0.142104
0.121905
0.102627
0.083536
0.063924
0.043555
0.022770
0.003074
-0.012419
-0.021204
-0.024192
-0.024415
-0.024404
-0.024769
-0.024944
-0.024680
-0.024286
-0.024224
-0.024535
-0.025120
-0.025840
-0.026123
-0.025497
-0.023810
-0.020695
-0.014971
-0.004728
0.010492
0.027946
0.043004
0.052353
0.056354
0.058001
0.059364
0.060085
0.058182
0.050438
0.035384
0.015545
-0.005358
-0.025148
-0.043905
-0.062755
-0.082394
-0.102973
-0.123817
-0.143522
-0.159302
-0.168370
-0.171319
-0.171031
-0.170099
-0.169431
-0.168246
-0.164920
-0.157563
-0.145274
-0.129087
-0.111624
-0.095158
-0.081480
-0.071837
-0.065772
-0.061823
-0.058732
-0.056389
-0.055154
-0.055182
-0.056448
-0.058475
-0.060793
-0.063007
-0.064835
-0.065977
-0.066193
-0.065409
-0.063032
-0.057935
-0.047999
-0.031733
-0.011137
0.010258
0.030714
0.049767
0.065912
0.077294
0.084451
0.089726
0.094927
0.100026
0.103480
0.104083
0.101300
0.094687
0.084505
0.072684
0.062956
0.058298
0.058607
0.061860
0.065810
0.069071
0.070936
0.071008
0.069299
0.066161
0.062139
0.057909
0.054117
0.051133
0.049159
0.048196
0.048251
0.049502
0.052047
0.055291
0.058642
0.061567
0.063382
0.064364
0.065147
0.066074
0.067186
0.068252
0.068810
0.068245
0.066196
0.062377
0.056223
0.047258
0.036250
0.025184
0.015527
0.007242
-0.000681
-0.009606
-0.020041
-0.030636
-0.039383
-0.044903
-0.047140
-0.047310
-0.046457
-0.044932
-0.043093
-0.041158
-0.039439
-0.038340
-0.037614
-0.037270
-0.037452
-0.038445
-0.041328
-0.047328
-0.057829
-0.072611
-0.089246
-0.105927
-0.121937
-0.137584
-0.153583
-0.168900
-0.180972
-0.187629
-0.188671
-0.184310
-0.173054
-0.154349
-0.130896
-0.106422
-0.082699
-0.059384
-0.035772
-0.011406
0.012367
0.031496
0.043163
0.048527
0.051006
0.053114
0.055187
0.056447
0.056159
0.054315
0.051587
0.048807
0.046459
0.045117
0.045602
0.048250
0.053429
0.061240
0.070110
0.077801
0.082846
0.085173
0.085552
0.084848
0.083714
0.081824
0.079054
0.075349
0.070505
0.065384
0.061022
0.057948
0.056245
0.055797
0.056650
0.058879
0.062415
0.066862
0.071523
0.075644
0.078161
0.078232
0.075634
0.070010
0.061322
0.051007
0.041494
0.034135
0.028593
0.023694
0.018445
0.012398
0.005666
-0.001566
-0.009699
-0.019129
-0.029314
-0.038584
-0.045390
-0.049559
-0.052015
-0.053571
-0.054292
-0.053946
-0.052804
-0.051451
-0.050317
-0.049753
-0.049922
-0.050735
-0.052107
-0.053746
-0.055212
-0.056519
-0.057599
-0.058513
-0.059643
-0.061076
-0.062604
-0.064034
-0.065236
-0.065935
-0.065951
-0.064932
-0.062683
-0.058785
-0.052291
-0.043108
-0.031996
-0.020168
-0.008611
0.002574
0.013609
0.024248
0.034162
0.043412
0.052016
0.060102
0.068179
0.076853
0.085653
0.093495
0.099746
0.104012
0.106527
0.107714
0.107496
0.105583
0.101503
0.095061
0.086644
0.077349
0.068607
0.061026
0.054494
0.048415
0.042602
0.037075
0.031442
0.025819
0.020528
0.015760
0.011467
0.007378
0.003314
-0.001066
-0.006027
-0.011546
-0.017863
-0.025254
-0.033733
-0.042866
-0.051301
-0.057798
-0.062172
-0.064962
-0.066764
-0.067566
-0.067302
-0.066334
-0.065053
-0.063762
-0.062827
-0.062425
-0.062254
-0.061903
-0.060955
-0.059067
-0.056371
-0.053187
-0.049804
-0.046829
-0.044859
-0.043944
-0.044150
-0.045170
-0.046209
-0.047188
-0.048267
-0.049278
-0.049971
-0.050075
-0.049361
-0.047810
-0.045506
-0.042683
-0.039814
-0.037425
-0.035857
-0.035100
-0.035009
-0.035295
-0.035719
-0.036187
-0.036623
-0.036858
-0.036775
-0.036238
-0.034922
-0.032867
-0.030242
-0.027368
-0.024795
-0.022666
-0.020993
-0.019631
-0.018047
-0.015767
-0.012472
-0.007888
-0.001987
0.004533
0.011027
0.017338
0.023339
0.029052
0.034115
0.037881
0.040036
0.040411
0.038926
0.036143
0.033132
0.030628
0.029093
0.028830
0.029897
0.032236
0.035686
0.039905
0.044381
0.048438
0.051576
0.053731
0.054820
0.054783
0.053796
0.051731
0.048473
0.043791
0.036941
0.028008
0.017853
0.007456
-0.002062
-0.009505
-0.014213
-0.016683
-0.017596
-0.017314
-0.015828
-0.012545
-0.007272
-0.000538
0.006919
0.013798
0.019489
0.024521
0.029029
0.033064
0.036509
0.038668
0.039071
0.037833
0.035207
0.031694
0.028354
0.025678
0.023363
0.021176
0.018996
0.016793
0.014624
0.012627
0.010999
0.009901
0.009303
0.009098
0.009246
0.009674
0.010198
0.010617
0.010815
0.010826
0.010686
0.010250
0.009536
0.008592
0.007571
0.006803
0.006307
0.005883
0.005283
0.004378
0.003123
0.001539
-0.000330
-0.002474
-0.004664
-0.006865
-0.009123
-0.011104
-0.012640
-0.013684
-0.014200
-0.014343
-0.014241
-0.014172
-0.014319
-0.014609
-0.014936
-0.015181
-0.015047
-0.014243
-0.012841
-0.010899
-0.008659
-0.006814
-0.005869
-0.005691
-0.005781
-0.005880
-0.005819
-0.005354
-0.004753
-0.004297
-0.003858
-0.003497
-0.003293
-0.002994
-0.002364
-0.001443
-0.000252
0.001226
0.002895
0.004764
0.006861
0.008906
0.010603
0.011775
0.012139
0.011677
0.010318
0.007891
0.004392
-0.000218
-0.005433
-0.010375
-0.014676
-0.018114
-0.020819
-0.023389
-0.026046
-0.028824
-0.031642
-0.034275
-0.036602
-0.038620
-0.040219
-0.041386
-0.042165
-0.042341
-0.041749
-0.040544
-0.039221
-0.038091
-0.036937
-0.035509
-0.033695
-0.031338
-0.028295
-0.024338
-0.019412
-0.013799
-0.007558
-0.000756
0.006075
0.012538
0.018727
0.024668
0.030064
0.034481
0.037738
0.039502
0.039300
0.037272
0.033335
0.027009
0.018466
0.008648
-0.000832
-0.008227
-0.012683
-0.014698
-0.015345
-0.015049
-0.013686
-0.010662
-0.004872
0.003654
0.012725
0.019927
0.024256
0.026192
0.027014
0.027408
0.027305
0.026334
0.024195
0.020976
0.016811
0.011733
0.005812
-0.000825
-0.007393
-0.012641
-0.015835
-0.017188
-0.017219
-0.015963
-0.013188
-0.008436
-0.001286
0.007568
0.016016
0.022011
0.025254
0.026630
0.027005
0.026751
0.025561
0.023515
0.021127
0.018685
0.016411
0.014449
0.012644
0.010535
0.007698
0.003872
-0.000856
-0.005874
-0.010129
-0.012894
-0.014125
-0.014103
-0.013234
-0.011679
-0.009435
-0.006291
-0.002003
0.003190
0.008778
0.014276
0.019520
0.024827
0.030341
0.035892
0.041240
0.045865
0.049417
0.051835
0.053115
0.053339
0.052292
0.049798
0.046056
0.041539
0.037163
0.033669
0.031363
0.030050
0.029146
0.028387
0.027501
0.026230
0.024659
0.022713
0.020474
0.018242
0.015963
0.013535
0.010710
0.006889
0.001708
-0.004431
-0.010454
-0.015475
-0.019417
-0.022803
-0.026133
-0.029643
-0.033068
-0.035805
-0.037708
-0.038843
-0.039231
-0.038943
-0.038375
-0.037845
-0.037477
-0.037584
-0.038020
-0.038465
-0.038940
-0.039420
-0.039838
-0.040148
-0.040221
-0.040051
-0.039420
-0.038234
-0.036572
-0.034224
-0.031403
-0.028282
-0.024746
-0.020933
-0.017119
-0.013580
-0.010675
-0.008708
-0.007652
-0.007478
-0.007955
-0.008649
-0.009353
-0.009948
-0.010272
-0.010336
-0.010202
-0.009781
-0.009028
-0.007996
-0.006726
-0.005090
-0.003070
-0.000955
0.001026
0.002872
0.004592
0.006354
0.008440
0.010909
0.013766
0.016781
0.019473
0.021835
0.024210
0.026725
0.029565
0.032639
0.035678
0.038609
0.040988
0.042400
0.042768
0.042186
0.040823
0.038738
0.035829
0.032040
0.027622
0.022933
0.018487
0.014924
0.012331
0.010302
0.008592
0.007240
0.006277
0.005756
0.005697
0.005810
0.006014
0.006100
0.005645
0.004573
0.002848
0.000253
-0.003390
-0.007707
-0.012049
-0.015928
-0.019097
-0.021622
-0.023765
-0.025945
-0.028407
-0.031039
-0.033798
-0.036477
-0.038704
-0.040257
-0.040963
-0.040776
-0.039565
-0.037248
-0.034032
-0.030289
-0.026405
-0.022853
-0.020080
-0.018158
-0.016959
-0.016320
-0.015928
-0.015542
-0.015119
-0.014580
-0.013967
-0.013458
-0.013027
-0.012686
-0.012500
-0.012444
-0.012626
-0.012942
-0.013171
-0.013314
-0.013332
-0.013089
-0.012525
-0.011649
-0.010553
-0.009329
-0.007869
-0.006132
-0.004194
-0.002004
0.000388
0.002783
0.004923
0.006626
0.007817
0.008255
0.007779
0.006365
0.003977
0.000971
-0.002190
-0.005208
-0.007777
-0.009707
-0.011051
-0.011991
-0.012582
-0.012817
-0.012580
-0.012023
-0.011358
-0.010543
-0.009600
-0.008476
-0.007224
-0.005899
-0.004582
-0.003575
-0.003036
-0.002868
-0.002934
-0.003390
-0.004370
-0.005713
-0.007278
-0.008831
-0.010143
-0.011103
-0.011607
-0.011551
-0.010783
-0.009442
-0.007880
-0.006295
-0.004921
-0.003794
-0.002724
-0.001718
-0.000821
0.000070
0.001079
0.002319
0.003900
0.005741
0.007628
0.009358
0.010910
0.012523
0.014258
0.016065
0.017850
0.019174
0.019719
0.019485
0.018451
0.016779
0.014902
0.013127
0.011652
0.010587
0.009774
0.009181
0.008900
0.009045
0.009665
0.010793
0.012393
0.014124
0.015741
0.017024
0.017890
0.018384
0.018506
0.018364
0.018103
0.017906
0.017728
0.017333
0.016825
0.016445
0.016264
0.016404
0.016815
0.017252
0.017409
0.017109
0.016444
0.015440
0.014233
0.013054
0.011961
0.010996
0.010188
0.009422
0.008611
0.007841
0.007179
0.006636
0.006226
0.006160
0.006632
0.007604
0.009098
0.011040
0.013226
0.015386
0.017074
0.017914
0.017613
0.016367
0.014759
0.012992
0.011160
0.009384
0.007797
0.006508
0.005501
0.004738
0.004153
0.003669
0.003109
0.002387
0.001494
0.000349
-0.001084
-0.002760
-0.004437
-0.005939
-0.007095
-0.007814
-0.008129
-0.007954
-0.007293
-0.006081
-0.004418
-0.002635
-0.000974
0.000397
0.001385
0.001813
0.001622
0.000934
-0.000023
-0.001014
-0.001919
-0.002558
-0.002860
-0.002882
-0.002611
-0.002047
-0.001348
-0.000787
-0.000507
-0.000595
-0.001117
-0.001983
-0.003129
-0.004373
-0.005570
-0.006737
-0.007893
-0.009165
-0.010604
-0.012230
-0.014012
-0.015950
-0.018183
-0.020630
-0.022997
-0.025048
-0.026677
-0.028022
-0.029191
-0.030079
-0.030568
-0.030477
-0.029733
-0.028272
-0.026227
-0.023789
-0.021053
-0.018244
-0.015311
-0.012146
-0.008752
-0.005027
-0.000884
0.003567
0.008102
0.012422
0.016115
0.018885
0.020577
0.021220
0.020917
0.019700
0.017697
0.015074
0.012044
0.009112
0.006780
0.005152
0.004272
0.004081
0.004346
0.004937
0.005692
0.006385
0.006899
0.007327
0.007723
0.008192
0.008790
0.009257
0.009491
0.009456
0.008989
0.008007
0.006497
0.004380
0.001777
-0.000954
-0.003506
-0.005582
-0.006956
-0.007619
-0.007658
-0.007110
-0.006137
-0.005072
-0.004082
-0.003093
-0.001998
-0.000683
0.000871
0.002445
0.003849
0.005057
0.005983
0.006594
0.006895
0.006669
0.005839
0.004489
0.002736
0.000909
-0.000687
-0.001873
-0.002528
-0.002534
-0.001828
-0.000519
0.001247
0.003344
0.005622
0.008037
0.010535
0.012884
0.014917
0.016558
0.017548
0.017693
0.017098
0.015835
0.014046
0.011985
0.009668
0.007086
0.004390
0.001776
-0.000723
-0.003115
-0.005331
-0.007286
-0.009027
-0.010665
-0.012135
-0.013489
-0.014794
-0.016121
-0.017612
-0.019246
-0.021063
-0.022967
-0.024644
-0.025937
-0.026762
-0.027078
-0.026835
-0.025978
-0.024558
-0.022776
-0.021001
-0.019392
-0.017924
-0.016653
-0.015716
-0.015172
-0.014766
-0.014094
-0.012974
-0.011271
-0.009005
-0.006338
-0.003119
0.000640
0.004706
0.008788
0.012386
0.015241
0.017397
0.018944
0.019944
0.020393
0.020231
0.019489
0.018202
0.016283
0.013768
0.010802
0.007562
0.004348
0.001385
-0.001109
-0.003015
-0.004487
-0.005752
-0.006966
-0.008159
-0.009352
-0.010518
-0.011532
-0.012299
-0.012812
-0.013017
-0.012782
-0.012174
-0.011414
-0.010741
-0.010332
-0.010250
-0.010535
-0.011166
-0.012012
-0.012857
-0.013537
-0.013957
-0.013981
-0.013524
-0.012571
-0.011146
-0.009276
-0.006996
-0.004554
-0.002183
-0.000037
0.001756
0.003086
0.003807
0.003959
0.003671
0.003007
0.002099
0.001138
0.000233
-0.000346
-0.000198
0.000748
0.002424
0.004946
0.008230
0.012097
0.016285
0.020274
0.023674
0.026155
0.027547
0.028110
0.028192
0.027953
0.027361
0.026339
0.024853
0.022858
0.020306
0.017139
0.013493
0.009718
0.006170
0.003128
0.000699
-0.001082
-0.002207
-0.002815
-0.003102
-0.003229
-0.003354
-0.003527
-0.003666
-0.003868
-0.004339
-0.005140
-0.006158
-0.007103
-0.007823
-0.008349
-0.008664
-0.008812
-0.008938
-0.009167
-0.009533
-0.009874
-0.010033
-0.010069
-0.010044
-0.009985
-0.009888
-0.009466
-0.008519
-0.007284
-0.006081
-0.005177
-0.004619
-0.004230
-0.003983
-0.003822
-0.003710
-0.003663
-0.003527
-0.003304
-0.003222
-0.003446
-0.004018
-0.004917
-0.006049
-0.007245
-0.008402
-0.009309
-0.009697
-0.009627
-0.009073
-0.007988
-0.006471
-0.004673
-0.002820
-0.000949
0.000682
0.001913
0.002889
0.003685
0.004441
0.005258
0.006204
0.007371
0.008821
0.010354
0.011815
0.013279
0.014754
0.016212
0.017507
0.018502
0.019117
0.019459
0.019735
0.019978
0.020127
0.020038
0.019613
0.018814
0.017697
0.016502
0.015439
0.014580
0.014088
0.013971
0.013955
0.013847
0.013503
0.012939
0.012287
0.011662
0.011193
0.010770
0.010306
0.009967
0.009757
0.009431
0.009082
0.008776
0.008432
0.008188
0.008004
0.007786
0.007551
0.007194
0.006744
0.006380
0.005712
0.004442
0.002770
0.000532
-0.002163
-0.004879
-0.007499
-0.009836
-0.011701
-0.012906
-0.013114
-0.012283
-0.010559
-0.008018
-0.004962
-0.001784
0.001405
0.004321
0.006544
0.007956
0.008456
0.008212
0.007410
0.006001
0.003941
0.001243
-0.001811
-0.004793
-0.007314
-0.009392
-0.011091
-0.012199
-0.012744
-0.012805
-0.012420
-0.011764
-0.010938
-0.009968
-0.008922
-0.007930
-0.007019
-0.006229
-0.005647
-0.005337
-0.005214
-0.005193
-0.005269
-0.005287
-0.005233
-0.005020
-0.004414
-0.003345
-0.001733
0.000396
0.002733
0.005102
0.007397
0.009471
0.011297
0.012888
0.014281
0.015404
0.016200
0.016836
0.017407
0.017752
0.017969
0.018096
0.018091
0.018102
0.018120
0.017994
0.017722
0.017442
0.016927
0.016066
0.014831
0.013245
0.011487
0.009587
0.007610
0.005474
0.003027
0.000156
-0.003154
-0.006525
-0.009626
-0.012363
-0.014758
-0.016878
-0.018635
-0.020106
-0.021378
-0.022237
-0.022530
-0.022198
-0.021123
-0.019246
-0.016381
-0.012317
-0.007242
-0.001559
0.003832
0.008099
0.011231
0.013300
0.014567
0.015310
0.015702
0.015886
0.015870
0.015811
0.015958
0.016420
0.016979
0.017319
0.017442
0.017363
0.016840
0.015898
0.014709
0.013446
0.012154
0.010744
0.009419
0.008033
0.006438
0.004845
0.003326
0.002129
0.001239
0.000615
0.000375
0.000203
-0.000093
-0.000532
-0.001175
-0.002079
-0.003299
-0.004771
-0.006528
-0.008491
-0.010634
-0.012903
-0.015182
-0.017407
-0.019446
-0.021281
-0.022882
-0.024154
-0.024917
-0.024901
-0.024047
-0.022489
-0.020274
-0.017760
-0.015178
-0.012644
-0.010735
-0.009558
-0.009019
-0.008959
-0.008951
-0.008862
-0.008528
-0.007969
-0.007195
-0.006217
-0.005245
-0.004191
-0.002987
-0.001765
-0.000813
-0.000225
0.000094
0.000196
0.000258
0.000210
-0.000033
-0.000436
-0.000902
-0.001393
-0.001861
-0.002235
-0.002684
-0.003186
-0.003677
-0.004119
-0.004487
-0.004921
-0.005490
-0.006149
-0.006718
-0.007135
-0.007300
-0.006891
-0.005907
-0.004380
-0.002160
0.000556
0.003459
0.006261
0.008566
0.010252
0.011257
0.011512
0.011214
0.010516
0.009617
0.008604
0.007576
0.006653
0.005911
0.005753
0.006194
0.007185
0.008739
0.010610
0.012853
0.015332
0.017573
0.019285
0.020234
0.020203
0.019207
0.017326
0.014670
0.011572
0.008291
0.005054
0.002285
0.000070
-0.001579
-0.002560
-0.003160
-0.003484
-0.003519
-0.003324
-0.002727
-0.001735
-0.000480
0.000868
0.002110
0.003032
0.003548
0.003779
0.003703
0.003415
0.003130
0.002809
0.002211
0.001438
0.000798
0.000279
-0.000193
-0.000768
-0.001473
-0.002105
-0.002690
-0.003196
-0.003553
-0.003929
-0.004224
-0.004409
-0.004511
-0.004485
-0.004544
-0.004753
-0.005255
-0.006230
-0.007551
-0.009089
-0.010701
-0.012096
-0.013034
-0.013454
-0.013286
-0.012631
-0.011797
-0.010749
-0.009448
-0.008063
-0.006667
-0.005384
-0.004163
-0.002735
-0.001135
0.000677
0.002775
0.004877
0.006840
0.008540
0.009892
0.010843
0.011250
0.011190
0.010677
0.009708
0.008366
0.006537
0.004121
0.001232
-0.001723
-0.004399
-0.006562
-0.007999
-0.008823
-0.009068
-0.008594
-0.007426
-0.005712
-0.003710
-0.001637
0.000517
0.002612
0.004343
0.005556
0.006066
0.005797
0.004767
0.002986
0.000618
-0.002111
-0.004963
-0.007789
-0.010353
-0.012417
-0.014130
-0.015410
-0.015775
-0.015136
-0.013657
-0.011459
-0.008860
-0.006188
-0.003744
-0.001778
-0.000373
0.000346
0.000591
0.000655
0.000572
0.000354
-0.000049
-0.000570
-0.001223
-0.002090
-0.003206
-0.004635
-0.006229
-0.007668
-0.008779
-0.009530
-0.009760
-0.009251
-0.008025
-0.006279
-0.004027
-0.001194
0.002025
0.005260
0.008119
0.010284
0.011726
0.012376
0.012206
0.011713
0.011213
0.010769
0.010571
0.010672
0.010962
0.011275
0.011493
0.011466
0.011248
0.010945
0.010523
0.010082
0.009585
0.009108
0.008734
0.008386
0.008110
0.007828
0.007434
0.006935
0.006321
0.005688
0.005062
0.004322
0.003519
0.002650
0.001727
0.000825
-0.000147
-0.001234
-0.002328
-0.003315
-0.004197
-0.004907
-0.005415
-0.005696
-0.005567
-0.005095
-0.004243
-0.002894
-0.001257
0.000496
0.001899
0.002478
0.002232
0.001287
0.000022
-0.001217
-0.002386
-0.003486
-0.004487
-0.005415
-0.006315
-0.007027
-0.007452
-0.007694
-0.007753
-0.007696
-0.007591
-0.007270
-0.006687
-0.005928
-0.005004
-0.003985
-0.002880
-0.001782
-0.000959
-0.000410
-0.000062
-0.000056
-0.000327
-0.000649
-0.000935
-0.001211
-0.001459
-0.001522
-0.001391
-0.001139
-0.000674
0.000085
0.001076
0.002178
0.003298
0.004448
0.005671
0.006902
0.008132
0.009399
0.010644
0.011850
0.013090
0.014231
0.014994
0.015478
0.015789
0.015804
0.015605
0.015238
0.014685
0.013916
0.012810
0.011416
0.009798
0.008020
0.006416
0.005227
0.004372
0.003696
0.003079
0.002524
0.002022
0.001512
0.001046
0.000750
0.000601
0.000392
0.000122
-0.000166
-0.000469
-0.000688
-0.000816
-0.000982
-0.001229
-0.001388
-0.001355
-0.001090
-0.000514
0.000267
0.000987
0.001577
0.002022
0.002229
0.002246
0.002193
0.002173
0.002086
0.001683
0.001000
0.000157
-0.000859
-0.002006
-0.003106
-0.003988
-0.004687
-0.005348
-0.005969
-0.006534
-0.007094
-0.007783
-0.008705
-0.009838
-0.011119
-0.012287
-0.013213
-0.014065
-0.014863
-0.015525
-0.016116
-0.016613
-0.016927
-0.017184
-0.017561
-0.018092
-0.018708
-0.019167
-0.019383
-0.019523
-0.019532
-0.019383
-0.019182
-0.019007
-0.018977
-0.019146
-0.019581
-0.020314
-0.021054
-0.021485
-0.021673
-0.021634
-0.021245
-0.020564
-0.019612
-0.018368
-0.016934
-0.015437
-0.013881
-0.012279
-0.010600
-0.008600
-0.006225
-0.003640
-0.001114
0.001134
0.003012
0.004535
0.005893
0.007023
0.007888
0.008553
0.008967
0.009296
0.009688
0.010173
0.010656
0.011025
0.011349
0.011631
0.011839
0.011994
0.012006
0.011707
0.011119
0.010201
0.008919
0.007562
0.006344
0.005375
0.004712
0.004294
0.004074
0.004121
0.004475
0.005006
0.005594
0.006041
0.006141
0.005950
0.005607
0.005129
0.004641
0.004251
0.003980
0.004063
0.004630
0.005629
0.006986
0.008636
0.010490
0.012429
0.014383
0.016205
0.017758
0.018949
0.019693
0.019866
0.019557
0.018977
0.018150
0.017112
0.015774
0.014185
0.012572
0.010977
0.009390
0.007758
0.006222
0.004904
0.003595
0.002204
0.000783
-0.000712
-0.002275
-0.003827
-0.005547
-0.007590
-0.009672
-0.011582
-0.013180
-0.014343
-0.015107
-0.015461
-0.015516
-0.015260
-0.014589
-0.013648
-0.012449
-0.011136
-0.009866
-0.008620
-0.007511
-0.006469
-0.005521
-0.004765
-0.004090
-0.003270
-0.002222
-0.001062
0.000293
0.001728
0.002962
0.004052
0.004979
0.005792
0.006708
0.007658
0.008562
0.009407
0.010069
0.010545
0.010970
0.011189
0.011160
0.011038
0.010625
0.009870
0.008808
0.007397
0.005732
0.003880
0.001826
-0.000333
-0.002390
-0.004303
-0.006047
-0.007583
-0.008939
-0.010074
-0.010919
-0.011388
-0.011414
-0.010917
-0.009826
-0.008306
-0.006527
-0.004612
-0.002844
-0.001503
-0.000677
-0.000307
-0.000304
-0.000541
-0.000792
-0.000775
-0.000504
-0.000127
0.000369
0.000877
0.001367
0.001825
0.001995
0.001897
0.001650
0.001174
0.000508
-0.000239
-0.000909
-0.001357
-0.001486
-0.001447
-0.001341
-0.001037
-0.000698
-0.000584
-0.000777
-0.001183
-0.001782
-0.002536
-0.003216
-0.003723
-0.004096
-0.004353
-0.004469
-0.004413
-0.004200
-0.003794
-0.003163
-0.002343
-0.001282
-0.000001
0.001399
0.002861
0.004277
0.005597
0.006785
0.007581
0.007872
0.007796
0.007494
0.007060
0.006591
0.006232
0.005952
0.005721
0.005570
0.005341
0.004879
0.004210
0.003393
0.002425
0.001374
0.000297
-0.000770
-0.001735
-0.002623
-0.003517
-0.004364
-0.005079
-0.005724
-0.006324
-0.006727
-0.007006
-0.007252
-0.007435
-0.007642
-0.007876
-0.008047
-0.008089
-0.008006
-0.007683
-0.007167
-0.006637
-0.006106
-0.005612
-0.005250
-0.005072
-0.005016
-0.005014
-0.005011
-0.005022
-0.004920
-0.004641
-0.004265
-0.003788
-0.003201
-0.002262
-0.000822
0.000965
0.002996
0.005277
0.007759
0.010273
0.012621
0.014597
0.016010
0.016834
0.017037
0.016636
0.015688
0.014295
0.012624
0.010799
0.008913
0.006942
0.005161
0.003756
0.002637
0.001833
0.001329
0.001094
0.000972
0.000808
0.000538
0.000169
-0.000162
-0.000259
-0.000111
0.000133
0.000336
0.000284
-0.000093
-0.000698
-0.001483
-0.002310
-0.003161
-0.004096
-0.004913
-0.005584
-0.006167
-0.006485
-0.006404
-0.005924
-0.005138
-0.004221
-0.003163
-0.001866
-0.000526
0.000559
0.001236
0.001516
0.001436
0.001075
0.000500
-0.000261
-0.001126
-0.002035
-0.002959
-0.003868
-0.004632
-0.005274
-0.005910
-0.006472
-0.007056
-0.007716
-0.008280
-0.008775
-0.009103
-0.009180
-0.009127
-0.008660
-0.007701
-0.006472
-0.005063
-0.003608
-0.002148
-0.000843
0.000123
0.000874
0.001557
0.002125
0.002626
0.003154
0.003685
0.004384
0.005420
0.006665
0.007856
0.008840
0.009648
0.010297
0.010711
0.010953
0.011170
0.011275
0.011234
0.011197
0.011173
0.011075
0.010855
0.010357
0.009567
0.008584
0.007322
0.005891
0.004497
0.003140
0.001795
0.000483
-0.000840
-0.002188
-0.003576
-0.005121
-0.006812
-0.008513
-0.010124
-0.011513
-0.012472
-0.012819
-0.012577
-0.011863
-0.010883
-0.009876
-0.008818
-0.007755
-0.006876
-0.006269
-0.005945
-0.005959
-0.006365
-0.007016
-0.007755
-0.008620
-0.009629
-0.010675
-0.011584
-0.012323
-0.012760
-0.012672
-0.012046
-0.010948
-0.009556
-0.007838
-0.005855
-0.003939
-0.002194
-0.000854
-0.000091
0.000147
-0.000234
-0.001159
-0.002368
-0.003516
-0.004329
-0.004720
-0.004902
-0.005047
-0.005063
-0.004933
-0.004600
-0.004229
-0.004040
-0.003869
-0.003501
-0.002888
-0.002136
-0.001457
-0.000991
-0.000750
-0.000843
-0.001327
-0.002047
-0.002992
-0.004198
-0.005564
-0.006971
-0.008333
-0.009457
-0.010217
-0.010527
-0.010250
-0.009557
-0.008608
-0.007552
-0.006617
-0.005709
-0.004620
-0.003217
-0.001701
-0.000274
0.000910
0.001549
0.001793
0.001822
0.001806
0.001877
0.001978
0.002099
0.002181
0.002214
0.002114
0.001826
0.001478
0.001074
0.000645
0.000290
0.000025
-0.000125
-0.000164
-0.000076
0.000163
0.000474
0.000686
0.000734
0.000707
0.000698
0.000601
0.000338
-0.000097
-0.000863
-0.001839
-0.002877
-0.004026
-0.005125
-0.006033
-0.006752
-0.007285
-0.007771
-0.008092
-0.008007
-0.007669
-0.007054
-0.005988
-0.004294
-0.001871
0.001050
0.004125
0.006975
0.009207
0.010503
0.010793
0.010313
0.009082
0.007176
0.005062
0.002861
0.000627
-0.001549
-0.003538
-0.005189
-0.006375
-0.006853
-0.006624
-0.005715
-0.004228
-0.002346
-0.000356
0.001422
0.002848
0.003840
0.004568
0.005231
0.005892
0.006592
0.007329
0.007932
0.008305
0.008432
0.008091
0.007405
0.006592
0.005729
0.005018
0.004589
0.004496
0.004665
0.005002
0.005368
0.005609
0.005692
0.005596
0.005500
0.005643
0.005942
0.006261
0.006478
0.006470
0.006208
0.005817
0.005427
0.005013
0.004616
0.004252
0.003960
0.003725
0.003520
0.003608
0.004048
0.004751
0.005728
0.006887
0.008243
0.009568
0.010563
0.011237
0.011428
0.011140
0.010504
0.009511
0.008252
0.006823
0.005323
0.003885
0.002573
0.001494
0.000739
0.000224
-0.000034
0.000042
0.000413
0.001017
0.001903
0.002973
0.004027
0.004988
0.005795
0.006487
0.007123
0.007671
0.008099
0.008432
0.008639
0.008768
0.008846
0.008837
0.008708
0.008440
0.008106
0.007750
0.007540
0.007436
0.007317
0.007174
0.007063
0.007113
0.007292
0.007672
0.008148
0.008466
0.008605
0.008515
0.008228
0.007869
0.007277
0.006346
0.005132
0.003624
0.001959
0.000151
-0.001907
-0.003982
-0.005873
-0.007526
-0.008905
-0.010046
-0.011055
-0.012108
-0.013094
-0.013898
-0.014571
-0.014935
-0.014958
-0.014909
-0.014935
-0.015077
-0.015288
-0.015533
-0.015932
-0.016351
-0.016524
-0.016625
-0.016658
-0.016468
-0.016083
-0.015362
-0.014332
-0.013000
-0.011452
-0.009812
-0.007961
-0.005977
-0.003929
-0.001955
-0.000151
0.001495
0.002817
0.003725
0.004072
0.003981
0.003798
0.003499
0.003128
0.002722
0.002202
0.001624
0.001092
0.000693
0.000524
0.000570
0.000666
0.000668
0.000517
0.000279
-0.000038
-0.000392
-0.000929
-0.001734
-0.002567
-0.003379
-0.004063
-0.004550
-0.004980
-0.005384
-0.005838
-0.006497
-0.007257
-0.008045
-0.009005
-0.009987
-0.010738
-0.011208
-0.011431
-0.011414
-0.011184
-0.010893
-0.010572
-0.010231
-0.009798
-0.009124
-0.008362
-0.007650
-0.007032
-0.006551
-0.006082
-0.005515
-0.004813
-0.004097
-0.003556
-0.003184
-0.003062
-0.003291
-0.003698
-0.003973
-0.003862
-0.003383
-0.002750
-0.002016
-0.001090
0.000025
0.001245
0.002433
0.003387
0.004014
0.004381
0.004636
0.004831
0.005032
0.005301
0.005522
0.005691
0.005942
0.006317
0.006843
0.007399
0.007795
0.007991
0.008026
0.008022
0.007914
0.007513
0.006792
0.005866
0.004982
0.004190
0.003342
0.002422
0.001546
0.000877
0.000498
0.000374
0.000561
0.001027
0.001651
0.002436
0.003170
0.003663
0.003825
0.003551
0.002945
0.002106
0.001165
0.000167
-0.000910
-0.002064
-0.003326
-0.004677
-0.006274
-0.007887
-0.009015
-0.009630
-0.009816
-0.009518
-0.008670
-0.007443
-0.006006
-0.004557
-0.003205
-0.001898
-0.000885
-0.000498
-0.000708
-0.001321
-0.002250
-0.003235
-0.004204
-0.005184
-0.006026
-0.006554
-0.006444
-0.005660
-0.004363
-0.002794
-0.001182
0.000443
0.002084
0.003705
0.005242
0.006598
0.007642
0.008427
0.009049
0.009597
0.010205
0.010798
0.011321
0.011919
0.012565
0.013235
0.013923
0.014497
0.014962
0.015308
0.015372
0.015063
0.014445
0.013505
0.012328
0.011056
0.009710
0.008334
0.006975
0.005754
0.004708
0.003736
0.002693
0.001480
0.000208
-0.001136
-0.002510
-0.003765
-0.004840
-0.005647
-0.006165
-0.006383
-0.006296
-0.005940
-0.005297
-0.004382
-0.003386
-0.002354
-0.001303
-0.000356
0.000493
0.001183
0.001579
0.001601
0.001257
0.000688
0.000017
-0.000555
-0.000840
-0.000849
-0.000647
-0.000270
0.000386
0.001254
0.002135
0.002824
0.003168
0.003068
0.002516
0.001687
0.000692
-0.000525
-0.001937
-0.003370
-0.004868
-0.006538
-0.008435
-0.010406
-0.012122
-0.013521
-0.014566
-0.015204
-0.015479
-0.015279
-0.014569
-0.013430
-0.011981
-0.010261
-0.008229
-0.006187
-0.004217
-0.002200
-0.000236
0.001414
0.002494
0.003222
0.003826
0.004250
0.004618
0.005073
0.005422
0.005487
0.005326
0.005026
0.004659
0.004330
0.004194
0.004280
0.004498
0.004867
0.005358
0.005862
0.006375
0.006806
0.007032
0.007061
0.006823
0.006204
0.005109
0.003419
0.001238
-0.001170
-0.003518
-0.005449
-0.006784
-0.007577
-0.007970
-0.007993
-0.007690
-0.007211
-0.006578
-0.005778
-0.004852
-0.003844
-0.002619
-0.001148
0.000343
0.001665
0.002485
0.002683
0.002545
0.002156
0.001570
0.000943
0.000356
-0.000035
-0.000230
-0.000332
-0.000348
-0.000465
-0.000994
-0.001967
-0.003256
-0.004591
-0.005519
-0.005888
-0.005688
-0.004930
-0.003822
-0.002589
-0.001335
-0.000089
0.001008
0.001896
0.002748
0.003534
0.004060
0.004312
0.004396
0.004345
0.004209
0.004047
0.003710
0.003228
0.002740
0.002206
0.001638
0.001031
0.000532
0.000168
-0.000303
-0.000910
-0.001538
-0.002066
-0.002323
-0.002104
-0.001409
-0.000521
0.000431
0.001533
0.002690
0.003704
0.004511
0.005169
0.005788
0.006440
0.007213
0.008068
0.008938
0.009643
0.009945
0.009979
0.009799
0.009396
0.009012
0.008699
0.008388
0.008153
0.008033
0.008043
0.008089
0.008059
0.007968
0.007788
0.007407
0.006808
0.006025
0.004966
0.003741
0.002591
0.001573
0.000620
-0.000271
-0.000943
-0.001221
-0.000957
-0.000222
0.000695
0.001504
0.002058
0.002302
0.002095
0.001349
0.000085
-0.001583
-0.003341
-0.004816
-0.005824
-0.006459
-0.006765
-0.006590
-0.005900
-0.004732
-0.003195
-0.001432
0.000518
0.002433
0.003913
0.004843
0.005324
0.005496
0.005549
0.005559
0.005437
0.005222
0.005013
0.004712
0.004254
0.003681
0.002995
0.002179
0.001322
0.000479
-0.000354
-0.001006
-0.001357
-0.001481
-0.001433
-0.001334
-0.001330
-0.001281
-0.001178
-0.001132
-0.001187
-0.001331
-0.001375
-0.001231
-0.000937
-0.000641
-0.000371
0.000057
0.000748
0.001676
0.002712
0.003707
0.004706
0.005726
0.006520
0.006982
0.007109
0.006970
0.006601
0.005970
0.005195
0.004423
0.003882
0.003550
0.003272
0.003023
0.002907
0.003137
0.003659
0.004389
0.005351
0.006395
0.007335
0.007990
0.008167
0.007926
0.007358
0.006490
0.005393
0.004041
0.002527
0.001065
-0.000313
-0.001579
-0.002553
-0.003188
-0.003559
-0.003736
-0.003827
-0.003920
-0.003890
-0.003589
-0.003064
-0.002354
-0.001552
-0.000823
-0.000272
0.000006
-0.000032
-0.000352
-0.000935
-0.001785
-0.002895
-0.004117
-0.005232
-0.006122
-0.006863
-0.007479
-0.007763
-0.007658
-0.007218
-0.006503
-0.005670
-0.004909
-0.004273
-0.003771
-0.003474
-0.003318
-0.003334
-0.003578
-0.003967
-0.004511
-0.005171
-0.005830
-0.006401
-0.006842
-0.007037
-0.006867
-0.006411
-0.005665
-0.004604
-0.003182
-0.001483
0.000264
0.002043
0.003549
0.004586
0.005231
0.005196
0.004531
0.003615
0.002523
0.001163
-0.000409
-0.002053
-0.003638
-0.005037
-0.006206
-0.007043
-0.007550
-0.007772
-0.007783
-0.007689
-0.007404
-0.006983
-0.006557
-0.006075
-0.005777
-0.005757
-0.005844
-0.005986
-0.006036
-0.005947
-0.005728
-0.005240
-0.004359
-0.003143
-0.001636
-0.000007
0.001482
0.002727
0.003476
0.003580
0.003225
0.002572
0.001668
0.000591
-0.000496
-0.001442
-0.002062
-0.002304
-0.002336
-0.002191
-0.001750
-0.001014
-0.000072
0.000900
0.001649
0.002027
0.002038
0.001666
0.000972
0.000112
-0.000919
-0.002031
-0.003099
-0.003984
-0.004528
-0.004690
-0.004498
-0.004074
-0.003342
-0.002314
-0.001149
0.000162
0.001560
0.002902
0.004163
0.005434
0.006655
0.007530
0.007873
0.007700
0.007161
0.006571
0.005914
0.005031
0.003979
0.002808
0.001522
0.000128
-0.001202
-0.002440
-0.003627
-0.004673
-0.005559
-0.006180
-0.006485
-0.006587
-0.006523
-0.006232
-0.005635
-0.004804
-0.003816
-0.002622
-0.001414
-0.000390
0.000470
0.001134
0.001690
0.002164
0.002466
0.002731
0.003108
0.003622
0.004240
0.004941
0.005689
0.006348
0.006817
0.007102
0.007234
0.007243
0.007162
0.006905
0.006399
0.005650
0.004836
0.004146
0.003518
0.002959
0.002532
0.002247
0.002049
0.001741
0.001257
0.000648
-0.000002
-0.000524
-0.000932
-0.001330
-0.001555
-0.001509
-0.001250
-0.000675
0.000245
0.001518
0.003078
0.004635
0.006134
0.007533
0.008586
0.009258
0.009520
0.009466
0.009330
0.009057
0.008665
0.008309
0.007897
0.007219
0.006371
0.005444
0.004589
0.004020
0.003558
0.003197
0.003017
0.002963
0.003111
0.003361
0.003515
0.003584
0.003479
0.003205
0.002930
0.002585
0.002189
0.001830
0.001507
0.001182
0.000737
0.000188
-0.000296
-0.000647
-0.000874
-0.001037
-0.001258
-0.001475
-0.001627
-0.001655
-0.001490
-0.001326
-0.001337
-0.001426
-0.001500
-0.001538
-0.001533
-0.001589
-0.001806
-0.002127
-0.002431
-0.002546
-0.002416
-0.002172
-0.001667
-0.000906
-0.000151
0.000701
0.001657
0.002505
0.003149
0.003575
0.003843
0.003983
0.004099
0.004244
0.004321
0.004363
0.004269
0.003872
0.003275
0.002587
0.001862
0.001060
0.000066
-0.000999
-0.002076
-0.003224
-0.004323
-0.005228
-0.005822
-0.006047
-0.005926
-0.005471
-0.004809
-0.003982
-0.002923
-0.001831
-0.000836
0.000119
0.001003
0.001733
0.002376
0.003067
0.003655
0.004040
0.004336
0.004565
0.004767
0.005011
0.005286
0.005500
0.005588
0.005601
0.005630
0.005733
0.005838
0.005882
0.005864
0.005739
0.005567
0.005387
0.005020
0.004361
0.003529
0.002671
0.001800
0.000855
0.000022
-0.000518
-0.000839
-0.000965
-0.000957
-0.000812
-0.000447
-0.000049
0.000118
0.000180
0.000396
0.000816
0.001308
0.001734
0.002134
0.002566
0.002992
0.003281
0.003559
0.003917
0.004134
0.004209
0.004145
0.003914
0.003660
0.003403
0.003037
0.002468
0.001715
0.000841
-0.000168
-0.001250
-0.002262
-0.003013
-0.003552
-0.004061
-0.004410
-0.004581
-0.004752
-0.004954
-0.005062
-0.004943
-0.004722
-0.004544
-0.004513
-0.004589
-0.004712
-0.004996
-0.005376
-0.005848
-0.006419
-0.007034
-0.007625
-0.008045
-0.008308
-0.008311
-0.008032
-0.007654
-0.007204
-0.006708
-0.006143
-0.005408
-0.004557
-0.003675
-0.002830
-0.002211
-0.001878
-0.001745
-0.001850
-0.002227
-0.002868
-0.003715
-0.004559
-0.005267
-0.005825
-0.006181
-0.006234
-0.006013
-0.005573
-0.004918
-0.004147
-0.003444
-0.002899
-0.002500
-0.002434
-0.002748
-0.003172
-0.003475
-0.003688
-0.003915
-0.004098
-0.004194
-0.004072
-0.003690
-0.003304
-0.003072
-0.002980
-0.002881
-0.002614
-0.002315
-0.002266
-0.002486
-0.002817
-0.003122
-0.003477
-0.003938
-0.004357
-0.004718
-0.004886
-0.004783
-0.004562
-0.004254
-0.003902
-0.003598
-0.003448
-0.003448
-0.003477
-0.003456
-0.003373
-0.003269
-0.003117
-0.002962
-0.002818
-0.002678
-0.002553
-0.002395
-0.002266
-0.002235
-0.002247
-0.002166
-0.001984
-0.001819
-0.001769
-0.001920
-0.002178
-0.002281
-0.002228
-0.002161
-0.002158
-0.002395
-0.002838
-0.003256
-0.003481
-0.003447
-0.003364
-0.003389
-0.003453
-0.003549
-0.003619
-0.003658
-0.003833
-0.004191
-0.004512
-0.004630
-0.004570
-0.004268
-0.003735
-0.003001
-0.002068
-0.000994
0.000243
0.001539
0.002771
0.003989
0.005153
0.006124
0.006862
0.007330
0.007471
0.007425
0.007304
0.007013
0.006605
0.006110
0.005561
0.005138
0.004773
0.004337
0.003876
0.003379
0.002889
0.002464
0.002127
0.001988
0.002029
0.002162
0.002334
0.002439
0.002475
0.002439
0.002242
0.001891
0.001393
0.000806
0.000172
-0.000473
-0.001065
-0.001496
-0.001630
-0.001529
-0.001230
-0.000890
-0.000640
-0.000347
0.000019
0.000494
0.001016
0.001486
0.002034
0.002748
0.003661
0.004650
0.005495
0.006098
0.006281
0.006066
0.005659
0.005042
0.004223
0.003376
0.002564
0.001840
0.001362
0.001088
0.000986
0.001198
0.001658
0.002159
0.002600
0.002898
0.002874
0.002483
0.001891
0.001368
0.000959
0.000510
0.000108
-0.000133
-0.000106
0.000254
0.000858
0.001685
0.002653
0.003638
0.004612
0.005460
0.006075
0.006432
0.006430
0.006010
0.005187
0.004033
0.002697
0.001252
-0.000262
-0.001797
-0.003167
-0.004192
-0.004866
-0.005242
-0.005439
-0.005445
-0.005117
-0.004441
-0.003461
-0.002326
-0.001183
-0.000049
0.000868
0.001311
0.001171
0.000582
-0.000155
-0.000830
-0.001274
-0.001469
-0.001563
-0.001546
-0.001401
-0.001068
-0.000492
0.000157
0.000726
0.001151
0.001397
0.001389
0.001103
0.000634
0.000086
-0.000422
-0.000844
-0.001217
-0.001537
-0.001695
-0.001775
-0.001975
-0.002194
-0.002300
-0.002168
-0.001652
-0.000774
0.000367
0.001715
0.003151
0.004548
0.005896
0.007083
0.007986
0.008564
0.008794
0.008689
0.008284
0.007683
0.006985
0.006180
0.005247
0.004268
0.003278
0.002309
0.001440
0.000616
-0.000289
-0.001273
-0.002099
-0.002677
-0.003062
-0.003230
-0.003189
-0.002847
-0.002269
-0.001637
-0.001048
-0.000681
-0.000607
-0.000787
-0.001219
-0.001850
-0.002663
-0.003582
-0.004448
-0.005145
-0.005534
-0.005645
-0.005690
-0.005746
-0.005840
-0.005971
-0.006045
-0.006060
-0.005990
-0.005731
-0.005233
-0.004518
-0.003701
-0.002840
-0.002009
-0.001381
-0.000978
-0.000709
-0.000618
-0.000718
-0.000926
-0.001164
-0.001382
-0.001637
-0.001923
-0.002241
-0.002592
-0.002928
-0.003196
-0.003334
-0.003403
-0.003460
-0.003469
-0.003364
-0.003063
-0.002492
-0.001580
-0.000460
0.000672
0.001805
0.002857
0.003705
0.004345
0.004819
0.005150
0.005315
0.005318
0.005184
0.004927
0.004690
0.004614
0.004649
0.004674
0.004652
0.004569
0.004337
0.003980
0.003524
0.002941
0.002318
0.001715
0.001064
0.000337
-0.000386
-0.001050
-0.001574
-0.001817
-0.001803
-0.001590
-0.001136
-0.000466
0.000415
0.001415
0.002365
0.003247
0.003958
0.004332
0.004365
0.004150
0.003700
0.003016
0.002247
0.001553
0.000913
0.000242
-0.000336
-0.000634
-0.000609
-0.000317
0.000098
0.000526
0.000966
0.001321
0.001449
0.001235
0.000634
-0.000149
-0.000935
-0.001629
-0.002195
-0.002646
-0.002929
-0.003091
-0.003168
-0.003140
-0.002966
-0.002570
-0.002059
-0.001547
-0.001040
-0.000680
-0.000466
-0.000201
0.000157
0.000569
0.001010
0.001484
0.002005
0.002620
0.003408
0.004388
0.005555
0.006792
0.007904
0.008836
0.009488
0.009630
0.009254
0.008459
0.007265
0.005846
0.004453
0.003277
0.002431
0.001813
0.001403
0.001371
0.001676
0.002135
0.002678
0.003307
0.003909
0.004253
0.004232
0.003919
0.003453
0.002850
0.002059
0.001129
0.000098
-0.000980
-0.002066
-0.003065
-0.003817
-0.004368
-0.004872
-0.005343
-0.005631
-0.005530
-0.005095
-0.004653
-0.004361
-0.004190
-0.004125
-0.004191
-0.004386
-0.004565
-0.004675
-0.004800
-0.004916
-0.004991
-0.005028
-0.004997
-0.004912
-0.004878
-0.004852
-0.004626
-0.004137
-0.003447
-0.002582
-0.001630
-0.000767
-0.000060
0.000460
0.000746
0.000739
0.000431
0.000026
-0.000284
-0.000493
-0.000597
-0.000592
-0.000590
-0.000640
-0.000633
-0.000453
-0.000091
0.000367
0.000837
0.001282
0.001683
0.002076
0.002453
0.002684
0.002757
0.002742
0.002685
0.002662
0.002572
0.002222
0.001677
0.001033
0.000244
-0.000693
-0.001676
-0.002610
-0.003452
-0.004181
-0.004863
-0.005462
-0.005843
-0.005983
-0.005891
-0.005583
-0.005078
-0.004453
-0.003924
-0.003555
-0.003206
-0.002810
-0.002443
-0.002144
-0.001788
-0.001215
-0.000442
0.000362
0.001088
0.001641
0.001975
0.002119
0.002100
0.002015
0.001973
0.001961
0.001882
0.001673
0.001324
0.000941
0.000561
0.000100
-0.000434
-0.000935
-0.001387
-0.001896
-0.002368
-0.002736
-0.002969
-0.002896
-0.002521
-0.002005
-0.001462
-0.000842
-0.000174
0.000430
0.000982
0.001497
0.002010
0.002484
0.002856
0.003113
0.003326
0.003560
0.003666
0.003555
0.003367
0.003244
0.003180
0.003142
0.003081
0.002851
0.002417
0.001834
0.001137
0.000426
-0.000175
-0.000573
-0.000737
-0.000639
-0.000276
0.000252
0.000830
0.001285
0.001391
0.001138
0.000662
-0.000114
-0.001186
-0.002341
-0.003412
-0.004316
-0.005087
-0.005653
-0.005935
-0.005944
-0.005578
-0.004915
-0.004195
-0.003550
-0.003050
-0.002700
-0.002502
-0.002452
-0.002417
-0.002361
-0.002363
-0.002410
-0.002614
-0.003035
-0.003403
-0.003604
-0.003753
-0.003972
-0.004247
-0.004461
-0.004536
-0.004432
-0.004174
-0.003874
-0.003620
-0.003291
-0.002786
-0.002163
-0.001472
-0.000808
-0.000250
0.000150
0.000256
0.000154
-0.000052
-0.000408
-0.000841
-0.001250
-0.001583
-0.001780
-0.001845
-0.001788
-0.001490
-0.001076
-0.000792
-0.000559
-0.000243
0.000103
0.000368
0.000454
0.000422
0.000361
0.000185
-0.000132
-0.000520
-0.000913
-0.001287
-0.001636
-0.001966
-0.002370
-0.002930
-0.003582
-0.004183
-0.004717
-0.005211
-0.005588
-0.005745
-0.005543
-0.004806
-0.003524
-0.001857
0.000049
0.002038
0.003936
0.005692
0.007323
0.008763
0.009785
0.010168
0.010018
0.009570
0.008845
0.007880
0.006765
0.005476
0.004120
0.002889
0.001884
0.001139
0.000638
0.000439
0.000608
0.001129
0.001869
0.002676
0.003423
0.003886
0.003926
0.003533
0.002818
0.002133
0.001772
0.001739
0.001934
0.002247
0.002456
0.002216
0.001362
-0.000100
-0.002069
-0.004330
-0.006615
-0.008539
-0.009836
-0.010329
-0.010018
-0.009169
-0.008053
-0.007001
-0.006280
-0.005895
-0.005680
-0.005470
-0.005188
-0.004843
-0.004503
-0.004280
-0.004332
-0.004709
-0.005316
-0.006005
-0.006552
-0.006665
-0.006151
-0.005049
-0.003499
-0.001779
-0.000189
0.001108
0.002081
0.002878
0.003622
0.004337
0.005019
0.005610
0.005981
0.006045
0.005839
0.005273
0.004324
0.003269
0.002370
0.001844
0.001706
0.001773
0.001925
0.002045
0.001894
0.001299
0.000256
-0.001181
-0.002744
-0.004123
-0.005170
-0.005826
-0.006031
-0.005827
-0.005261
-0.004357
-0.003381
-0.002505
-0.001813
-0.001435
-0.001302
-0.001205
-0.000929
-0.000434
0.000208
0.000944
0.001738
0.002601
0.003501
0.004285
0.004868
0.005188
0.005214
0.005085
0.004788
0.004389
0.003965
0.003440
0.002906
0.002346
0.001797
0.001411
0.001105
0.000856
0.000785
0.000983
0.001370
0.001807
0.002333
0.002984
0.003621
0.004062
0.004130
0.003780
0.003228
0.002538
0.001742
0.001047
0.000455
-0.000017
-0.000162
0.000137
0.000766
0.001471
0.002070
0.002485
0.002739
0.002926
0.003113
0.003254
0.003164
0.002691
0.001853
0.000766
-0.000470
-0.001656
-0.002647
-0.003382
-0.003708
-0.003652
-0.003349
-0.002891
-0.002435
-0.001954
-0.001438
-0.000990
-0.000533
-0.000131
0.000021
-0.000151
-0.000612
-0.001199
-0.001817
-0.002507
-0.003255
-0.003996
-0.004679
-0.005142
-0.005237
-0.005049
-0.004770
-0.004562
-0.004404
-0.004123
-0.003771
-0.003539
-0.003475
-0.003512
-0.003556
-0.003549
-0.003518
-0.003431
-0.003171
-0.002759
-0.002341
-0.001965
-0.001629
-0.001397
-0.001258
-0.001110
-0.000899
-0.000702
-0.000641
-0.000751
-0.000973
-0.001142
-0.001123
-0.000861
-0.000424
-0.000095
-0.000032
-0.000149
-0.000337
-0.000453
-0.000437
-0.000379
-0.000294
-0.000163
0.000060
0.000460
0.000977
0.001558
0.002265
0.003086
0.003905
0.004602
0.004946
0.004772
0.004229
0.003463
0.002524
0.001539
0.000580
-0.000297
-0.000957
-0.001305
-0.001326
-0.001151
-0.000921
-0.000645
-0.000272
0.000200
0.000695
0.001176
0.001518
0.001712
0.001954
0.002240
0.002480
0.002664
0.002837
0.003052
0.003362
0.003787
0.004222
0.004610
0.004966
0.005242
0.005415
0.005390
0.005101
0.004696
0.004277
0.003843
0.003395
0.002899
0.002411
0.001988
0.001660
0.001530
0.001515
0.001500
0.001489
0.001476
0.001449
0.001427
0.001464
0.001507
0.001545
0.001678
0.001957
0.002251
0.002350
0.002177
0.001859
0.001592
0.001430
0.001371
0.001430
0.001557
0.001607
0.001450
0.001129
0.000603
-0.000229
-0.001309
-0.002494
-0.003548
-0.004309
-0.004735
-0.004828
-0.004677
-0.004400
-0.004054
-0.003615
-0.003102
-0.002638
-0.002371
-0.002263
-0.002021
-0.001559
-0.001129
-0.000764
-0.000364
0.000048
0.000477
0.000841
0.001070
0.001100
0.000904
0.000639
0.000413
0.000209
-0.000047
-0.000394
-0.000749
-0.000997
-0.001108
-0.001101
-0.001053
-0.001049
-0.001041
-0.000945
-0.000605
0.000081
0.000975
0.001881
0.002720
0.003437
0.003992
0.004490
0.004952
0.005212
0.005192
0.004856
0.004168
0.003294
0.002382
0.001441
0.000472
-0.000549
-0.001519
-0.002232
-0.002573
-0.002498
-0.002017
-0.001180
-0.000069
0.001135
0.002214
0.002955
0.003232
0.003184
0.002932
0.002322
0.001275
-0.000039
-0.001296
-0.002307
-0.003122
-0.003733
-0.004192
-0.004614
-0.004961
-0.005196
-0.005288
-0.005213
-0.005071
-0.004860
-0.004498
-0.004016
-0.003454
-0.002798
-0.002110
-0.001457
-0.000763
0.000004
0.000769
0.001476
0.002038
0.002413
0.002693
0.003044
0.003504
0.003872
0.004033
0.004042
0.004027
0.004002
0.003864
0.003552
0.003041
0.002468
0.001995
0.001721
0.001668
0.001736
0.001839
0.001928
0.002010
0.002056
0.001987
0.001786
0.001476
0.001113
0.000642
-0.000021
-0.000714
-0.001305
-0.001839
-0.002333
-0.002765
-0.003100
-0.003327
-0.003457
-0.003502
-0.003514
-0.003470
-0.003224
-0.002797
-0.002406
-0.002095
-0.001726
-0.001351
-0.001137
-0.001081
-0.001094
-0.001183
-0.001342
-0.001544
-0.001792
-0.002040
-0.002223
-0.002279
-0.002239
-0.002171
-0.001970
-0.001620
-0.001298
-0.001112
-0.001062
-0.001066
-0.001071
-0.001042
-0.000862
-0.000480
-0.000047
0.000256
0.000342
0.000138
-0.000237
-0.000610
-0.000900
-0.001017
-0.000961
-0.000652
-0.000005
0.000801
0.001552
0.002151
0.002673
0.003249
0.003841
0.004410
0.005049
0.005734
0.006330
0.006859
0.007363
0.007767
0.008044
0.008158
0.008016
0.007628
0.007136
0.006653
0.006182
0.005734
0.005360
0.005070
0.004945
0.004999
0.005020
0.004876
0.004504
0.003969
0.003487
0.003088
0.002685
0.002265
0.001882
0.001584
0.001329
0.001018
0.000624
0.000199
-0.000215
-0.000600
-0.000874
-0.000963
-0.000961
-0.001008
-0.001154
-0.001383
-0.001693
-0.002125
-0.002654
-0.003151
-0.003492
-0.003648
-0.003617
-0.003459
-0.003194
-0.002822
-0.002496
-0.002352
-0.002309
-0.002208
-0.002003
-0.001748
-0.001548
-0.001447
-0.001417
-0.001384
-0.001263
-0.001094
-0.000958
-0.000888
-0.000818
-0.000629
-0.000388
-0.000231
-0.000189
-0.000223
-0.000261
-0.000263
-0.000245
-0.000220
-0.000191
-0.000144
-0.000015
0.000164
0.000323
0.000513
0.000806
0.001164
0.001481
0.001636
0.001629
0.001587
0.001561
0.001569
0.001595
0.001539
0.001335
0.001062
0.000810
0.000598
0.000499
0.000656
0.001096
0.001615
0.002100
0.002635
0.003273
0.003970
0.004612
0.005095
0.005314
0.005260
0.005006
0.004596
0.004100
0.003627
0.003164
0.002616
0.001967
0.001287
0.000496
-0.000512
-0.001574
-0.002523
-0.003336
-0.003992
-0.004401
-0.004554
-0.004581
-0.004615
-0.004709
-0.004771
-0.004762
-0.004683
-0.004461
-0.004080
-0.003676
-0.003455
-0.003526
-0.003834
-0.004225
-0.004568
-0.004791
-0.004850
-0.004788
-0.004609
-0.004237
-0.003722
-0.003144
-0.002558
-0.002011
-0.001519
-0.001130
-0.000806
-0.000437
-0.000084
0.000090
0.000039
-0.000170
-0.000439
-0.000792
-0.001210
-0.001593
-0.002002
-0.002461
-0.002906
-0.003260
-0.003359
-0.003118
-0.002655
-0.002172
-0.001728
-0.001325
-0.001067
-0.000967
-0.000814
-0.000400
0.000232
0.000977
0.001775
0.002580
0.003368
0.004053
0.004513
0.004642
0.004396
0.003854
0.003038
0.001931
0.000629
-0.000665
-0.001773
-0.002638
-0.003301
-0.003794
-0.004183
-0.004509
-0.004686
-0.004632
-0.004244
-0.003466
-0.002449
-0.001383
-0.000324
0.000648
0.001336
0.001614
0.001499
0.001077
0.000384
-0.000583
-0.001760
-0.002960
-0.003901
-0.004438
-0.004674
-0.004771
-0.004682
-0.004286
-0.003617
-0.002793
-0.001916
-0.001064
-0.000252
0.000542
0.001183
0.001525
0.001627
0.001632
0.001648
0.001697
0.001775
0.001831
0.001754
0.001507
0.001197
0.000989
0.001009
0.001233
0.001500
0.001688
0.001776
0.001863
0.002035
0.002256
0.002515
0.002837
0.003172
0.003472
0.003716
0.003843
0.003762
0.003495
0.003196
0.002905
0.002518
0.001975
0.001335
0.000630
-0.000152
-0.000971
-0.001790
-0.002548
-0.003155
-0.003622
-0.004047
-0.004416
-0.004659
-0.004779
-0.004791
-0.004734
-0.004604
-0.004316
-0.003835
-0.003268
-0.002790
-0.002470
-0.002286
-0.002160
-0.001915
-0.001455
-0.000860
-0.000255
0.000344
0.000936
0.001445
0.001804
0.001995
0.002036
0.001982
0.001888
0.001771
0.001683
0.001652
0.001653
0.001686
0.001737
0.001841
0.002029
0.002313
0.002695
0.003014
0.003162
0.003226
0.003244
0.003110
0.002795
0.002409
0.001993
0.001547
0.001084
0.000615
0.000188
-0.000172
-0.000432
-0.000564
-0.000598
-0.000552
-0.000350
0.000062
0.000575
0.001099
0.001591
0.002060
0.002532
0.002885
0.003013
0.002903
0.002532
0.001922
0.001128
0.000169
-0.000894
-0.001899
-0.002664
-0.003084
-0.003208
-0.003196
-0.003204
-0.003228
-0.003060
-0.002635
-0.002073
-0.001480
-0.000958
-0.000551
-0.000286
-0.000217
-0.000398
-0.000837
-0.001398
-0.001920
-0.002354
-0.002722
-0.003018
-0.003165
-0.003068
-0.002718
-0.002298
-0.002037
-0.001926
-0.001762
-0.001464
-0.001097
-0.000756
-0.000461
0.000012
0.000780
0.001576
0.002196
0.002641
0.002878
0.002875
0.002691
0.002379
0.001966
0.001559
0.001259
0.001039
0.000898
0.000919
0.001146
0.001484
0.001847
0.002286
0.002756
0.003037
0.003067
0.002988
0.002888
0.002726
0.002433
0.002042
0.001630
0.001188
0.000646
0.000018
-0.000574
-0.001044
-0.001369
-0.001439
-0.001169
-0.000675
-0.000132
0.000455
0.001100
0.001673
0.002126
0.002483
0.002698
0.002742
0.002653
0.002413
0.002001
0.001542
0.001145
0.000763
0.000300
-0.000215
-0.000568
-0.000667
-0.000641
-0.000606
-0.000617
-0.000670
-0.000689
-0.000600
-0.000360
-0.000043
0.000228
0.000376
0.000341
0.000144
-0.000133
-0.000376
-0.000406
-0.000178
0.000133
0.000294
0.000232
0.000076
-0.000064
-0.000207
-0.000405
-0.000680
-0.001001
-0.001299
-0.001555
-0.001736
-0.001762
-0.001521
-0.001048
-0.000564
-0.000123
0.000319
0.000800
0.001293
0.001659
0.001854
0.001927
0.001935
0.001897
0.001804
0.001659
0.001470
0.001195
0.000798
0.000351
-0.000046
-0.000332
-0.000455
-0.000388
-0.000154
0.000209
0.000609
0.000978
0.001277
0.001417
0.001378
0.001222
0.000923
0.000441
-0.000153
-0.000719
-0.001135
-0.001429
-0.001667
-0.001878
-0.002118
-0.002416
-0.002773
-0.003164
-0.003504
-0.003706
-0.003770
-0.003766
-0.003704
-0.003558
-0.003372
-0.003164
-0.002827
-0.002388
-0.002076
-0.001985
-0.002019
-0.002060
-0.002046
-0.001986
-0.001923
-0.001892
-0.001879
-0.001811
-0.001581
-0.001173
-0.000773
-0.000565
-0.000521
-0.000501
-0.000452
-0.000395
-0.000363
-0.000402
-0.000489
-0.000531
-0.000465
-0.000279
0.000031
0.000405
0.000678
0.000762
0.000718
0.000634
0.000526
0.000331
0.000017
-0.000315
-0.000526
-0.000699
-0.001009
-0.001416
-0.001733
-0.001886
-0.001925
-0.001928
-0.001898
-0.001823
-0.001644
-0.001270
-0.000818
-0.000494
-0.000309
-0.000164
-0.000013
0.000116
0.000149
0.000087
-0.000005
-0.000115
-0.000244
-0.000355
-0.000393
-0.000368
-0.000299
-0.000186
-0.000139
-0.000236
-0.000409
-0.000569
-0.000694
-0.000757
-0.000688
-0.000475
-0.000134
0.000390
0.001081
0.001801
0.002428
0.002957
0.003408
0.003752
0.003900
0.003728
0.003199
0.002378
0.001353
0.000229
-0.000906
-0.001955
-0.002808
-0.003429
-0.003821
-0.003971
-0.003831
-0.003368
-0.002683
-0.001899
-0.001043
-0.000129
0.000820
0.001710
0.002422
0.002912
0.003140
0.003117
0.002898
0.002515
0.002006
0.001419
0.000770
0.000137
-0.000281
-0.000419
-0.000399
-0.000337
-0.000195
0.000123
0.000513
0.000818
0.001036
0.001170
0.001117
0.000809
0.000317
-0.000213
-0.000698
-0.001143
-0.001478
-0.001636
-0.001650
-0.001566
-0.001426
-0.001215
-0.000910
-0.000512
-0.000012
0.000580
0.001228
0.001843
0.002358
0.002812
0.003187
0.003511
0.003900
0.004332
0.004690
0.004951
0.005104
0.005098
0.004992
0.004848
0.004708
0.004661
0.004704
0.004795
0.004895
0.004882
0.004653
0.004256
0.003741
0.003121
0.002462
0.001799
0.001194
0.000687
0.000233
-0.000116
-0.000291
-0.000363
-0.000482
-0.000675
-0.000851
-0.000960
-0.001000
-0.000996
-0.000900
-0.000663
-0.000333
0.000058
0.000513
0.000979
0.001342
0.001467
0.001244
0.000760
0.000224
-0.000276
-0.000751
-0.001223
-0.001726
-0.002240
-0.002638
-0.002827
-0.002869
-0.002813
-0.002645
-0.002442
-0.002389
-0.002639
-0.003110
-0.003583
-0.003948
-0.004136
-0.004037
-0.003592
-0.002889
-0.002038
-0.001103
-0.000134
0.000797
0.001528
0.001902
0.001884
0.001588
0.001198
0.000769
0.000311
-0.000032
-0.000138
-0.000018
0.000235
0.000518
0.000645
0.000477
0.000131
-0.000173
-0.000286
-0.000190
0.000075
0.000462
0.000818
0.000988
0.000987
0.000927
0.000943
0.001197
0.001673
0.002121
0.002378
0.002601
0.002957
0.003332
0.003560
0.003674
0.003759
0.003774
0.003616
0.003258
0.002822
0.002450
0.002170
0.001928
0.001720
0.001559
0.001449
0.001438
0.001492
0.001533
0.001537
0.001535
0.001591
0.001679
0.001721
0.001723
0.001716
0.001645
0.001437
0.001167
0.000907
0.000658
0.000576
0.000777
0.001177
0.001675
0.002175
0.002638
0.003065
0.003410
0.003628
0.003664
0.003442
0.002946
0.002268
0.001538
0.000747
-0.000166
-0.001174
-0.002222
-0.003151
-0.003765
-0.004031
-0.004097
-0.004098
-0.004082
-0.004039
-0.003788
-0.003189
-0.002338
-0.001430
-0.000678
-0.000103
0.000376
0.000724
0.000909
0.000897
0.000721
0.000465
0.000188
-0.000034
-0.000114
0.000015
0.000270
0.000601
0.001102
0.001763
0.002435
0.003011
0.003398
0.003492
0.003257
0.002759
0.002129
0.001413
0.000679
0.000077
-0.000333
-0.000635
-0.000921
-0.001169
-0.001266
-0.001201
-0.001137
-0.001215
-0.001398
-0.001547
-0.001591
-0.001563
-0.001570
-0.001637
-0.001680
-0.001655
-0.001535
-0.001278
-0.000968
-0.000735
-0.000663
-0.000748
-0.000884
-0.000927
-0.000752
-0.000417
-0.000043
0.000383
0.000802
0.001107
0.001336
0.001573
0.001721
0.001642
0.001408
0.001175
0.001062
0.001033
0.000885
0.000552
0.000183
-0.000061
-0.000094
0.000090
0.000354
0.000584
0.000768
0.000909
0.000960
0.000874
0.000663
0.000357
0.000053
-0.000210
-0.000550
-0.000961
-0.001265
-0.001314
-0.001069
-0.000679
-0.000350
-0.000189
-0.000209
-0.000176
0.000101
0.000578
0.001005
0.001235
0.001395
0.001666
0.002002
0.002276
0.002408
0.002420
0.002394
0.002378
0.002405
0.002448
0.002476
0.002470
0.002420
0.002289
0.002062
0.001810
0.001495
0.001019
0.000380
-0.000347
-0.000986
-0.001364
-0.001528
-0.001625
-0.001681
-0.001673
-0.001612
-0.001571
-0.001559
-0.001490
-0.001338
-0.001137
-0.001004
-0.001098
-0.001405
-0.001814
-0.002264
-0.002690
-0.003058
-0.003436
-0.003817
-0.004069
-0.004213
-0.004347
-0.004481
-0.004560
-0.004491
-0.004299
-0.004145
-0.004140
-0.004242
-0.004371
-0.004487
-0.004562
-0.004577
-0.004553
-0.004475
-0.004268
-0.004042
-0.003932
-0.003897
-0.003827
-0.003613
-0.003270
-0.002918
-0.002611
-0.002280
-0.001853
-0.001382
-0.000908
-0.000453
-0.000073
0.000253
0.000543
0.000771
0.000964
0.001197
0.001542
0.002004
0.002531
0.003058
0.003520
0.003852
0.004021
0.003973
0.003662
0.003195
0.002692
0.002150
0.001543
0.000871
0.000217
-0.000275
-0.000604
-0.000887
-0.001154
-0.001366
-0.001509
-0.001621
-0.001818
-0.002150
-0.002462
-0.002607
-0.002580
-0.002427
-0.002154
-0.001754
-0.001306
-0.000872
-0.000516
-0.000315
-0.000238
-0.000227
-0.000219
-0.000174
-0.000118
-0.000081
-0.000069
-0.000070
-0.000077
-0.000109
-0.000238
-0.000484
-0.000836
-0.001306
-0.001809
-0.002199
-0.002385
-0.002404
-0.002462
-0.002728
-0.003135
-0.003544
-0.003865
-0.004127
-0.004362
-0.004486
-0.004455
-0.004227
-0.003773
-0.003183
-0.002550
-0.001882
-0.001174
-0.000457
0.000209
0.000748
0.001046
0.001147
0.001221
0.001356
0.001565
0.001760
0.001854
0.001874
0.001943
0.002125
0.002395
0.002729
0.003028
0.003187
0.003214
0.003116
0.002923
0.002696
0.002390
0.001929
0.001300
0.000603
0.000021
-0.000385
-0.000683
-0.000845
-0.000786
-0.000517
-0.000183
0.000105
0.000387
0.000663
0.000800
0.000730
0.000570
0.000412
0.000259
0.000094
-0.000086
-0.000187
-0.000147
-0.000043
0.000059
0.000220
0.000517
0.000854
0.001052
0.001061
0.000909
0.000678
0.000459
0.000206
-0.000122
-0.000472
-0.000859
-0.001342
-0.001795
-0.002039
-0.002072
-0.001954
-0.001705
-0.001379
-0.001084
-0.000817
-0.000501
-0.000199
0.000032
0.000314
0.000685
0.001038
0.001382
0.001712
0.001926
0.001982
0.001941
0.001902
0.001906
0.001919
0.001872
0.001735
0.001560
0.001365
0.001136
0.000884
0.000568
0.000239
0.000006
-0.000150
-0.000292
-0.000438
-0.000602
-0.000752
-0.000845
-0.000915
-0.000968
-0.000989
-0.000994
-0.000994
-0.000995
-0.001011
-0.001067
-0.001126
-0.001160
-0.001161
-0.001086
-0.000967
-0.000822
-0.000598
-0.000327
-0.000117
-0.000039
-0.000082
-0.000193
-0.000326
-0.000477
-0.000713
-0.001022
-0.001348
-0.001649
-0.001861
-0.001988
-0.002084
-0.002206
-0.002395
-0.002608
-0.002765
-0.002833
-0.002799
-0.002672
-0.002470
-0.002183
-0.001795
-0.001332
-0.000866
-0.000436
-0.000016
0.000410
0.000786
0.001017
0.001081
0.001066
0.001037
0.001021
0.000945
0.000752
0.000516
0.000345
0.000336
0.000524
0.000824
0.001058
0.001151
0.001199
0.001288
0.001404
0.001479
0.001462
0.001303
0.000995
0.000589
0.000175
-0.000203
-0.000612
-0.001061
-0.001525
-0.001950
-0.002250
-0.002406
-0.002380
-0.002156
-0.001789
-0.001368
-0.000974
-0.000609
-0.000261
0.000068
0.000321
0.000439
0.000449
0.000432
0.000445
0.000474
0.000495
0.000501
0.000503
0.000550
0.000687
0.000865
0.001010
0.001085
0.001086
0.001054
0.001018
0.000985
0.000980
0.001011
0.001008
0.000909
0.000717
0.000559
0.000582
0.000767
0.000972
0.001037
0.000926
0.000698
0.000420
0.000146
-0.000096
-0.000328
-0.000568
-0.000777
-0.000912
-0.000973
-0.000984
-0.000965
-0.000909
-0.000836
-0.000768
-0.000651
-0.000426
-0.000132
0.000164
0.000402
0.000570
0.000726
0.000867
0.000937
0.000918
0.000840
0.000761
0.000718
0.000737
0.000846
0.001047
0.001317
0.001608
0.001926
0.002272
0.002583
0.002843
0.003033
0.003125
0.003133
0.003009
0.002731
0.002371
0.002000
0.001638
0.001277
0.000915
0.000552
0.000199
-0.000095
-0.000270
-0.000320
-0.000264
-0.000121
0.000039
0.000124
0.000120
0.000079
0.000040
-0.000020
-0.000136
-0.000261
-0.000330
-0.000346
-0.000331
-0.000260
-0.000101
0.000142
0.000449
0.000804
0.001147
0.001407
0.001575
0.001632
0.001564
0.001422
0.001263
0.001092
0.000935
0.000828
0.000743
0.000624
0.000485
0.000386
0.000344
0.000340
0.000343
0.000333
0.000309
0.000261
0.000175
0.000056
-0.000070
-0.000194
-0.000328
-0.000480
-0.000618
-0.000699
-0.000715
-0.000692
-0.000660
-0.000608
-0.000513
-0.000383
-0.000242
-0.000113
-0.000003
0.000101
0.000190
0.000240
0.000255
0.000270
0.000312
0.000373
0.000431
0.000463
0.000462
0.000445
0.000421
0.000389
0.000353
0.000320
0.000283
0.000234
0.000185
0.000143
0.000087
0.000009
-0.000070
-0.000126
-0.000141
-0.000105
-0.000033
0.000037
0.000071
0.000063
0.000059
0.000095
0.000146
0.000186
0.000202
0.000202
0.000197
0.000186
0.000180
0.000176
0.000168
0.000158
0.000143
0.000115
0.000082
0.000042
-0.000005
-0.000045
-0.000066
-0.000077
-0.000100
-0.000150
-0.000214
-0.000273
-0.000324
-0.000369
-0.000415
-0.000464
-0.000497
-0.000503
-0.000483
-0.000437
-0.000379
-0.000331
-0.000293
-0.000263
-0.000244
-0.000245
-0.000267
-0.000291
-0.000300
-0.000298
-0.000291
-0.000284
-0.000279
-0.000275
-0.000271
-0.000268
-0.000265
-0.000260
-0.000253
-0.000242
-0.000220
-0.000185
-0.000155
-0.000142
-0.000141
-0.000144
-0.000144
-0.000126
-0.000098
-0.000077
-0.000074
-0.000083
-0.000095
-0.000103
-0.000104
-0.000099
-0.000089
-0.000083
-0.000083
-0.000091
-0.000106
-0.000125
-0.000147
-0.000169
-0.000190
-0.000209
-0.000221
-0.000223
-0.000217
-0.000209
-0.000201
-0.000195
-0.000193
-0.000193
-0.000196
-0.000198
-0.000194
-0.000184
-0.000169
-0.000154
-0.000142
-0.000131
-0.000122
-0.000116
-0.000116
-0.000119
-0.000120
-0.000119
-0.000117
-0.000112
-0.000106
-0.000097
-0.000086
-0.000073
-0.000059
-0.000043
-0.000029
-0.000017
-0.000008
0.000003
0.000014
0.000023
0.000031
0.000038
0.000042
0.000042
0.000040
0.000037
0.000033
0.000029
0.000024
0.000018
0.000011
0.000006
0.000002
0.000001
-0.000002
-0.000006
-0.000010
-0.000014
-0.000015
-0.000015
-0.000015
-0.000015
-0.000016
-0.000018
-0.000018
-0.000018
-0.000017
-0.000016
-0.000015
-0.000016
-0.000017
-0.000018
-0.000018
-0.000018
-0.000018
-0.000018
-0.000018
-0.000019
-0.000020
-0.000020
-0.000020
-0.000019
-0.000019
-0.000017
-0.000014
-0.000011
-0.000009
-0.000007
-0.000005
-0.000002
-0.000001
0.000000
0.000001
0.000002
0.000003
0.000003
0.000003
0.000003
0.000003
0.000003
0.000003
0.000003
0.000003
0.000004
0.000005
0.000005
0.000005
0.000005
0.000006
0.000006
0.000006
0.000007
0.000007
0.000007
0.000007
0.000008
0.000009
0.000009
0.000010
0.000010
0.000011
0.000011
0.000012
0.000012
0.000012
0.000013
0.000013
0.000013
0.000014
0.000014
0.000014
0.000015
0.000015
0.000015
0.000016
0.000016
0.000016
0.000016
0.000017
0.000017
0.000017
0.000017
0.000017
0.000018
0.000018
0.000018
0.000018
0.000018
0.000019
0.000019
0.000019
0.000019
0.000019
0.000020
0.000020
0.000020
0.000020
0.000020
0.000021
