-0.000608
-0.000570
-0.000603
-0.000571
-0.000596
-0.000544
-0.000566
-0.000545
-0.000588
-0.000564
-0.000619
-0.000594
-0.000620
-0.000527
-0.000424
-0.000334
-0.000353
-0.000382
-0.000524
-0.000497
-0.000542
-0.000331
-0.000080
0.000315
0.000593
0.000299
0.000054
0.000216
0.000236
0.000202
0.000036
0.000114
0.000203
0.000200
-0.000046
-0.000543
-0.000545
-0.000157
-0.000108
-0.000339
-0.000727
-0.000803
-0.000844
-0.000815
-0.000816
-0.000799
0.000051
0.001543
0.002597
0.003659
0.004481
0.005127
0.004087
0.004213
0.002781
0.001554
0.000986
0.000783
0.000391
-0.000668
-0.001672
-0.002518
-0.002853
-0.002736
-0.003022
-0.002859
-0.001034
0.001870
0.002777
0.002488
0.001150
-0.000427
-0.003136
-0.004932
-0.006772
-0.007293
-0.005900
-0.002266
-0.000463
0.000078
0.001011
0.002171
0.003383
0.003932
0.003724
0.003966
0.002796
0.001715
-0.001217
-0.005263
-0.008636
-0.009581
-0.009997
-0.010639
-0.011975
-0.011213
-0.009616
-0.008537
-0.007749
-0.005633
-0.001817
0.002618
0.005506
0.007460
0.010718
0.014143
0.013352
0.010278
0.005618
-0.000186
-0.004864
-0.005756
-0.003783
-0.000330
0.003411
0.007896
0.011009
0.010944
0.009206
0.007411
0.006148
0.005292
0.003293
0.000533
-0.003219
-0.007411
-0.010399
-0.012233
-0.012095
-0.008672
-0.006134
-0.004348
-0.000764
0.003283
0.006005
0.006400
0.004414
0.001895
0.000287
-0.001081
-0.001675
-0.000001
0.003091
0.005401
0.005793
0.005826
0.004635
0.002001
-0.000590
-0.002735
-0.003139
-0.003068
-0.002375
-0.001408
-0.001746
-0.002647
-0.002628
0.000407
0.001613
-0.002136
-0.006443
-0.007840
-0.008653
-0.010643
-0.013124
-0.014951
-0.012298
-0.004427
0.003513
0.010370
0.016850
0.021723
0.022595
0.020956
0.017932
0.015165
0.012514
0.011232
0.012589
0.015560
0.016790
0.014920
0.008953
0.001174
-0.005696
-0.008452
-0.009172
-0.013086
-0.018294
-0.022897
-0.027894
-0.034181
-0.038878
-0.038871
-0.032751
-0.020521
-0.006104
0.004098
0.008875
0.008742
0.005326
0.001993
-0.000942
-0.001894
-0.000307
0.001832
0.004310
0.005495
0.004129
0.002700
-0.000831
-0.005968
-0.012475
-0.018956
-0.025114
-0.031068
-0.037190
-0.041782
-0.044968
-0.043881
-0.038908
-0.031454
-0.024248
-0.016744
-0.007554
0.002297
0.008492
0.011246
0.009691
0.005644
0.001868
0.000538
0.004461
0.011706
0.023655
0.036955
0.045640
0.048826
0.046149
0.039861
0.033373
0.027335
0.021748
0.017664
0.019855
0.022087
0.016306
0.006245
-0.001976
-0.009603
-0.011968
-0.006282
-0.000255
0.006387
0.005105
0.003996
0.010888
0.016201
0.015143
0.010035
0.003838
0.001028
0.005571
0.010112
0.011116
0.005891
0.000980
-0.007243
-0.018399
-0.025297
-0.023354
-0.014277
-0.000353
0.011364
0.017960
0.022423
0.023613
0.020018
0.005669
-0.013014
-0.027102
-0.030053
-0.019363
-0.007166
0.004085
0.015255
0.019424
0.015434
0.010628
0.011108
0.017235
0.024584
0.029483
0.030346
0.025321
0.015607
0.009392
0.002490
-0.002729
-0.003593
-0.001940
0.005164
0.014575
0.021560
0.023755
0.021801
0.018667
0.015065
0.007663
-0.000159
-0.008791
-0.016491
-0.022402
-0.027072
-0.028407
-0.023125
-0.012009
0.001922
0.013043
0.023781
0.033597
0.039421
0.040439
0.034556
0.023899
0.008926
-0.006564
-0.021018
-0.034534
-0.038362
-0.031017
-0.024062
-0.026582
-0.035520
-0.043089
-0.047364
-0.048058
-0.044026
-0.035982
-0.025944
-0.015315
-0.005211
0.002327
0.004941
0.000345
-0.008495
-0.019419
-0.028418
-0.030917
-0.030321
-0.027860
-0.025145
-0.023438
-0.019925
-0.015948
-0.011111
-0.005949
0.003226
0.013410
0.021936
0.027240
0.029046
0.027937
0.027401
0.027079
0.029476
0.035191
0.044072
0.053137
0.064253
0.072970
0.077988
0.081941
0.082895
0.080134
0.062525
0.021820
-0.020503
-0.053375
-0.077112
-0.092155
-0.100429
-0.102587
-0.098473
-0.091343
-0.071044
-0.035185
-0.005777
0.009552
0.013639
0.006649
-0.015049
-0.040632
-0.063974
-0.085513
-0.097617
-0.104562
-0.102312
-0.091245
-0.039633
0.033807
0.105481
0.155201
0.165610
0.161519
0.137314
0.085233
0.025387
-0.039033
-0.080387
-0.087964
-0.077667
-0.046447
-0.002809
0.037821
0.079288
0.101274
0.078207
0.022945
-0.032831
-0.081259
-0.116087
-0.144687
-0.166898
-0.175146
-0.164222
-0.111340
-0.021438
0.042711
0.085961
0.104202
0.106059
0.094475
0.083856
0.086726
0.093021
0.096214
0.097134
0.097958
0.097341
0.093279
0.085201
0.073279
0.054745
0.031745
0.017906
0.019252
0.028669
0.046051
0.063819
0.089093
0.111013
0.116895
0.111350
0.100603
0.094378
0.097123
0.103535
0.109128
0.114306
0.113409
0.106016
0.089722
0.068040
0.041318
0.012204
-0.014047
-0.031425
-0.047367
-0.060616
-0.060208
-0.056267
-0.067076
-0.083249
-0.108737
-0.138537
-0.169838
-0.193960
-0.214746
-0.237185
-0.254917
-0.275314
-0.299771
-0.312679
-0.324817
-0.339149
-0.354525
-0.363540
-0.370044
-0.372828
-0.384438
-0.395995
-0.400870
-0.385333
-0.324908
-0.101852
0.142377
0.273538
0.370110
0.433791
0.462017
0.467642
0.476496
0.482002
0.474135
0.453470
0.419851
0.337609
0.236632
0.115521
-0.009592
-0.076960
-0.121984
-0.132587
-0.115325
-0.044050
0.081803
0.172063
0.224776
0.261407
0.274058
0.266608
0.243279
0.203665
0.157508
0.104811
0.045488
-0.018393
-0.082117
-0.145676
-0.193583
-0.232722
-0.260668
-0.270941
-0.272909
-0.267634
-0.251636
-0.236209
-0.219398
-0.203914
-0.194221
-0.181114
-0.171111
-0.173049
-0.165240
-0.148895
-0.113968
-0.050022
-0.005580
0.032021
0.059298
0.067831
0.070606
0.070528
0.069803
0.063802
0.052428
0.035875
0.018450
0.002105
-0.021436
-0.048138
-0.064704
-0.071732
-0.065751
-0.042222
-0.003956
0.030208
0.066024
0.097444
0.119851
0.131219
0.137376
0.138540
0.131868
0.128007
0.132644
0.130247
0.120330
0.107501
0.091677
0.077190
0.060293
0.044280
0.034011
0.034159
0.038239
0.034559
0.027106
0.020421
0.015877
0.014770
0.021272
0.025279
0.022335
0.019636
0.018411
0.021324
0.030977
0.036943
0.030300
0.021992
0.016504
0.017136
0.015059
0.007455
-0.003665
-0.019267
-0.043154
-0.065259
-0.083807
-0.098971
-0.104461
-0.104714
-0.095444
-0.072745
-0.041766
-0.016641
-0.004683
-0.004854
-0.015860
-0.032759
-0.051409
-0.062904
-0.072107
-0.081491
-0.083087
-0.079763
-0.071087
-0.056894
-0.034066
-0.000742
0.041193
0.079913
0.110933
0.133954
0.151992
0.168221
0.185026
0.202439
0.216160
0.224419
0.226012
0.219903
0.207225
0.197434
0.194297
0.196536
0.199737
0.202431
0.203580
0.204204
0.201621
0.193503
0.168958
0.141578
0.104190
0.050686
-0.003726
-0.049334
-0.092890
-0.131760
-0.161013
-0.189841
-0.212797
-0.233521
-0.253053
-0.266380
-0.274492
-0.277304
-0.272399
-0.256410
-0.229686
-0.200666
-0.173177
-0.145093
-0.116853
-0.093031
-0.084832
-0.086414
-0.086750
-0.089304
-0.091013
-0.096131
-0.106112
-0.120175
-0.131316
-0.145729
-0.160323
-0.168359
-0.157604
-0.136216
-0.113843
-0.096900
-0.075873
-0.054818
-0.030698
0.001067
0.028953
0.038966
0.036714
0.032386
0.020959
0.001981
-0.015177
-0.020809
-0.016682
-0.006872
0.014134
0.041518
0.065049
0.089461
0.113325
0.137694
0.155825
0.165325
0.176471
0.190193
0.208929
0.224235
0.240731
0.256244
0.270947
0.280060
0.284194
0.283829
0.285046
0.285881
0.288112
0.287963
0.285304
0.279195
0.268605
0.245824
0.215934
0.186817
0.158143
0.127704
0.096835
0.072682
0.048154
0.016024
-0.005006
-0.041985
-0.087419
-0.123603
-0.156169
-0.179232
-0.193895
-0.199840
-0.198326
-0.193557
-0.186382
-0.184225
-0.187853
-0.194584
-0.197777
-0.199903
-0.198312
-0.193660
-0.184138
-0.165237
-0.114767
-0.052251
0.006220
0.043878
0.062261
0.069057
0.068908
0.066932
0.061129
0.054656
0.047501
0.041370
0.034537
0.024615
0.010382
-0.009619
-0.034879
-0.058070
-0.082826
-0.103349
-0.117641
-0.128027
-0.135225
-0.141010
-0.144973
-0.147747
-0.148753
-0.152133
-0.155754
-0.159598
-0.162298
-0.166549
-0.170839
-0.177088
-0.182554
-0.186037
-0.162404
-0.120549
-0.078062
-0.040666
0.002931
0.038434
0.062013
0.074247
0.082854
0.091922
0.099728
0.105170
0.108568
0.103821
0.093853
0.084398
0.081130
0.085104
0.087341
0.070839
0.050708
0.008028
-0.036021
-0.080064
-0.117203
-0.142777
-0.160303
-0.175577
-0.181555
-0.176456
-0.162231
-0.138079
-0.114286
-0.090426
-0.074135
-0.069742
-0.076322
-0.092462
-0.110820
-0.118476
-0.120230
-0.109328
-0.092366
-0.056709
-0.015363
0.017967
0.042341
0.055724
0.062459
0.064076
0.064231
0.065446
0.067748
0.071504
0.076935
0.084614
0.095810
0.111262
0.128898
0.142892
0.149771
0.142772
0.131655
0.122592
0.116420
0.116219
0.119628
0.123498
0.120928
0.094949
0.057519
0.020913
-0.022791
-0.057911
-0.089603
-0.115888
-0.133506
-0.144700
-0.147266
-0.141718
-0.115505
-0.065636
-0.023658
0.003341
0.021509
0.037546
0.051166
0.061036
0.066160
0.067835
0.069202
0.068315
0.061225
0.049962
0.038618
0.035306
0.040162
0.049555
0.062665
0.070069
0.067683
0.058334
0.040928
0.020643
0.000899
-0.018747
-0.031117
-0.036369
-0.038091
-0.035821
-0.032028
-0.027866
-0.021316
-0.009380
0.009347
0.027360
0.046252
0.062188
0.072349
0.077810
0.079741
0.078445
0.072358
0.063729
0.042757
0.016038
-0.009878
-0.034355
-0.059431
-0.072359
-0.073925
-0.068460
-0.049962
-0.025323
-0.003925
0.019119
0.033982
0.039762
0.042509
0.042075
0.040360
0.036042
0.031494
0.027809
0.026924
0.028770
0.031795
0.038728
0.045866
0.054517
0.062298
0.067375
0.071857
0.074582
0.075291
0.073834
0.069268
0.059238
0.043909
0.024893
0.005999
-0.008166
-0.014183
-0.016586
-0.013152
-0.004945
0.004090
0.015516
0.027153
0.033770
0.036494
0.034898
0.026710
0.009809
-0.009605
-0.027888
-0.046536
-0.063114
-0.072217
-0.074976
-0.074834
-0.071361
-0.064759
-0.058960
-0.051986
-0.045940
-0.044375
-0.047340
-0.053224
-0.060948
-0.069553
-0.076685
-0.080110
-0.082293
-0.084798
-0.085652
-0.086913
-0.087425
-0.085062
-0.080530
-0.068492
-0.045265
-0.022689
-0.000463
0.018377
0.025721
0.028588
0.027592
0.024585
0.023220
0.023581
0.025742
0.028750
0.032015
0.039377
0.048284
0.055035
0.057181
0.052324
0.036953
0.017935
0.000294
-0.010220
-0.016296
-0.023439
-0.031697
-0.043679
-0.057631
-0.071880
-0.084353
-0.093247
-0.099569
-0.104440
-0.105841
-0.104341
-0.100265
-0.091280
-0.078878
-0.065644
-0.054332
-0.045732
-0.038424
-0.034431
-0.031090
-0.027507
-0.022415
-0.015681
-0.005966
0.004926
0.014416
0.023286
0.035404
0.051442
0.065981
0.076577
0.088630
0.098407
0.105552
0.109379
0.110138
0.107458
0.099634
0.085331
0.064888
0.043636
0.022887
0.002437
-0.017682
-0.033157
-0.043313
-0.049868
-0.052198
-0.051548
-0.046044
-0.036100
-0.019276
-0.001254
0.012807
0.019218
0.020987
0.018799
0.015163
0.011681
0.007663
0.003441
0.000297
-0.000213
0.002998
0.010865
0.022117
0.031832
0.036453
0.038577
0.039720
0.039192
0.036529
0.030691
0.022495
0.013425
0.004189
-0.003497
-0.007904
-0.007524
0.000637
0.020659
0.042779
0.058668
0.067707
0.073526
0.075676
0.072976
0.066817
0.054889
0.040999
0.029978
0.025244
0.024366
0.024374
0.026461
0.029554
0.031854
0.033305
0.031877
0.028506
0.025046
0.021890
0.018801
0.015964
0.016004
0.017022
0.018248
0.016630
0.012862
0.007411
0.002221
-0.001599
-0.005055
-0.007927
-0.010746
-0.013670
-0.016894
-0.018578
-0.018811
-0.019268
-0.018980
-0.018726
-0.017449
-0.015854
-0.015526
-0.016283
-0.018779
-0.023931
-0.030193
-0.035453
-0.037657
-0.037924
-0.036032
-0.032903
-0.029499
-0.026392
-0.024650
-0.022989
-0.020548
-0.016368
-0.009095
0.000804
0.011501
0.023441
0.034204
0.042608
0.047668
0.049799
0.048455
0.044216
0.038498
0.033000
0.026137
0.018746
0.013486
0.011469
0.014339
0.020915
0.028014
0.033117
0.035998
0.036910
0.035014
0.031979
0.028436
0.023980
0.018971
0.014759
0.010212
0.005605
-0.000068
-0.006380
-0.011811
-0.014381
-0.014946
-0.015964
-0.016412
-0.017784
-0.020496
-0.022425
-0.025583
-0.029071
-0.034026
-0.041025
-0.046836
-0.051296
-0.055422
-0.055767
-0.054838
-0.050460
-0.044106
-0.036640
-0.030698
-0.026267
-0.022693
-0.020154
-0.019526
-0.019986
-0.019425
-0.018962
-0.018177
-0.017202
-0.017153
-0.018060
-0.018356
-0.018623
-0.018470
-0.017588
-0.017074
-0.015821
-0.014401
-0.012868
-0.012291
-0.011819
-0.009711
-0.008391
-0.006529
-0.004588
-0.002759
-0.000406
0.003374
0.006761
0.009345
0.012057
0.013082
0.012809
0.012590
0.010380
0.007161
0.001656
-0.003460
-0.006660
-0.008042
-0.006228
-0.000213
0.007768
0.016405
0.022708
0.025545
0.026021
0.024368
0.021491
0.017416
0.013862
0.011623
0.009883
0.008690
0.007074
0.005418
0.004164
0.002889
0.001544
-0.001204
-0.003353
-0.004131
-0.001856
0.002023
0.008869
0.015859
0.022228
0.027827
0.033290
0.037602
0.038443
0.038725
0.037356
0.035257
0.031545
0.028995
0.026666
0.026663
0.029735
0.033544
0.039733
0.047202
0.051871
0.053496
0.051822
0.046939
0.039437
0.029229
0.017130
0.006419
-0.005223
-0.019475
-0.031413
-0.040582
-0.047613
-0.051282
-0.052020
-0.050283
-0.046591
-0.041902
-0.037713
-0.031585
-0.025673
-0.022040
-0.018543
-0.016209
-0.014284
-0.011847
-0.008765
-0.007843
-0.006474
-0.004109
-0.002241
0.000611
0.004518
0.007038
0.009879
0.011620
0.009756
0.003058
-0.005623
-0.017552
-0.027309
-0.033767
-0.035922
-0.033139
-0.026276
-0.015594
-0.005096
0.002093
0.006321
0.006013
0.001106
-0.005948
-0.012848
-0.019459
-0.024291
-0.027103
-0.028404
-0.028912
-0.028634
-0.028832
-0.028561
-0.028131
-0.026939
-0.024656
-0.019375
-0.012751
-0.004806
0.002407
0.008369
0.012415
0.014473
0.015091
0.015432
0.016908
0.017372
0.018376
0.019502
0.018527
0.016439
0.013197
0.011088
0.007881
0.005704
0.005225
0.005098
0.004264
0.003331
0.001733
0.000617
0.000672
0.000742
-0.000821
-0.002377
-0.004496
-0.006630
-0.008135
-0.009273
-0.008965
-0.008652
-0.005998
-0.003080
-0.001265
0.000244
0.000228
0.000066
-0.001154
-0.003031
-0.004592
-0.005498
-0.004423
-0.001180
0.003403
0.008033
0.011840
0.013094
0.013469
0.012398
0.009681
0.007251
0.006173
0.005820
0.006459
0.008221
0.010036
0.012526
0.016305
0.021656
0.027722
0.032835
0.037370
0.040874
0.041713
0.039001
0.033220
0.023882
0.015386
0.008528
0.004463
0.001905
-0.000533
-0.003552
-0.007291
-0.010641
-0.012086
-0.011986
-0.009334
-0.003478
0.002002
0.006573
0.009944
0.011320
0.009938
0.008553
0.008705
0.008235
0.009339
0.010254
0.010378
0.009587
0.006075
0.000565
-0.004985
-0.011428
-0.016239
-0.020337
-0.023683
-0.026235
-0.027659
-0.028904
-0.027814
-0.025816
-0.023432
-0.021535
-0.020073
-0.020477
-0.022105
-0.025027
-0.028584
-0.033189
-0.038090
-0.042342
-0.045633
-0.047743
-0.048673
-0.046893
-0.041643
-0.033058
-0.020416
-0.007878
0.002804
0.010323
0.013819
0.015027
0.014331
0.011769
0.007240
0.002271
-0.003771
-0.008577
-0.012473
-0.013082
-0.012826
-0.012009
-0.010084
-0.007174
-0.003710
-0.000019
0.003866
0.008659
0.013401
0.016900
0.018386
0.018419
0.016877
0.016061
0.015542
0.015335
0.014261
0.012038
0.008758
0.005116
0.002629
0.000731
0.001486
0.003176
0.005437
0.009021
0.012109
0.014312
0.016403
0.018042
0.018009
0.017623
0.017379
0.017741
0.020122
0.023656
0.027575
0.031196
0.033845
0.036505
0.037322
0.036768
0.035493
0.032559
0.027074
0.021017
0.012961
0.005216
-0.000871
-0.004936
-0.004313
-0.000906
0.004502
0.010349
0.015240
0.018748
0.020627
0.020579
0.019381
0.015673
0.011183
0.006391
0.001419
-0.002854
-0.006502
-0.008927
-0.009407
-0.011143
-0.011540
-0.011850
-0.012336
-0.013173
-0.012944
-0.013932
-0.014722
-0.014483
-0.014228
-0.014324
-0.013146
-0.011614
-0.011508
-0.010842
-0.009790
-0.008979
-0.009222
-0.010956
-0.013102
-0.017157
-0.020921
-0.024802
-0.027570
-0.027550
-0.025351
-0.019426
-0.012122
-0.004857
0.000681
0.006339
0.011558
0.016560
0.020803
0.024202
0.025146
0.023932
0.020761
0.014500
0.008046
0.002856
-0.002060
-0.005282
-0.007725
-0.008742
-0.010464
-0.010823
-0.011973
-0.014231
-0.016523
-0.019823
-0.023554
-0.027508
-0.031917
-0.033827
-0.034328
-0.033513
-0.030814
-0.025340
-0.020238
-0.013711
-0.006324
0.000804
0.007822
0.014130
0.017988
0.019214
0.018923
0.014806
0.009437
0.004240
0.000631
-0.002593
-0.003424
-0.000285
0.005217
0.012840
0.020237
0.024896
0.027127
0.026754
0.023774
0.019106
0.013732
0.009146
0.005394
0.003039
0.001660
0.002805
0.005319
0.008429
0.011447
0.014539
0.017004
0.019640
0.019847
0.017341
0.012987
0.005418
-0.004650
-0.014972
-0.022617
-0.027878
-0.031297
-0.032266
-0.029912
-0.027121
-0.023425
-0.019466
-0.015787
-0.012609
-0.009382
-0.006562
-0.006966
-0.010257
-0.015398
-0.021972
-0.027974
-0.032397
-0.034729
-0.035184
-0.034548
-0.031794
-0.026353
-0.021431
-0.016551
-0.014252
-0.014224
-0.015368
-0.015960
-0.017384
-0.017492
-0.014997
-0.012253
-0.008642
-0.003731
0.001378
0.005726
0.009396
0.012223
0.013459
0.012363
0.009219
0.006268
0.003133
0.000402
-0.001632
-0.001903
-0.002926
-0.004973
-0.005443
-0.004635
-0.001528
0.002076
0.004876
0.006856
0.008230
0.009406
0.009763
0.009811
0.008797
0.007770
0.006490
0.006346
0.006431
0.008809
0.011391
0.014138
0.016841
0.018974
0.019195
0.018225
0.016074
0.012081
0.006050
-0.000581
-0.006578
-0.012385
-0.016371
-0.020042
-0.021480
-0.022663
-0.021715
-0.019664
-0.017563
-0.016921
-0.015255
-0.014087
-0.015703
-0.015898
-0.016340
-0.016341
-0.013890
-0.011001
-0.006552
-0.000207
0.006249
0.012764
0.017294
0.019574
0.019707
0.019101
0.018871
0.018999
0.018744
0.019097
0.019359
0.019482
0.019038
0.017163
0.016262
0.016685
0.017998
0.018980
0.019474
0.018750
0.017523
0.016046
0.013966
0.011265
0.008284
0.005614
0.003051
0.001113
-0.001789
-0.002882
-0.001648
-0.000327
0.001255
0.003343
0.005942
0.006969
0.008030
0.008694
0.008130
0.006420
0.003553
0.000881
-0.001928
-0.004834
-0.006804
-0.008086
-0.008060
-0.008070
-0.009595
-0.012207
-0.014389
-0.016664
-0.017879
-0.018236
-0.018133
-0.016375
-0.013830
-0.010862
-0.007710
-0.005075
-0.003793
-0.002311
-0.001380
-0.001681
-0.000924
0.000620
0.002599
0.006613
0.010783
0.015297
0.020167
0.023795
0.026545
0.028394
0.029024
0.028240
0.026638
0.023831
0.018968
0.014851
0.010103
0.005318
0.002785
0.001612
0.001471
0.002088
0.003483
0.003350
0.002837
0.002021
0.000904
0.000119
-0.000450
-0.000482
-0.000496
-0.000726
-0.001054
-0.001543
-0.002780
-0.003885
-0.005050
-0.004567
-0.002497
-0.000278
0.001805
0.004480
0.006097
0.006763
0.006413
0.006038
0.004321
0.002600
0.000994
-0.001525
-0.004838
-0.007041
-0.008858
-0.010353
-0.012045
-0.013018
-0.013354
-0.013242
-0.011841
-0.010388
-0.008744
-0.006889
-0.005359
-0.003873
-0.001821
0.000228
0.000733
0.000087
-0.000931
-0.003061
-0.006349
-0.008694
-0.009842
-0.009898
-0.009741
-0.008475
-0.006506
-0.004038
-0.001172
0.002052
0.005672
0.008167
0.009590
0.010360
0.009905
0.009225
0.008924
0.008666
0.008083
0.006818
0.005510
0.004453
0.003648
0.003381
0.003428
0.003606
0.003471
0.003428
0.002716
0.001662
0.000570
-0.000292
-0.000928
-0.001260
-0.001310
-0.001127
-0.000512
0.000079
0.000734
0.001327
0.001740
0.002032
0.002278
0.002290
0.002231
0.001950
0.001611
0.001315
0.001025
0.000914
0.001030
0.001139
0.001271
0.001350
0.001349
0.001299
0.001257
0.001134
0.000993
0.000865
0.000715
0.000525
0.000293
0.000085
-0.000120
-0.000310
-0.000481
-0.000645
-0.000811
-0.000985
-0.001142
-0.001283
-0.001408
-0.001508
-0.001597
-0.001686
-0.001769
-0.001855
-0.001936
-0.002011
-0.002086
-0.002152
-0.002211
-0.002265
-0.002313
-0.002355
-0.002389
-0.002416
-0.002437
-0.002451
-0.002461
-0.002465
-0.002463
-0.002457
-0.002445
-0.002429
-0.002408
-0.002383
-0.002354
-0.002320
-0.002283
-0.002242
-0.002198
-0.002150
