0.000766
0.001190
0.001763
0.001785
0.001765
0.001748
0.001731
0.001714
0.001698
0.001684
0.001671
0.001658
0.001645
0.001633
0.001621
0.001607
0.001589
0.001568
0.001546
0.001524
0.001502
0.001484
0.001466
0.001451
0.001441
0.001432
0.001426
0.001424
0.001424
0.001421
0.001418
0.001411
0.001398
0.001379
0.001353
0.001325
0.001297
0.001272
0.001252
0.001240
0.001231
0.001217
0.001195
0.001162
0.001120
0.001070
0.001021
0.000982
0.000953
0.000927
0.000896
0.000858
0.000816
0.000772
0.000732
0.000706
0.000703
0.000712
0.000722
0.000734
0.000749
0.000761
0.000767
0.000772
0.000782
0.000798
0.000816
0.000831
0.000852
0.000877
0.000898
0.000918
0.000934
0.000936
0.000905
0.000832
0.000723
0.000586
0.000426
0.000242
0.000048
-0.000130
-0.000279
-0.000395
-0.000474
-0.000516
-0.000512
-0.000455
-0.000362
-0.000264
-0.000183
-0.000139
-0.000161
-0.000257
-0.000397
-0.000546
-0.000686
-0.000818
-0.000947
-0.001059
-0.001136
-0.001173
-0.001155
-0.001066
-0.000917
-0.000731
-0.000550
-0.000430
-0.000388
-0.000393
-0.000396
-0.000383
-0.000359
-0.000354
-0.000405
-0.000533
-0.000740
-0.000980
-0.001176
-0.001265
-0.001211
-0.001013
-0.000726
-0.000414
-0.000073
0.000295
0.000665
0.001013
0.001295
0.001440
0.001399
0.001181
0.000831
0.000393
-0.000065
-0.000456
-0.000695
-0.000736
-0.000587
-0.000290
0.000103
0.000562
0.001076
0.001622
0.002186
0.002753
0.003236
0.003508
0.003500
0.003276
0.002970
0.002691
0.002500
0.002379
0.002224
0.001929
0.001464
0.000872
0.000280
-0.000169
-0.000394
-0.000388
-0.000237
-0.000086
-0.000067
-0.000270
-0.000699
-0.001267
-0.001869
-0.002421
-0.002737
-0.002578
-0.001792
-0.000247
0.002173
0.005311
0.008536
0.011123
0.012763
0.013560
0.013727
0.013344
0.012359
0.010796
0.008818
0.006628
0.004415
0.002376
0.000631
-0.000889
-0.002373
-0.003942
-0.005515
-0.006911
-0.008004
-0.008708
-0.008924
-0.008586
-0.007758
-0.006618
-0.005372
-0.004234
-0.003482
-0.003283
-0.003557
-0.004112
-0.004668
-0.005005
-0.004973
-0.004483
-0.003635
-0.002629
-0.001656
-0.000915
-0.000610
-0.000871
-0.001651
-0.002788
-0.004127
-0.005531
-0.006828
-0.007895
-0.008720
-0.009263
-0.009550
-0.009671
-0.009626
-0.009333
-0.008735
-0.007826
-0.006632
-0.005275
-0.003980
-0.002943
-0.002140
-0.001367
-0.000426
0.000741
0.001970
0.002963
0.003468
0.003492
0.003318
0.003270
0.003650
0.004545
0.005724
0.006804
0.007344
0.007137
0.006366
0.005369
0.004388
0.003526
0.002790
0.002199
0.001855
0.001848
0.002314
0.003432
0.005114
0.007022
0.008771
0.010011
0.010481
0.010111
0.009111
0.007864
0.006799
0.006214
0.006106
0.006279
0.006558
0.006831
0.006972
0.006895
0.006517
0.005780
0.004754
0.003545
0.002312
0.001187
0.000218
-0.000496
-0.000933
-0.001152
-0.001056
-0.000540
0.000204
0.000878
0.001346
0.001693
0.002255
0.003266
0.004530
0.005551
0.005680
0.004414
0.001857
-0.001295
-0.004184
-0.006320
-0.007715
-0.008708
-0.010014
-0.012406
-0.016119
-0.020604
-0.024850
-0.027986
-0.029589
-0.029625
-0.028293
-0.025875
-0.022515
-0.018353
-0.013779
-0.009372
-0.005796
-0.003407
-0.002054
-0.001296
-0.000721
-0.000125
0.000577
0.001189
0.001209
0.000410
-0.000957
-0.002494
-0.003967
-0.005348
-0.006650
-0.007815
-0.008666
-0.009109
-0.009180
-0.008865
-0.008250
-0.007587
-0.007191
-0.007220
-0.007632
-0.008191
-0.008323
-0.007405
-0.005049
-0.001498
0.002234
0.005019
0.006076
0.005278
0.003184
0.000647
-0.001542
-0.002861
-0.003057
-0.002218
-0.000643
0.001440
0.003906
0.006727
0.009841
0.012782
0.014746
0.015171
0.013996
0.011730
0.009299
0.007512
0.006852
0.007358
0.008520
0.009732
0.010736
0.011654
0.012873
0.014542
0.016216
0.017100
0.016241
0.012883
0.007321
0.001389
-0.002564
-0.003548
-0.002447
-0.000937
-0.000569
-0.002028
-0.004727
-0.007480
-0.009097
-0.008788
-0.006570
-0.003078
0.001006
0.005371
0.009915
0.014137
0.017387
0.019165
0.018486
0.013959
0.004692
-0.008189
-0.020670
-0.028329
-0.030070
-0.028025
-0.024791
-0.021811
-0.019304
-0.016781
-0.013744
-0.010334
-0.007136
-0.004728
-0.003508
-0.003549
-0.004482
-0.005585
-0.006152
-0.005878
-0.004933
-0.003876
-0.003434
-0.004103
-0.005839
-0.007781
-0.008639
-0.007616
-0.004809
-0.001267
0.001444
0.002219
0.000892
-0.001823
-0.004868
-0.007721
-0.010635
-0.014418
-0.019562
-0.025216
-0.029621
-0.031013
-0.028191
-0.021543
-0.013348
-0.006106
-0.000623
0.003907
0.008384
0.012932
0.016962
0.019634
0.020137
0.017533
0.011203
0.002248
-0.006492
-0.012644
-0.015884
-0.017490
-0.018994
-0.021046
-0.023245
-0.024785
-0.024831
-0.022729
-0.018525
-0.013221
-0.008231
-0.004597
-0.002696
-0.002318
-0.002813
-0.003326
-0.003182
-0.002047
0.000083
0.003140
0.007056
0.011366
0.015530
0.019429
0.023177
0.026750
0.029914
0.032354
0.033558
0.032530
0.027394
0.017364
0.005863
-0.002066
-0.004741
-0.004105
-0.002907
-0.002589
-0.003316
-0.004837
-0.006846
-0.009045
-0.011094
-0.012478
-0.012760
-0.011811
-0.009737
-0.006796
-0.003228
0.000731
0.004730
0.008318
0.010977
0.012246
0.012013
0.010674
0.009072
0.008162
0.008382
0.009518
0.010982
0.011907
0.011674
0.010510
0.009144
0.008105
0.007338
0.006223
0.004063
0.000708
-0.003240
-0.006791
-0.009106
-0.009898
-0.009655
-0.009361
-0.009863
-0.011485
-0.013966
-0.016675
-0.018906
-0.020157
-0.020395
-0.019852
-0.018728
-0.017112
-0.014794
-0.011801
-0.009004
-0.007565
-0.008358
-0.011805
-0.017320
-0.022982
-0.026708
-0.027689
-0.026043
-0.022001
-0.016154
-0.009701
-0.004080
-0.000129
0.002257
0.003473
0.003875
0.003717
0.003160
0.002537
0.002255
0.002694
0.003882
0.005273
0.006144
0.005662
0.002840
-0.002610
-0.009086
-0.013864
-0.015225
-0.013281
-0.009348
-0.005240
-0.002512
-0.001560
-0.001590
-0.001608
-0.001246
-0.000740
-0.000726
-0.001661
-0.003543
-0.006157
-0.008933
-0.011098
-0.012202
-0.012214
-0.011386
-0.010158
-0.009027
-0.008367
-0.008208
-0.008290
-0.008149
-0.007459
-0.006196
-0.004550
-0.002857
-0.001389
-0.000167
0.001022
0.002432
0.004459
0.007629
0.012066
0.016806
0.020332
0.021406
0.019058
0.013446
0.006312
-0.000275
-0.005258
-0.008939
-0.011848
-0.013962
-0.014891
-0.013862
-0.010455
-0.005268
0.000303
0.004784
0.007228
0.007447
0.006091
0.004028
0.002022
0.000749
0.000455
0.001256
0.003327
0.006519
0.010310
0.013989
0.016868
0.018520
0.018535
0.016004
0.009384
-0.001266
-0.012008
-0.018489
-0.020374
-0.020112
-0.019820
-0.020452
-0.021690
-0.022564
-0.022583
-0.021844
-0.020809
-0.020125
-0.020385
-0.021949
-0.024360
-0.026435
-0.027347
-0.026525
-0.023525
-0.018455
-0.012307
-0.006857
-0.003231
-0.001266
-0.000083
0.001362
0.003636
0.006691
0.010094
0.013276
0.015603
0.016534
0.016270
0.015332
0.014043
0.012888
0.012309
0.012324
0.012977
0.014194
0.015350
0.016196
0.016891
0.017554
0.018430
0.019445
0.020218
0.020580
0.020574
0.020466
0.020672
0.021459
0.022954
0.025278
0.028457
0.032366
0.036915
0.042210
0.048903
0.058283
0.070700
0.084215
0.096325
0.106146
0.113869
0.120096
0.125698
0.131057
0.136065
0.140265
0.143312
0.145092
0.145277
0.143652
0.139669
0.132213
0.121541
0.110328
0.101867
0.097473
0.096061
0.096467
0.098470
0.102315
0.107728
0.112810
0.115879
0.116643
0.114743
0.109366
0.099325
0.084518
0.067400
0.051870
0.041291
0.036247
0.034320
0.032675
0.030127
0.026803
0.023267
0.019531
0.013936
0.004331
-0.009782
-0.026681
-0.044197
-0.061227
-0.077697
-0.094368
-0.111187
-0.126164
-0.137183
-0.143921
-0.148003
-0.151763
-0.156233
-0.161338
-0.167505
-0.175496
-0.185658
-0.197732
-0.210396
-0.222073
-0.232387
-0.241934
-0.251413
-0.260926
-0.270111
-0.279014
-0.287764
-0.295884
-0.302909
-0.308388
-0.312152
-0.314333
-0.314809
-0.313288
-0.309405
-0.303381
-0.295808
-0.286547
-0.274271
-0.257894
-0.239279
-0.222340
-0.210166
-0.202048
-0.192048
-0.173317
-0.143890
-0.108067
-0.071825
-0.037840
-0.005241
0.027672
0.062020
0.097799
0.133549
0.166176
0.190159
0.202008
0.204430
0.203106
0.201785
0.201400
0.202136
0.204174
0.208161
0.214226
0.220961
0.226650
0.230062
0.231631
0.232951
0.235088
0.239286
0.247238
0.259746
0.275362
0.289573
0.297905
0.299249
0.295216
0.288128
0.279023
0.267584
0.253205
0.236361
0.218278
0.199700
0.181244
0.163458
0.147192
0.133555
0.123327
0.116147
0.110967
0.107172
0.104339
0.102518
0.102000
0.102678
0.103953
0.105529
0.106982
0.107519
0.107045
0.105304
0.101861
0.096814
0.090221
0.082210
0.073466
0.065166
0.057791
0.050395
0.041924
0.032333
0.022362
0.012366
0.001840
-0.011269
-0.029024
-0.050252
-0.072265
-0.093538
-0.112178
-0.125484
-0.132375
-0.133058
-0.126355
-0.110725
-0.087829
-0.063257
-0.043810
-0.032890
-0.028556
-0.026862
-0.025392
-0.024463
-0.025777
-0.030402
-0.037694
-0.045768
-0.052990
-0.058301
-0.062322
-0.066167
-0.070383
-0.075382
-0.080834
-0.085881
-0.089917
-0.092723
-0.094262
-0.094602
-0.093625
-0.091203
-0.087101
-0.081023
-0.073423
-0.065775
-0.059084
-0.053511
-0.049181
-0.045936
-0.044016
-0.043654
-0.045416
-0.050868
-0.061112
-0.076811
-0.097186
-0.119593
-0.142030
-0.164141
-0.186233
-0.208796
-0.232068
-0.255591
-0.278305
-0.296625
-0.302907
-0.288894
-0.252404
-0.200895
-0.145373
-0.092111
-0.043807
-0.002789
0.031128
0.061417
0.091661
0.122159
0.149179
0.167403
0.175422
0.177415
0.178110
0.179780
0.182675
0.186051
0.189125
0.191905
0.194522
0.196793
0.198825
0.200459
0.201792
0.203407
0.205621
0.208584
0.211727
0.214006
0.214583
0.212792
0.208615
0.202207
0.193567
0.183218
0.171843
0.160233
0.149301
0.139656
0.131400
0.122909
0.111124
0.094239
0.073250
0.050764
0.028639
0.007242
-0.013805
-0.035253
-0.057157
-0.078614
-0.099065
-0.118797
-0.138316
-0.157834
-0.177378
-0.197017
-0.215816
-0.231536
-0.242210
-0.247461
-0.248450
-0.243368
-0.225877
-0.193246
-0.150725
-0.105991
-0.064007
-0.028889
-0.005968
0.003811
0.005260
0.002843
-0.001677
-0.007068
-0.011701
-0.014815
-0.016528
-0.017230
-0.017569
-0.018247
-0.020123
-0.024859
-0.033434
-0.044300
-0.054441
-0.060779
-0.062408
-0.061090
-0.057994
-0.053972
-0.050112
-0.046677
-0.043831
-0.041588
-0.040382
-0.040311
-0.040719
-0.041218
-0.041120
-0.039811
-0.037082
-0.033143
-0.028817
-0.025087
-0.022915
-0.023118
-0.026037
-0.031681
-0.039584
-0.049293
-0.060441
-0.072026
-0.083342
-0.094068
-0.104119
-0.113981
-0.123678
-0.132058
-0.138270
-0.142725
-0.145697
-0.147445
-0.148427
-0.148159
-0.146926
-0.145310
-0.143066
-0.139865
-0.132187
-0.114601
-0.085924
-0.050828
-0.015187
0.017898
0.045718
0.065262
0.077197
0.087151
0.100249
0.115465
0.127734
0.133846
0.133552
0.126013
0.110036
0.087662
0.062919
0.038302
0.014183
-0.009912
-0.033559
-0.053817
-0.066981
-0.073277
-0.075882
-0.077029
-0.076144
-0.069512
-0.053328
-0.028115
0.001283
0.030616
0.058396
0.085400
0.113164
0.141235
0.166108
0.184256
0.195752
0.202932
0.208559
0.214196
0.219709
0.225064
0.230032
0.234853
0.240562
0.246852
0.252529
0.256632
0.258726
0.258501
0.255037
0.246523
0.231549
0.211730
0.189889
0.168222
0.147287
0.126022
0.104372
0.083209
0.064756
0.050858
0.040436
0.030674
0.019492
0.007188
-0.004792
-0.014688
-0.022553
-0.030200
-0.038999
-0.050126
-0.064206
-0.080339
-0.096266
-0.109749
-0.119673
-0.126236
-0.129718
-0.129225
-0.121030
-0.102006
-0.076446
-0.054347
-0.042689
-0.039794
-0.039393
-0.037487
-0.033939
-0.030404
-0.028586
-0.029199
-0.031656
-0.035314
-0.039920
-0.044941
-0.049951
-0.054889
-0.059150
-0.062660
-0.066054
-0.069181
-0.072252
-0.075864
-0.079863
-0.084415
-0.089875
-0.095494
-0.100440
-0.104347
-0.107075
-0.108865
-0.109953
-0.110384
-0.110288
-0.109997
-0.109747
-0.109869
-0.110757
-0.112800
-0.116304
-0.121357
-0.127650
-0.134263
-0.139770
-0.143497
-0.146072
-0.147874
-0.148848
-0.149314
-0.149445
-0.149053
-0.147927
-0.145935
-0.143247
-0.139470
-0.134911
-0.130239
-0.125203
-0.120512
-0.116309
-0.111390
-0.104969
-0.096361
-0.084504
-0.069777
-0.053886
-0.038027
-0.022817
-0.007782
0.007806
0.023909
0.040065
0.055179
0.067880
0.077563
0.084720
0.090713
0.096563
0.102607
0.109217
0.116426
0.124941
0.135801
0.148540
0.162478
0.176903
0.191367
0.205750
0.219750
0.233088
0.244280
0.252528
0.258113
0.261354
0.262835
0.262573
0.259656
0.252216
0.239126
0.221195
0.200642
0.179736
0.159568
0.139609
0.119140
0.098066
0.076596
0.054982
0.033394
0.012255
-0.008932
-0.030055
-0.049478
-0.065248
-0.076960
-0.086574
-0.095699
-0.104404
-0.112221
-0.118594
-0.122240
-0.122266
-0.120050
-0.117233
-0.114855
-0.114012
-0.114662
-0.116199
-0.118393
-0.121350
-0.125230
-0.130702
-0.138386
-0.147885
-0.157474
-0.164991
-0.169605
-0.171602
-0.171946
-0.171600
-0.170826
-0.169774
-0.169087
-0.169480
-0.171279
-0.174822
-0.180182
-0.186589
-0.193014
-0.198072
-0.200814
-0.201483
-0.199350
-0.191990
-0.177371
-0.156353
-0.132569
-0.108823
-0.085993
-0.063677
-0.040558
-0.016432
0.006982
0.026272
0.038932
0.046536
0.053025
0.062407
0.077444
0.097184
0.118213
0.138035
0.154371
0.165521
0.172331
0.176544
0.179383
0.181425
0.182244
0.181601
0.179937
0.177978
0.176568
0.175923
0.175916
0.176551
0.177538
0.178553
0.179745
0.180981
0.182333
0.183840
0.185054
0.185741
0.185715
0.184805
0.182605
0.179014
0.173484
0.165571
0.156003
0.145095
0.133258
0.121377
0.109922
0.099606
0.090382
0.081669
0.073244
0.063925
0.052533
0.039030
0.024329
0.009830
-0.003289
-0.015033
-0.027150
-0.041676
-0.058441
-0.075906
-0.093336
-0.110216
-0.126565
-0.142824
-0.158020
-0.170675
-0.180462
-0.187372
-0.191689
-0.193976
-0.194095
-0.191172
-0.183202
-0.168900
-0.149378
-0.127475
-0.105774
-0.084536
-0.063076
-0.041310
-0.019050
0.003238
0.023289
0.039205
0.050805
0.058938
0.064741
0.068941
0.071424
0.071757
0.069790
0.065517
0.059170
0.051476
0.043780
0.036796
0.030879
0.026168
0.022387
0.019614
0.017593
0.016338
0.016055
0.016613
0.018050
0.020009
0.021920
0.023738
0.025777
0.027988
0.030187
0.032522
0.034860
0.036460
0.036929
0.036037
0.033432
0.029067
0.022584
0.013761
0.002883
-0.008766
-0.018894
-0.026135
-0.030897
-0.034339
-0.037452
-0.040348
-0.042786
-0.044885
-0.046807
-0.048697
-0.050828
-0.053688
-0.057258
-0.061253
-0.065739
-0.070649
-0.075427
-0.079541
-0.082783
-0.085079
-0.086553
-0.087148
-0.086554
-0.085009
-0.082299
-0.078017
-0.072429
-0.065072
-0.056321
-0.047511
-0.039261
-0.031912
-0.025630
-0.020270
-0.015069
-0.009790
-0.004520
0.001204
0.006950
0.011924
0.016203
0.020092
0.023584
0.026736
0.029553
0.032082
0.034252
0.035552
0.035886
0.034846
0.031676
0.025725
0.016061
0.002412
-0.013229
-0.027597
-0.039163
-0.048257
-0.055800
-0.062394
-0.067832
-0.071871
-0.074453
-0.075389
-0.074749
-0.072784
-0.069835
-0.066515
-0.063063
-0.059165
-0.054389
-0.048401
-0.040993
-0.032151
-0.022923
-0.015125
-0.009365
-0.005053
-0.001483
0.002021
0.005857
0.010328
0.015466
0.021097
0.027222
0.033601
0.039309
0.043893
0.047838
0.051124
0.053792
0.056106
0.057692
0.058483
0.058658
0.058253
0.057827
0.057571
0.057377
0.057551
0.058212
0.059277
0.060741
0.062284
0.063663
0.065030
0.066136
0.066654
0.066546
0.065597
0.063649
0.061139
0.058401
0.055497
0.052844
0.050296
0.047549
0.045052
0.042554
0.039488
0.035859
0.031333
0.026005
0.020749
0.015795
0.010958
0.006595
0.002619
-0.001593
-0.006062
-0.010893
-0.016418
-0.022279
-0.027952
-0.033273
-0.037940
-0.041974
-0.045562
-0.048724
-0.051409
-0.053140
-0.053513
-0.052449
-0.049949
-0.045307
-0.038117
-0.029172
-0.020161
-0.013131
-0.008786
-0.006595
-0.006134
-0.007447
-0.010518
-0.015177
-0.020835
-0.026556
-0.031445
-0.034866
-0.036711
-0.037175
-0.036377
-0.034223
-0.030060
-0.022809
-0.012466
-0.001331
0.007188
0.012091
0.014862
0.017062
0.019538
0.021943
0.023739
0.024581
0.024301
0.023122
0.021146
0.018704
0.016230
0.013964
0.011934
0.010042
0.008538
0.007764
0.007484
0.007355
0.007510
0.007870
0.008196
0.008408
0.008243
0.007797
0.007170
0.006639
0.006639
0.007180
0.008130
0.009491
0.011451
0.013621
0.015681
0.017612
0.019498
0.021535
0.023253
0.024296
0.024815
0.024834
0.024522
0.023868
0.022687
0.021130
0.019141
0.016848
0.014562
0.012064
0.009385
0.006991
0.004820
0.002705
0.001199
0.000471
0.000185
0.000747
0.002268
0.004664
0.008463
0.013393
0.018942
0.024813
0.030286
0.035058
0.039195
0.042876
0.046267
0.049339
0.052039
0.054410
0.056514
0.058315
0.059667
0.060550
0.061219
0.061579
0.061523
0.061261
0.060552
0.059390
0.058044
0.056257
0.054188
0.051897
0.049276
0.046408
0.043290
0.040352
0.037522
0.034444
0.031283
0.027924
0.024236
0.020604
0.017280
0.013880
0.010311
0.006495
0.002050
-0.002644
-0.007260
-0.012156
-0.016792
-0.020542
-0.024042
-0.027372
-0.030440
-0.033732
-0.037362
-0.041305
-0.045391
-0.049105
-0.052155
-0.054573
-0.056177
-0.057045
-0.057529
-0.057681
-0.057562
-0.057051
-0.056035
-0.054436
-0.052677
-0.050985
-0.049070
-0.047177
-0.045204
-0.042691
-0.039497
-0.035588
-0.030970
-0.026072
-0.021679
-0.018203
-0.015435
-0.013113
-0.010841
-0.008250
-0.005336
-0.002071
0.001518
0.005498
0.010161
0.015559
0.021759
0.029351
0.038196
0.047169
0.055662
0.063030
0.068724
0.072828
0.075730
0.077883
0.078979
0.078780
0.077208
0.074063
0.069559
0.063771
0.056631
0.048585
0.040423
0.032431
0.024651
0.017649
0.012217
0.008198
0.005337
0.003628
0.002612
0.002386
0.002807
0.003624
0.004652
0.005505
0.006033
0.005978
0.005432
0.004422
0.002881
0.001098
-0.000947
-0.003427
-0.006490
-0.010197
-0.014302
-0.018888
-0.024345
-0.030132
-0.035297
-0.039993
-0.044283
-0.048089
-0.051763
-0.055120
-0.058106
-0.060963
-0.063650
-0.066190
-0.068722
-0.071439
-0.074260
-0.077052
-0.080166
-0.083128
-0.085533
-0.087793
-0.089395
-0.090215
-0.090352
-0.089441
-0.087762
-0.085232
-0.081744
-0.077631
-0.072886
-0.067797
-0.062940
-0.058083
-0.052873
-0.047703
-0.042814
-0.037884
-0.032851
-0.028323
-0.024054
-0.019506
-0.015194
-0.011083
-0.007018
-0.003447
-0.000464
0.002112
0.004437
0.006616
0.008417
0.009819
0.011224
0.012460
0.013407
0.014464
0.015781
0.017723
0.020550
0.024133
0.028584
0.033550
0.038343
0.042471
0.045990
0.049188
0.052130
0.054957
0.057552
0.059736
0.061574
0.063140
0.064483
0.065752
0.066957
0.068161
0.069480
0.070795
0.071742
0.072039
0.071637
0.070417
0.068465
0.065966
0.063081
0.059564
0.055110
0.049977
0.044059
0.037447
0.030827
0.024554
0.018821
0.013638
0.008808
0.004177
-0.000277
-0.004477
-0.008461
-0.012159
-0.015642
-0.019096
-0.022561
-0.026144
-0.029795
-0.033503
-0.037302
-0.041037
-0.044745
-0.048137
-0.050892
-0.053275
-0.055233
-0.056702
-0.057845
-0.058647
-0.059182
-0.059394
-0.059420
-0.059276
-0.058911
-0.058574
-0.058306
-0.058056
-0.057358
-0.056076
-0.054256
-0.051761
-0.048924
-0.045821
-0.042115
-0.037647
-0.032479
-0.026925
-0.021774
-0.017439
-0.013591
-0.009968
-0.006371
-0.002878
0.000413
0.003495
0.006538
0.009747
0.013130
0.016562
0.019653
0.022275
0.024290
0.025802
0.026939
0.027738
0.028483
0.029325
0.030398
0.031856
0.033852
0.036298
0.038620
0.040802
0.042994
0.044631
0.045631
0.046027
0.045863
0.045311
0.044408
0.043307
0.042123
0.041110
0.040318
0.039727
0.039386
0.038988
0.038484
0.037863
0.036716
0.035117
0.033052
0.030284
0.026749
0.022750
0.019001
0.015843
0.013289
0.011248
0.009666
0.008332
0.007078
0.005803
0.004213
0.002195
-0.000053
-0.002417
-0.004977
-0.007538
-0.009951
-0.012105
-0.013865
-0.015588
-0.017309
-0.018964
-0.020951
-0.023326
-0.025898
-0.028665
-0.031445
-0.033873
-0.035865
-0.037288
-0.038109
-0.038494
-0.038505
-0.038062
-0.037383
-0.036724
-0.035975
-0.035240
-0.034602
-0.033843
-0.032790
-0.031569
-0.029864
-0.027348
-0.024213
-0.020372
-0.016055
-0.011631
-0.007319
-0.003618
-0.000587
0.002026
0.004243
0.006175
0.007877
0.009238
0.010259
0.011025
0.011543
0.011967
0.012452
0.012981
0.013778
0.014896
0.016181
0.017539
0.018803
0.020011
0.021108
0.021920
0.022296
0.022107
0.021502
0.020405
0.018719
0.016886
0.015094
0.013398
0.012075
0.011061
0.010339
0.009928
0.009678
0.009575
0.009565
0.009505
0.009658
0.010087
0.010581
0.011226
0.011919
0.012511
0.013048
0.013616
0.014155
0.014672
0.015351
0.016122
0.016707
0.016841
0.016482
0.015462
0.013580
0.010954
0.007539
0.003499
-0.000720
-0.004579
-0.007556
-0.009749
-0.011380
-0.012470
-0.013101
-0.013103
-0.012395
-0.011310
-0.010045
-0.008899
-0.008206
-0.007811
-0.007505
-0.007130
-0.006702
-0.006242
-0.005747
-0.005321
-0.005051
-0.005135
-0.005429
-0.005897
-0.006643
-0.007463
-0.008358
-0.009547
-0.011072
-0.012886
-0.014775
-0.016530
-0.018231
-0.019819
-0.021311
-0.022953
-0.024634
-0.026088
-0.027301
-0.028451
-0.029633
-0.030695
-0.031447
-0.031784
-0.031843
-0.031694
-0.031351
-0.030932
-0.030596
-0.030360
-0.030183
-0.029915
-0.029306
-0.028477
-0.027401
-0.025734
-0.023313
-0.020416
-0.017301
-0.014152
-0.011338
-0.009115
-0.007419
-0.006052
-0.005073
-0.004523
-0.004332
-0.004314
-0.003971
-0.003295
-0.002414
-0.001216
0.000149
0.001919
0.004173
0.006615
0.009218
0.011834
0.014114
0.015906
0.017455
0.018711
0.019571
0.020510
0.021555
0.022549
0.023771
0.025199
0.026791
0.028529
0.030282
0.032047
0.033778
0.035360
0.036736
0.037845
0.038508
0.038692
0.038446
0.037795
0.036933
0.036040
0.035114
0.034262
0.033736
0.033530
0.033497
0.033508
0.033439
0.033169
0.032769
0.032371
0.031880
0.031224
0.030629
0.030107
0.029506
0.028876
0.028218
0.027641
0.026993
0.025969
0.024659
0.023228
0.021574
0.019851
0.018268
0.016882
0.015913
0.015066
0.014204
0.013600
0.012857
0.011639
0.010169
0.008462
0.006616
0.004813
0.002960
0.001155
-0.000481
-0.002117
-0.003828
-0.005582
-0.007376
-0.009177
-0.010958
-0.012721
-0.014416
-0.016079
-0.017739
-0.019286
-0.020570
-0.021562
-0.022231
-0.022473
-0.022487
-0.022580
-0.022726
-0.022779
-0.022914
-0.023287
-0.023722
-0.023921
-0.023946
-0.023953
-0.023910
-0.023722
-0.023339
-0.022744
-0.021859
-0.020844
-0.019814
-0.018830
-0.017778
-0.016596
-0.015456
-0.014343
-0.013297
-0.012334
-0.011483
-0.010690
-0.010013
-0.009635
-0.009509
-0.009472
-0.009482
-0.009558
-0.009565
-0.009449
-0.009275
-0.008981
-0.008516
-0.008134
-0.007876
-0.007508
-0.007122
-0.006819
-0.006494
-0.006197
-0.006023
-0.005886
-0.005667
-0.005282
-0.004794
-0.004478
-0.004386
-0.004419
-0.004732
-0.005249
-0.005771
-0.006371
-0.007239
-0.008352
-0.009355
-0.010255
-0.011162
-0.011824
-0.012195
-0.012378
-0.012334
-0.012138
-0.011892
-0.011552
-0.011181
-0.010882
-0.010488
-0.009759
-0.008789
-0.007663
-0.006364
-0.005014
-0.003700
-0.002709
-0.002237
-0.002252
-0.002656
-0.003186
-0.003696
-0.004114
-0.004340
-0.004429
-0.004553
-0.004722
-0.005149
-0.005867
-0.006746
-0.007881
-0.009194
-0.010473
-0.011556
-0.012495
-0.013142
-0.013467
-0.013522
-0.013154
-0.012567
-0.011841
-0.010979
-0.010032
-0.008943
-0.007770
-0.006554
-0.005246
-0.003810
-0.002462
-0.001304
-0.000265
0.000690
0.001606
0.002442
0.003161
0.003605
0.003837
0.004081
0.004380
0.004804
0.005459
0.006453
0.007690
0.009030
0.010353
0.011457
0.012357
0.012900
0.012977
0.012891
0.012759
0.012773
0.013049
0.013500
0.014054
0.014679
0.015388
0.015797
0.015544
0.014522
0.012897
0.010860
0.008230
0.005205
0.002239
-0.000289
-0.002263
-0.003878
-0.005161
-0.006057
-0.006424
-0.006289
-0.005971
-0.005592
-0.005121
-0.004594
-0.003987
-0.003540
-0.003412
-0.003417
-0.003451
-0.003315
-0.003020
-0.002609
-0.001859
-0.000764
0.000502
0.001757
0.002931
0.003940
0.004469
0.004329
0.003514
0.002176
0.000516
-0.001354
-0.003129
-0.004632
-0.005999
-0.007081
-0.007573
-0.007457
-0.006770
-0.005535
-0.003934
-0.002239
-0.000489
0.001300
0.002893
0.004308
0.005694
0.007024
0.008459
0.010047
0.011548
0.012852
0.014047
0.015238
0.016164
0.016605
0.016675
0.016354
0.015684
0.014769
0.013758
0.012868
0.012047
0.011244
0.010472
0.009714
0.008979
0.008395
0.008167
0.008198
0.008243
0.008287
0.008398
0.008529
0.008389
0.007783
0.006719
0.005208
0.003603
0.002153
0.000934
0.000118
-0.000254
-0.000164
0.000302
0.000830
0.001114
0.001048
0.000530
-0.000488
-0.001721
-0.002911
-0.004073
-0.005195
-0.006136
-0.006695
-0.006798
-0.006608
-0.006216
-0.005790
-0.005548
-0.005432
-0.005445
-0.005677
-0.006182
-0.007003
-0.008017
-0.009024
-0.010043
-0.011109
-0.012143
-0.013066
-0.013752
-0.014059
-0.013907
-0.013353
-0.012365
-0.010987
-0.009415
-0.007670
-0.005824
-0.004103
-0.002761
-0.001868
-0.001251
-0.000727
-0.000120
0.000697
0.001784
0.003196
0.004884
0.006715
0.008559
0.010390
0.012362
0.014422
0.016405
0.018158
0.019469
0.020380
0.021061
0.021617
0.022011
0.022306
0.022600
0.022789
0.022926
0.023074
0.023156
0.023202
0.023184
0.023101
0.022991
0.022812
0.022518
0.022032
0.021298
0.020345
0.019259
0.018134
0.017025
0.015828
0.014634
0.013548
0.012478
0.011276
0.009785
0.008135
0.006472
0.004847
0.003262
0.001807
0.000496
-0.000758
-0.001765
-0.002654
-0.003572
-0.004419
-0.005185
-0.005932
-0.006707
-0.007494
-0.008370
-0.009313
-0.010254
-0.011198
-0.012141
-0.012952
-0.013542
-0.014007
-0.014369
-0.014329
-0.013946
-0.013671
-0.013457
-0.013282
-0.013028
-0.012478
-0.011846
-0.011066
-0.010034
-0.008827
-0.007375
-0.005649
-0.003849
-0.002252
-0.000856
0.000436
0.001593
0.002444
0.002887
0.003031
0.002934
0.002547
0.001962
0.001251
0.000481
-0.000146
-0.000505
-0.000425
0.000083
0.000856
0.001943
0.003321
0.004755
0.006166
0.007613
0.008886
0.009884
0.010685
0.011292
0.011599
0.011781
0.012171
0.012620
0.013058
0.013463
0.013804
0.014361
0.014979
0.015082
0.014572
0.013667
0.012534
0.011297
0.009948
0.008578
0.007414
0.006474
0.005854
0.005593
0.005545
0.005815
0.006287
0.006658
0.006816
0.006768
0.006577
0.006231
0.005647
0.005005
0.004449
0.003924
0.003529
0.003290
0.003122
0.002986
0.002741
0.002212
0.001387
0.000218
-0.001286
-0.003011
-0.004949
-0.007014
-0.009068
-0.011029
-0.012831
-0.014405
-0.015689
-0.016694
-0.017599
-0.018487
-0.019255
-0.019810
-0.020157
-0.020496
-0.020863
-0.021043
-0.021083
-0.021100
-0.021100
-0.021098
-0.021124
-0.021233
-0.021378
-0.021706
-0.022408
-0.023267
-0.024101
-0.024891
-0.025556
-0.026081
-0.026500
-0.026849
-0.027137
-0.027161
-0.026814
-0.026326
-0.025878
-0.025407
-0.024844
-0.024132
-0.023186
-0.021938
-0.020290
-0.018285
-0.016120
-0.013949
-0.011809
-0.009830
-0.008086
-0.006573
-0.005185
-0.003888
-0.002865
-0.002075
-0.001413
-0.000843
-0.000307
0.000172
0.000392
0.000420
0.000435
0.000414
0.000366
0.000141
-0.000265
-0.000675
-0.001041
-0.001279
-0.001265
-0.001050
-0.000651
0.000007
0.000763
0.001557
0.002356
0.003176
0.004122
0.005178
0.006527
0.008252
0.010186
0.011988
0.013542
0.015057
0.016407
0.017387
0.017869
0.017740
0.017072
0.015921
0.014531
0.013197
0.011951
0.010827
0.009840
0.009084
0.008694
0.008730
0.009207
0.009936
0.010681
0.011386
0.012040
0.012568
0.012847
0.012775
0.012380
0.011672
0.010809
0.009782
0.008408
0.006818
0.005076
0.003301
0.001571
-0.000041
-0.001423
-0.002654
-0.003809
-0.004962
-0.006186
-0.007636
-0.009312
-0.011046
-0.012713
-0.014140
-0.015238
-0.016085
-0.016607
-0.016611
-0.015998
-0.014689
-0.012908
-0.010935
-0.008792
-0.006588
-0.004564
-0.002854
-0.001441
-0.000278
0.000536
0.001024
0.001321
0.001408
0.001313
0.000948
0.000189
-0.000858
-0.002001
-0.003140
-0.004294
-0.005391
-0.006227
-0.006768
-0.006962
-0.006668
-0.005990
-0.004937
-0.003567
-0.002135
-0.000686
0.000865
0.002550
0.004165
0.005450
0.006389
0.007035
0.007496
0.007877
0.008229
0.008621
0.009207
0.010065
0.011029
0.012066
0.013177
0.014294
0.015402
0.016410
0.017317
0.018136
0.018865
0.019517
0.019967
0.020194
0.020240
0.020134
0.019987
0.019809
0.019557
0.019259
0.019001
0.018791
0.018476
0.017973
0.017286
0.016299
0.014785
0.012682
0.010216
0.007684
0.005236
0.002882
0.000779
-0.000898
-0.002192
-0.003193
-0.003897
-0.004199
-0.003972
-0.003261
-0.002228
-0.001019
0.000176
0.001139
0.001756
0.002033
0.001985
0.001706
0.001376
0.001108
0.000894
0.000701
0.000472
0.000062
-0.000600
-0.001564
-0.002901
-0.004656
-0.006859
-0.009242
-0.011434
-0.013333
-0.014904
-0.016147
-0.017006
-0.017460
-0.017480
-0.017040
-0.016283
-0.015243
-0.013937
-0.012361
-0.010563
-0.008786
-0.007144
-0.005550
-0.004043
-0.002631
-0.001176
0.000298
0.001779
0.003340
0.004887
0.006276
0.007439
0.008336
0.008994
0.009449
0.009691
0.009631
0.009276
0.008787
0.008256
0.007671
0.007200
0.007032
0.007197
0.007779
0.008693
0.009783
0.010931
0.012023
0.013200
0.014504
0.015742
0.016744
0.017419
0.017838
0.018047
0.018191
0.018426
0.018727
0.019119
0.019577
0.020016
0.020348
0.020482
0.020223
0.019299
0.017657
0.015463
0.012881
0.010033
0.007155
0.004576
0.002441
0.000641
-0.000813
-0.001958
-0.002984
-0.003857
-0.004556
-0.005171
-0.005606
-0.005731
-0.005512
-0.005033
-0.004415
-0.003711
-0.003081
-0.002645
-0.002408
-0.002372
-0.002576
-0.003151
-0.004142
-0.005509
-0.007142
-0.008833
-0.010543
-0.012213
-0.013757
-0.015130
-0.016296
-0.017399
-0.018375
-0.019239
-0.020177
-0.021069
-0.021771
-0.022178
-0.022322
-0.022380
-0.022404
-0.022353
-0.022143
-0.021655
-0.020826
-0.019798
-0.018767
-0.017761
-0.016819
-0.015948
-0.015135
-0.014505
-0.014099
-0.013799
-0.013665
-0.013660
-0.013657
-0.013696
-0.013665
-0.013448
-0.013011
-0.012289
-0.011260
-0.010039
-0.008762
-0.007462
-0.006240
-0.005069
-0.003824
-0.002686
-0.001837
-0.001129
-0.000421
0.000204
0.000644
0.000952
0.001218
0.001380
0.001257
0.000855
0.000302
-0.000402
-0.001127
-0.001689
-0.002024
-0.002141
-0.002126
-0.001988
-0.001634
-0.001029
-0.000098
0.001069
0.002298
0.003614
0.004998
0.006389
0.007792
0.009255
0.010628
0.011752
0.012543
0.012902
0.012942
0.012826
0.012496
0.011882
0.010982
0.009767
0.008289
0.006514
0.004462
0.002300
0.000175
-0.001752
-0.003398
-0.004755
-0.005783
-0.006375
-0.006441
-0.006113
-0.005676
-0.005188
-0.004543
-0.003836
-0.003191
-0.002629
-0.002300
-0.002213
-0.002188
-0.002174
-0.002121
-0.001983
-0.001779
-0.001515
-0.001292
-0.001325
-0.001654
-0.002186
-0.002862
-0.003682
-0.004658
-0.005587
-0.006210
-0.006325
-0.006013
-0.005417
-0.004521
-0.003432
-0.002285
-0.001213
-0.000287
0.000438
0.000858
0.001035
0.001076
0.000966
0.000868
0.001019
0.001520
0.002361
0.003514
0.004922
0.006314
0.007455
0.008317
0.008998
0.009551
0.009992
0.010371
0.010775
0.011264
0.011811
0.012420
0.012922
0.013136
0.013147
0.012870
0.012242
0.011252
0.009883
0.008279
0.006434
0.004454
0.002632
0.001120
-0.000053
-0.001022
-0.001851
-0.002561
-0.003274
-0.003894
-0.004277
-0.004455
-0.004551
-0.004687
-0.004716
-0.004446
-0.003861
-0.003041
-0.002134
-0.001304
-0.000618
-0.000061
0.000345
0.000560
0.000593
0.000560
0.000434
0.000154
-0.000230
-0.000650
-0.001021
-0.001424
-0.001952
-0.002634
-0.003734
-0.005243
-0.006657
-0.007821
-0.008908
-0.009772
-0.010292
-0.010645
-0.010701
-0.010427
-0.010017
-0.009445
-0.008886
-0.008474
-0.008121
-0.007770
-0.007453
-0.007251
-0.007069
-0.006686
-0.006059
-0.005397
-0.004823
-0.004273
-0.003652
-0.003021
-0.002525
-0.002169
-0.001842
-0.001389
-0.000884
-0.000465
-0.000159
-0.000068
-0.000095
-0.000283
-0.000696
-0.001209
-0.001797
-0.002325
-0.002845
-0.003356
-0.003651
-0.003744
-0.003620
-0.003213
-0.002669
-0.002123
-0.001677
-0.001399
-0.001239
-0.001336
-0.001828
-0.002537
-0.003367
-0.004346
-0.005210
-0.005715
-0.005866
-0.005621
-0.005033
-0.004179
-0.003178
-0.002287
-0.001580
-0.001157
-0.001026
-0.001002
-0.001106
-0.001389
-0.001638
-0.001579
-0.001233
-0.000618
0.000230
0.001133
0.002118
0.003251
0.004432
0.005589
0.006644
0.007557
0.008305
0.008853
0.009275
0.009465
0.009441
0.009397
0.009278
0.009005
0.008455
0.007690
0.006904
0.006042
0.005135
0.004321
0.003600
0.002938
0.002286
0.001567
0.000876
0.000266
-0.000372
-0.000988
-0.001493
-0.001827
-0.001835
-0.001431
-0.000646
0.000552
0.002131
0.004025
0.006110
0.008168
0.010001
0.011488
0.012732
0.013864
0.014786
0.015392
0.015753
0.015859
0.015732
0.015393
0.014802
0.014096
0.013461
0.013066
0.012850
0.012650
0.012501
0.012489
0.012592
0.012712
0.012895
0.013121
0.013203
0.013170
0.012921
0.012277
0.011405
0.010457
0.009445
0.008448
0.007561
0.006679
0.005744
0.004706
0.003496
0.002147
0.000740
-0.000547
-0.001721
-0.002916
-0.004236
-0.005621
-0.006926
-0.008101
-0.009167
-0.010312
-0.011542
-0.012746
-0.013959
-0.015119
-0.016121
-0.016938
-0.017538
-0.017858
-0.017877
-0.017561
-0.016866
-0.015943
-0.015038
-0.014093
-0.013097
-0.012099
-0.011087
-0.010234
-0.009521
-0.008976
-0.008627
-0.008331
-0.008193
-0.008249
-0.008326
-0.008393
-0.008582
-0.008932
-0.009420
-0.009991
-0.010519
-0.010956
-0.011360
-0.011790
-0.012055
-0.012001
-0.011618
-0.010914
-0.010022
-0.008940
-0.007745
-0.006504
-0.005265
-0.004116
-0.003049
-0.002205
-0.001391
-0.000417
0.000657
0.001868
0.003204
0.004552
0.005858
0.007156
0.008210
0.008943
0.009449
0.009729
0.009851
0.009765
0.009595
0.009478
0.009364
0.009304
0.009225
0.009168
0.009274
0.009554
0.009896
0.010081
0.010174
0.010203
0.010165
0.010204
0.010094
0.009693
0.009134
0.008272
0.007113
0.005816
0.004377
0.002817
0.001244
-0.000134
-0.001310
-0.002324
-0.003308
-0.004270
-0.004905
-0.005231
-0.005490
-0.005827
-0.006128
-0.006320
-0.006548
-0.006862
-0.007284
-0.007680
-0.008002
-0.008415
-0.008888
-0.009300
-0.009669
-0.010021
-0.010236
-0.010404
-0.010610
-0.010665
-0.010509
-0.010285
-0.010027
-0.009717
-0.009412
-0.009025
-0.008564
-0.008086
-0.007635
-0.007378
-0.007308
-0.007305
-0.007379
-0.007554
-0.007628
-0.007380
-0.006800
-0.005929
-0.004968
-0.004079
-0.003384
-0.003075
-0.002969
-0.003075
-0.003512
-0.004053
-0.004483
-0.004589
-0.004203
-0.003362
-0.002253
-0.000996
0.000419
0.001930
0.003280
0.004293
0.005034
0.005663
0.006185
0.006576
0.006924
0.007371
0.007982
0.008559
0.009056
0.009540
0.009949
0.010290
0.010486
0.010531
0.010559
0.010624
0.010777
0.011074
0.011428
0.011714
0.011823
0.011700
0.011385
0.010987
0.010616
0.010274
0.010002
0.009893
0.009953
0.010188
0.010512
0.010723
0.010811
0.010802
0.010745
0.010757
0.010818
0.010773
0.010579
0.010220
0.009692
0.009157
0.008568
0.007910
0.007305
0.006683
0.005931
0.004973
0.003811
0.002569
0.001352
0.000216
-0.000760
-0.001543
-0.002158
-0.002754
-0.003333
-0.003689
-0.003814
-0.003790
-0.003744
-0.003870
-0.004230
-0.004673
-0.005074
-0.005344
-0.005467
-0.005470
-0.005319
-0.005007
-0.004433
-0.003696
-0.002922
-0.002222
-0.001790
-0.001454
-0.001034
-0.000617
-0.000279
-0.000052
0.000021
-0.000177
-0.000668
-0.001283
-0.001816
-0.002276
-0.002788
-0.003445
-0.004185
-0.004811
-0.005299
-0.005623
-0.005828
-0.006083
-0.006316
-0.006411
-0.006351
-0.006136
-0.005840
-0.005436
-0.004916
-0.004272
-0.003478
-0.002737
-0.002088
-0.001319
-0.000424
0.000405
0.001007
0.001412
0.001689
0.001846
0.002015
0.002132
0.002168
0.002163
0.001916
0.001428
0.000663
-0.000390
-0.001410
-0.002397
-0.003427
-0.004275
-0.004856
-0.005217
-0.005440
-0.005680
-0.006057
-0.006547
-0.007192
-0.007951
-0.008662
-0.009379
-0.010095
-0.010786
-0.011588
-0.012475
-0.013398
-0.014347
-0.015238
-0.015993
-0.016559
-0.016963
-0.017141
-0.017099
-0.016885
-0.016486
-0.015973
-0.015308
-0.014631
-0.014105
-0.013605
-0.013205
-0.013010
-0.012904
-0.012913
-0.013027
-0.013278
-0.013665
-0.014036
-0.014417
-0.014625
-0.014482
-0.014105
-0.013537
-0.012885
-0.012248
-0.011542
-0.010766
-0.009906
-0.008894
-0.007823
-0.006687
-0.005417
-0.004126
-0.003027
-0.002137
-0.001268
-0.000301
0.000865
0.002162
0.003423
0.004625
0.005650
0.006468
0.007121
0.007621
0.007992
0.008269
0.008541
0.008886
0.009332
0.009808
0.010286
0.010801
0.011299
0.011705
0.012066
0.012365
0.012564
0.012653
0.012473
0.012022
0.011510
0.010868
0.010115
0.009506
0.008981
0.008448
0.008052
0.007806
0.007639
0.007529
0.007400
0.007243
0.007056
0.006798
0.006479
0.006209
0.006002
0.005812
0.005670
0.005513
0.005313
0.005124
0.004893
0.004579
0.004181
0.003716
0.003248
0.002826
0.002551
0.002501
0.002646
0.002862
0.002980
0.002880
0.002609
0.002239
0.001776
0.001383
0.001042
0.000596
0.000096
-0.000450
-0.000990
-0.001405
-0.001780
-0.002063
-0.002169
-0.002203
-0.002063
-0.001662
-0.001041
-0.000197
0.000758
0.001763
0.002748
0.003677
0.004654
0.005655
0.006726
0.007912
0.009112
0.010239
0.011276
0.012146
0.012717
0.012986
0.013054
0.013041
0.012980
0.012855
0.012557
0.012103
0.011617
0.011048
0.010353
0.009640
0.008919
0.008137
0.007282
0.006242
0.005091
0.004065
0.003136
0.002371
0.001829
0.001399
0.001141
0.001076
0.001181
0.001559
0.002266
0.003173
0.004038
0.004681
0.005185
0.005656
0.006099
0.006421
0.006561
0.006480
0.006142
0.005650
0.005139
0.004692
0.004199
0.003579
0.002789
0.001819
0.000839
-0.000048
-0.000849
-0.001505
-0.001938
-0.002290
-0.002750
-0.003151
-0.003159
-0.002773
-0.002260
-0.001850
-0.001658
-0.001647
-0.001692
-0.001699
-0.001662
-0.001624
-0.001634
-0.001669
-0.001645
-0.001593
-0.001600
-0.001613
-0.001615
-0.001678
-0.001735
-0.001862
-0.002181
-0.002515
-0.002899
-0.003413
-0.003924
-0.004335
-0.004544
-0.004608
-0.004627
-0.004618
-0.004605
-0.004543
-0.004417
-0.004319
-0.004350
-0.004534
-0.004875
-0.005408
-0.006108
-0.006945
-0.007868
-0.008731
-0.009469
-0.010026
-0.010372
-0.010660
-0.010899
-0.011107
-0.011294
-0.011400
-0.011558
-0.011849
-0.012223
-0.012514
-0.012543
-0.012399
-0.012170
-0.011720
-0.011000
-0.010106
-0.009188
-0.008350
-0.007683
-0.007249
-0.006981
-0.006820
-0.006668
-0.006547
-0.006570
-0.006709
-0.006902
-0.007229
-0.007633
-0.007996
-0.008485
-0.009074
-0.009615
-0.010102
-0.010389
-0.010467
-0.010317
-0.009917
-0.009405
-0.008663
-0.007674
-0.006481
-0.005032
-0.003441
-0.001696
0.000062
0.001657
0.002978
0.003757
0.004043
0.003991
0.003695
0.003278
0.002809
0.002288
0.001873
0.001824
0.002195
0.002889
0.003755
0.004849
0.006090
0.007227
0.008278
0.009250
0.009986
0.010476
0.010940
0.011363
0.011614
0.011697
0.011667
0.011684
0.011761
0.011734
0.011608
0.011436
0.011293
0.011287
0.011287
0.011255
0.011203
0.011026
0.010776
0.010470
0.010057
0.009558
0.008972
0.008344
0.007780
0.007351
0.007205
0.007355
0.007580
0.007716
0.007736
0.007659
0.007573
0.007484
0.007348
0.007248
0.007205
0.007234
0.007295
0.007251
0.007115
0.006918
0.006643
0.006293
0.005821
0.005212
0.004559
0.003922
0.003245
0.002527
0.001890
0.001403
0.001064
0.000874
0.000816
0.000900
0.001070
0.001282
0.001652
0.002142
0.002632
0.003151
0.003615
0.003981
0.004187
0.004138
0.003980
0.003745
0.003387
0.003010
0.002635
0.002289
0.002063
0.001967
0.001997
0.002098
0.002156
0.002222
0.002431
0.002704
0.002912
0.002921
0.002707
0.002362
0.001899
0.001383
0.000935
0.000593
0.000276
-0.000100
-0.000522
-0.000902
-0.001210
-0.001586
-0.002294
-0.003398
-0.004577
-0.005608
-0.006479
-0.007248
-0.008034
-0.008701
-0.009119
-0.009343
-0.009386
-0.009295
-0.009033
-0.008598
-0.008130
-0.007520
-0.006668
-0.005719
-0.004836
-0.004157
-0.003827
-0.003834
-0.004019
-0.004302
-0.004643
-0.005069
-0.005565
-0.005937
-0.005834
-0.005224
-0.004472
-0.003698
-0.002773
-0.001840
-0.001009
-0.000191
0.000510
0.001031
0.001374
0.001456
0.001261
0.000793
0.000042
-0.000973
-0.002127
-0.003216
-0.004252
-0.005297
-0.006286
-0.007161
-0.007878
-0.008475
-0.008946
-0.009273
-0.009444
-0.009482
-0.009477
-0.009440
-0.009388
-0.009304
-0.009155
-0.008970
-0.008615
-0.008131
-0.007489
-0.006454
-0.005265
-0.004051
-0.002971
-0.002260
-0.001601
-0.000811
0.000001
0.000860
0.001894
0.003064
0.004209
0.005442
0.006710
0.007941
0.009334
0.010622
0.011581
0.012319
0.012829
0.013046
0.013022
0.012945
0.012756
0.012370
0.011896
0.011306
0.010634
0.009955
0.009246
0.008558
0.007953
0.007472
0.006958
0.006365
0.005818
0.005271
0.004721
0.004154
0.003586
0.003088
0.002609
0.002139
0.001747
0.001448
0.001194
0.000992
0.000756
0.000361
-0.000114
-0.000745
-0.001518
-0.002294
-0.003087
-0.003943
-0.004804
-0.005458
-0.005804
-0.005860
-0.005621
-0.005023
-0.004132
-0.003045
-0.001936
-0.000956
0.000054
0.001076
0.002047
0.003072
0.004078
0.004904
0.005409
0.005592
0.005469
0.005201
0.005004
0.004713
0.004391
0.004145
0.003865
0.003600
0.003340
0.003012
0.002733
0.002532
0.002285
0.001857
0.001236
0.000579
-0.000163
-0.000896
-0.001458
-0.002060
-0.002737
-0.003337
-0.003788
-0.003998
-0.004061
-0.004030
-0.003870
-0.003633
-0.003187
-0.002533
-0.001745
-0.000807
0.000232
0.001276
0.002221
0.003124
0.004013
0.004712
0.005201
0.005518
0.005555
0.005450
0.005302
0.004913
0.004342
0.003680
0.002869
0.002055
0.001273
0.000415
-0.000456
-0.001416
-0.002500
-0.003580
-0.004620
-0.005476
-0.005831
-0.005521
-0.004598
-0.003162
-0.001521
0.000090
0.001682
0.003164
0.004294
0.004922
0.005079
0.004813
0.004221
0.003377
0.002343
0.001287
0.000232
-0.000860
-0.001948
-0.003086
-0.004263
-0.005360
-0.006193
-0.006640
-0.006740
-0.006607
-0.006323
-0.005695
-0.004616
-0.003363
-0.002022
-0.000711
0.000301
0.001030
0.001524
0.001723
0.001653
0.001471
0.001197
0.000739
0.000302
-0.000066
-0.000536
-0.000972
-0.001327
-0.001585
-0.001737
-0.001847
-0.001849
-0.001716
-0.001484
-0.001172
-0.000756
-0.000242
0.000269
0.000810
0.001423
0.002048
0.002593
0.002893
0.003006
0.003053
0.003021
0.002786
0.002415
0.001999
0.001385
0.000636
-0.000195
-0.001114
-0.001919
-0.002508
-0.002897
-0.002999
-0.002773
-0.002331
-0.001796
-0.001157
-0.000486
0.000091
0.000498
0.000689
0.000561
0.000181
-0.000270
-0.000852
-0.001522
-0.002037
-0.002156
-0.001866
-0.001244
-0.000303
0.000888
0.002156
0.003473
0.004740
0.005701
0.006396
0.006931
0.007347
0.007649
0.007832
0.007980
0.008162
0.008253
0.008347
0.008577
0.008661
0.008545
0.008199
0.007528
0.006644
0.005634
0.004510
0.003260
0.002021
0.000799
-0.000425
-0.001536
-0.002574
-0.003375
-0.003885
-0.004193
-0.004325
-0.004408
-0.004416
-0.004218
-0.003819
-0.003470
-0.003195
-0.002843
-0.002589
-0.002455
-0.002377
-0.002373
-0.002373
-0.002566
-0.002965
-0.003305
-0.003653
-0.004097
-0.004609
-0.005013
-0.005204
-0.005290
-0.005152
-0.004763
-0.004153
-0.003447
-0.002957
-0.002642
-0.002363
-0.002204
-0.002071
-0.001722
-0.001125
-0.000531
-0.000062
0.000401
0.000827
0.001176
0.001576
0.001987
0.001954
0.001521
0.001095
0.000701
0.000488
0.000645
0.001135
0.001862
0.002735
0.003732
0.004738
0.005682
0.006598
0.007306
0.007656
0.007756
0.007618
0.007163
0.006550
0.005733
0.004750
0.003836
0.002998
0.002279
0.001636
0.001014
0.000449
-0.000102
-0.000536
-0.000724
-0.000684
-0.000328
0.000418
0.001503
0.002842
0.004241
0.005599
0.006859
0.007884
0.008733
0.009344
0.009636
0.009720
0.009619
0.009258
0.008665
0.007993
0.007256
0.006509
0.005776
0.004987
0.004169
0.003310
0.002515
0.001892
0.001285
0.000632
-0.000068
-0.000868
-0.001626
-0.002194
-0.002662
-0.003115
-0.003665
-0.004385
-0.005070
-0.005626
-0.005987
-0.006264
-0.006639
-0.006957
-0.007228
-0.007414
-0.007541
-0.007957
-0.008533
-0.009119
-0.009743
-0.010265
-0.010738
-0.011258
-0.011645
-0.011701
-0.011531
-0.011316
-0.011241
-0.011417
-0.011784
-0.012096
-0.012254
-0.012321
-0.012246
-0.012162
-0.012060
-0.011944
-0.011740
-0.011190
-0.010457
-0.009719
-0.008952
-0.008225
-0.007600
-0.007046
-0.006583
-0.006233
-0.005892
-0.005477
-0.005013
-0.004479
-0.003849
-0.003197
-0.002648
-0.002094
-0.001505
-0.001057
-0.000777
-0.000636
-0.000638
-0.000785
-0.000922
-0.000952
-0.000860
-0.000606
-0.000164
0.000397
0.000997
0.001779
0.002830
0.004077
0.005540
0.007027
0.008330
0.009588
0.010727
0.011685
0.012445
0.012915
0.013195
0.013223
0.013041
0.012792
0.012486
0.012200
0.011868
0.011319
0.010586
0.009813
0.008985
0.008153
0.007318
0.006476
0.005712
0.005039
0.004525
0.004168
0.004005
0.004052
0.004208
0.004411
0.004712
0.005160
0.005610
0.005860
0.005866
0.005634
0.005206
0.004674
0.004116
0.003620
0.003207
0.002830
0.002549
0.002488
0.002652
0.002970
0.003416
0.003937
0.004368
0.004652
0.004806
0.004782
0.004604
0.004272
0.003705
0.002912
0.002004
0.001022
0.000105
-0.000664
-0.001335
-0.001905
-0.002388
-0.002710
-0.002878
-0.003032
-0.003163
-0.003231
-0.003222
-0.003091
-0.002873
-0.002553
-0.002140
-0.001724
-0.001352
-0.000971
-0.000575
-0.000177
0.000238
0.000655
0.001098
0.001382
0.001367
0.001137
0.000774
0.000317
-0.000220
-0.000752
-0.001219
-0.001622
-0.001904
-0.002068
-0.002149
-0.002058
-0.001749
-0.001210
-0.000512
0.000253
0.000941
0.001417
0.001870
0.002267
0.002424
0.002407
0.002300
0.002153
0.002018
0.001891
0.001610
0.001112
0.000575
0.000034
-0.000553
-0.001148
-0.001762
-0.002395
-0.002952
-0.003308
-0.003437
-0.003467
-0.003419
-0.003185
-0.002738
-0.002061
-0.001222
-0.000333
0.000513
0.001282
0.001995
0.002535
0.002849
0.002971
0.002916
0.002651
0.002121
0.001420
0.000655
-0.000120
-0.000959
-0.001863
-0.002677
-0.003413
-0.004194
-0.005030
-0.005818
-0.006519
-0.007146
-0.007778
-0.008499
-0.009168
-0.009727
-0.010304
-0.010870
-0.011384
-0.011892
-0.012304
-0.012485
-0.012390
-0.011990
-0.011345
-0.010485
-0.009450
-0.008415
-0.007402
-0.006406
-0.005554
-0.004912
-0.004509
-0.004385
-0.004450
-0.004624
-0.004958
-0.005379
-0.005683
-0.005831
-0.005962
-0.006062
-0.006138
-0.006245
-0.006238
-0.006057
-0.005679
-0.005021
-0.004234
-0.003458
-0.002626
-0.001735
-0.000757
0.000408
0.001703
0.002948
0.003991
0.004789
0.005443
0.005974
0.006382
0.006688
0.006876
0.006979
0.007053
0.007256
0.007623
0.008038
0.008417
0.008682
0.008917
0.009134
0.009243
0.009220
0.008992
0.008672
0.008224
0.007588
0.006935
0.006355
0.005876
0.005367
0.004771
0.004175
0.003605
0.003023
0.002328
0.001553
0.000803
0.000165
-0.000277
-0.000524
-0.000585
-0.000506
-0.000282
0.000137
0.000711
0.001257
0.001564
0.001641
0.001545
0.001320
0.000984
0.000595
0.000323
0.000209
0.000243
0.000537
0.001101
0.001799
0.002400
0.002683
0.002717
0.002646
0.002556
0.002561
0.002683
0.002792
0.002828
0.002945
0.003199
0.003556
0.003862
0.003958
0.003901
0.003718
0.003388
0.002982
0.002600
0.002119
0.001422
0.000626
-0.000078
-0.000649
-0.001134
-0.001547
-0.001827
-0.001904
-0.001888
-0.001903
-0.002085
-0.002468
-0.002890
-0.003178
-0.003328
-0.003516
-0.003781
-0.004027
-0.004194
-0.004276
-0.004378
-0.004602
-0.004917
-0.005277
-0.005698
-0.006182
-0.006779
-0.007440
-0.007978
-0.008369
-0.008625
-0.008736
-0.008763
-0.008769
-0.008777
-0.008742
-0.008616
-0.008373
-0.007969
-0.007317
-0.006257
-0.004912
-0.003565
-0.002252
-0.000969
0.000263
0.001407
0.002413
0.003200
0.003701
0.004007
0.004234
0.004477
0.004766
0.005067
0.005341
0.005480
0.005564
0.005773
0.006064
0.006285
0.006205
0.005878
0.005569
0.005305
0.005008
0.004649
0.004411
0.004332
0.004245
0.004166
0.004109
0.004002
0.003807
0.003539
0.003257
0.002958
0.002581
0.002173
0.001860
0.001668
0.001486
0.001220
0.000859
0.000377
-0.000287
-0.001119
-0.002043
-0.002951
-0.003718
-0.004398
-0.005061
-0.005562
-0.005792
-0.005870
-0.005951
-0.006017
-0.005969
-0.005806
-0.005544
-0.005285
-0.005120
-0.004959
-0.004741
-0.004390
-0.003970
-0.003581
-0.003107
-0.002550
-0.001945
-0.001380
-0.001041
-0.000972
-0.001163
-0.001564
-0.001972
-0.002200
-0.002234
-0.002042
-0.001656
-0.001261
-0.000932
-0.000705
-0.000571
-0.000334
0.000011
0.000348
0.000764
0.001150
0.001302
0.001331
0.001289
0.001147
0.000886
0.000469
-0.000056
-0.000616
-0.001171
-0.001736
-0.002334
-0.002884
-0.003222
-0.003378
-0.003491
-0.003635
-0.003829
-0.004019
-0.004187
-0.004378
-0.004574
-0.004596
-0.004335
-0.003870
-0.003374
-0.002849
-0.002158
-0.001346
-0.000433
0.000619
0.001641
0.002493
0.003241
0.003857
0.004337
0.004766
0.005149
0.005513
0.005793
0.005900
0.005913
0.005913
0.005910
0.005928
0.005916
0.005799
0.005559
0.005204
0.004825
0.004457
0.004092
0.003752
0.003385
0.002915
0.002388
0.001898
0.001439
0.000976
0.000489
0.000017
-0.000413
-0.000870
-0.001343
-0.001722
-0.001958
-0.002067
-0.002029
-0.001856
-0.001598
-0.001307
-0.001047
-0.000912
-0.000964
-0.001262
-0.001892
-0.002736
-0.003554
-0.004214
-0.004793
-0.005460
-0.006257
-0.007018
-0.007513
-0.007665
-0.007546
-0.007205
-0.006508
-0.005449
-0.004254
-0.003082
-0.001987
-0.001004
-0.000187
0.000472
0.001055
0.001647
0.002221
0.002689
0.003095
0.003508
0.003970
0.004408
0.004563
0.004395
0.003973
0.003219
0.002157
0.000987
-0.000106
-0.001074
-0.001865
-0.002440
-0.002819
-0.003031
-0.003197
-0.003408
-0.003617
-0.003775
-0.003858
-0.003904
-0.003871
-0.003674
-0.003407
-0.003183
-0.003043
-0.002958
-0.002856
-0.002645
-0.002389
-0.002194
-0.002025
-0.001860
-0.001605
-0.001167
-0.000570
0.000165
0.000977
0.001859
0.002851
0.003918
0.005042
0.006212
0.007378
0.008566
0.009803
0.011029
0.012145
0.013175
0.014235
0.015225
0.016021
0.016590
0.016848
0.016870
0.016824
0.016626
0.016129
0.015320
0.014253
0.013114
0.012084
0.011152
0.010176
0.009022
0.007748
0.006445
0.005128
0.003829
0.002566
0.001402
0.000301
-0.000675
-0.001393
-0.002009
-0.002654
-0.003302
-0.003908
-0.004563
-0.005363
-0.006194
-0.006873
-0.007347
-0.007769
-0.008284
-0.008922
-0.009544
-0.010057
-0.010555
-0.011072
-0.011558
-0.011982
-0.012405
-0.012844
-0.013148
-0.013244
-0.013217
-0.013131
-0.012910
-0.012444
-0.011732
-0.010840
-0.009936
-0.009084
-0.008240
-0.007408
-0.006574
-0.005801
-0.005102
-0.004350
-0.003569
-0.002847
-0.002080
-0.001272
-0.000516
0.000135
0.000664
0.001037
0.001254
0.001398
0.001524
0.001711
0.001929
0.002032
0.001989
0.001843
0.001673
0.001546
0.001483
0.001503
0.001530
0.001519
0.001493
0.001479
0.001467
0.001437
0.001408
0.001348
0.001384
0.001666
0.002146
0.002728
0.003376
0.004096
0.004817
0.005441
0.005850
0.006030
0.006065
0.005968
0.005816
0.005637
0.005480
0.005447
0.005431
0.005300
0.004966
0.004466
0.003970
0.003478
0.002894
0.002188
0.001464
0.000849
0.000316
-0.000146
-0.000482
-0.000678
-0.000705
-0.000625
-0.000555
-0.000534
-0.000538
-0.000567
-0.000646
-0.000736
-0.000862
-0.001040
-0.001212
-0.001460
-0.001919
-0.002518
-0.003114
-0.003653
-0.004098
-0.004581
-0.005207
-0.005780
-0.006077
-0.006083
-0.005980
-0.005942
-0.005915
-0.005693
-0.005185
-0.004485
-0.003823
-0.003309
-0.002760
-0.002061
-0.001315
-0.000759
-0.000555
-0.000624
-0.000900
-0.001416
-0.002085
-0.002662
-0.003025
-0.003225
-0.003338
-0.003419
-0.003416
-0.003331
-0.003265
-0.003243
-0.003234
-0.003134
-0.002993
-0.002900
-0.002750
-0.002498
-0.002037
-0.001250
-0.000212
0.001033
0.002400
0.003781
0.004989
0.005801
0.006182
0.006117
0.005759
0.005289
0.004706
0.004017
0.003297
0.002753
0.002484
0.002431
0.002541
0.002797
0.003242
0.003841
0.004395
0.004668
0.004692
0.004615
0.004533
0.004584
0.004758
0.005024
0.005346
0.005673
0.005991
0.006125
0.005999
0.005711
0.005425
0.005304
0.005337
0.005362
0.005283
0.005073
0.004692
0.004305
0.004063
0.003900
0.003713
0.003517
0.003380
0.003258
0.003098
0.002827
0.002302
0.001436
0.000303
-0.000946
-0.002178
-0.003337
-0.004452
-0.005510
-0.006386
-0.006903
-0.006948
-0.006488
-0.005633
-0.004670
-0.003919
-0.003374
-0.002791
-0.002037
-0.001208
-0.000527
-0.000081
0.000138
0.000189
0.000032
-0.000358
-0.000874
-0.001501
-0.002178
-0.002810
-0.003363
-0.003962
-0.004737
-0.005589
-0.006432
-0.007232
-0.007844
-0.008176
-0.008277
-0.008137
-0.007733
-0.007115
-0.006492
-0.006036
-0.005655
-0.005266
-0.004866
-0.004493
-0.004178
-0.003894
-0.003584
-0.003253
-0.002938
-0.002682
-0.002611
-0.002739
-0.002946
-0.003129
-0.003240
-0.003256
-0.003226
-0.003204
-0.003166
-0.003072
-0.002897
-0.002836
-0.002962
-0.003183
-0.003413
-0.003468
-0.003335
-0.002966
-0.002316
-0.001491
-0.000607
0.000209
0.000928
0.001597
0.002234
0.002753
0.003121
0.003477
0.003859
0.004104
0.004171
0.004145
0.004121
0.004105
0.004009
0.003786
0.003454
0.003060
0.002597
0.002026
0.001272
0.000281
-0.000869
-0.002047
-0.003099
-0.004022
-0.004863
-0.005524
-0.005920
-0.006025
-0.005979
-0.005831
-0.005444
-0.004876
-0.004373
-0.003955
-0.003414
-0.002705
-0.001927
-0.001252
-0.000789
-0.000399
0.000001
0.000353
0.000631
0.000710
0.000564
0.000268
-0.000178
-0.000607
-0.000874
-0.001018
-0.001084
-0.001084
-0.001027
-0.000906
-0.000645
-0.000155
0.000563
0.001497
0.002523
0.003452
0.004288
0.005078
0.005767
0.006316
0.006642
0.006681
0.006591
0.006433
0.006120
0.005621
0.004903
0.003914
0.002703
0.001492
0.000443
-0.000441
-0.001213
-0.001905
-0.002438
-0.002770
-0.002920
-0.002832
-0.002575
-0.002269
-0.001918
-0.001520
-0.001090
-0.000704
-0.000374
-0.000013
0.000246
0.000306
0.000325
0.000358
0.000389
0.000427
0.000455
0.000475
0.000498
0.000569
0.000815
0.001260
0.001742
0.002174
0.002614
0.003095
0.003556
0.003891
0.004101
0.004208
0.004219
0.004228
0.004189
0.004035
0.003831
0.003579
0.003297
0.003013
0.002623
0.002071
0.001440
0.000804
0.000138
-0.000553
-0.001257
-0.002011
-0.002718
-0.003261
-0.003583
-0.003711
-0.003693
-0.003540
-0.003375
-0.003262
-0.003192
-0.003254
-0.003419
-0.003623
-0.003828
-0.003947
-0.003979
-0.003960
-0.003917
-0.003799
-0.003414
-0.002705
-0.001784
-0.000796
0.000158
0.001102
0.001999
0.002812
0.003626
0.004418
0.005122
0.005771
0.006302
0.006669
0.006865
0.006872
0.006661
0.006173
0.005408
0.004372
0.003153
0.001923
0.000725
-0.000489
-0.001607
-0.002477
-0.003132
-0.003660
-0.004097
-0.004507
-0.004930
-0.005330
-0.005624
-0.005647
-0.005305
-0.004710
-0.004117
-0.003667
-0.003248
-0.002757
-0.002227
-0.001781
-0.001555
-0.001634
-0.001914
-0.002159
-0.002323
-0.002542
-0.002844
-0.003132
-0.003316
-0.003347
-0.003316
-0.003305
-0.003313
-0.003301
-0.003155
-0.002914
-0.002711
-0.002543
-0.002345
-0.002028
-0.001546
-0.000930
-0.000247
0.000512
0.001454
0.002587
0.003811
0.005016
0.006113
0.007012
0.007670
0.008106
0.008291
0.008268
0.008084
0.007719
0.007264
0.006930
0.006804
0.006763
0.006730
0.006714
0.006637
0.006327
0.005847
0.005418
0.005092
0.004800
0.004487
0.004158
0.003708
0.003014
0.002103
0.001047
-0.000175
-0.001560
-0.002904
-0.004075
-0.005161
-0.006140
-0.006769
-0.006997
-0.006956
-0.006729
-0.006337
-0.005762
-0.005102
-0.004509
-0.004102
-0.003862
-0.003628
-0.003284
-0.002766
-0.002168
-0.001504
-0.000697
0.000153
0.000881
0.001335
0.001483
0.001326
0.000870
0.000194
-0.000577
-0.001318
-0.001909
-0.002276
-0.002435
-0.002379
-0.002070
-0.001491
-0.000706
0.000173
0.001091
0.002030
0.002990
0.003915
0.004657
0.005118
0.005341
0.005493
0.005659
0.005814
0.005921
0.005952
0.005888
0.005718
0.005550
0.005476
0.005546
0.005783
0.006045
0.006238
0.006420
0.006662
0.007017
0.007457
0.007820
0.007957
0.007872
0.007568
0.007114
0.006674
0.006260
0.005860
0.005441
0.004899
0.004187
0.003390
0.002545
0.001576
0.000554
-0.000476
-0.001547
-0.002484
-0.003130
-0.003516
-0.003708
-0.003808
-0.003877
-0.003920
-0.003912
-0.003781
-0.003451
-0.002938
-0.002403
-0.001945
-0.001514
-0.001143
-0.000939
-0.000887
-0.000883
-0.000922
-0.001155
-0.001590
-0.002111
-0.002633
-0.003072
-0.003409
-0.003677
-0.003955
-0.004357
-0.004927
-0.005464
-0.005653
-0.005354
-0.004647
-0.003804
-0.002932
-0.001886
-0.000589
0.000818
0.002127
0.003302
0.004297
0.005008
0.005478
0.005928
0.006404
0.006704
0.006697
0.006342
0.005856
0.005577
0.005564
0.005658
0.005710
0.005690
0.005621
0.005573
0.005646
0.005871
0.006212
0.006567
0.006771
0.006775
0.006623
0.006286
0.005817
0.005305
0.004673
0.003857
0.002913
0.002003
0.001234
0.000571
-0.000014
-0.000593
-0.001295
-0.002157
-0.003046
-0.003799
-0.004459
-0.005123
-0.005777
-0.006393
-0.006928
-0.007408
-0.007888
-0.008258
-0.008432
-0.008465
-0.008445
-0.008383
-0.008185
-0.007779
-0.007198
-0.006598
-0.006092
-0.005653
-0.005223
-0.004799
-0.004450
-0.004262
-0.004312
-0.004487
-0.004500
-0.004315
-0.004045
-0.003830
-0.003751
-0.003656
-0.003482
-0.003266
-0.003006
-0.002719
-0.002432
-0.002101
-0.001595
-0.000929
-0.000248
0.000343
0.000854
0.001296
0.001613
0.001714
0.001522
0.001037
0.000344
-0.000438
-0.001272
-0.002111
-0.002819
-0.003294
-0.003548
-0.003629
-0.003611
-0.003517
-0.003279
-0.002858
-0.002243
-0.001512
-0.000799
-0.000158
0.000461
0.001129
0.001897
0.002720
0.003463
0.004030
0.004422
0.004739
0.005047
0.005331
0.005514
0.005507
0.005350
0.005216
0.005237
0.005415
0.005670
0.005874
0.005981
0.006078
0.006183
0.006243
0.006211
0.006063
0.005824
0.005622
0.005461
0.005165
0.004686
0.004105
0.003561
0.003087
0.002575
0.001911
0.001059
0.000129
-0.000792
-0.001676
-0.002573
-0.003563
-0.004653
-0.005768
-0.006772
-0.007614
-0.008332
-0.008913
-0.009267
-0.009389
-0.009363
-0.009158
-0.008701
-0.008003
-0.007166
-0.006351
-0.005630
-0.004931
-0.004231
-0.003638
-0.003207
-0.002850
-0.002501
-0.002198
-0.001899
-0.001504
-0.000998
-0.000476
-0.000047
0.000282
0.000506
0.000650
0.000745
0.000779
0.000771
0.000693
0.000527
0.000355
0.000310
0.000475
0.000856
0.001420
0.002036
0.002557
0.002970
0.003288
0.003475
0.003494
0.003407
0.003343
0.003365
0.003438
0.003524
0.003674
0.003926
0.004191
0.004366
0.004333
0.004061
0.003684
0.003301
0.002946
0.002634
0.002448
0.002497
0.002761
0.003178
0.003666
0.004149
0.004576
0.004887
0.005034
0.005009
0.004831
0.004471
0.003948
0.003300
0.002475
0.001545
0.000644
-0.000215
-0.001053
-0.001845
-0.002548
-0.003150
-0.003700
-0.004241
-0.004699
-0.005015
-0.005232
-0.005373
-0.005400
-0.005268
-0.005083
-0.004906
-0.004619
-0.004199
-0.003733
-0.003267
-0.002779
-0.002208
-0.001504
-0.000749
-0.000102
0.000319
0.000530
0.000651
0.000746
0.000753
0.000650
0.000483
0.000264
-0.000020
-0.000394
-0.000803
-0.001092
-0.001200
-0.001182
-0.001143
-0.001160
-0.001178
-0.001067
-0.000753
-0.000254
0.000273
0.000669
0.000984
0.001290
0.001459
0.001352
0.001019
0.000671
0.000407
0.000132
-0.000215
-0.000638
-0.001177
-0.001843
-0.002521
-0.003097
-0.003613
-0.004168
-0.004744
-0.005182
-0.005386
-0.005407
-0.005370
-0.005370
-0.005419
-0.005466
-0.005515
-0.005575
-0.005580
-0.005509
-0.005318
-0.004910
-0.004245
-0.003407
-0.002606
-0.001922
-0.001265
-0.000617
-0.000032
0.000505
0.000970
0.001272
0.001414
0.001464
0.001467
0.001457
0.001428
0.001338
0.001208
0.001105
0.001083
0.001164
0.001325
0.001473
0.001531
0.001509
0.001478
0.001548
0.001772
0.002118
0.002474
0.002815
0.003250
0.003769
0.004242
0.004586
0.004792
0.004842
0.004709
0.004473
0.004255
0.004114
0.004001
0.003794
0.003496
0.003090
0.002520
0.001942
0.001508
0.001181
0.000956
0.000833
0.000779
0.000760
0.000759
0.000839
0.001010
0.001204
0.001339
0.001377
0.001369
0.001381
0.001484
0.001705
0.001930
0.002021
0.001928
0.001600
0.001045
0.000336
-0.000476
-0.001313
-0.002079
-0.002686
-0.003081
-0.003228
-0.003139
-0.002862
-0.002410
-0.001955
-0.001735
-0.001735
-0.001871
-0.002163
-0.002555
-0.002912
-0.003132
-0.003205
-0.003207
-0.003154
-0.003053
-0.002963
-0.002866
-0.002669
-0.002418
-0.002188
-0.001954
-0.001747
-0.001578
-0.001300
-0.000856
-0.000426
-0.000132
0.000073
0.000214
0.000288
0.000327
0.000348
0.000359
0.000377
0.000386
0.000377
0.000414
0.000539
0.000762
0.001055
0.001333
0.001529
0.001642
0.001707
0.001779
0.001915
0.002090
0.002226
0.002255
0.002170
0.002035
0.001798
0.001404
0.000977
0.000581
0.000191
-0.000146
-0.000344
-0.000361
-0.000295
-0.000266
-0.000325
-0.000493
-0.000740
-0.001008
-0.001252
-0.001450
-0.001572
-0.001619
-0.001633
-0.001644
-0.001671
-0.001721
-0.001784
-0.001867
-0.001950
-0.002025
-0.002137
-0.002363
-0.002682
-0.002919
-0.002992
-0.002959
-0.002906
-0.002895
-0.002912
-0.002921
-0.002917
-0.002895
-0.002796
-0.002544
-0.002170
-0.001823
-0.001619
-0.001461
-0.001155
-0.000670
-0.000123
0.000397
0.000780
0.000917
0.000893
0.000871
0.000933
0.001104
0.001350
0.001594
0.001773
0.001895
0.001995
0.002054
0.002074
0.002083
0.002074
0.002077
0.002216
0.002509
0.002880
0.003303
0.003720
0.004082
0.004390
0.004682
0.004970
0.005208
0.005305
0.005178
0.004942
0.004762
0.004639
0.004524
0.004372
0.004090
0.003605
0.003003
0.002438
0.001935
0.001501
0.001143
0.000805
0.000486
0.000141
-0.000246
-0.000496
-0.000476
-0.000221
0.000125
0.000387
0.000532
0.000665
0.000885
0.001182
0.001436
0.001599
0.001680
0.001704
0.001734
0.001798
0.001887
0.001988
0.002069
0.002070
0.001961
0.001809
0.001706
0.001643
0.001528
0.001347
0.001179
0.001051
0.000838
0.000454
-0.000001
-0.000486
-0.000947
-0.001240
-0.001340
-0.001328
-0.001314
-0.001329
-0.001310
-0.001167
-0.000883
-0.000626
-0.000549
-0.000591
-0.000600
-0.000528
-0.000394
-0.000226
0.000002
0.000368
0.000784
0.001196
0.001670
0.002192
0.002693
0.003010
0.003002
0.002670
0.002082
0.001349
0.000569
-0.000181
-0.000781
-0.001179
-0.001435
-0.001610
-0.001656
-0.001553
-0.001413
-0.001308
-0.001218
-0.001115
-0.001032
-0.000996
-0.000989
-0.001027
-0.001132
-0.001217
-0.001170
-0.000978
-0.000793
-0.000773
-0.000924
-0.001148
-0.001309
-0.001386
-0.001491
-0.001635
-0.001676
-0.001531
-0.001217
-0.000790
-0.000316
0.000107
0.000388
0.000605
0.000860
0.001173
0.001517
0.001777
0.001900
0.001959
0.001997
0.002016
0.002005
0.001960
0.001902
0.001856
0.001850
0.001862
0.001843
0.001758
0.001553
0.001213
0.000772
0.000324
-0.000030
-0.000368
-0.000779
-0.001213
-0.001670
-0.002149
-0.002566
-0.002912
-0.003290
-0.003814
-0.004404
-0.004873
-0.005185
-0.005411
-0.005658
-0.005949
-0.006179
-0.006295
-0.006316
-0.006235
-0.006048
-0.005815
-0.005566
-0.005316
-0.005108
-0.004830
-0.004330
-0.003683
-0.003115
-0.002776
-0.002672
-0.002677
-0.002630
-0.002387
-0.001899
-0.001353
-0.000905
-0.000518
-0.000151
0.000241
0.000660
0.001002
0.001176
0.001138
0.000877
0.000501
0.000218
0.000139
0.000196
0.000270
0.000362
0.000605
0.001012
0.001461
0.001975
0.002535
0.002957
0.003163
0.003234
0.003282
0.003367
0.003539
0.003811
0.004177
0.004626
0.005067
0.005495
0.005914
0.006204
0.006283
0.006104
0.005718
0.005337
0.005099
0.004948
0.004809
0.004684
0.004575
0.004486
0.004434
0.004375
0.004238
0.004011
0.003697
0.003268
0.002745
0.002185
0.001653
0.001188
0.000803
0.000478
0.000234
0.000132
0.000156
0.000221
0.000229
0.000192
0.000164
0.000155
0.000167
0.000190
0.000169
0.000004
-0.000358
-0.000798
-0.001187
-0.001566
-0.001993
-0.002382
-0.002642
-0.002795
-0.002885
-0.002941
-0.002969
-0.002979
-0.002987
-0.003006
-0.003015
-0.003007
-0.002947
-0.002739
-0.002335
-0.001794
-0.001327
-0.000959
-0.000542
-0.000145
0.000156
0.000359
0.000418
0.000329
0.000193
0.000137
0.000138
0.000136
0.000117
0.000121
0.000168
0.000201
0.000211
0.000223
0.000221
0.000210
0.000212
0.000166
0.000032
-0.000161
-0.000380
-0.000590
-0.000794
-0.000966
-0.001115
-0.001311
-0.001495
-0.001613
-0.001660
-0.001641
-0.001583
-0.001462
-0.001286
-0.001152
-0.001130
-0.001167
-0.001188
-0.001217
-0.001359
-0.001689
-0.002090
-0.002343
-0.002426
-0.002429
-0.002401
-0.002357
-0.002228
-0.001909
-0.001395
-0.000742
-0.000068
0.000478
0.000902
0.001316
0.001776
0.002244
0.002589
0.002791
0.003059
0.003577
0.004269
0.004917
0.005359
0.005612
0.005808
0.005983
0.006040
0.005908
0.005689
0.005503
0.005402
0.005391
0.005375
0.005240
0.004957
0.004601
0.004308
0.004099
0.003793
0.003301
0.002693
0.002113
0.001702
0.001427
0.001143
0.000840
0.000627
0.000498
0.000348
0.000067
-0.000323
-0.000633
-0.000781
-0.000837
-0.000897
-0.001041
-0.001278
-0.001554
-0.001769
-0.001814
-0.001642
-0.001301
-0.000956
-0.000711
-0.000442
-0.000089
0.000241
0.000460
0.000558
0.000627
0.000768
0.000965
0.001188
0.001418
0.001522
0.001395
0.001112
0.000785
0.000475
0.000188
-0.000206
-0.000595
-0.000815
-0.000864
-0.000828
-0.000813
-0.000830
-0.000786
-0.000650
-0.000499
-0.000347
-0.000194
-0.000046
0.000118
0.000197
0.000034
-0.000373
-0.000800
-0.001025
-0.001099
-0.001270
-0.001639
-0.002034
-0.002262
-0.002301
-0.002249
-0.002198
-0.002153
-0.002026
-0.001771
-0.001378
-0.000805
-0.000122
0.000476
0.000879
0.001156
0.001369
0.001491
0.001520
0.001503
0.001441
0.001259
0.000941
0.000538
0.000022
-0.000658
-0.001427
-0.002128
-0.002760
-0.003451
-0.004106
-0.004591
-0.004974
-0.005300
-0.005562
-0.005722
-0.005782
-0.005798
-0.005775
-0.005638
-0.005340
-0.004970
-0.004626
-0.004267
-0.003793
-0.003242
-0.002796
-0.002502
-0.002277
-0.002002
-0.001578
-0.001115
-0.000821
-0.000759
-0.000816
-0.000851
-0.000821
-0.000768
-0.000723
-0.000682
-0.000687
-0.000726
-0.000742
-0.000740
-0.000733
-0.000726
-0.000720
-0.000728
-0.000738
-0.000726
-0.000711
-0.000671
-0.000547
-0.000325
0.000021
0.000408
0.000741
0.001062
0.001429
0.001844
0.002201
0.002329
0.002155
0.001786
0.001412
0.001147
0.000993
0.000925
0.000872
0.000782
0.000697
0.000683
0.000829
0.001125
0.001423
0.001640
0.001826
0.002073
0.002367
0.002582
0.002597
0.002362
0.002011
0.001714
0.001547
0.001530
0.001571
0.001567
0.001507
0.001367
0.001133
0.000860
0.000553
0.000146
-0.000299
-0.000670
-0.000960
-0.001165
-0.001288
-0.001448
-0.001688
-0.001904
-0.002086
-0.002279
-0.002380
-0.002286
-0.002069
-0.001852
-0.001660
-0.001454
-0.001253
-0.001095
-0.001064
-0.001276
-0.001617
-0.001915
-0.002111
-0.002193
-0.002226
-0.002282
-0.002365
-0.002474
-0.002623
-0.002724
-0.002716
-0.002688
-0.002702
-0.002802
-0.002987
-0.003086
-0.002940
-0.002549
-0.002049
-0.001582
-0.001190
-0.000786
-0.000243
0.000414
0.001085
0.001719
0.002312
0.002857
0.003293
0.003583
0.003729
0.003741
0.003711
0.003702
0.003634
0.003441
0.003152
0.002873
0.002685
0.002521
0.002270
0.001927
0.001569
0.001184
0.000674
0.000086
-0.000465
-0.000954
-0.001383
-0.001774
-0.002166
-0.002522
-0.002784
-0.002945
-0.003010
-0.003023
-0.003026
-0.003026
-0.003055
-0.003172
-0.003375
-0.003579
-0.003764
-0.003990
-0.004200
-0.004298
-0.004279
-0.004221
-0.004186
-0.004173
-0.004152
-0.004063
-0.003888
-0.003668
-0.003456
-0.003279
-0.003111
-0.002950
-0.002774
-0.002543
-0.002267
-0.001959
-0.001630
-0.001315
-0.001059
-0.000929
-0.000919
-0.000956
-0.001039
-0.001091
-0.000998
-0.000812
-0.000592
-0.000318
0.000013
0.000377
0.000771
0.001198
0.001619
0.001998
0.002350
0.002728
0.003160
0.003575
0.003954
0.004287
0.004474
0.004514
0.004476
0.004435
0.004357
0.004117
0.003737
0.003346
0.002967
0.002598
0.002258
0.001971
0.001728
0.001496
0.001303
0.001146
0.000993
0.000855
0.000719
0.000623
0.000615
0.000676
0.000794
0.000919
0.000982
0.001008
0.000999
0.000925
0.000807
0.000653
0.000431
0.000142
-0.000172
-0.000481
-0.000740
-0.000889
-0.000935
-0.000967
-0.001063
-0.001207
-0.001318
-0.001343
-0.001327
-0.001380
-0.001539
-0.001723
-0.001836
-0.001849
-0.001758
-0.001593
-0.001397
-0.001183
-0.000976
-0.000793
-0.000618
-0.000455
-0.000346
-0.000279
-0.000195
-0.000074
0.000081
0.000264
0.000482
0.000693
0.000856
0.001007
0.001187
0.001384
0.001583
0.001752
0.001844
0.001859
0.001803
0.001682
0.001529
0.001387
0.001275
0.001174
0.001079
0.000981
0.000893
0.000862
0.000858
0.000844
0.000845
0.000880
0.000935
0.000982
0.001027
0.001088
0.001146
0.001137
0.001046
0.000939
0.000872
0.000861
0.000897
0.000947
0.000972
0.000947
0.000874
0.000804
0.000788
0.000817
0.000843
0.000850
0.000870
0.000919
0.000979
0.001002
0.000953
0.000878
0.000851
0.000867
0.000903
0.000949
0.000978
0.001002
0.001068
0.001180
0.001294
0.001344
0.001287
0.001136
0.000973
0.000870
0.000836
0.000825
0.000783
0.000689
0.000593
0.000535
0.000516
0.000508
0.000462
0.000348
0.000182
0.000026
-0.000069
-0.000125
-0.000186
-0.000249
-0.000290
-0.000300
-0.000298
-0.000297
-0.000297
-0.000299
-0.000280
-0.000224
-0.000147
-0.000065
0.000035
0.000159
0.000282
0.000368
0.000417
0.000459
0.000510
0.000550
0.000527
0.000452
0.000373
0.000308
0.000245
0.000165
0.000056
-0.000098
-0.000281
-0.000459
-0.000617
-0.000751
-0.000884
-0.001003
-0.001076
-0.001102
-0.001082
-0.001040
-0.000981
-0.000895
-0.000817
-0.000772
-0.000746
-0.000736
-0.000737
-0.000719
-0.000694
-0.000664
-0.000612
-0.000546
-0.000486
-0.000444
-0.000403
-0.000348
-0.000322
-0.000352
-0.000400
-0.000420
-0.000407
-0.000385
-0.000363
-0.000350
-0.000349
-0.000347
-0.000326
-0.000280
-0.000210
-0.000141
-0.000093
-0.000060
-0.000036
-0.000020
-0.000020
-0.000032
-0.000039
-0.000052
-0.000088
-0.000140
-0.000194
-0.000223
-0.000222
-0.000191
-0.000122
-0.000029
0.000071
0.000168
0.000249
0.000311
0.000364
0.000420
0.000484
0.000547
0.000596
0.000624
0.000624
0.000603
0.000574
0.000544
0.000513
0.000482
0.000449
0.000412
0.000368
0.000321
0.000273
0.000220
0.000162
0.000099
0.000035
-0.000020
-0.000063
-0.000102
-0.000137
-0.000164
-0.000189
-0.000218
-0.000237
-0.000236
-0.000226
-0.000217
-0.000210
-0.000205
-0.000192
-0.000169
-0.000142
-0.000124
-0.000116
-0.000116
-0.000116
-0.000113
-0.000109
-0.000106
-0.000106
-0.000107
-0.000101
-0.000092
-0.000087
-0.000091
-0.000102
-0.000116
-0.000125
-0.000124
-0.000113
-0.000097
-0.000084
-0.000076
-0.000076
-0.000082
-0.000086
-0.000085
-0.000079
-0.000072
-0.000066
-0.000063
-0.000061
-0.000055
-0.000050
-0.000046
-0.000043
-0.000039
-0.000032
-0.000028
-0.000020
-0.000003
0.000016
0.000033
0.000044
0.000053
0.000069
0.000089
0.000106
0.000122
0.000135
0.000142
0.000146
0.000150
0.000153
0.000158
0.000161
0.000156
0.000147
0.000132
0.000115
0.000103
0.000097
0.000093
0.000088
0.000079
0.000066
0.000052
0.000042
0.000037
0.000032
0.000024
0.000016
0.000011
0.000010
0.000012
0.000013
0.000014
0.000017
0.000020
0.000022
0.000019
0.000015
0.000011
0.000007
0.000003
0.000000
-0.000003
-0.000004
-0.000006
-0.000008
-0.000010
-0.000011
-0.000011
-0.000010
-0.000008
-0.000008
-0.000008
-0.000007
-0.000006
-0.000003
0.000001
0.000004
0.000005
0.000008
0.000010
0.000013
0.000015
0.000017
0.000018
0.000019
0.000022
0.000023
0.000023
0.000022
0.000021
0.000018
0.000016
0.000014
0.000012
0.000010
0.000007
0.000004
0.000003
0.000002
0.000001
-0.000001
-0.000004
-0.000006
-0.000008
-0.000010
-0.000013
-0.000016
-0.000019
-0.000021
-0.000023
-0.000024
-0.000025
-0.000026
-0.000026
-0.000026
-0.000026
-0.000026
-0.000026
-0.000026
-0.000026
-0.000026
-0.000026
-0.000026
-0.000025
-0.000025
-0.000025
-0.000025
-0.000025
-0.000024
-0.000023
-0.000023
-0.000023
-0.000022
-0.000022
-0.000021
-0.000021
-0.000020
-0.000020
-0.000020
-0.000019
-0.000019
-0.000019
-0.000018
-0.000018
-0.000018
-0.000017
-0.000017
-0.000017
-0.000016
-0.000016
-0.000016
-0.000015
-0.000015
-0.000015
-0.000015
-0.000014
-0.000014
-0.000014
-0.000014
-0.000014
-0.000013
-0.000013
-0.000013
-0.000013
-0.000013
-0.000013
-0.000013
-0.000013
-0.000013
-0.000013
-0.000013
-0.000013
-0.000013
-0.000013
-0.000013
-0.000013
