0.000008
0.000008
0.000008
0.000008
0.000008
0.000008
0.000008
0.000008
0.000007
0.000007
0.000007
0.000007
0.000007
0.000007
0.000007
0.000007
0.000007
0.000007
0.000007
0.000006
0.000007
0.000006
0.000006
0.000006
0.000006
-0.000159
0.000010
0.000005
0.000009
0.000005
0.000009
0.000003
0.000009
0.000003
0.000009
0.000002
0.000009
0.000001
0.000011
0.000000
0.000012
0.000000
0.000011
-0.000002
0.000013
-0.000002
0.000014
-0.000005
0.000011
-0.000007
0.000015
-0.000006
0.000013
-0.000004
0.000011
-0.000007
0.000001
0.000004
0.000002
0.000003
-0.000002
-0.000002
0.000002
0.000006
-0.000002
0.000007
-0.000002
0.000000
-0.000003
0.000005
-0.000007
0.000003
-0.000008
0.000004
-0.000005
0.000002
-0.000006
0.000000
-0.000012
0.000005
-0.000008
0.000004
-0.000005
-0.000004
-0.000012
-0.000005
-0.000032
0.000015
-0.000022
0.000017
-0.000025
0.000019
-0.000027
0.000020
-0.000035
0.000019
-0.000040
0.000021
-0.000029
0.000023
-0.000039
0.000032
-0.000030
0.000013
-0.000040
0.000031
-0.000040
0.000026
-0.000046
0.000020
-0.000036
0.000025
-0.000041
0.000029
-0.000063
0.000034
-0.000046
0.000025
0.000001
-0.000021
0.000007
-0.000026
0.000014
-0.000027
-0.000009
-0.000023
-0.000001
-0.000028
0.000003
-0.000013
0.000008
-0.000034
-0.000002
-0.000028
-0.000007
-0.000030
0.000018
-0.000037
-0.000009
-0.000016
0.000017
-0.000023
-0.000001
-0.000060
0.000034
-0.000041
0.000003
-0.000032
0.000037
-0.000076
0.000043
-0.000058
0.000031
-0.000078
0.000038
-0.000073
0.000076
-0.000086
0.000049
-0.000093
0.000049
-0.000075
0.000056
-0.000093
0.000055
-0.000095
0.000050
-0.000059
0.000052
-0.000096
0.000054
-0.000102
0.000039
-0.000075
0.000048
-0.000072
0.000043
-0.000096
-0.000074
0.000020
-0.000049
0.000002
-0.000052
0.000008
-0.000068
0.000037
-0.000056
0.000002
-0.000066
0.000020
-0.000042
-0.000006
-0.000070
0.000005
-0.000054
0.000003
-0.000032
-0.000005
-0.000042
0.000003
-0.000050
0.000012
-0.000036
0.000003
-0.000073
0.000027
-0.000062
0.000031
-0.000050
0.000051
-0.000106
0.000071
-0.000108
0.000082
-0.000108
0.000053
-0.000084
0.000081
-0.000111
0.000087
-0.000097
0.000045
-0.000117
0.000060
-0.000085
0.000077
-0.000141
0.000093
-0.000102
0.000070
-0.000126
0.000065
-0.000107
0.000051
-0.000095
0.000076
-0.000140
0.000096
-0.000102
-0.000046
0.000038
-0.000046
0.000045
-0.000052
0.000052
-0.000050
0.000033
-0.000080
0.000046
-0.000034
0.000034
-0.000050
0.000063
-0.000051
0.000056
-0.000079
0.000065
-0.000132
0.000035
-0.000061
0.000059
-0.000078
0.000084
-0.000077
0.000026
-0.000073
0.000043
-0.000097
0.000027
-0.000081
0.000088
-0.000109
0.000082
-0.000082
0.000079
-0.000122
0.000059
-0.000112
0.000102
-0.000109
0.000082
-0.000096
0.000080
-0.000140
0.000089
-0.000074
0.000078
-0.000113
0.000102
-0.000114
0.000119
-0.000096
0.000057
-0.000091
0.000081
-0.000052
0.000095
-0.000067
0.000076
-0.000059
-0.000023
0.000091
-0.000069
0.000046
-0.000034
0.000083
-0.000080
0.000081
-0.000074
0.000070
-0.000024
0.000078
-0.000051
0.000050
-0.000059
0.000056
-0.000096
0.000089
-0.000045
0.000064
-0.000025
0.000033
-0.000101
0.000106
-0.000044
0.000097
-0.000073
0.000058
-0.000032
0.000069
-0.000064
0.000108
-0.000098
0.000096
-0.000090
0.000125
-0.000102
0.000125
-0.000079
0.000103
-0.000082
0.000085
-0.000066
0.000092
-0.000085
0.000093
-0.000035
0.000114
-0.000071
0.000115
-0.000087
0.000138
-0.000111
0.000121
-0.000105
0.000075
-0.000055
0.000129
-0.000059
0.000089
-0.000075
0.000116
0.000075
-0.000057
0.000105
-0.000044
0.000086
-0.000048
0.000084
-0.000096
0.000094
-0.000032
0.000108
-0.000055
0.000076
-0.000045
0.000053
-0.000032
0.000092
-0.000042
0.000100
-0.000051
0.000072
-0.000036
0.000095
-0.000071
0.000097
-0.000063
0.000087
-0.000019
0.000093
-0.000080
0.000119
-0.000047
0.000132
-0.000065
0.000103
-0.000031
0.000077
-0.000050
0.000100
-0.000026
0.000113
-0.000102
0.000112
-0.000064
0.000106
-0.000056
0.000108
-0.000043
0.000082
-0.000055
0.000086
-0.000065
0.000106
-0.000056
0.000111
-0.000043
0.000089
-0.000068
0.000126
-0.000070
0.000087
0.000075
-0.000009
0.000086
-0.000044
0.000091
-0.000043
0.000102
-0.000017
0.000095
-0.000043
0.000098
-0.000056
0.000083
-0.000030
0.000091
-0.000037
0.000072
-0.000053
0.000109
-0.000001
0.000068
-0.000061
0.000113
-0.000030
0.000091
-0.000016
0.000116
-0.000016
0.000096
-0.000053
0.000087
-0.000073
0.000100
-0.000046
0.000095
-0.000034
0.000090
-0.000070
0.000123
-0.000069
0.000090
-0.000014
0.000078
-0.000059
0.000083
-0.000055
0.000111
-0.000040
0.000070
-0.000055
0.000110
-0.000087
0.000109
-0.000003
0.000108
-0.000030
0.000126
-0.000062
0.000102
-0.000073
0.000140
0.000085
-0.000039
0.000098
-0.000063
0.000102
-0.000064
0.000104
-0.000052
0.000085
-0.000005
0.000053
-0.000045
0.000103
-0.000067
0.000158
-0.000046
0.000091
-0.000032
0.000153
-0.000010
0.000157
0.000038
0.000160
0.000044
0.000191
0.000136
0.000244
0.000165
0.000081
-0.000068
0.000163
-0.000005
0.000123
-0.000036
-0.000040
0.000372
0.001984
0.002548
0.002876
0.003663
0.004206
0.003094
0.002380
-0.000269
-0.003214
-0.004815
-0.003858
-0.002397
-0.001331
0.002103
0.004761
0.001901
0.003855
0.003447
0.000188
-0.004443
-0.010385
-0.013242
-0.012677
-0.011268
-0.009319
-0.008323
-0.005451
0.000964
0.005557
0.006977
0.007285
0.002959
-0.012025
-0.022327
-0.019437
-0.016994
-0.022785
-0.011929
-0.001276
0.010287
0.031263
0.030897
0.002507
-0.015259
-0.026519
-0.032695
-0.028250
-0.017535
-0.011580
-0.005132
0.003888
0.013081
0.023135
0.014284
-0.010511
-0.021494
-0.021844
-0.020582
-0.015235
0.004424
0.012033
0.000112
-0.001309
0.017312
0.029320
0.031864
0.037808
0.025907
0.010505
0.001968
-0.008091
-0.026586
-0.040315
-0.038952
-0.022788
0.011784
0.039273
0.050652
0.051431
0.064355
0.060393
0.023752
0.000149
-0.010467
-0.021230
-0.019116
-0.015126
-0.022093
-0.025523
-0.013428
-0.008327
0.006359
0.008340
-0.007369
-0.014244
-0.016220
-0.016453
-0.011638
-0.017497
-0.020973
-0.006356
0.014434
0.037610
0.048686
0.048244
0.059404
0.062805
0.037125
0.008469
-0.013200
-0.025546
-0.033561
-0.040566
-0.035577
-0.024226
-0.008136
0.017391
0.027526
0.039771
0.045423
0.037778
0.022070
0.026751
0.027477
0.007023
0.005950
0.010774
0.010343
0.022675
0.025065
0.015590
0.016106
0.014914
0.005963
0.016075
0.022482
0.007778
0.000409
0.004885
-0.003286
-0.007004
-0.003327
-0.012997
-0.017146
-0.009880
-0.018092
-0.022308
-0.019635
-0.022790
-0.032493
-0.027911
-0.023372
-0.021702
-0.011199
0.002508
0.003326
0.011667
0.015515
0.003433
0.004605
0.013156
0.017990
0.021634
0.027069
0.031894
0.035360
0.024181
0.002118
-0.015515
-0.027151
-0.040179
-0.047979
-0.049893
-0.043114
-0.024490
-0.007301
0.012331
0.022438
0.024102
0.032004
0.033441
0.013999
-0.005839
-0.009972
-0.014453
-0.011444
0.002929
0.009635
0.011693
0.025051
0.026186
0.024483
0.031631
0.014934
-0.006141
-0.007201
-0.011912
-0.024095
-0.031621
-0.042105
-0.056272
-0.058737
-0.058197
-0.045023
-0.023856
-0.003949
0.018503
0.029380
0.028563
0.027862
0.023220
0.006997
-0.002531
-0.011254
-0.015737
-0.011710
-0.006358
0.000376
0.006338
0.007575
0.007109
0.009359
0.004289
-0.000781
0.002862
0.004309
0.011612
0.019134
0.025343
0.023747
0.024562
0.028661
0.020840
0.004879
-0.004549
-0.025834
-0.047367
-0.046295
-0.053622
-0.058314
-0.049522
-0.047979
-0.043230
-0.019217
0.013809
0.026551
0.025958
0.028036
0.022719
0.017409
0.012923
-0.002013
-0.010586
-0.014504
-0.020974
-0.027615
-0.026634
-0.021631
-0.017956
0.001426
0.020536
0.019798
0.012918
0.020434
0.016371
0.008707
0.011577
-0.003260
-0.015379
-0.010228
-0.012349
-0.021204
-0.015105
-0.020408
-0.025189
-0.014721
0.008834
0.014222
0.014191
0.038015
0.044005
0.039343
0.048659
0.045069
0.034406
0.034884
0.033811
0.019992
0.002564
-0.008541
-0.024206
-0.027228
-0.025412
-0.031309
-0.015012
0.003589
0.009207
0.034944
0.045956
0.014555
0.004394
-0.004604
-0.019501
-0.016920
-0.014267
-0.018697
-0.013477
-0.010530
-0.025859
-0.021090
-0.016542
-0.034421
-0.024809
-0.012338
-0.017691
-0.018129
-0.018422
-0.021455
-0.024711
-0.028748
-0.027817
-0.024235
-0.027244
-0.018135
-0.014245
-0.019083
-0.009372
0.004485
0.004722
0.005943
-0.010822
-0.038839
-0.038515
-0.030559
-0.022276
-0.012762
0.001102
0.001323
0.010998
0.019168
0.013402
-0.003557
-0.007271
-0.001979
0.007470
0.012764
0.009762
0.009992
0.001594
-0.000279
0.000988
-0.001759
-0.002277
0.005378
-0.003282
-0.017642
-0.020171
-0.034001
-0.049970
-0.046938
-0.054265
-0.052697
-0.033052
-0.027472
-0.012178
0.011383
0.043801
0.028640
0.041194
0.056519
0.031787
0.006865
-0.009444
-0.023176
-0.022762
-0.010732
-0.001537
-0.011783
-0.021391
-0.021132
-0.041799
-0.058028
-0.064157
-0.082702
-0.095473
-0.087686
-0.094535
-0.112769
-0.116211
-0.117125
-0.109373
-0.109232
-0.101119
-0.100905
-0.111295
-0.102537
-0.102686
-0.116779
-0.129490
-0.140317
-0.155754
-0.163772
-0.165516
-0.176228
-0.184472
-0.185695
-0.192112
-0.195245
-0.197148
-0.201463
-0.193489
-0.158356
-0.109120
-0.041958
0.039061
0.071565
0.077612
0.128508
0.162281
0.179820
0.213774
0.229919
0.224691
0.235893
0.276646
0.299873
0.296910
0.298218
0.314240
0.288947
0.247258
0.239558
0.199772
0.149043
0.123752
0.081894
0.053702
0.066338
0.041195
0.011041
-0.001459
-0.013163
-0.011017
0.019228
0.052225
0.105820
0.191943
0.260296
0.278138
0.292896
0.331620
0.329305
0.294689
0.286208
0.283324
0.265688
0.251359
0.241758
0.205985
0.169359
0.143930
0.112889
0.089201
0.062195
0.040653
0.038732
0.039545
0.031579
0.032062
0.024975
0.015148
-0.002340
-0.023772
-0.028254
-0.045114
-0.064982
-0.083759
-0.115838
-0.161099
-0.201626
-0.236701
-0.279861
-0.304615
-0.315994
-0.325384
-0.321392
-0.296814
-0.280466
-0.257986
-0.224763
-0.158333
-0.129387
-0.144688
-0.127552
-0.104289
-0.126416
-0.145485
-0.145578
-0.117653
-0.071389
-0.029974
-0.007926
-0.007769
-0.015029
-0.021430
-0.023452
-0.010235
0.037610
0.112571
0.188211
0.264514
0.327805
0.372551
0.389003
0.361955
0.334642
0.325349
0.295287
0.269265
0.234977
0.238847
0.232431
0.199766
0.170045
0.148153
0.129651
0.100159
0.073127
0.040370
-0.020165
-0.069646
-0.099472
-0.150804
-0.226842
-0.276384
-0.322226
-0.375387
-0.412541
-0.439961
-0.474416
-0.495907
-0.498346
-0.499210
-0.497660
-0.475300
-0.415521
-0.308591
-0.129039
-0.010997
0.270349
0.428890
0.379261
0.299183
0.373918
0.517233
0.643582
0.727581
0.701234
0.551197
0.391025
0.309288
0.260249
0.197584
0.042489
-0.122967
-0.288242
-0.418415
-0.400762
-0.323527
-0.331157
-0.395782
-0.401022
-0.347747
-0.295746
-0.270967
-0.239897
-0.208152
-0.162351
-0.091255
-0.058368
-0.019582
0.021164
0.088790
0.137500
0.125109
0.072553
-0.001582
-0.109805
-0.222214
-0.291382
-0.316704
-0.331456
-0.362185
-0.383270
-0.385084
-0.381015
-0.382214
-0.384091
-0.390943
-0.396549
-0.378638
-0.331776
-0.267676
-0.200049
-0.140365
-0.076183
-0.011882
0.032726
0.055817
0.067241
0.095633
0.123315
0.171959
0.267407
0.368277
0.439564
0.462289
0.421024
0.375349
0.371059
0.383828
0.400042
0.419930
0.387116
0.284549
0.190739
0.124524
0.061065
-0.003869
-0.042858
-0.050509
-0.069451
-0.061166
-0.008665
0.052810
0.091174
0.086618
0.038234
0.015010
0.014671
0.008587
-0.011189
-0.042874
-0.100763
-0.158673
-0.178721
-0.173564
-0.165862
-0.161077
-0.160599
-0.148756
-0.131253
-0.114887
-0.084155
-0.046110
-0.011553
0.024046
0.051429
0.051875
0.041986
0.037139
0.026435
0.004195
-0.022957
-0.049226
-0.074253
-0.100859
-0.119810
-0.126815
-0.120432
-0.116654
-0.100760
-0.053175
0.030839
0.128559
0.207288
0.275170
0.321508
0.353600
0.398523
0.440803
0.440598
0.419824
0.402559
0.383539
0.368370
0.353461
0.332310
0.278470
0.198005
0.093754
-0.023684
-0.122995
-0.181041
-0.196888
-0.201625
-0.225962
-0.265188
-0.257895
-0.206488
-0.170608
-0.160301
-0.148486
-0.138799
-0.134835
-0.130228
-0.124167
-0.131252
-0.145169
-0.145858
-0.148315
-0.160693
-0.172543
-0.171900
-0.169941
-0.168875
-0.141152
-0.100087
-0.058024
-0.003194
0.062248
0.095330
0.108644
0.138169
0.174028
0.180004
0.169419
0.160518
0.148170
0.146532
0.141422
0.120108
0.112791
0.120870
0.127351
0.103969
0.085649
0.079122
0.067165
0.059252
0.043135
0.018880
0.021570
0.025459
0.007089
-0.006725
-0.015220
-0.038242
-0.066275
-0.080637
-0.094751
-0.115672
-0.126170
-0.125021
-0.119545
-0.111860
-0.080943
-0.030139
0.016874
0.065732
0.104830
0.112211
0.105240
0.096798
0.090734
0.070891
0.043064
0.011419
-0.027703
-0.065199
-0.084648
-0.108404
-0.132119
-0.145357
-0.152224
-0.148023
-0.130886
-0.103349
-0.067285
-0.015536
0.048529
0.097736
0.118197
0.140417
0.176135
0.187872
0.177863
0.170226
0.151550
0.115288
0.068872
0.029864
0.004094
-0.007572
-0.027001
-0.038731
-0.036217
-0.030365
-0.012981
0.026358
0.058534
0.067462
0.065444
0.065531
0.070324
0.081038
0.079743
0.062875
0.048821
0.057948
0.070736
0.065237
0.069153
0.070001
0.069158
0.088279
0.109761
0.111525
0.104996
0.106141
0.103607
0.087625
0.058102
0.043548
0.028663
0.013572
-0.016011
-0.046587
-0.070328
-0.084029
-0.097204
-0.111276
-0.125906
-0.127850
-0.125667
-0.100292
-0.101078
-0.082463
-0.050436
-0.060896
-0.039159
-0.005166
0.022311
0.055260
0.085091
0.116555
0.137877
0.146547
0.149245
0.131941
0.117170
0.096073
0.064919
0.032561
0.017782
-0.008409
-0.030405
-0.046980
-0.050568
-0.061442
-0.080924
-0.075798
-0.069278
-0.082460
-0.089164
-0.085055
-0.093506
-0.106245
-0.106177
-0.108062
-0.100820
-0.060998
-0.040250
-0.023210
0.015941
0.040650
0.072102
0.092438
0.086490
0.082514
0.102992
0.109051
0.102119
0.085399
0.067971
0.048227
0.026472
0.016432
0.015935
0.007868
-0.016214
-0.003090
0.015665
0.004577
-0.003481
0.001517
-0.002081
-0.004937
-0.006039
-0.022780
-0.046418
-0.061880
-0.073451
-0.092998
-0.118193
-0.128857
-0.132370
-0.131177
-0.119632
-0.106991
-0.091695
-0.065772
-0.038692
-0.027471
-0.034024
-0.034092
-0.022798
-0.022641
-0.039064
-0.046897
-0.042051
-0.027947
0.001239
0.036108
0.073318
0.112172
0.134057
0.145304
0.159573
0.160963
0.142628
0.104458
0.054338
-0.006583
-0.069976
-0.097415
-0.110614
-0.124677
-0.139071
-0.164219
-0.172255
-0.151825
-0.135330
-0.133937
-0.128416
-0.107441
-0.081062
-0.067469
-0.058419
-0.063556
-0.068346
-0.071974
-0.080525
-0.092026
-0.107980
-0.110082
-0.101098
-0.097756
-0.097032
-0.087512
-0.076686
-0.062678
-0.059763
-0.063020
-0.063758
-0.056568
-0.058293
-0.062598
-0.064390
-0.067292
-0.073934
-0.072811
-0.060274
-0.048851
-0.036328
-0.013720
0.012720
0.027063
0.051375
0.073468
0.090407
0.099566
0.102724
0.101798
0.095771
0.082569
0.065077
0.050917
0.043675
0.040043
0.037347
0.045594
0.062429
0.075813
0.087099
0.103907
0.114397
0.119018
0.128250
0.137255
0.141478
0.139568
0.134009
0.127366
0.116900
0.106258
0.098836
0.088461
0.082774
0.079826
0.078641
0.068064
0.057387
0.055526
0.055201
0.048123
0.038677
0.026727
0.008001
-0.011925
-0.028075
-0.044643
-0.066575
-0.086806
-0.102748
-0.112514
-0.116849
-0.117005
-0.111925
-0.097943
-0.077596
-0.058374
-0.039095
-0.018322
0.004308
0.023355
0.038325
0.053449
0.061149
0.073506
0.071396
0.055938
0.045755
0.044434
0.033261
0.020949
0.018266
0.016972
0.013947
0.019360
0.026811
0.035334
0.045305
0.046146
0.044064
0.044522
0.044349
0.039979
0.032570
0.024801
0.010221
-0.007682
-0.021010
-0.030522
-0.042456
-0.059586
-0.069562
-0.077873
-0.083742
-0.094514
-0.104943
-0.113960
-0.120293
-0.129820
-0.135214
-0.136356
-0.140563
-0.141086
-0.131972
-0.120628
-0.117199
-0.117351
-0.116015
-0.118419
-0.121122
-0.119938
-0.117054
-0.110934
-0.095400
-0.070930
-0.046468
-0.021847
0.003586
0.023367
0.036558
0.044676
0.047413
0.045055
0.043015
0.036762
0.026251
0.015365
0.007764
0.003824
-0.002230
-0.009464
-0.009383
-0.006681
-0.009242
-0.010081
-0.006522
0.001430
0.011856
0.017285
0.017134
0.017771
0.016400
0.007184
-0.002030
-0.006471
-0.011475
-0.020906
-0.028827
-0.036938
-0.048608
-0.057966
-0.063385
-0.076231
-0.095473
-0.106705
-0.109400
-0.117678
-0.126181
-0.128830
-0.125490
-0.118648
-0.109137
-0.094772
-0.079489
-0.064193
-0.049108
-0.039216
-0.028861
-0.015676
-0.007620
-0.003465
0.004538
0.011636
0.013483
0.013521
0.010494
0.010203
0.013582
0.011838
0.012399
0.021976
0.027300
0.024372
0.023358
0.028456
0.030585
0.031525
0.030263
0.028305
0.025232
0.020324
0.011225
-0.004495
-0.022761
-0.037429
-0.051919
-0.070514
-0.078196
-0.075928
-0.077700
-0.075528
-0.061923
-0.047316
-0.034945
-0.017723
0.002423
0.016585
0.026494
0.037898
0.049938
0.057978
0.066319
0.074846
0.073081
0.066541
0.063520
0.056605
0.047344
0.043784
0.045721
0.041567
0.038189
0.043368
0.045761
0.044501
0.044108
0.037181
0.024063
0.009522
-0.006148
-0.021672
-0.031904
-0.042649
-0.052348
-0.057500
-0.061057
-0.065271
-0.069255
-0.068820
-0.067521
-0.067273
-0.062453
-0.054509
-0.045620
-0.031958
-0.015683
-0.008202
0.007074
0.025166
0.044566
0.058262
0.073408
0.090997
0.104820
0.118116
0.131503
0.141541
0.151181
0.161487
0.165496
0.159032
0.145431
0.124991
0.099897
0.069826
0.032277
-0.008710
-0.041832
-0.056288
-0.068359
-0.087916
-0.100653
-0.101289
-0.092688
-0.084212
-0.079463
-0.076672
-0.069772
-0.060780
-0.053939
-0.047392
-0.031746
-0.009764
0.013281
0.038794
0.059917
0.078018
0.095447
0.115593
0.128711
0.132550
0.143755
0.158606
0.163649
0.162982
0.163605
0.161356
0.156197
0.152901
0.147150
0.135986
0.124192
0.113240
0.099042
0.082857
0.068432
0.053471
0.045602
0.030427
0.012539
-0.005134
-0.018648
-0.032697
-0.044535
-0.050656
-0.056356
-0.061654
-0.062028
-0.060856
-0.062349
-0.064863
-0.061984
-0.056256
-0.046665
-0.029068
-0.014933
-0.008775
-0.000775
0.006750
0.009387
0.013059
0.017556
0.019741
0.022640
0.026723
0.033231
0.041509
0.046837
0.046995
0.045806
0.047655
0.046756
0.040896
0.036334
0.035226
0.030801
0.024638
0.021122
0.018149
0.012013
0.004793
-0.002540
-0.011839
-0.019899
-0.028510
-0.038105
-0.048219
-0.056803
-0.061510
-0.063464
-0.065234
-0.069860
-0.075904
-0.080852
-0.086657
-0.090511
-0.091022
-0.093504
-0.095381
-0.095219
-0.095468
-0.097792
-0.100829
-0.099897
-0.095236
-0.090034
-0.086471
-0.077051
-0.059834
-0.043167
-0.025485
-0.004475
0.014728
0.033541
0.047176
0.056031
0.065424
0.072953
0.076382
0.076519
0.075789
0.076853
0.074044
0.066225
0.056207
0.046932
0.040701
0.038777
0.037813
0.036919
0.036656
0.039259
0.047387
0.049446
0.050170
0.051659
0.047624
0.046491
0.051492
0.056864
0.058179
0.062495
0.064781
0.064880
0.065503
0.068285
0.072535
0.076681
0.081656
0.085777
0.091519
0.096657
0.094197
0.084053
0.072868
0.060525
0.044956
0.029033
0.017760
0.009476
0.005419
-0.000473
-0.006460
-0.014852
-0.020346
-0.022176
-0.025759
-0.031580
-0.035837
-0.039967
-0.045143
-0.043200
-0.034633
-0.027378
-0.019420
-0.005299
0.006379
0.014199
0.022796
0.031456
0.039366
0.047642
0.054069
0.058334
0.061706
0.061971
0.057232
0.049620
0.036478
0.016314
-0.003172
-0.012389
-0.031262
-0.052206
-0.067843
-0.076354
-0.082547
-0.085779
-0.084536
-0.082066
-0.078627
-0.073350
-0.066912
-0.057683
-0.047913
-0.035013
-0.019000
-0.003926
0.005407
0.011637
0.018381
0.023917
0.025506
0.018191
0.008961
0.003194
-0.003496
-0.013572
-0.022821
-0.034013
-0.044198
-0.051203
-0.053188
-0.056250
-0.058382
-0.057501
-0.051262
-0.045698
-0.043583
-0.042182
-0.039843
-0.039836
-0.039148
-0.035681
-0.032209
-0.028070
-0.020973
-0.012829
-0.006068
0.005000
0.018332
0.021182
0.019208
0.018186
0.013896
0.005753
-0.003522
-0.011617
-0.021030
-0.027790
-0.032188
-0.034185
-0.033663
-0.031564
-0.028857
-0.027677
-0.026803
-0.023145
-0.017572
-0.013517
-0.014057
-0.019434
-0.026072
-0.029391
-0.030358
-0.031645
-0.031337
-0.027405
-0.019457
-0.009731
-0.001568
0.004956
0.013165
0.019726
0.018941
0.015454
0.012786
0.004766
-0.004773
-0.014581
-0.026132
-0.037841
-0.044808
-0.049234
-0.051013
-0.052146
-0.046937
-0.036669
-0.027136
-0.019500
-0.011589
-0.006165
-0.001896
0.002291
0.006091
0.008976
0.014296
0.021423
0.025586
0.029342
0.033312
0.034888
0.034852
0.035268
0.035854
0.036455
0.037705
0.038489
0.038689
0.036491
0.031175
0.021469
0.009558
-0.001578
-0.005925
-0.013819
-0.020036
-0.027359
-0.035486
-0.040338
-0.043545
-0.047668
-0.052183
-0.055042
-0.055526
-0.054310
-0.050233
-0.044594
-0.036418
-0.025390
-0.014504
-0.004676
0.003064
0.008206
0.010179
0.008780
0.004354
-0.001085
-0.004322
-0.003640
0.001322
0.010797
0.021856
0.033645
0.038330
0.043284
0.045533
0.047430
0.048408
0.050229
0.051355
0.054485
0.062981
0.071828
0.076550
0.078921
0.078488
0.075780
0.072265
0.066001
0.056506
0.045554
0.036381
0.028138
0.022866
0.021493
0.017131
0.013685
0.014012
0.011828
0.007753
0.006040
0.003665
-0.000381
-0.004045
-0.005385
-0.007230
-0.009235
-0.010806
-0.013426
-0.017004
-0.018960
-0.019756
-0.018153
-0.015188
-0.014970
-0.017841
-0.020061
-0.022668
-0.026300
-0.028713
-0.029489
-0.028455
-0.024671
-0.021164
-0.018256
-0.013331
-0.008540
-0.007130
-0.002999
0.004305
0.007403
0.009521
0.011559
0.010927
0.009836
0.007113
0.003363
-0.000559
-0.003563
-0.004709
-0.002449
0.004488
0.012221
0.019647
0.026817
0.033220
0.036892
0.034393
0.027541
0.018899
0.007603
-0.004634
-0.012488
-0.017458
-0.020324
-0.021314
-0.018929
-0.014504
-0.007109
0.003058
0.008974
0.011599
0.013462
0.011897
0.004868
0.000137
-0.008031
-0.018309
-0.031487
-0.043814
-0.052224
-0.058773
-0.064630
-0.066687
-0.067280
-0.066994
-0.064538
-0.061156
-0.058068
-0.054632
-0.048106
-0.040878
-0.035518
-0.027660
-0.017558
-0.009600
-0.003946
0.000361
0.002213
0.002147
0.000726
0.000363
0.002237
0.005864
0.012467
0.016792
0.027165
0.036646
0.045599
0.052960
0.057640
0.060638
0.061107
0.059306
0.054970
0.046700
0.037134
0.028760
0.021392
0.016037
0.011693
0.007307
0.006346
0.007645
0.006461
0.004628
0.003093
0.001403
-0.000131
-0.000584
-0.000671
-0.000205
0.002065
0.004247
0.005406
0.008443
0.009710
0.010624
0.011651
0.014920
0.020152
0.026312
0.032765
0.039011
0.044107
0.047703
0.051084
0.052017
0.049597
0.046703
0.043091
0.038452
0.035645
0.034251
0.032602
0.030808
0.029017
0.026815
0.023315
0.021195
0.020885
0.020468
0.019308
0.018985
0.019615
0.017037
0.014584
0.009025
0.001907
-0.007833
-0.016839
-0.026110
-0.034452
-0.041803
-0.048346
-0.053022
-0.055843
-0.056754
-0.055691
-0.054965
-0.054145
-0.051238
-0.048612
-0.047430
-0.046067
-0.043492
-0.040781
-0.038087
-0.033716
-0.029154
-0.024155
-0.016923
-0.008563
0.000231
0.009386
0.017361
0.023747
0.026125
0.030268
0.031390
0.028259
0.023433
0.015864
0.007686
0.002027
-0.002908
-0.008507
-0.012253
-0.012084
-0.011755
-0.010805
-0.007970
-0.004647
-0.000927
0.002167
0.005614
0.007355
0.005903
0.004155
0.005204
0.006985
0.008107
0.010221
0.010201
0.009138
0.005693
0.001138
-0.001029
-0.006672
-0.014093
-0.016813
-0.016853
-0.018030
-0.016539
-0.013767
-0.012323
-0.010899
-0.009677
-0.010039
-0.012016
-0.013735
-0.015645
-0.018977
-0.020116
-0.018922
-0.018749
-0.018858
-0.017887
-0.015960
-0.012672
-0.009643
-0.006124
-0.001108
0.004761
0.007877
0.011172
0.013659
0.010697
0.009166
0.008843
0.006612
0.002912
0.003937
0.005543
0.004869
0.006059
0.009117
0.010899
0.011851
0.014636
0.017898
0.018788
0.019253
0.019152
0.016156
0.010410
0.004144
-0.002613
-0.007791
-0.009797
-0.010585
-0.009954
-0.006086
-0.003415
-0.001716
0.001745
0.003151
0.003888
0.004500
0.003548
0.002790
0.005075
0.007407
0.008044
0.010823
0.013482
0.012189
0.009873
0.007532
0.003860
0.000219
-0.002273
-0.003324
-0.003684
-0.001895
0.001237
0.002774
0.003891
0.005294
0.005311
0.003334
0.000830
-0.000041
0.000791
0.000534
0.002507
0.007098
0.011038
0.014348
0.015949
0.018392
0.019686
0.019947
0.020534
0.019918
0.018790
0.018406
0.016922
0.014135
0.011590
0.008551
0.002533
-0.005776
-0.012933
-0.019223
-0.023834
-0.026537
-0.029040
-0.029454
-0.027471
-0.025210
-0.021587
-0.016148
-0.011319
-0.007324
-0.003073
0.003344
0.008897
0.010075
0.009757
0.010532
0.010549
0.008319
0.007507
0.006571
0.003879
0.002276
0.003345
0.005137
0.006534
0.007905
0.008237
0.007418
0.007716
0.007530
0.006485
0.007519
0.008944
0.009492
0.010945
0.012714
0.014599
0.015658
0.015841
0.016259
0.017100
0.018387
0.019501
0.019830
0.020021
0.020801
0.021364
0.020094
0.016581
0.013196
0.009747
0.005709
0.002439
0.000300
-0.000824
-0.001214
-0.002902
-0.004937
-0.006389
-0.009526
-0.013433
-0.014740
-0.015222
-0.015206
-0.013727
-0.011636
-0.010180
-0.008778
-0.006050
-0.005071
-0.006226
-0.006711
-0.007515
-0.010487
-0.012085
-0.013989
-0.015156
-0.016216
-0.016842
-0.016156
-0.016833
-0.018853
-0.019817
-0.020643
-0.022217
-0.023090
-0.023684
-0.024273
-0.023951
-0.021143
-0.017180
-0.012845
-0.007778
-0.004165
-0.002201
0.000593
0.002863
0.004025
0.004529
0.005029
0.005644
0.004826
0.004320
0.005617
0.005884
0.005549
0.004752
0.003364
0.000754
-0.002192
-0.004395
-0.006951
-0.010266
-0.012922
-0.014507
-0.016104
-0.016744
-0.015956
-0.014290
-0.011744
-0.008472
-0.004852
-0.002039
0.000016
0.002513
0.004406
0.005230
0.007354
0.009174
0.009584
0.010605
0.011562
0.009903
0.006058
0.001369
-0.001242
-0.006372
-0.011846
-0.015755
-0.018478
-0.020298
-0.020613
-0.018923
-0.015787
-0.011543
-0.006591
-0.000541
0.004101
0.006840
0.009487
0.009469
0.008199
0.007820
0.006973
0.005270
0.004053
0.001930
-0.001447
-0.003407
-0.004886
-0.005349
-0.003779
-0.000076
0.003666
0.008054
0.014310
0.017082
0.020694
0.023503
0.026650
0.028339
0.029327
0.030600
0.030465
0.030548
0.031253
0.030951
0.030839
0.030726
0.028816
0.025840
0.023555
0.021352
0.017466
0.014668
0.012318
0.008331
0.004236
0.001554
-0.000876
-0.001943
-0.000096
0.002834
0.005637
0.009193
0.012082
0.012457
0.011993
0.010724
0.007103
0.002299
-0.001635
-0.004757
-0.006931
-0.007222
-0.006856
-0.007535
-0.007619
-0.008136
-0.008897
-0.009314
-0.010702
-0.012973
-0.015022
-0.016946
-0.019235
-0.020067
-0.020845
-0.022475
-0.023558
-0.024372
-0.027148
-0.030165
-0.031881
-0.034191
-0.035670
-0.035483
-0.034441
-0.031339
-0.026684
-0.021088
-0.015138
-0.009163
-0.002975
0.002726
0.006710
0.009321
0.010826
0.011173
0.010786
0.010930
0.012015
0.013531
0.015967
0.018154
0.020160
0.022084
0.023545
0.024045
0.023446
0.022272
0.021818
0.021811
0.021890
0.022423
0.023374
0.024633
0.025075
0.026036
0.025950
0.023732
0.020257
0.017781
0.014651
0.008855
0.002832
-0.002608
-0.008254
-0.012963
-0.016979
-0.020371
-0.022442
-0.022060
-0.020081
-0.017451
-0.014764
-0.012772
-0.012128
-0.013145
-0.014343
-0.015663
-0.017938
-0.020743
-0.023233
-0.025153
-0.026476
-0.027602
-0.029137
-0.029492
-0.029923
-0.029838
-0.029133
-0.027522
-0.025964
-0.024666
-0.023857
-0.024220
-0.025171
-0.026119
-0.027346
-0.028098
-0.027537
-0.025773
-0.023177
-0.019098
-0.013684
-0.007844
-0.002710
0.002655
0.006196
0.007905
0.009167
0.009765
0.008968
0.007448
0.005467
0.002879
0.000463
-0.001495
-0.002419
-0.003802
-0.004285
-0.003398
-0.000822
0.001602
0.003241
0.005119
0.006163
0.005881
0.004771
0.002799
0.000177
-0.002144
-0.003619
-0.005004
-0.006234
-0.007157
-0.007854
-0.008989
-0.010338
-0.011154
-0.011083
-0.010834
-0.010512
-0.009560
-0.007875
-0.006116
-0.005427
-0.005164
-0.005292
-0.005453
-0.004608
-0.003943
-0.002292
0.000430
0.003941
0.007378
0.010365
0.012713
0.014132
0.013992
0.012490
0.011021
0.009121
0.006737
0.004562
0.001682
-0.002062
-0.005023
-0.007836
-0.010521
-0.012400
-0.013669
-0.014077
-0.013418
-0.012058
-0.011187
-0.010572
-0.010666
-0.011337
-0.011664
-0.011970
-0.012313
-0.013255
-0.013741
-0.013571
-0.013766
-0.013959
-0.013434
-0.013187
-0.012854
-0.010959
-0.007112
-0.001791
0.004582
0.011418
0.018487
0.024086
0.028011
0.031172
0.032851
0.032706
0.030750
0.028307
0.026453
0.024660
0.022728
0.021371
0.020192
0.019503
0.019452
0.019233
0.019094
0.019347
0.020042
0.020211
0.020203
0.020556
0.020170
0.018685
0.016909
0.014667
0.012083
0.010064
0.008238
0.007537
0.008643
0.010469
0.012524
0.015412
0.018581
0.020847
0.022511
0.024043
0.024124
0.023072
0.022692
0.022306
0.021355
0.020833
0.021428
0.021545
0.021064
0.020634
0.020152
0.019828
0.019194
0.018437
0.017969
0.017496
0.016917
0.016020
0.014880
0.013489
0.011753
0.009511
0.007113
0.005239
0.003778
0.002056
0.000555
-0.000307
-0.000730
-0.001470
-0.002233
-0.002628
-0.003392
-0.003950
-0.003779
-0.003460
-0.003361
-0.002588
-0.001603
-0.000944
-0.000333
0.001833
0.003417
0.003709
0.004412
0.004429
0.003406
0.002501
0.000914
-0.001862
-0.004288
-0.006039
-0.007716
-0.008522
-0.008208
-0.007864
-0.006847
-0.005226
-0.004074
-0.002943
-0.002125
-0.002630
-0.004099
-0.006343
-0.009627
-0.013239
-0.017870
-0.022660
-0.026837
-0.030602
-0.033835
-0.035745
-0.036018
-0.035622
-0.034491
-0.033703
-0.033031
-0.031606
-0.030416
-0.029883
-0.028807
-0.026670
-0.024942
-0.023002
-0.019935
-0.016634
-0.013534
-0.010471
-0.008244
-0.008537
-0.009334
-0.009557
-0.011645
-0.014394
-0.015618
-0.016271
-0.017044
-0.015971
-0.014138
-0.012411
-0.010323
-0.007976
-0.006787
-0.006976
-0.007952
-0.008181
-0.010079
-0.013280
-0.015282
-0.017455
-0.020317
-0.021641
-0.021432
-0.020338
-0.018813
-0.015569
-0.012292
-0.009202
-0.004566
0.000251
0.003401
0.005812
0.008194
0.009864
0.010559
0.010502
0.009458
0.007744
0.006567
0.005519
0.004508
0.003467
0.002938
0.002737
0.001851
0.000376
0.000090
0.000467
0.000533
0.001228
0.002086
0.002639
0.002433
0.001980
0.000520
-0.000854
-0.001192
-0.001660
-0.001718
-0.000794
-0.000224
0.000885
0.003049
0.005217
0.007290
0.009675
0.012146
0.014233
0.016024
0.016851
0.016523
0.016082
0.015182
0.014406
0.012503
0.010734
0.009309
0.007261
0.005002
0.002609
0.000097
-0.001571
-0.002751
-0.004358
-0.005855
-0.006370
-0.007327
-0.008975
-0.009723
-0.009771
-0.010821
-0.012204
-0.012082
-0.011926
-0.011694
-0.010228
-0.008578
-0.006444
-0.003329
0.000233
0.003430
0.006272
0.008586
0.009913
0.009919
0.009508
0.009332
0.009054
0.007871
0.006546
0.006312
0.006278
0.005405
0.004861
0.004674
0.004368
0.004052
0.004097
0.004143
0.003930
0.003789
0.003312
0.002109
0.000488
-0.001407
-0.003452
-0.005149
-0.006032
-0.006775
-0.007517
-0.007250
-0.006788
-0.007074
-0.007034
-0.006707
-0.006185
-0.006181
-0.007072
-0.007579
-0.007107
-0.006788
-0.006038
-0.004386
-0.003213
-0.001563
0.000813
0.002082
0.002983
0.003876
0.003399
0.002301
0.002335
0.002091
0.001147
0.000827
0.000702
0.000527
0.000837
0.001520
0.002638
0.004431
0.005774
0.006785
0.007725
0.008115
0.007976
0.007290
0.005963
0.005048
0.004759
0.005389
0.007251
0.009529
0.012321
0.015118
0.016613
0.016581
0.016059
0.015267
0.014127
0.012608
0.011115
0.010183
0.010435
0.011337
0.010910
0.010212
0.010410
0.009426
0.008024
0.006473
0.004919
0.003634
0.001921
0.000554
0.000302
-0.000171
-0.000857
-0.001686
-0.003063
-0.003858
-0.003866
-0.003365
-0.001937
-0.000010
0.001914
0.003845
0.005162
0.005018
0.004087
0.002690
-0.000145
-0.003251
-0.005955
-0.008185
-0.009366
-0.010038
-0.010616
-0.010584
-0.010001
-0.009484
-0.009142
-0.008726
-0.008710
-0.009041
-0.009174
-0.009211
-0.008827
-0.008349
-0.007855
-0.007661
-0.007738
-0.008275
-0.009427
-0.010475
-0.010562
-0.010106
-0.009375
-0.008250
-0.007004
-0.005504
-0.004429
-0.004465
-0.003963
-0.003289
-0.003617
-0.003799
-0.003279
-0.003048
-0.002957
-0.002458
-0.002786
-0.003678
-0.004442
-0.005099
-0.005336
-0.005765
-0.005829
-0.005444
-0.004860
-0.003635
-0.002086
-0.000350
0.001463
0.003044
0.004270
0.005064
0.006013
0.006624
0.006722
0.006556
0.006654
0.006080
0.005598
0.005327
0.004800
0.004336
0.003628
0.002996
0.002084
0.000625
-0.000375
-0.001011
-0.001848
-0.001840
-0.001667
-0.002161
-0.002482
-0.002782
-0.002457
-0.001819
-0.000690
0.001195
0.003875
0.006432
0.009280
0.012418
0.015074
0.017769
0.020033
0.021828
0.023783
0.024812
0.024417
0.023206
0.021596
0.019550
0.017299
0.015877
0.014805
0.013977
0.013864
0.013648
0.013136
0.012673
0.011862
0.010290
0.009272
0.007526
0.006173
0.004740
0.002619
0.001535
0.001087
0.000023
-0.000287
0.000185
0.000325
0.000718
0.001114
0.000749
-0.000291
-0.001429
-0.002603
-0.004205
-0.005660
-0.006330
-0.006380
-0.005706
-0.004599
-0.002995
-0.001565
-0.000266
0.000539
0.000505
-0.000348
-0.001456
-0.002150
-0.003659
-0.004955
-0.005637
-0.006011
-0.005990
-0.005653
-0.004707
-0.003607
-0.002541
-0.001289
0.000031
0.001118
0.002248
0.003562
0.004343
0.004418
0.004162
0.002818
0.000402
-0.001812
-0.003920
-0.005947
-0.007387
-0.008445
-0.009635
-0.010742
-0.012151
-0.014193
-0.016202
-0.018277
-0.019183
-0.020764
-0.021600
-0.021986
-0.021882
-0.021334
-0.020671
-0.020277
-0.019710
-0.019975
-0.020074
-0.019338
-0.018651
-0.017593
-0.016058
-0.014664
-0.013228
-0.011975
-0.011591
-0.011549
-0.011550
-0.011810
-0.012350
-0.012663
-0.012687
-0.012695
-0.012656
-0.012545
-0.012616
-0.013170
-0.013495
-0.014805
-0.016411
-0.017766
-0.018666
-0.019688
-0.020615
-0.021119
-0.021267
-0.020589
-0.019397
-0.017733
-0.015554
-0.013373
-0.011130
-0.009226
-0.007778
-0.007028
-0.006518
-0.005792
-0.005286
-0.005211
-0.005146
-0.004879
-0.004732
-0.004701
-0.004457
-0.004056
-0.003561
-0.002568
-0.001654
-0.001188
-0.000078
0.001049
0.002033
0.002842
0.003960
0.005071
0.006199
0.007843
0.009431
0.010918
0.012409
0.013721
0.014821
0.016646
0.018600
0.020375
0.022056
0.023841
0.025299
0.026009
0.026430
0.026335
0.025775
0.024998
0.024200
0.023454
0.022101
0.020865
0.020000
0.019387
0.018499
0.018288
0.018740
0.018763
0.019100
0.020550
0.021544
0.022679
0.024000
0.024660
0.025168
0.025509
0.025042
0.024288
0.023390
0.022444
0.021480
0.020920
0.020871
0.021327
0.022071
0.022357
0.022287
0.022200
0.021086
0.019260
0.017130
0.014205
0.010851
0.007630
0.006093
0.003164
0.000765
-0.001105
-0.002461
-0.003373
-0.004059
-0.004697
-0.005630
-0.006827
-0.008042
-0.009504
-0.010829
-0.011996
-0.012969
-0.013579
-0.013685
-0.013395
-0.013132
-0.012831
-0.012726
-0.012774
-0.012644
-0.012774
-0.012961
-0.012562
-0.011830
-0.011008
-0.010211
-0.009037
-0.008146
-0.006318
-0.004433
-0.002044
0.000624
0.002795
0.004589
0.006451
0.007951
0.008858
0.009778
0.010016
0.010025
0.010331
0.010744
0.011311
0.012166
0.013101
0.013833
0.014325
0.014083
0.012967
0.011168
0.008808
0.005495
0.002127
-0.000644
-0.003694
-0.006031
-0.007660
-0.009501
-0.010275
-0.011158
-0.011718
-0.012393
-0.012155
-0.011543
-0.010537
-0.009092
-0.007283
-0.005302
-0.003429
-0.001834
-0.000539
-0.000123
-0.000490
-0.000995
-0.001815
-0.003319
-0.005047
-0.006590
-0.008534
-0.010651
-0.012670
-0.014617
-0.016508
-0.017775
-0.018567
-0.019148
-0.019327
-0.018961
-0.018508
-0.018066
-0.017222
-0.016134
-0.015185
-0.013889
-0.012498
-0.011459
-0.010082
-0.008937
-0.008343
-0.007901
-0.007677
-0.008206
-0.009010
-0.009753
-0.010806
-0.011652
-0.012011
-0.012381
-0.012531
-0.012525
-0.012738
-0.012415
-0.011335
-0.010097
-0.008265
-0.005702
-0.002980
-0.000155
0.002726
0.003890
0.005712
0.007251
0.008690
0.009881
0.011032
0.011652
0.012214
0.012936
0.013357
0.013127
0.012832
0.012301
0.011187
0.010036
0.009573
0.009015
0.007982
0.007440
0.007453
0.007231
0.007134
0.007336
0.007019
0.006553
0.006737
0.007270
0.007817
0.007752
0.007392
0.007819
0.008218
0.008843
0.008601
0.008683
0.009172
0.009288
0.009218
0.009852
0.010472
0.010203
0.009253
0.008753
0.008496
0.007245
0.006033
0.005019
0.003242
0.001986
0.001672
0.000570
-0.000588
-0.001193
-0.002101
-0.002754
-0.002276
-0.001624
-0.001841
-0.001574
-0.000394
0.000347
0.000875
0.001859
0.002685
0.003164
0.003581
0.004506
0.004875
0.005203
0.005554
0.005276
0.005033
0.005494
0.005891
0.006340
0.006624
0.006809
0.007175
0.007289
0.006982
0.006255
0.005411
0.004029
0.002790
0.002024
0.001147
0.000142
-0.000547
-0.001309
-0.002071
-0.002450
-0.002576
-0.002674
-0.002530
-0.002485
-0.001681
-0.000487
-0.000045
0.000955
0.001994
0.002272
0.001772
0.001369
0.000699
-0.000195
-0.001079
-0.002467
-0.004154
-0.005486
-0.006420
-0.006769
-0.006960
-0.007597
-0.008026
-0.007769
-0.007562
-0.007317
-0.006643
-0.006687
-0.006660
-0.006290
-0.007857
-0.008549
-0.007349
-0.007773
-0.009523
-0.009521
-0.008786
-0.007638
-0.007241
-0.005825
-0.004568
-0.003267
-0.001759
-0.000957
0.000364
0.002000
0.001545
0.000854
0.001066
0.000119
-0.000867
-0.001800
-0.003884
-0.005282
-0.005777
-0.006418
-0.006661
-0.006325
-0.006399
-0.005828
-0.004555
-0.004045
-0.003937
-0.003398
-0.003380
-0.003958
-0.004127
-0.004105
-0.004419
-0.005301
-0.005349
-0.004638
-0.004633
-0.004548
-0.004285
-0.004705
-0.005040
-0.004693
-0.004983
-0.005124
-0.004968
-0.005198
-0.005063
-0.004031
-0.003106
-0.002575
-0.001397
-0.000027
0.001395
0.003210
0.004665
0.005785
0.007070
0.008307
0.008747
0.008497
0.008143
0.007611
0.006090
0.005042
0.003773
0.001958
0.001026
0.000131
-0.000811
-0.001194
-0.001468
-0.001978
-0.002905
-0.003173
-0.002202
-0.001786
-0.002017
-0.001631
-0.001189
-0.001618
-0.001793
-0.002195
-0.003386
-0.004362
-0.004564
-0.004448
-0.003812
-0.002322
-0.000921
0.000193
0.002153
0.003028
0.004003
0.005024
0.006127
0.006620
0.007155
0.007825
0.007869
0.007341
0.007084
0.006450
0.005755
0.006229
0.007454
0.008305
0.009435
0.011143
0.012365
0.013123
0.013847
0.014164
0.013700
0.012960
0.012328
0.011110
0.009170
0.007386
0.006146
0.004631
0.003643
0.003413
0.003216
0.002865
0.002825
0.002808
0.003213
0.003941
0.003947
0.003616
0.004344
0.004686
0.004909
0.005721
0.006042
0.006009
0.006708
0.007771
0.008094
0.008467
0.009019
0.009032
0.009762
0.010244
0.009388
0.008965
0.007981
0.006253
0.004561
0.002641
0.000568
-0.001921
-0.003158
-0.005398
-0.006876
-0.008349
-0.009143
-0.009395
-0.010020
-0.009872
-0.008829
-0.008328
-0.007765
-0.007058
-0.006789
-0.006464
-0.005716
-0.005245
-0.005561
-0.005785
-0.005700
-0.005861
-0.005980
-0.005763
-0.005521
-0.005566
-0.005485
-0.004867
-0.003655
-0.002449
-0.001193
-0.000039
0.000915
0.001207
0.001436
0.002239
0.002985
0.002565
0.001184
0.000216
-0.000078
-0.001444
-0.003153
-0.003787
-0.004426
-0.005139
-0.005321
-0.005266
-0.004825
-0.004031
-0.003315
-0.002475
-0.001203
-0.000398
-0.001057
-0.000905
-0.000582
-0.001222
-0.001275
-0.001001
-0.001399
-0.001648
-0.001650
-0.001811
-0.002809
-0.004115
-0.004850
-0.005625
-0.006777
-0.007102
-0.006968
-0.007470
-0.007797
-0.007720
-0.007837
-0.007999
-0.008172
-0.007721
-0.006968
-0.006162
-0.005203
-0.003979
-0.002731
-0.001858
-0.000990
-0.000380
-0.000237
-0.000153
0.000395
-0.000154
-0.002165
-0.002787
-0.002233
-0.001884
-0.001103
-0.000349
0.000786
0.001484
0.000283
-0.002029
-0.004695
-0.007805
-0.010767
-0.012914
-0.013701
-0.013036
-0.012071
-0.010918
-0.009304
-0.007531
-0.005473
-0.003613
-0.001764
0.000215
0.001932
0.002194
0.002907
0.004472
0.004705
0.004407
0.005074
0.006035
0.006282
0.007396
0.008351
0.009695
0.010309
0.010897
0.010377
0.008705
0.007330
0.006417
0.004359
0.003180
0.003863
0.004373
0.005220
0.007468
0.009341
0.010596
0.012820
0.014823
0.015508
0.016797
0.018185
0.018005
0.017845
0.017850
0.017061
0.016484
0.016520
0.016090
0.015077
0.014359
0.013123
0.012364
0.011510
0.010979
0.010603
0.010511
0.010451
0.010360
0.010132
0.008899
0.006054
0.002895
-0.000516
-0.004746
-0.008160
-0.009472
-0.009995
-0.010133
-0.009018
-0.007729
-0.006458
-0.005301
-0.005163
-0.005985
-0.006352
-0.006414
-0.007296
-0.007467
-0.006673
-0.006807
-0.006918
-0.006555
-0.005380
-0.004468
-0.003545
-0.001840
-0.000889
-0.001043
-0.000895
-0.001223
-0.002581
-0.004352
-0.006138
-0.007333
-0.007950
-0.008568
-0.008501
-0.007938
-0.007219
-0.006471
-0.006042
-0.005858
-0.005718
-0.005694
-0.005340
-0.004742
-0.004570
-0.004324
-0.004301
-0.005239
-0.006826
-0.008517
-0.009243
-0.010167
-0.009946
-0.008998
-0.007179
-0.005185
-0.003249
-0.000844
0.000491
0.000933
0.001136
0.001306
0.001579
0.002332
0.003362
0.004275
0.004820
0.004623
0.003993
0.003341
0.002903
0.002552
0.002556
0.002993
0.004091
0.005188
0.005411
0.005476
0.005107
0.003328
0.001918
0.001008
0.000278
0.000145
0.000578
0.001347
0.002323
0.005083
0.007919
0.009340
0.010561
0.010898
0.009703
0.008550
0.007163
0.004428
0.002058
0.001165
0.000593
0.001108
0.002580
0.004132
0.005245
0.005750
0.006272
0.006517
0.006138
0.005547
0.004958
0.004906
0.005280
0.005507
0.005415
0.005233
0.005034
0.004638
0.004246
0.003908
0.003616
0.003429
0.003539
0.003853
0.004529
0.005412
0.005558
0.005311
0.004998
0.004693
0.004281
0.003950
0.004001
0.003766
0.004036
0.004225
0.004414
0.004658
0.004361
0.003540
0.002374
0.001100
-0.000551
-0.001766
-0.003031
-0.004486
-0.004988
-0.005364
-0.005348
-0.005291
-0.005025
-0.004593
-0.004566
-0.004950
-0.004913
-0.004741
-0.004665
-0.004555
-0.004447
-0.004580
-0.004951
-0.005722
-0.007228
-0.008876
-0.010140
-0.011861
-0.013644
-0.014379
-0.014919
-0.016074
-0.017355
-0.018473
-0.019418
-0.019815
-0.019859
-0.019855
-0.019443
-0.018281
-0.017207
-0.015871
-0.014181
-0.012763
-0.011488
-0.010310
-0.009470
-0.008749
-0.007794
-0.007001
-0.006583
-0.005977
-0.005672
-0.005887
-0.006005
-0.005636
-0.005427
-0.005217
-0.004433
-0.003357
-0.002526
-0.001768
-0.001153
-0.001209
-0.001324
-0.000935
-0.000895
-0.000513
0.000324
0.000750
0.001555
0.002533
0.003373
0.004020
0.004126
0.004117
0.004242
0.004137
0.003959
0.004184
0.004499
0.004723
0.005434
0.006215
0.006623
0.007087
0.007443
0.007860
0.008403
0.008797
0.008658
0.008301
0.008131
0.008015
0.008116
0.008433
0.008827
0.009111
0.009530
0.009655
0.009482
0.009345
0.009114
0.008272
0.007628
0.007800
0.007936
0.007900
0.008408
0.008625
0.008551
0.008640
0.008526
0.008330
0.008170
0.008104
0.008768
0.009685
0.010028
0.010364
0.010597
0.010584
0.010263
0.009668
0.008839
0.007673
0.006678
0.005958
0.005337
0.004775
0.004419
0.003779
0.003560
0.003768
0.003589
0.003481
0.003875
0.003912
0.004027
0.004355
0.004125
0.003360
0.002586
0.001912
0.001049
0.000758
0.000581
-0.000321
-0.000465
-0.000216
-0.000578
-0.000540
-0.000230
-0.000439
-0.000419
0.000235
0.000348
0.000234
0.000447
0.000217
-0.000363
-0.000695
-0.001321
-0.002452
-0.003678
-0.004521
-0.005624
-0.006542
-0.006786
-0.007112
-0.007589
-0.007707
-0.008219
-0.009172
-0.010091
-0.011200
-0.012397
-0.013268
-0.013927
-0.014053
-0.013645
-0.012570
-0.011486
-0.010149
-0.008621
-0.007364
-0.006402
-0.005352
-0.004829
-0.004271
-0.003459
-0.003240
-0.002820
-0.002297
-0.001915
-0.002078
-0.002309
-0.002390
-0.003287
-0.004591
-0.005858
-0.007252
-0.008636
-0.009607
-0.010092
-0.010296
-0.010419
-0.010358
-0.010005
-0.009792
-0.009511
-0.008850
-0.008001
-0.007350
-0.006043
-0.004309
-0.002744
-0.000753
0.000900
0.002205
0.003762
0.004448
0.005508
0.006437
0.006958
0.007340
0.007591
0.007755
0.007731
0.007640
0.007387
0.006709
0.006440
0.006762
0.006732
0.006418
0.006461
0.006425
0.005946
0.005355
0.005299
0.005196
0.005358
0.005968
0.006530
0.006732
0.007098
0.007297
0.006768
0.006381
0.006443
0.006141
0.005891
0.006077
0.006310
0.006191
0.006417
0.006086
0.005479
0.005337
0.005349
0.004978
0.004523
0.003961
0.003265
0.002486
0.002254
0.001691
0.001128
0.000111
-0.001326
-0.001726
-0.002431
-0.004420
-0.005745
-0.005471
-0.005805
-0.006018
-0.004331
-0.003182
-0.003265
-0.002420
-0.001501
-0.000895
-0.001200
0.000375
0.001388
0.000882
0.002172
0.004495
0.004112
0.003629
0.003814
0.003471
0.002557
0.002185
0.001017
0.000512
0.001149
0.000276
-0.000222
-0.000030
-0.000875
-0.001496
-0.000889
-0.001015
-0.001161
-0.000218
0.000242
-0.001049
-0.002182
-0.002051
-0.003020
-0.003623
-0.002865
-0.001419
-0.001199
-0.000397
0.000439
-0.000230
-0.000143
-0.000217
-0.002088
-0.002302
-0.001569
-0.001536
0.000229
0.001953
0.002631
0.005173
0.007173
0.006260
0.006916
0.008169
0.007179
0.007652
0.009964
0.009695
0.008329
0.007992
0.006552
0.003808
0.001373
-0.000078
-0.003464
-0.005009
-0.004371
-0.005292
-0.005939
-0.004946
-0.004249
-0.004249
-0.003310
-0.002308
-0.001646
-0.001660
-0.001512
-0.001070
-0.001314
-0.001162
-0.001676
-0.002692
-0.002588
-0.002544
-0.003112
-0.003137
-0.003744
-0.004911
-0.004921
-0.005802
-0.007022
-0.006347
-0.007075
-0.008133
-0.009074
-0.008751
-0.009304
-0.009292
-0.008918
-0.009705
-0.009517
-0.007607
-0.006357
-0.005185
-0.003417
-0.001928
-0.000249
0.000632
0.001370
0.001277
0.000561
-0.000028
-0.000986
-0.001344
-0.001706
-0.003523
-0.004901
-0.005294
-0.005842
-0.006584
-0.006307
-0.005476
-0.004716
-0.004309
-0.003611
-0.002962
-0.002030
-0.002413
-0.003206
-0.001691
-0.000828
-0.001549
-0.001369
-0.001282
-0.002241
-0.002190
-0.001869
-0.002532
-0.003022
-0.002429
-0.001465
-0.001227
0.000064
0.001817
0.002114
0.001967
0.002810
0.003714
0.003134
0.002661
0.002547
0.002013
0.001916
0.001824
0.001247
0.001143
0.001086
0.000922
0.000310
-0.000076
0.000290
0.000910
0.001241
0.001988
0.002543
0.002167
0.000845
-0.000251
0.000206
0.000456
-0.000420
-0.000517
0.001225
0.003350
0.004089
0.004110
0.004776
0.005251
0.004018
0.004833
0.007248
0.006108
0.003997
0.004374
0.004119
0.003375
0.002622
0.002472
0.001881
0.001555
0.001498
0.002194
0.002737
0.001779
0.001953
0.004326
0.005556
0.005616
0.007206
0.007519
0.006408
0.005946
0.005229
0.003908
0.002601
0.001237
0.000537
0.000927
0.000284
0.000117
0.002022
0.003052
0.002502
0.002883
0.003052
0.001899
0.001368
0.000715
-0.000642
-0.002144
-0.002836
-0.002651
-0.001494
0.000064
0.001359
0.003001
0.004436
0.004765
0.004600
0.004935
0.004156
0.002226
0.000453
-0.001639
-0.003947
-0.005891
-0.008289
-0.011389
-0.014100
-0.016161
-0.016963
-0.015485
-0.011784
-0.006237
0.002202
0.011167
0.018614
0.021349
0.025141
0.026107
0.025723
0.023754
0.019519
0.015014
0.010698
0.006198
0.002071
-0.003113
-0.008622
-0.012041
-0.013891
-0.015698
-0.016202
-0.015968
-0.015582
-0.013680
-0.012288
-0.012086
-0.011588
-0.011553
-0.012274
-0.012605
-0.012233
-0.011746
-0.011043
-0.008567
-0.005961
-0.004905
-0.003247
-0.000760
0.000311
-0.000769
-0.002170
-0.003626
-0.005780
-0.007210
-0.007008
-0.006289
-0.005551
-0.004496
-0.004060
-0.004422
-0.004380
-0.004393
-0.005626
-0.006553
-0.006819
-0.007432
-0.008244
-0.008088
-0.007347
-0.006344
-0.004494
-0.001790
0.001215
0.003838
0.005716
0.006291
0.006443
0.004772
0.003117
0.000832
-0.001899
-0.003036
-0.003664
-0.004097
-0.004175
-0.004658
-0.005570
-0.006094
-0.006132
-0.006134
-0.005086
-0.003246
-0.001897
0.000262
0.001925
0.002337
0.003188
0.003550
0.003121
0.002637
0.002209
0.002456
0.002985
0.003031
0.003455
0.004041
0.003954
0.003810
0.003565
0.002450
0.000934
0.000414
0.001214
0.002248
0.004452
0.006915
0.008338
0.009127
0.009323
0.008199
0.006523
0.004569
0.002014
0.000261
-0.000624
-0.000906
-0.000283
0.000148
0.000274
0.000123
-0.000510
-0.001258
-0.001283
-0.000705
-0.000182
0.002107
0.005804
0.008695
0.009928
0.012584
0.014391
0.014342
0.013416
0.011555
0.009009
0.006528
0.004485
0.002785
0.001469
0.001430
0.001877
0.002491
0.003607
0.004584
0.005022
0.005670
0.006665
0.006600
0.005852
0.005785
0.005287
0.004150
0.004228
0.005011
0.005178
0.005901
0.007393
0.008418
0.008722
0.009918
0.011115
0.010794
0.010095
0.008866
0.007575
0.004842
-0.000077
-0.002698
-0.005003
-0.008788
-0.009939
-0.009820
-0.010655
-0.008281
-0.005722
-0.005350
-0.003734
-0.003061
-0.004806
-0.004890
-0.005147
-0.006748
-0.005559
-0.003745
-0.003589
-0.001222
0.001683
0.002131
0.002559
0.002908
0.002252
0.001481
0.001111
0.000083
0.000141
0.000790
0.001221
0.002296
0.003535
0.003270
0.002813
0.003218
0.001784
0.000548
0.000457
-0.000772
-0.002063
-0.002110
-0.003303
-0.004676
-0.004195
-0.004337
-0.005556
-0.004558
-0.003078
-0.003229
-0.002871
-0.001671
-0.001746
-0.002102
-0.001711
-0.000576
-0.001116
-0.000844
0.000072
0.000043
0.000342
0.000900
0.001275
0.001141
0.000571
0.000242
-0.000146
-0.000181
-0.000312
-0.000371
0.000090
-0.000025
-0.000251
-0.000678
-0.001717
-0.002609
-0.003427
-0.003843
-0.004044
-0.003689
-0.003184
-0.002700
-0.002363
-0.002637
-0.003761
-0.004453
-0.004666
-0.005463
-0.006056
-0.005327
-0.004484
-0.003585
-0.002490
-0.002028
-0.001740
-0.001357
-0.000863
-0.000081
0.000863
0.001743
0.002611
0.003100
0.003136
0.002975
0.003085
0.002221
0.001171
0.000716
0.000281
-0.001195
-0.002025
-0.002175
-0.003003
-0.003312
-0.003220
-0.003107
-0.002466
-0.001964
-0.001567
-0.001276
-0.001083
-0.000339
-0.000135
-0.000551
-0.000625
-0.000207
-0.000084
-0.000623
-0.000750
-0.000526
-0.000523
-0.000453
0.000211
0.000863
0.001663
0.002601
0.002783
0.002159
0.001049
-0.000592
-0.002417
-0.004058
-0.005595
-0.006578
-0.006580
-0.006584
-0.006619
-0.005259
-0.002723
-0.001322
0.000265
0.002135
0.002462
0.002521
0.002556
0.001851
0.000228
-0.000867
-0.001621
-0.002531
-0.002516
-0.002445
-0.002588
-0.001599
-0.000587
-0.000269
0.000439
0.000753
0.000140
-0.000354
-0.001179
-0.003099
-0.004103
-0.004379
-0.004695
-0.005538
-0.004543
-0.002684
-0.001996
-0.000476
0.002276
0.003420
0.003866
0.005199
0.005353
0.004251
0.004012
0.004167
0.003516
0.003384
0.003754
0.003311
0.003228
0.003401
0.002389
0.001584
0.001342
0.001164
0.001062
0.000886
0.001267
0.001100
0.000231
-0.000146
-0.000860
-0.001582
-0.002361
-0.002194
-0.002204
-0.001747
-0.000645
0.000224
0.000898
0.001184
0.001555
0.001908
0.002307
0.002215
0.002331
0.002990
0.003195
0.003534
0.003579
0.003276
0.003475
0.003643
0.003062
0.002141
0.001463
0.000871
0.000286
-0.000499
-0.001009
-0.001354
-0.001548
-0.001672
-0.001745
-0.001589
-0.001602
-0.002387
-0.002834
-0.002465
-0.003257
-0.004121
-0.004196
-0.004541
-0.005059
-0.004472
-0.004215
-0.004504
-0.003947
-0.003181
-0.002897
-0.001938
-0.001221
-0.001214
-0.000835
-0.000511
-0.000383
-0.000225
-0.000082
-0.000075
0.000415
0.000697
0.000747
0.000834
0.000791
0.000509
0.000385
0.000280
0.000349
0.000616
0.000778
0.000996
0.001065
0.000476
0.000222
-0.000219
-0.001068
-0.001553
-0.001838
-0.002124
-0.002259
-0.002102
-0.001575
-0.000896
-0.000475
0.000131
0.000708
0.001138
0.001493
0.002221
0.002565
0.002228
0.002328
0.002202
0.001927
0.001732
0.001071
0.000467
-0.000194
-0.000964
-0.001471
-0.002106
-0.002795
-0.002968
-0.002769
-0.002640
-0.001959
-0.001272
-0.001884
-0.002747
-0.003331
-0.004124
-0.005264
-0.005812
-0.006023
-0.006505
-0.006637
-0.006358
-0.006198
-0.005620
-0.004610
-0.003672
-0.002656
-0.001252
0.000160
0.001031
0.001262
0.001567
0.001705
0.001427
0.001313
0.001340
0.001252
0.001164
0.000890
0.000644
0.000393
0.000569
0.001094
0.000971
0.000953
0.001695
0.001931
0.001924
0.002556
0.002704
0.002255
0.002489
0.002315
0.001729
0.002242
0.002809
0.002600
0.003343
0.004467
0.004455
0.004703
0.005026
0.005321
0.004986
0.005378
0.005348
0.004882
0.005210
0.005512
0.005298
0.005543
0.005867
0.005938
0.006168
0.006557
0.006721
0.007127
0.007595
0.007643
0.007617
0.007816
0.007444
0.006879
0.006475
0.005425
0.004154
0.003031
0.001789
0.000659
-0.000351
-0.001374
-0.001805
-0.002373
-0.002637
-0.003021
-0.002968
-0.002459
-0.002380
-0.002182
-0.001852
-0.002044
-0.002390
-0.002724
-0.003405
-0.004044
-0.004138
-0.003930
-0.003639
-0.003101
-0.002817
-0.002664
-0.002564
-0.002694
-0.002697
-0.002597
-0.002683
-0.002528
-0.002397
-0.002656
-0.002709
-0.003066
-0.003335
-0.003746
-0.003890
-0.004160
-0.004146
-0.003952
-0.003980
-0.003699
-0.003244
-0.003306
-0.003001
-0.002508
-0.002551
-0.002186
-0.001600
-0.001499
-0.001107
-0.000568
-0.000839
-0.000980
-0.000914
-0.001436
-0.002056
-0.002324
-0.002380
-0.002482
-0.002248
-0.001687
-0.001347
-0.001113
-0.000449
-0.000094
0.000026
0.000064
0.000106
-0.000216
-0.000342
-0.000205
-0.000371
-0.000421
-0.000376
-0.000247
0.000143
0.000533
0.000852
0.001006
0.000885
0.001012
0.001382
0.001210
0.001161
0.001561
0.001446
0.001456
0.002090
0.001921
0.001422
0.001755
0.001611
0.001421
0.001753
0.001798
0.001569
0.001822
0.002219
0.002134
0.002190
0.002093
0.001717
0.001630
0.001458
0.001185
0.000953
0.000780
0.000641
0.000665
0.000799
0.000598
0.000514
0.000802
0.000833
0.000826
0.001044
0.001201
0.001116
0.001000
0.000937
0.000768
0.000483
0.000291
0.000170
0.000145
0.000129
0.000189
0.000366
0.000393
0.000481
0.000718
0.000679
0.000652
0.000769
0.000665
0.000713
0.000927
0.000894
0.000908
0.001064
0.001017
0.000989
0.001021
0.000843
0.000702
0.000682
0.000476
0.000338
0.000399
0.000243
0.000113
0.000162
0.000087
0.000066
0.000128
0.000100
0.000072
0.000130
0.000185
0.000118
0.000097
0.000060
0.000005
-0.000027
-0.000053
-0.000096
-0.000069
-0.000014
0.000019
0.000125
0.000178
0.000211
0.000265
0.000269
0.000253
0.000224
0.000184
0.000151
0.000116
0.000082
0.000045
-0.000040
-0.000117
-0.000198
-0.000286
-0.000366
-0.000390
-0.000460
-0.000547
-0.000607
-0.000621
-0.000636
-0.000637
-0.000631
-0.000609
-0.000581
-0.000562
-0.000512
-0.000451
-0.000391
-0.000317
-0.000271
-0.000244
-0.000223
-0.000194
-0.000167
-0.000130
-0.000081
-0.000046
-0.000027
0.000000
0.000036
0.000041
0.000035
0.000046
0.000057
0.000054
0.000061
0.000077
0.000066
0.000048
0.000048
0.000031
0.000019
0.000037
0.000029
0.000017
0.000046
0.000046
0.000020
0.000023
0.000012
-0.000018
-0.000020
-0.000017
-0.000028
-0.000031
-0.000026
-0.000029
-0.000032
-0.000036
-0.000042
-0.000055
-0.000058
-0.000057
-0.000060
-0.000061
-0.000060
-0.000058
-0.000062
-0.000061
-0.000056
-0.000060
-0.000064
-0.000061
-0.000063
-0.000060
-0.000053
-0.000051
-0.000051
-0.000051
-0.000051
-0.000055
-0.000059
-0.000061
-0.000064
-0.000067
-0.000068
-0.000068
-0.000070
-0.000070
-0.000069
-0.000066
-0.000063
-0.000058
-0.000052
-0.000046
-0.000043
-0.000043
-0.000043
-0.000046
-0.000048
-0.000050
-0.000051
-0.000050
-0.000047
-0.000045
-0.000042
-0.000039
-0.000037
-0.000035
-0.000033
-0.000031
-0.000030
-0.000029
-0.000029
-0.000028
-0.000028
-0.000028
-0.000027
-0.000026
-0.000024
-0.000023
-0.000022
-0.000021
-0.000019
-0.000018
-0.000017
-0.000016
-0.000015
-0.000015
-0.000014
-0.000013
-0.000012
-0.000011
-0.000010
-0.000009
-0.000008
-0.000008
-0.000007
-0.000006
-0.000005
-0.000004
-0.000004
-0.000003
-0.000002
-0.000001
-0.000001
0.000000
0.000001
