0.000014
0.000014
0.000014
0.000014
0.000014
0.000013
0.000014
0.000013
0.000013
0.000013
0.000013
0.000013
0.000013
0.000013
0.000013
0.000013
0.000013
0.000013
0.000013
0.000013
0.000013
0.000013
0.000013
0.000013
0.000012
0.000012
0.000014
0.000009
0.000014
0.000010
0.000015
0.000009
0.000014
0.000008
0.000016
0.000006
0.000015
0.000007
0.000015
0.000006
0.000014
0.000007
0.000013
0.000005
0.000015
0.000004
0.000019
0.000002
0.000016
0.000005
0.000018
0.000002
0.000017
0.000002
0.000020
0.000003
0.000012
0.000010
0.000009
0.000010
0.000009
0.000011
0.000011
0.000013
0.000009
0.000006
0.000010
0.000009
0.000010
0.000009
0.000011
0.000010
0.000013
0.000012
0.000000
0.000009
0.000017
0.000009
0.000000
0.000007
0.000008
0.000014
0.000012
0.000006
0.000006
0.000007
-0.000007
0.000032
-0.000007
0.000019
-0.000015
0.000025
-0.000012
0.000035
-0.000012
0.000030
-0.000013
0.000023
-0.000007
0.000017
-0.000016
0.000038
-0.000023
0.000037
-0.000020
0.000029
-0.000021
0.000028
-0.000025
0.000035
-0.000026
0.000034
-0.000036
0.000048
-0.000017
0.000036
-0.000031
0.000030
-0.000001
-0.000001
0.000016
-0.000005
0.000013
-0.000010
0.000014
0.000003
0.000004
0.000005
0.000016
-0.000006
0.000000
0.000003
0.000009
-0.000001
-0.000006
-0.000002
0.000005
-0.000015
0.000018
-0.000010
0.000009
-0.000015
0.000009
-0.000007
0.000020
-0.000010
0.000010
0.000026
0.000067
-0.000040
0.000044
-0.000029
0.000049
-0.000053
0.000041
-0.000040
0.000072
-0.000074
0.000037
-0.000051
0.000070
-0.000061
0.000063
-0.000071
0.000060
-0.000055
0.000076
-0.000057
0.000069
-0.000070
0.000037
-0.000050
0.000068
-0.000056
0.000060
-0.000090
0.000088
-0.000113
-0.005495
0.000094
0.000017
0.000073
0.000046
0.000097
0.000041
0.000056
0.000027
0.000060
0.000055
0.000076
0.000019
0.000064
0.000058
0.000051
0.000037
0.000071
0.000031
0.000090
0.000045
0.000078
0.000019
0.000054
0.000028
0.000100
0.000012
0.000087
0.000034
0.000048
0.000052
0.000096
-0.000022
0.000128
-0.000043
0.000143
-0.000011
0.000130
-0.000029
0.000078
-0.000033
0.000121
-0.000011
0.000122
0.000005
0.000136
-0.000039
0.000134
-0.000061
0.000132
-0.000030
0.000166
-0.000040
0.000119
-0.000045
0.000183
-0.000019
0.000090
-0.000067
0.000166
-0.000030
-0.007305
0.000149
0.000109
0.000123
0.000105
0.000149
0.000076
0.000130
0.000077
0.000121
0.000104
0.000155
0.000080
0.000080
0.000074
0.000116
0.000088
0.000145
0.000072
0.000165
0.000033
0.000129
0.000080
0.000117
0.000057
0.000133
0.000083
0.000158
0.000078
0.000129
0.000067
0.000164
0.000012
0.000191
-0.000029
0.000198
0.000019
0.000189
-0.000034
0.000208
-0.000001
0.000186
-0.000013
0.000222
-0.000001
0.000182
-0.000028
0.000182
-0.000012
0.000163
-0.000014
0.000221
-0.000022
0.000164
0.000030
0.000163
0.000021
0.000146
0.000007
0.000192
-0.000001
0.000042
0.000119
0.000059
0.000106
0.000093
0.000112
0.000068
0.000099
0.000060
0.000105
0.000040
0.000147
0.000042
0.000138
0.000045
0.000133
0.000074
0.000103
0.000065
0.000145
0.000015
0.000142
0.000056
0.000093
0.000050
0.000106
0.000058
0.000099
0.000021
0.000151
0.000016
0.000209
-0.000030
0.000139
0.000012
0.000135
-0.000019
0.000160
-0.000004
0.000106
0.000009
0.000101
-0.000011
0.000129
-0.000037
0.000198
-0.000036
0.000132
-0.000008
0.000139
-0.000050
0.000159
-0.000003
0.000132
-0.000021
0.000174
-0.000054
0.000141
-0.000026
0.000131
-0.000019
0.000126
0.000077
0.000028
0.000057
0.000004
0.000098
-0.000001
0.000068
-0.000007
0.000122
-0.000016
0.000059
0.000005
0.000117
-0.000014
0.000093
0.000009
0.000094
0.000037
0.000107
-0.000008
0.000120
0.000019
0.000117
-0.000005
0.000090
0.000003
0.000099
0.000013
0.000088
0.000005
0.000136
-0.000035
0.000081
0.000005
0.000164
-0.000061
0.000128
-0.000040
0.000108
-0.000032
0.000123
0.000008
0.000117
-0.000063
0.000129
-0.000030
0.000090
-0.000054
0.000105
-0.000080
0.000149
-0.000046
0.000102
-0.000069
0.000124
-0.000026
0.000133
-0.000053
0.000094
-0.000043
0.000152
0.000046
-0.000047
0.000125
-0.000016
0.000080
-0.000003
0.000076
-0.000009
0.000087
-0.000004
0.000065
-0.000038
0.000045
-0.000010
0.000068
-0.000007
0.000080
-0.000031
0.000036
-0.000060
0.000047
-0.000010
0.000088
-0.000009
0.000035
-0.000026
0.000080
0.000014
0.000037
0.000016
0.000068
-0.000040
0.000114
-0.000046
0.000089
-0.000065
0.000121
-0.000026
0.000115
-0.000069
0.000110
-0.000106
0.000101
-0.000035
0.000110
-0.000102
0.000090
-0.000036
0.000052
-0.000076
0.000124
-0.000102
0.000101
-0.000067
0.000078
-0.000088
0.000113
-0.000065
0.000062
-0.000084
0.000143
0.000066
-0.000004
0.000047
-0.000029
0.000086
-0.000069
0.000085
-0.000057
0.000062
-0.000027
0.000046
-0.000066
0.000046
-0.000113
-0.000033
-0.000177
-0.000124
-0.000305
-0.000304
-0.000568
-0.000570
-0.000680
-0.000524
-0.000354
-0.000045
0.000231
0.001076
0.002025
0.002792
0.002622
0.001968
0.001247
0.000212
-0.001330
-0.003178
-0.005980
-0.007216
-0.004533
-0.001473
-0.000119
0.001589
0.001486
0.000019
-0.002228
-0.004047
-0.009802
-0.017289
-0.019955
-0.021494
-0.024827
-0.016566
-0.004512
-0.002353
-0.009264
-0.001282
0.009657
0.001349
-0.008887
-0.009575
-0.012881
-0.026192
-0.025845
-0.016777
-0.003119
0.000336
0.009089
0.018750
0.029416
0.025458
0.008924
-0.012246
-0.022974
-0.016702
0.004758
-0.001089
-0.013499
-0.012679
0.001837
0.009154
-0.002085
-0.002758
0.002886
-0.006003
-0.009294
0.003374
0.016889
0.004554
-0.032342
-0.045002
-0.027097
-0.026808
-0.031593
-0.028532
-0.012589
-0.005237
-0.012161
-0.012542
0.005349
-0.019620
-0.045500
-0.021127
0.013018
0.008056
-0.007721
-0.005143
-0.021419
-0.033010
-0.025350
-0.009990
-0.008440
-0.002006
0.026048
0.055081
0.052718
0.008972
-0.021200
-0.005925
-0.006234
-0.029912
-0.025915
-0.015249
-0.009599
-0.001063
0.011790
0.030499
0.041731
0.019554
0.022901
0.017853
0.007826
0.008880
-0.001282
-0.006833
0.000567
0.011796
0.016175
0.024537
0.025577
0.038142
0.041306
0.013131
-0.004979
-0.017747
-0.024971
-0.033812
-0.038262
-0.003665
0.025569
0.018252
0.014458
0.031358
0.028657
-0.006689
-0.028722
-0.052463
-0.039270
-0.024964
-0.026986
-0.022825
-0.005560
0.007100
0.005832
0.006044
0.015511
0.020084
0.008536
0.009282
0.025013
0.032215
0.023002
0.014204
0.034648
0.050863
0.033513
0.032690
0.051046
0.054517
0.033099
0.010585
0.009174
0.009605
0.000880
-0.003499
-0.003431
-0.005527
-0.012148
-0.007813
0.005216
0.011095
0.004462
0.009007
0.007638
0.007416
-0.000865
-0.008691
-0.006123
-0.011935
-0.003693
0.012838
0.012309
0.005208
0.003600
0.011328
0.002175
-0.011715
-0.007560
-0.004538
-0.009126
-0.025064
-0.029831
-0.012467
-0.014245
-0.010716
-0.001470
-0.001222
-0.001845
-0.002442
0.013861
0.029694
0.028579
0.033159
0.030063
0.022395
0.014852
0.013031
0.015604
0.002161
-0.007422
-0.000451
0.005055
0.006551
0.008266
0.007148
0.006009
0.001120
0.003633
0.011423
0.021319
0.011395
0.013489
0.017256
0.010265
0.007100
-0.002618
-0.001437
0.007399
0.005237
-0.006179
-0.009781
-0.012320
-0.005568
-0.010131
-0.028208
-0.025265
-0.024710
-0.027266
-0.030125
-0.013169
0.019233
0.033214
0.038895
0.042867
0.051115
0.048716
0.052129
0.050177
0.037817
0.022570
0.017997
0.017836
0.017573
0.019634
0.003120
0.000393
0.007198
0.015089
0.025230
0.020339
0.006385
0.003705
-0.014019
-0.034704
-0.043704
-0.046636
-0.050452
-0.054809
-0.044079
-0.033696
-0.034140
-0.033176
-0.010133
0.011498
-0.001699
0.008489
0.026915
0.019724
0.001996
0.002211
0.011439
0.002304
-0.014068
-0.027953
-0.009409
-0.008689
-0.017339
-0.007882
0.007456
0.019755
0.020286
0.023483
0.022692
0.009396
-0.004268
0.000570
-0.000638
-0.000682
-0.008852
-0.008411
-0.001069
-0.007698
0.000785
0.009083
0.006449
0.017117
0.014295
0.022508
0.008608
-0.013833
-0.006357
-0.002811
0.013610
0.017142
0.004610
0.006765
0.019000
0.016602
0.013600
-0.004363
-0.008730
0.014911
0.019415
0.008225
0.022638
0.032654
0.015276
-0.004259
-0.021316
-0.013977
-0.006339
-0.010971
0.004905
0.020401
-0.003298
-0.013228
0.014116
0.016156
-0.005371
-0.019197
-0.010388
0.014637
0.008510
-0.002654
0.001663
0.002060
-0.013749
-0.010123
0.011193
0.012232
0.014246
0.011952
0.014783
0.024609
0.031114
0.017214
0.006582
-0.011736
-0.005949
-0.014658
-0.021389
-0.005563
0.016602
0.048238
0.038189
0.039660
0.040640
0.030218
0.028316
0.025518
0.028556
0.041074
0.047874
0.031992
0.024381
0.028966
0.033864
0.040121
0.019424
0.018942
0.051394
0.048551
0.028021
0.025333
0.031121
0.031725
0.017415
-0.005201
0.020596
0.047627
0.014628
-0.002250
-0.004285
-0.012674
-0.017065
-0.032988
-0.030763
-0.009457
0.006040
0.015311
0.015806
0.022596
0.016852
0.005544
-0.000886
-0.015960
-0.045111
-0.092893
-0.081452
-0.069859
-0.063481
-0.050945
-0.060643
-0.056287
-0.062728
-0.073080
-0.045993
-0.024498
-0.017169
-0.018277
-0.005961
0.007395
0.014571
0.001143
-0.023097
-0.027513
-0.010185
-0.003105
-0.030103
-0.026344
-0.000588
-0.001578
-0.022024
-0.056422
-0.061241
-0.038336
-0.045910
-0.058877
-0.072602
-0.067697
-0.040707
-0.065988
-0.096678
-0.073168
-0.070090
-0.077924
-0.083250
-0.102031
-0.117006
-0.100414
-0.109476
-0.131936
-0.102027
-0.059679
-0.050600
-0.048085
-0.054346
-0.044156
-0.046393
-0.065435
-0.080646
-0.078783
-0.063942
-0.060632
-0.059566
-0.017913
0.025318
0.039162
0.055979
0.064078
0.076200
0.103564
0.123573
0.147269
0.176461
0.174019
0.152196
0.151783
0.160319
0.155795
0.165725
0.145497
0.113458
0.091213
0.076369
0.068290
0.073105
0.056581
0.063124
0.074870
0.058153
0.075638
0.088231
0.101029
0.114129
0.105451
0.089883
0.093414
0.108557
0.101470
0.087183
0.082777
0.083485
0.081172
0.084686
0.091570
0.106401
0.090431
0.063591
-0.008823
-0.087350
-0.131402
-0.138388
-0.146584
-0.141539
-0.157860
-0.182446
-0.199144
-0.211907
-0.223515
-0.216230
-0.185726
-0.162742
-0.154607
-0.151544
-0.142681
-0.115192
-0.062500
-0.024125
-0.027112
-0.029875
-0.004401
0.017343
0.016666
-0.001613
-0.014223
-0.022978
-0.055521
-0.093251
-0.118317
-0.122859
-0.128472
-0.166308
-0.192804
-0.216697
-0.246178
-0.251000
-0.260236
-0.296503
-0.305409
-0.308584
-0.324288
-0.333211
-0.329119
-0.323703
-0.315090
-0.300967
-0.277479
-0.243069
-0.214438
-0.189630
-0.151089
-0.084212
0.027908
0.126672
0.146452
0.142442
0.143632
0.137054
0.193628
0.249865
0.228642
0.277402
0.385413
0.490657
0.583200
0.672197
0.748756
0.822429
0.813135
0.748323
0.692337
0.523491
0.299799
0.131696
0.145784
0.273071
0.321169
0.280414
0.198676
0.164990
0.163152
0.199931
0.271296
0.250967
0.197696
0.176925
0.188175
0.226478
0.237612
0.230462
0.180845
0.146135
0.123887
0.056167
0.006061
-0.000914
0.007426
-0.023688
-0.077459
-0.105854
-0.118768
-0.140724
-0.170162
-0.218334
-0.278833
-0.331069
-0.364005
-0.387081
-0.436329
-0.496539
-0.510216
-0.479892
-0.461919
-0.471672
-0.495365
-0.472624
-0.438463
-0.368722
-0.334820
-0.319991
-0.287391
-0.240060
-0.179509
-0.107447
-0.044090
0.020390
0.101904
0.140725
0.130398
0.115922
0.098062
0.088429
0.089193
0.106771
0.118858
0.100095
0.074688
0.054539
0.034833
0.076363
0.134159
0.150577
0.151084
0.141215
0.100257
0.050216
-0.009758
-0.045389
-0.106047
-0.125140
-0.122456
-0.142488
-0.172728
-0.195294
-0.218049
-0.231943
-0.231480
-0.216716
-0.191932
-0.175850
-0.172403
-0.153303
-0.109750
-0.068649
-0.040283
-0.011602
0.017818
0.033030
0.040064
0.054911
0.057279
0.031261
0.013521
0.051150
0.086199
0.077222
0.042968
0.024938
0.016050
0.032328
0.024101
-0.013079
-0.026833
-0.002036
0.024585
0.018963
-0.008061
-0.029856
-0.015021
-0.001174
-0.015165
-0.020101
-0.015946
-0.002709
0.010827
0.009259
0.010280
0.008995
0.005257
0.009931
0.043880
0.061259
0.054179
0.058539
0.093640
0.123270
0.126141
0.122041
0.126209
0.126303
0.122354
0.120361
0.097153
0.086545
0.087724
0.088843
0.082997
0.073657
0.073406
0.079060
0.085819
0.096413
0.105150
0.104460
0.107757
0.083993
0.054716
0.045200
0.054633
0.047488
0.028275
0.010293
0.001696
0.008664
0.002503
-0.022094
-0.022113
-0.012409
-0.028638
-0.039270
-0.049262
-0.039052
-0.038266
-0.047626
-0.071198
-0.091440
-0.081962
-0.084987
-0.108091
-0.114466
-0.111646
-0.108260
-0.107333
-0.110744
-0.117666
-0.126853
-0.126274
-0.120373
-0.111789
-0.103614
-0.092772
-0.076196
-0.065150
-0.057176
-0.043940
-0.029647
-0.009596
0.005618
0.003691
0.001674
0.017533
0.048560
0.066782
0.072699
0.086093
0.095071
0.109540
0.122663
0.126838
0.140837
0.162917
0.174521
0.171589
0.165702
0.175392
0.189902
0.187897
0.176176
0.172605
0.172456
0.168068
0.166282
0.178002
0.191936
0.176374
0.131029
0.098477
0.086876
0.060765
0.020711
0.007319
-0.001378
0.004007
0.015603
0.018506
-0.002171
-0.023664
-0.050895
-0.060243
-0.030193
-0.019162
-0.023804
-0.030414
-0.019322
0.002222
0.013086
0.000958
-0.012388
-0.002288
-0.007737
-0.025643
-0.048623
-0.068535
-0.074907
-0.079238
-0.096950
-0.120327
-0.134305
-0.128742
-0.131336
-0.142010
-0.159077
-0.160217
-0.150064
-0.127602
-0.114130
-0.115656
-0.107496
-0.088099
-0.080451
-0.091870
-0.065492
-0.072569
-0.105288
-0.081523
-0.097204
-0.069401
-0.079639
-0.076552
-0.065188
-0.062596
-0.066144
-0.065067
-0.046204
-0.017254
-0.002125
0.010681
0.021219
0.033604
0.045332
0.047092
0.046101
0.050460
0.049434
0.030316
0.026950
0.038729
0.042711
0.053959
0.057389
0.046865
0.012653
-0.009846
-0.013280
-0.007340
-0.008431
-0.040178
-0.051757
-0.028189
-0.030469
-0.036338
-0.026199
-0.024798
-0.004116
0.014266
0.016070
0.022930
0.011787
0.009852
0.045630
0.024390
0.004420
-0.003833
-0.036573
-0.060865
-0.057633
-0.053219
-0.050294
-0.057692
-0.078680
-0.047733
-0.037433
-0.027323
-0.015490
-0.020502
-0.014504
0.011876
0.022814
0.014327
0.020855
0.047729
0.055472
0.055454
0.053791
0.050690
0.057828
0.064178
0.061542
0.050506
0.038349
0.042674
0.042742
0.034559
0.033043
0.032539
0.030378
0.023574
0.009985
0.007246
0.022795
0.024804
0.011821
0.009443
0.011990
0.013848
0.016958
0.025113
0.035645
0.024519
0.055869
0.076240
0.066460
0.090643
0.075683
0.072720
0.099280
0.091297
0.095681
0.101594
0.091507
0.101986
0.089924
0.067948
0.034395
0.021556
0.019874
0.039250
0.043481
0.031014
0.017115
0.023229
0.036222
0.043600
0.044466
0.052878
0.064447
0.063463
0.050248
0.053896
0.058805
0.042181
0.035791
0.037173
0.025822
0.007665
-0.002030
0.003172
0.008865
0.000226
-0.009469
-0.011406
-0.008967
-0.004944
-0.003723
-0.004926
-0.005474
-0.005267
-0.008907
-0.011030
-0.017491
-0.027965
-0.036406
-0.035542
-0.034493
-0.039613
-0.046181
-0.048661
-0.055644
-0.065214
-0.061185
-0.057477
-0.061908
-0.062381
-0.064595
-0.070097
-0.069984
-0.067998
-0.059275
-0.052724
-0.052430
-0.050295
-0.042741
-0.032563
-0.017785
-0.001317
0.004608
0.011712
0.016848
0.019886
0.018654
0.017737
0.014103
0.007073
-0.000048
-0.006914
-0.009163
-0.009613
-0.012637
-0.016816
-0.013977
-0.002222
0.006472
0.010645
0.015200
0.021747
0.020068
0.011136
0.002231
-0.006729
-0.020876
-0.038039
-0.048452
-0.043526
-0.035862
-0.038411
-0.042942
-0.047300
-0.038854
-0.036322
-0.051922
-0.058759
-0.058256
-0.062102
-0.065945
-0.070536
-0.072637
-0.066989
-0.069911
-0.076201
-0.069470
-0.062232
-0.057114
-0.054849
-0.051150
-0.051983
-0.056226
-0.056457
-0.054975
-0.054332
-0.058941
-0.059937
-0.052213
-0.050872
-0.047933
-0.044203
-0.041359
-0.027988
-0.021330
-0.022855
-0.015936
-0.008451
-0.005391
-0.001465
0.002148
0.000278
-0.009524
-0.013610
-0.006882
-0.001230
-0.002325
-0.009782
-0.012919
-0.006777
-0.003468
-0.010096
-0.017349
-0.015261
-0.011934
-0.012053
-0.013370
-0.016329
-0.008649
0.008976
0.016580
0.014245
0.015411
0.022396
0.029729
0.036196
0.033887
0.031147
0.036721
0.034662
0.027080
0.025177
0.024954
0.022998
0.016252
0.009589
0.015474
0.027865
0.030383
0.032522
0.045745
0.057215
0.060226
0.064628
0.071574
0.075567
0.081930
0.085613
0.081203
0.076742
0.083548
0.090633
0.087309
0.080633
0.077173
0.073782
0.074254
0.069852
0.060519
0.055139
0.051485
0.049905
0.044936
0.040461
0.040513
0.035407
0.029016
0.027298
0.020882
0.009753
-0.000296
-0.008143
-0.008331
-0.003511
-0.009421
-0.011695
-0.001156
0.005249
0.005274
0.007376
0.018628
0.034320
0.037787
0.034062
0.034435
0.043092
0.056842
0.067047
0.070313
0.070444
0.069059
0.062497
0.049095
0.040270
0.038937
0.030020
0.017487
0.007997
0.001830
-0.000624
-0.004997
-0.007889
-0.009573
-0.014496
-0.018193
-0.015344
-0.012201
-0.013404
-0.015167
-0.015978
-0.013987
-0.012347
-0.019158
-0.018756
-0.014057
-0.003337
0.001337
0.002866
0.008965
0.016492
0.022232
0.024630
0.018967
0.014059
0.012266
0.004576
-0.006673
-0.017721
-0.029882
-0.038498
-0.038689
-0.041986
-0.048583
-0.051604
-0.049642
-0.045312
-0.046431
-0.051706
-0.054803
-0.058449
-0.059221
-0.059607
-0.066239
-0.072512
-0.074391
-0.073561
-0.069945
-0.065937
-0.057860
-0.043012
-0.022090
-0.003197
0.007582
0.017843
0.031917
0.047692
0.059067
0.061915
0.056871
0.053678
0.056399
0.057403
0.049234
0.031518
0.015322
0.002470
-0.011979
-0.021611
-0.027617
-0.030550
-0.034663
-0.043888
-0.047355
-0.045809
-0.042949
-0.044232
-0.044814
-0.038905
-0.024941
-0.015168
-0.003914
0.010816
0.029280
0.048231
0.061754
0.069016
0.070510
0.075805
0.083185
0.077180
0.071016
0.070806
0.066977
0.055611
0.039045
0.020772
0.006470
-0.003445
-0.015218
-0.025853
-0.031980
-0.035229
-0.035007
-0.032866
-0.030152
-0.027892
-0.025102
-0.016844
-0.008043
0.002083
0.015716
0.026210
0.034335
0.045860
0.055266
0.061740
0.064704
0.064630
0.063508
0.058444
0.051277
0.039338
0.018899
0.003139
-0.004868
-0.010106
-0.013006
-0.017825
-0.022188
-0.021196
-0.017290
-0.013660
-0.009708
-0.011061
-0.018251
-0.023269
-0.024150
-0.025564
-0.032766
-0.039685
-0.044516
-0.051300
-0.057457
-0.059797
-0.061668
-0.064128
-0.069409
-0.073270
-0.069596
-0.065322
-0.067431
-0.072250
-0.072403
-0.070613
-0.067357
-0.063505
-0.058144
-0.047423
-0.034608
-0.023261
-0.013790
-0.003035
0.005917
0.006983
0.004353
0.004243
0.006277
0.006363
0.003477
-0.007282
-0.018035
-0.020647
-0.025398
-0.035537
-0.041417
-0.047397
-0.053974
-0.057170
-0.060412
-0.060891
-0.059184
-0.060115
-0.057798
-0.055559
-0.059151
-0.062006
-0.061363
-0.060745
-0.064159
-0.073576
-0.077830
-0.075020
-0.072633
-0.073846
-0.079883
-0.087594
-0.087660
-0.082512
-0.081093
-0.081047
-0.077125
-0.067776
-0.054822
-0.041295
-0.027077
-0.012508
-0.001633
0.012552
0.025968
0.034396
0.041720
0.048017
0.056457
0.064393
0.067128
0.065675
0.064748
0.064227
0.056441
0.044447
0.034639
0.026483
0.016839
0.005113
-0.003612
-0.007232
-0.007425
-0.006578
-0.006200
-0.005902
-0.001699
0.005468
0.010242
0.011879
0.017531
0.024878
0.030815
0.038630
0.049278
0.055531
0.059946
0.067720
0.075302
0.078270
0.081782
0.084184
0.083305
0.078986
0.065048
0.047117
0.036736
0.031797
0.023130
0.013446
0.002515
-0.006837
-0.006695
-0.000957
-0.001639
-0.004900
-0.004424
-0.000761
0.001088
0.000992
0.001105
0.000332
0.003307
0.008992
0.013643
0.020697
0.028659
0.029904
0.030597
0.033523
0.031962
0.026839
0.018835
0.011404
0.001759
-0.009552
-0.019844
-0.024687
-0.027409
-0.035323
-0.041930
-0.040174
-0.035776
-0.026328
-0.012077
0.003489
0.018714
0.026081
0.039480
0.051839
0.061149
0.072188
0.081726
0.085059
0.083755
0.080798
0.075606
0.070185
0.062726
0.053745
0.044932
0.040683
0.041747
0.034930
0.024630
0.021905
0.023337
0.023640
0.019988
0.014294
0.012643
0.017116
0.019177
0.015558
0.009725
0.006200
0.003440
0.001297
-0.002699
-0.004265
-0.004995
-0.005562
-0.005423
-0.005229
-0.003053
0.005269
0.012803
0.018195
0.018145
0.018594
0.019508
0.023235
0.025514
0.024738
0.025239
0.026847
0.022573
0.016109
0.015578
0.018535
0.018232
0.014487
0.012390
0.011358
0.012500
0.013914
0.012105
0.009003
0.008133
0.009344
0.011087
0.006726
0.001943
-0.000155
-0.001037
-0.001761
-0.002576
-0.005251
-0.009425
-0.009326
-0.008248
-0.010491
-0.014156
-0.016671
-0.017519
-0.018128
-0.019277
-0.019715
-0.019263
-0.018657
-0.017998
-0.018526
-0.019119
-0.019753
-0.019673
-0.016754
-0.015160
-0.015896
-0.015025
-0.014413
-0.015216
-0.013773
-0.008868
-0.009098
-0.013912
-0.014832
-0.011274
-0.009767
-0.011799
-0.014920
-0.017632
-0.016262
-0.017549
-0.022836
-0.024776
-0.023617
-0.021077
-0.019358
-0.021688
-0.024350
-0.023408
-0.021845
-0.023150
-0.026853
-0.030995
-0.033075
-0.031520
-0.030089
-0.026984
-0.025388
-0.023800
-0.021965
-0.021196
-0.019711
-0.011379
-0.002615
0.002309
0.007849
0.014826
0.020154
0.024892
0.027592
0.027976
0.028176
0.026567
0.021928
0.016426
0.014821
0.012614
0.010916
0.012866
0.011749
0.007058
0.003383
0.000841
-0.001326
-0.002533
-0.002666
-0.000973
0.001325
0.002410
0.003539
0.003412
0.005634
0.006919
0.007207
0.008066
0.006115
0.004869
0.007517
0.011779
0.012811
0.011451
0.011999
0.015240
0.018959
0.021477
0.022498
0.026116
0.030509
0.031588
0.031078
0.031607
0.027906
0.021939
0.013978
0.005810
-0.002177
-0.010239
-0.017129
-0.020457
-0.021897
-0.026928
-0.031919
-0.032867
-0.032814
-0.038005
-0.043125
-0.044824
-0.042972
-0.041279
-0.042113
-0.039619
-0.035106
-0.033807
-0.033320
-0.031187
-0.028023
-0.025150
-0.026587
-0.029297
-0.029956
-0.028450
-0.028986
-0.027637
-0.024056
-0.020128
-0.016784
-0.012272
-0.001282
0.008322
0.011482
0.017451
0.021068
0.025335
0.027498
0.028213
0.030356
0.032688
0.034421
0.034909
0.036815
0.040238
0.043149
0.046171
0.047880
0.048943
0.049654
0.048092
0.045512
0.042493
0.038629
0.034541
0.028117
0.021803
0.020864
0.020776
0.018812
0.018223
0.019064
0.019431
0.019340
0.019278
0.018331
0.018538
0.017998
0.016226
0.014526
0.010132
0.004872
0.001438
-0.004559
-0.013882
-0.021981
-0.028563
-0.031866
-0.033639
-0.038868
-0.043795
-0.046005
-0.047912
-0.051531
-0.055785
-0.055799
-0.052913
-0.048995
-0.045722
-0.041452
-0.034254
-0.027934
-0.028233
-0.028457
-0.028023
-0.026878
-0.025629
-0.025252
-0.024887
-0.022243
-0.019124
-0.015631
-0.011086
-0.007833
-0.004759
0.000887
0.006512
0.012838
0.017774
0.019992
0.021554
0.022365
0.022988
0.023345
0.021606
0.019718
0.016314
0.010800
0.005783
0.004624
0.004038
0.000255
-0.003323
-0.004763
-0.005348
-0.006712
-0.007877
-0.008216
-0.006665
-0.005858
-0.005313
-0.004728
-0.003184
-0.001456
-0.000240
0.000182
0.002300
0.004441
0.004043
0.003648
0.004073
0.005630
0.004930
0.001014
-0.003955
-0.009875
-0.016419
-0.024607
-0.031286
-0.033745
-0.033922
-0.033679
-0.034955
-0.034242
-0.031708
-0.030033
-0.024534
-0.019711
-0.017459
-0.013191
-0.010155
-0.009449
-0.010458
-0.011629
-0.012641
-0.016121
-0.018059
-0.017254
-0.016973
-0.018342
-0.018699
-0.016628
-0.015511
-0.015218
-0.013312
-0.010448
-0.009976
-0.009581
-0.007610
-0.004146
-0.001020
0.001125
0.005867
0.008566
0.011097
0.013703
0.019331
0.022247
0.025591
0.029450
0.032320
0.035405
0.037112
0.037082
0.036941
0.036967
0.037869
0.037209
0.034997
0.032815
0.031737
0.031344
0.029412
0.027810
0.028506
0.027028
0.023235
0.020521
0.018977
0.017215
0.016039
0.017275
0.017569
0.018882
0.023835
0.026626
0.027934
0.034085
0.040455
0.043701
0.044152
0.043469
0.045896
0.048316
0.048157
0.050066
0.052354
0.052170
0.051333
0.050195
0.048029
0.044621
0.039338
0.032105
0.024781
0.016978
0.009514
0.005410
0.001917
-0.003135
-0.005754
-0.007155
-0.007865
-0.007848
-0.010325
-0.010137
-0.008587
-0.007690
-0.009201
-0.009717
-0.007006
-0.008436
-0.011875
-0.013929
-0.015302
-0.018285
-0.024032
-0.029623
-0.034230
-0.038625
-0.041761
-0.045382
-0.047413
-0.046738
-0.044762
-0.041394
-0.038502
-0.034540
-0.029275
-0.026562
-0.026583
-0.023246
-0.021498
-0.023242
-0.026770
-0.031001
-0.034584
-0.036098
-0.040395
-0.043254
-0.044983
-0.044886
-0.043832
-0.042304
-0.039620
-0.036828
-0.034242
-0.032550
-0.031282
-0.028959
-0.026769
-0.025038
-0.023407
-0.020747
-0.015461
-0.012068
-0.009903
-0.006973
-0.003987
-0.001359
-0.000044
0.001238
0.002963
0.000771
-0.003325
-0.002079
-0.000590
-0.001445
-0.004203
-0.006637
-0.008034
-0.008944
-0.011278
-0.012417
-0.011552
-0.010473
-0.009193
-0.007906
-0.006134
-0.003482
-0.002818
-0.000789
0.001473
0.002688
0.005503
0.008623
0.011519
0.014519
0.016313
0.019195
0.023829
0.027863
0.030098
0.031522
0.033987
0.036406
0.037036
0.036394
0.033251
0.030151
0.028383
0.024581
0.020425
0.016421
0.013236
0.011408
0.008054
0.004345
0.002165
-0.000972
-0.005025
-0.006632
-0.007408
-0.008938
-0.009654
-0.010285
-0.009572
-0.009630
-0.009590
-0.008595
-0.008271
-0.007471
-0.006423
-0.006347
-0.007202
-0.006188
-0.004460
-0.002893
-0.002233
-0.000271
0.004205
0.007143
0.009516
0.011713
0.013108
0.014541
0.015420
0.015556
0.016174
0.016022
0.015998
0.015789
0.015930
0.016887
0.017555
0.018753
0.018643
0.017269
0.015285
0.011970
0.009567
0.007474
0.004527
0.003249
0.001404
-0.001178
-0.002705
-0.004544
-0.005533
-0.007182
-0.009430
-0.011530
-0.013748
-0.016643
-0.018699
-0.020476
-0.022380
-0.024028
-0.024917
-0.024329
-0.024251
-0.024348
-0.023792
-0.023069
-0.020273
-0.016572
-0.013797
-0.010298
-0.004895
-0.000215
0.003848
0.008162
0.012448
0.016459
0.020007
0.022591
0.024578
0.025112
0.024726
0.024147
0.022903
0.020820
0.018406
0.016556
0.014221
0.011822
0.009770
0.007693
0.004455
0.002840
0.000986
-0.001625
-0.004261
-0.006667
-0.007897
-0.008253
-0.008257
-0.008847
-0.008199
-0.006357
-0.003874
-0.000193
0.003180
0.005479
0.007295
0.008745
0.008550
0.004906
0.000893
-0.000810
-0.004683
-0.009111
-0.013446
-0.018194
-0.021782
-0.024000
-0.027350
-0.029996
-0.029905
-0.029023
-0.027132
-0.024267
-0.020661
-0.016239
-0.011164
-0.005963
-0.002789
0.000303
0.004085
0.007080
0.008213
0.008271
0.007988
0.006584
0.003810
0.000174
-0.003396
-0.006038
-0.007708
-0.008393
-0.008290
-0.005351
-0.001605
0.003237
0.008063
0.011827
0.015235
0.019074
0.022547
0.025064
0.028247
0.030126
0.029995
0.028033
0.026244
0.025567
0.026167
0.027202
0.027732
0.028620
0.029099
0.028499
0.027385
0.027318
0.026404
0.025698
0.025043
0.023602
0.022917
0.021975
0.020935
0.018515
0.015879
0.013417
0.009958
0.005562
0.001919
-0.001085
-0.003429
-0.006289
-0.009688
-0.012827
-0.015541
-0.017948
-0.020024
-0.021894
-0.022291
-0.023219
-0.024593
-0.025836
-0.026642
-0.025879
-0.024393
-0.024250
-0.023560
-0.020570
-0.016906
-0.015085
-0.014586
-0.013284
-0.012532
-0.012198
-0.012669
-0.012860
-0.013124
-0.015087
-0.016750
-0.017535
-0.019224
-0.020779
-0.021568
-0.022210
-0.022576
-0.023359
-0.024462
-0.025526
-0.025652
-0.025475
-0.025421
-0.024961
-0.023426
-0.021314
-0.018247
-0.014381
-0.008940
-0.002569
0.001958
0.004449
0.005863
0.006803
0.006220
0.005628
0.004221
0.001286
-0.002278
-0.005802
-0.009755
-0.012213
-0.013706
-0.015175
-0.015303
-0.014782
-0.014628
-0.014260
-0.013544
-0.012484
-0.010684
-0.009219
-0.007447
-0.005088
-0.003240
-0.001863
-0.000211
0.000890
0.001720
0.002801
0.003187
0.004254
0.005501
0.005535
0.006196
0.007632
0.008006
0.009409
0.011499
0.013655
0.017022
0.020678
0.022039
0.023540
0.025020
0.026960
0.029061
0.030535
0.031351
0.032069
0.032143
0.032407
0.032674
0.032589
0.032935
0.033707
0.034192
0.033234
0.032611
0.033191
0.033981
0.032815
0.030556
0.029095
0.027963
0.027342
0.026267
0.024926
0.023935
0.023084
0.021900
0.020923
0.019835
0.019179
0.017981
0.016120
0.014575
0.013497
0.012334
0.011432
0.010301
0.008739
0.008389
0.007880
0.006430
0.004949
0.003028
0.001213
-0.000540
-0.003406
-0.006773
-0.009791
-0.012257
-0.014836
-0.016552
-0.017720
-0.019115
-0.020422
-0.021195
-0.021244
-0.021536
-0.022817
-0.023690
-0.024808
-0.026403
-0.028003
-0.029126
-0.029107
-0.029028
-0.029431
-0.028146
-0.025665
-0.023304
-0.020395
-0.016484
-0.012429
-0.008823
-0.005537
-0.002210
-0.000427
-0.000865
-0.001576
-0.002160
-0.004119
-0.006845
-0.010417
-0.014230
-0.017061
-0.020306
-0.024005
-0.025205
-0.026548
-0.027201
-0.028040
-0.029029
-0.029174
-0.028506
-0.027449
-0.027224
-0.027057
-0.026108
-0.025729
-0.026127
-0.026813
-0.026441
-0.025610
-0.025623
-0.025079
-0.024384
-0.024308
-0.022899
-0.020077
-0.016636
-0.013709
-0.010810
-0.007450
-0.004990
-0.003259
-0.002054
-0.000602
-0.000068
-0.000333
-0.000507
-0.000324
-0.000217
0.000255
0.000641
0.001357
0.002209
0.002997
0.003400
0.004431
0.005307
0.005784
0.005925
0.006743
0.008427
0.009756
0.010407
0.011616
0.013085
0.014341
0.015385
0.015470
0.015380
0.016145
0.017287
0.017573
0.017717
0.018233
0.018006
0.017423
0.016364
0.015551
0.014879
0.014811
0.014753
0.014552
0.015026
0.016081
0.017085
0.017911
0.018410
0.018942
0.019579
0.019596
0.018654
0.018113
0.018169
0.017629
0.017555
0.018322
0.019867
0.022381
0.024678
0.026895
0.029597
0.032340
0.034596
0.036458
0.039053
0.042007
0.044020
0.044034
0.044007
0.044660
0.045159
0.043654
0.040697
0.037605
0.033802
0.027958
0.021481
0.015754
0.011217
0.007059
0.003374
-0.000641
-0.004070
-0.004588
-0.005302
-0.007445
-0.008401
-0.008814
-0.009258
-0.010081
-0.011484
-0.013164
-0.013022
-0.012901
-0.012997
-0.013017
-0.012408
-0.009586
-0.008351
-0.007566
-0.005765
-0.002628
-0.000375
0.001212
0.002430
0.003696
0.003629
0.000972
-0.002159
-0.005929
-0.008781
-0.012135
-0.016083
-0.019366
-0.021583
-0.022222
-0.023170
-0.024934
-0.026148
-0.026179
-0.025362
-0.024190
-0.022685
-0.021254
-0.019974
-0.017660
-0.016719
-0.017236
-0.017148
-0.016933
-0.017286
-0.017572
-0.018108
-0.018762
-0.018374
-0.017596
-0.016921
-0.015981
-0.013948
-0.011883
-0.009692
-0.007474
-0.006898
-0.006423
-0.005587
-0.005474
-0.005901
-0.007222
-0.008820
-0.010181
-0.011919
-0.014406
-0.017145
-0.019115
-0.020391
-0.021851
-0.023406
-0.024234
-0.023902
-0.023415
-0.023479
-0.022912
-0.022609
-0.021195
-0.018937
-0.018034
-0.017254
-0.015407
-0.014085
-0.013703
-0.013093
-0.012044
-0.010810
-0.010157
-0.009368
-0.008153
-0.007216
-0.006779
-0.006363
-0.005682
-0.005258
-0.005701
-0.005542
-0.004361
-0.002990
-0.001455
-0.000522
0.000490
0.003078
0.004641
0.007011
0.007989
0.009296
0.011712
0.013238
0.013614
0.014318
0.015434
0.016345
0.016365
0.016018
0.015467
0.015083
0.014665
0.014420
0.013929
0.012843
0.012189
0.012391
0.013055
0.013758
0.013843
0.013901
0.014481
0.014588
0.014466
0.014511
0.014363
0.013537
0.012420
0.010052
0.009532
0.009036
0.007250
0.005943
0.005806
0.006531
0.007977
0.009283
0.010911
0.012865
0.014118
0.015067
0.016824
0.018255
0.018897
0.019125
0.019263
0.019785
0.020240
0.019939
0.019743
0.020198
0.019623
0.018103
0.017151
0.016455
0.015054
0.012552
0.008878
0.007234
0.005109
0.003235
0.001415
-0.000790
-0.002482
-0.002884
-0.003030
-0.003077
-0.002469
-0.000904
0.000937
0.001863
0.001804
0.002127
0.002958
0.003871
0.003542
0.002162
0.002495
0.003502
0.003488
0.003089
0.002607
0.003687
0.003891
0.002342
0.001668
0.001536
0.001099
0.000801
-0.000768
-0.002698
-0.003289
-0.004034
-0.005209
-0.006632
-0.007939
-0.008598
-0.009201
-0.010850
-0.012589
-0.013137
-0.013225
-0.013461
-0.012949
-0.011672
-0.009021
-0.006493
-0.004685
-0.002169
0.000278
0.002129
0.003330
0.003968
0.004593
0.005130
0.004874
0.004085
0.003680
0.003398
0.002659
0.002011
0.001820
0.002030
0.001578
0.000044
-0.001459
-0.002681
-0.004448
-0.006494
-0.008323
-0.009824
-0.011547
-0.014060
-0.016116
-0.016146
-0.016586
-0.017595
-0.018047
-0.018264
-0.019075
-0.020063
-0.020697
-0.020811
-0.020723
-0.020284
-0.019489
-0.018610
-0.018146
-0.017761
-0.016527
-0.014925
-0.013553
-0.012591
-0.012078
-0.011761
-0.011373
-0.011465
-0.011645
-0.011446
-0.011463
-0.011785
-0.012029
-0.011954
-0.011822
-0.011367
-0.011350
-0.011186
-0.010451
-0.009968
-0.008918
-0.008105
-0.006910
-0.004340
-0.001639
0.001006
0.003811
0.006167
0.008903
0.012213
0.015334
0.016856
0.019359
0.022044
0.025640
0.028944
0.031038
0.032990
0.034586
0.035757
0.036329
0.035479
0.034733
0.033427
0.030509
0.026989
0.023395
0.020142
0.017457
0.015277
0.013748
0.012437
0.011991
0.011966
0.012614
0.013631
0.014435
0.015178
0.015323
0.015663
0.016148
0.016067
0.015119
0.013527
0.012265
0.009833
0.006851
0.004426
0.002202
0.000072
-0.001922
-0.003767
-0.005227
-0.007278
-0.008940
-0.010428
-0.012077
-0.013969
-0.015776
-0.017405
-0.018960
-0.020450
-0.020957
-0.021499
-0.021642
-0.021421
-0.020995
-0.019867
-0.018135
-0.015782
-0.013114
-0.009875
-0.008153
-0.005153
-0.002644
-0.000812
0.000756
0.001726
0.002080
0.001858
0.000805
-0.000726
-0.002443
-0.004275
-0.006145
-0.006999
-0.006750
-0.006420
-0.005887
-0.004992
-0.003834
-0.002030
-0.000477
0.000997
0.002748
0.004139
0.004564
0.004931
0.005192
0.005090
0.005427
0.005534
0.005442
0.005570
0.006048
0.006632
0.006727
0.006939
0.007164
0.007468
0.008637
0.008892
0.008694
0.009033
0.009120
0.009005
0.008862
0.008347
0.007840
0.007009
0.005371
0.003872
0.001964
0.000014
-0.001600
-0.002628
-0.003389
-0.004208
-0.004808
-0.005397
-0.005659
-0.006077
-0.006130
-0.005599
-0.005493
-0.005571
-0.005802
-0.006409
-0.006821
-0.007673
-0.009471
-0.010796
-0.012089
-0.013809
-0.015567
-0.017192
-0.018665
-0.019535
-0.020178
-0.020906
-0.021379
-0.020960
-0.020107
-0.020042
-0.020492
-0.019689
-0.018088
-0.017001
-0.016254
-0.015801
-0.015173
-0.014369
-0.014205
-0.013967
-0.013041
-0.011531
-0.009557
-0.007343
-0.004549
-0.002028
0.000096
0.002211
0.004411
0.006310
0.008046
0.009447
0.010066
0.010691
0.011077
0.011280
0.011075
0.010664
0.010346
0.009992
0.009415
0.008983
0.008942
0.008873
0.008581
0.008440
0.008233
0.007778
0.007560
0.007548
0.007494
0.007381
0.007509
0.007713
0.007219
0.006891
0.005866
0.004812
0.003653
0.001949
0.000944
0.000074
-0.000743
-0.000921
-0.000940
-0.000820
-0.000468
-0.000020
-0.000073
-0.000735
-0.000843
-0.000765
-0.001308
-0.002010
-0.003060
-0.004325
-0.005401
-0.006712
-0.007757
-0.008390
-0.008563
-0.008719
-0.008581
-0.008227
-0.007825
-0.007241
-0.006517
-0.005646
-0.004735
-0.003973
-0.002860
-0.001937
-0.001057
-0.000021
0.000793
0.001159
0.000971
0.000367
-0.000284
-0.000762
-0.001195
-0.001884
-0.002007
-0.001862
-0.001928
-0.002519
-0.003062
-0.002683
-0.002055
-0.002092
-0.002167
-0.001727
-0.000546
0.000600
0.001774
0.002979
0.003778
0.004404
0.004253
0.003626
0.003317
0.002805
0.002529
0.002143
0.001280
0.000664
0.000120
-0.000389
-0.000599
-0.001049
-0.001138
-0.001290
-0.001094
-0.000282
0.000146
0.001176
0.003196
0.004743
0.006424
0.008419
0.010263
0.010988
0.012777
0.014277
0.014920
0.015999
0.016779
0.017816
0.019164
0.019929
0.020757
0.021512
0.021823
0.022010
0.022555
0.022896
0.022780
0.022326
0.021113
0.019226
0.016575
0.013641
0.010918
0.008101
0.005691
0.003368
0.001208
-0.000252
-0.000675
-0.000733
-0.000426
0.000598
0.001240
0.002767
0.004474
0.006025
0.007797
0.009732
0.010427
0.010646
0.010848
0.010822
0.010427
0.009544
0.008331
0.006951
0.005524
0.003593
0.001351
-0.000286
-0.001998
-0.003136
-0.004154
-0.005274
-0.006007
-0.006098
-0.005818
-0.005329
-0.004542
-0.003736
-0.002794
-0.001813
-0.001129
-0.000838
-0.000319
-0.000100
-0.000269
-0.000331
-0.000734
-0.001275
-0.001716
-0.001326
-0.000823
-0.000388
0.000446
0.001490
0.002101
0.002398
0.003433
0.004461
0.004424
0.004229
0.004480
0.004691
0.004937
0.005415
0.006449
0.006788
0.006433
0.006901
0.008307
0.008365
0.006746
0.006062
0.005604
0.004894
0.002468
-0.000293
-0.001807
-0.003021
-0.005352
-0.007579
-0.008032
-0.008645
-0.009989
-0.010746
-0.011157
-0.011456
-0.011375
-0.011728
-0.012652
-0.012806
-0.012861
-0.012784
-0.012777
-0.013080
-0.013534
-0.014185
-0.013743
-0.012943
-0.012475
-0.012428
-0.012356
-0.011811
-0.011154
-0.010717
-0.010774
-0.010758
-0.010549
-0.010640
-0.010984
-0.011065
-0.011376
-0.011437
-0.011502
-0.012013
-0.012156
-0.012221
-0.012975
-0.013251
-0.013330
-0.013976
-0.015103
-0.015640
-0.016039
-0.016812
-0.017624
-0.017694
-0.017119
-0.016345
-0.015679
-0.014930
-0.013438
-0.011982
-0.010710
-0.008908
-0.007821
-0.006783
-0.005809
-0.005772
-0.005883
-0.005673
-0.005069
-0.004104
-0.003586
-0.003625
-0.004043
-0.003465
-0.002046
-0.000405
0.000864
0.000861
0.000688
0.002252
0.003945
0.004425
0.004894
0.005854
0.006721
0.007933
0.007389
0.006975
0.010257
0.011565
0.010183
0.009272
0.011162
0.013006
0.011863
0.011472
0.012281
0.013862
0.014600
0.013454
0.013880
0.016728
0.017429
0.016564
0.017533
0.018639
0.018639
0.017743
0.016596
0.017078
0.017416
0.015548
0.013519
0.013411
0.012441
0.011037
0.009917
0.008680
0.007140
0.005325
0.003560
0.002138
0.000787
-0.000647
-0.001918
-0.003333
-0.003918
-0.004047
-0.003916
-0.003943
-0.003398
-0.002422
-0.001341
0.000095
0.001121
0.001847
0.002868
0.002596
0.002109
0.002051
0.001566
0.000725
-0.000586
-0.001644
-0.002335
-0.002761
-0.003752
-0.004810
-0.004605
-0.003810
-0.003413
-0.003775
-0.003126
-0.001854
-0.001432
-0.001374
-0.001466
-0.001796
-0.001177
-0.000526
-0.000885
-0.000244
0.000326
0.000585
0.000848
0.001178
0.002915
0.004604
0.004425
0.004575
0.005588
0.006232
0.005917
0.005769
0.005895
0.006075
0.005647
0.005064
0.004602
0.003978
0.003221
0.001690
0.000640
0.000180
-0.000831
-0.001811
-0.002796
-0.003164
-0.003671
-0.004094
-0.004504
-0.005063
-0.005214
-0.005328
-0.004857
-0.003951
-0.002823
-0.001917
-0.001803
-0.001024
-0.000204
-0.000199
-0.001046
-0.001951
-0.002055
-0.002824
-0.004011
-0.004775
-0.005452
-0.005993
-0.006020
-0.006069
-0.006483
-0.006187
-0.006108
-0.006332
-0.006869
-0.007399
-0.008099
-0.008330
-0.009578
-0.011012
-0.011953
-0.012522
-0.013321
-0.014062
-0.014423
-0.014460
-0.014455
-0.014152
-0.013651
-0.013810
-0.013069
-0.012052
-0.010846
-0.009223
-0.008743
-0.007644
-0.005682
-0.004851
-0.003831
-0.002848
-0.001355
0.000543
0.001369
0.002332
0.003781
0.004421
0.005553
0.006461
0.006834
0.007533
0.008874
0.009156
0.008967
0.009261
0.009758
0.010037
0.009922
0.009878
0.010013
0.009981
0.010442
0.011171
0.011946
0.012849
0.013604
0.014066
0.014050
0.014657
0.016136
0.016438
0.015740
0.015442
0.015886
0.015998
0.015173
0.015350
0.015592
0.014940
0.013115
0.011729
0.012103
0.012060
0.010269
0.009430
0.009803
0.010056
0.008740
0.007923
0.008644
0.009241
0.008342
0.006608
0.006110
0.006002
0.004545
0.002676
0.002626
0.002252
0.001353
0.000880
0.000679
0.001109
0.001283
0.001050
0.000978
0.000716
0.000323
-0.000423
-0.001441
-0.002680
-0.002743
-0.003627
-0.005527
-0.007088
-0.007776
-0.008305
-0.009750
-0.010871
-0.010807
-0.011327
-0.012032
-0.012941
-0.013464
-0.013851
-0.014024
-0.013804
-0.013962
-0.013722
-0.012619
-0.011339
-0.011437
-0.011339
-0.009278
-0.007217
-0.006089
-0.005523
-0.004747
-0.001781
0.000261
0.000149
0.000491
0.001604
0.002065
0.001517
0.001027
0.002345
0.004018
0.003969
0.003491
0.003519
0.003698
0.003076
0.001201
-0.000990
-0.003225
-0.006131
-0.009425
-0.010206
-0.009920
-0.010446
-0.010450
-0.009704
-0.008896
-0.008630
-0.007290
-0.004995
-0.003011
-0.002032
-0.000691
0.000237
0.001975
0.004270
0.005922
0.006352
0.007413
0.008526
0.008217
0.007044
0.006861
0.007272
0.007345
0.006809
0.005551
0.004734
0.004656
0.003790
0.002552
0.002252
0.002669
0.002943
0.002289
0.001004
0.000283
-0.000511
-0.001862
-0.003006
-0.002806
-0.001882
-0.001158
0.000306
0.001333
0.002179
0.003270
0.004087
0.003654
0.003363
0.004025
0.003676
0.002095
0.001721
0.002246
0.001960
0.000977
-0.000308
-0.000909
-0.001499
-0.003178
-0.004951
-0.005694
-0.005368
-0.005382
-0.005623
-0.004140
-0.002129
-0.000461
0.000624
0.001768
0.003210
0.003536
0.004327
0.005046
0.005604
0.006187
0.006790
0.007571
0.007980
0.007909
0.008772
0.009629
0.009108
0.008465
0.008449
0.008392
0.008316
0.007529
0.006741
0.006260
0.005280
0.004010
0.002894
0.001629
0.000980
-0.000416
-0.002505
-0.004135
-0.004767
-0.004647
-0.004293
-0.004319
-0.004336
-0.003800
-0.003245
-0.004140
-0.004757
-0.005241
-0.006070
-0.006854
-0.007541
-0.007520
-0.007306
-0.006891
-0.006450
-0.005997
-0.005767
-0.005985
-0.006387
-0.006332
-0.006218
-0.006483
-0.006699
-0.006515
-0.005386
-0.004625
-0.004639
-0.004100
-0.004112
-0.004635
-0.004919
-0.005434
-0.005847
-0.006734
-0.007824
-0.008327
-0.008666
-0.007449
-0.006645
-0.005647
-0.004308
-0.003360
-0.003035
-0.003552
-0.004353
-0.005106
-0.005146
-0.005176
-0.006016
-0.007476
-0.009629
-0.010955
-0.012502
-0.014027
-0.014114
-0.013790
-0.012939
-0.011965
-0.010559
-0.008607
-0.007005
-0.005991
-0.005615
-0.005472
-0.005176
-0.004940
-0.004625
-0.004460
-0.003935
-0.003419
-0.002475
-0.000769
0.001057
0.002397
0.003029
0.003876
0.004677
0.005073
0.005015
0.005265
0.005030
0.004398
0.004116
0.003796
0.003912
0.003666
0.002898
0.002516
0.002433
0.002388
0.002224
0.002534
0.002619
0.003188
0.004429
0.006085
0.008044
0.008988
0.010769
0.012199
0.012826
0.013334
0.014081
0.014493
0.014704
0.014436
0.014331
0.013758
0.012953
0.012009
0.011065
0.011147
0.011363
0.011110
0.011344
0.011734
0.011513
0.010913
0.010316
0.010569
0.010781
0.010136
0.009562
0.009977
0.010248
0.009559
0.008782
0.008571
0.007857
0.007464
0.006959
0.006249
0.005850
0.005636
0.005252
0.004054
0.003130
0.002747
0.002220
0.001594
0.001012
0.000472
-0.000228
-0.000908
-0.001361
-0.001915
-0.002599
-0.003074
-0.003258
-0.003644
-0.003928
-0.004196
-0.004150
-0.003877
-0.003850
-0.003857
-0.004180
-0.004577
-0.005179
-0.005874
-0.006786
-0.006974
-0.006906
-0.007459
-0.007859
-0.007435
-0.006778
-0.006495
-0.006028
-0.005649
-0.005118
-0.004916
-0.005294
-0.005234
-0.005595
-0.006166
-0.007163
-0.008137
-0.008493
-0.008391
-0.008252
-0.007960
-0.007407
-0.006534
-0.005339
-0.004373
-0.003242
-0.002123
-0.001882
-0.001593
-0.000994
-0.000470
-0.000683
-0.000968
-0.000778
-0.000596
-0.000481
-0.000945
-0.001430
-0.001253
-0.001346
-0.001478
-0.001120
-0.001057
-0.000592
0.000240
0.000606
0.000852
0.001207
0.002057
0.002817
0.003609
0.004439
0.005326
0.006096
0.006592
0.006887
0.007314
0.007579
0.007549
0.007048
0.006757
0.006356
0.005433
0.004854
0.004180
0.003454
0.002553
0.001789
0.001195
0.000433
-0.000244
-0.001266
-0.002213
-0.002330
-0.002513
-0.002494
-0.001901
-0.001560
-0.000971
-0.000322
0.000174
0.000568
0.000807
0.001021
0.001095
0.000994
0.000704
0.000653
0.000628
0.000523
0.000528
0.000629
0.001320
0.001700
0.001507
0.001466
0.001109
0.000562
-0.000091
-0.000656
-0.001050
-0.001172
-0.001296
-0.001362
-0.001288
-0.000910
-0.000513
-0.000206
0.000190
0.000241
-0.000044
-0.000264
-0.000625
-0.000712
-0.000485
-0.000788
-0.000920
-0.000487
-0.000336
0.000013
0.000192
0.000527
0.001251
0.001477
0.001564
0.001772
0.002181
0.002541
0.002594
0.003096
0.003252
0.002933
0.002625
0.002351
0.001760
0.001179
0.000526
-0.000176
-0.000820
-0.001045
-0.001340
-0.001857
-0.002652
-0.003416
-0.003762
-0.004502
-0.005939
-0.007163
-0.007775
-0.008577
-0.008848
-0.009247
-0.009527
-0.009136
-0.008371
-0.007941
-0.007768
-0.006685
-0.005430
-0.004732
-0.004144
-0.003360
-0.002524
-0.001883
-0.001128
0.000210
0.001160
0.001740
0.002552
0.002952
0.003372
0.003845
0.004000
0.004192
0.004387
0.004686
0.004349
0.004059
0.004044
0.003976
0.003971
0.003111
0.001496
0.000840
0.000655
0.000143
-0.001060
-0.002717
-0.003441
-0.004001
-0.004997
-0.006090
-0.007072
-0.006825
-0.007488
-0.007298
-0.006680
-0.006749
-0.006646
-0.005370
-0.003339
-0.003148
-0.002878
-0.001686
-0.001322
-0.000904
-0.000207
0.000120
-0.000767
-0.000540
0.000468
0.000293
-0.000187
0.000811
0.002199
0.002389
0.002753
0.002882
0.003257
0.002372
0.002061
0.002298
0.002281
-0.000225
-0.002259
-0.002021
-0.003190
-0.004941
-0.004610
-0.002584
-0.000595
0.000523
0.001185
0.001992
0.002192
0.003597
0.004870
0.004164
0.003012
0.002506
0.002662
0.003210
0.003043
0.002696
0.003275
0.004139
0.003181
0.002317
0.002658
0.001581
0.000758
-0.000260
-0.002576
-0.002961
-0.002550
-0.004421
-0.005535
-0.004798
-0.005943
-0.007078
-0.006399
-0.005500
-0.006164
-0.005985
-0.004436
-0.002972
-0.002919
-0.003063
-0.002150
-0.000283
0.000327
-0.000544
-0.002359
-0.002850
-0.003706
-0.004559
-0.005579
-0.006215
-0.005895
-0.006205
-0.007634
-0.007155
-0.006952
-0.007968
-0.008820
-0.009316
-0.008325
-0.007681
-0.007619
-0.007312
-0.007409
-0.007713
-0.006960
-0.005980
-0.005622
-0.004447
-0.003884
-0.004222
-0.003275
-0.001741
-0.001031
-0.000809
-0.000892
-0.001431
-0.001824
-0.001827
-0.002659
-0.003515
-0.003353
-0.003285
-0.003115
-0.003761
-0.004596
-0.003417
-0.002110
-0.000593
0.000878
0.002544
0.004485
0.005474
0.006280
0.008353
0.010296
0.011098
0.011713
0.012819
0.014122
0.014156
0.013476
0.013952
0.014032
0.012094
0.010799
0.009980
0.010999
0.009788
0.007749
0.007101
0.007785
0.007862
0.007752
0.007812
0.008239
0.007707
0.006703
0.005207
0.003375
0.002856
0.002498
0.001389
0.000862
0.002319
0.003796
0.003529
0.003968
0.005876
0.007328
0.006850
0.005894
0.005938
0.005873
0.005098
0.004119
0.002120
0.001502
0.001658
0.001858
0.001400
0.001517
0.001961
0.001784
0.001059
0.001471
0.001929
0.000331
-0.001209
-0.000444
0.000807
-0.000861
-0.004496
-0.005169
-0.003522
-0.003781
-0.005887
-0.004306
-0.002347
-0.004310
-0.006240
-0.005802
-0.005047
-0.005489
-0.007310
-0.007706
-0.006593
-0.007286
-0.008619
-0.007090
-0.005569
-0.005415
-0.004712
-0.003639
-0.003732
-0.003785
-0.003503
-0.004086
-0.003977
-0.004241
-0.004074
-0.004261
-0.004653
-0.003634
-0.002091
-0.001840
-0.002435
-0.001779
-0.001079
-0.001114
-0.000898
0.000368
0.001363
0.001117
0.001079
0.001698
0.001943
0.002160
0.002163
0.002790
0.003295
0.003300
0.003442
0.004789
0.005245
0.005363
0.006262
0.007040
0.006150
0.005559
0.005478
0.005911
0.006091
0.005442
0.003960
0.002549
0.001565
0.000647
0.000503
0.000666
0.001288
0.003130
0.006304
0.010596
0.015633
0.019984
0.022246
0.022898
0.023501
0.021186
0.017404
0.013461
0.007801
0.001745
-0.003224
-0.006795
-0.007560
-0.006100
-0.003187
0.002087
0.007511
0.011661
0.015674
0.018226
0.018564
0.018388
0.016440
0.012998
0.008373
0.002818
-0.002312
-0.006667
-0.009639
-0.009999
-0.009072
-0.007603
-0.005237
-0.003685
-0.001776
-0.000027
0.000966
0.000186
-0.001318
-0.002653
-0.003618
-0.004745
-0.006525
-0.007417
-0.009678
-0.012131
-0.012951
-0.012724
-0.012491
-0.011648
-0.010415
-0.009085
-0.008601
-0.008582
-0.008411
-0.007791
-0.007292
-0.008288
-0.009719
-0.011105
-0.012363
-0.013307
-0.014463
-0.014251
-0.013749
-0.012907
-0.011896
-0.010745
-0.009992
-0.008792
-0.008690
-0.009300
-0.009167
-0.009516
-0.009539
-0.009456
-0.008810
-0.009039
-0.008850
-0.007966
-0.008443
-0.008999
-0.009027
-0.009365
-0.009306
-0.010730
-0.012111
-0.012714
-0.013822
-0.014456
-0.014109
-0.013436
-0.012305
-0.010821
-0.009497
-0.007607
-0.006442
-0.003991
-0.001510
-0.000068
0.001165
0.002132
0.002472
0.002925
0.003189
0.002894
0.002451
0.001933
0.001172
0.001553
0.001706
0.001614
0.001988
0.002192
0.002767
0.002621
0.002370
0.003005
0.004136
0.004288
0.003988
0.005110
0.006542
0.007136
0.008114
0.009261
0.009792
0.010778
0.010943
0.010673
0.010394
0.009482
0.008320
0.006782
0.005365
0.004243
0.003267
0.003224
0.003843
0.005283
0.007135
0.009044
0.010495
0.011553
0.012960
0.014205
0.015008
0.016058
0.017942
0.019372
0.019468
0.019169
0.018610
0.016477
0.013084
0.008756
0.006224
0.001960
-0.000893
-0.002207
-0.002069
-0.003036
-0.001595
0.003397
0.006319
0.009578
0.013883
0.016216
0.018108
0.019891
0.019211
0.018792
0.018105
0.015880
0.014339
0.013040
0.010529
0.009796
0.009096
0.005988
0.004626
0.004642
0.004003
0.003973
0.004166
0.003885
0.004371
0.004693
0.004572
0.005682
0.008164
0.009846
0.011307
0.012848
0.013194
0.012350
0.012913
0.012982
0.011145
0.010084
0.008411
0.006151
0.004354
0.002517
0.000588
-0.000435
-0.001946
-0.005093
-0.006906
-0.007535
-0.009481
-0.012048
-0.014504
-0.015911
-0.017861
-0.019803
-0.020501
-0.020758
-0.020768
-0.019257
-0.018468
-0.016575
-0.014746
-0.014127
-0.012690
-0.012360
-0.012990
-0.013110
-0.013752
-0.014782
-0.016085
-0.016228
-0.016508
-0.017205
-0.017058
-0.017173
-0.017150
-0.017528
-0.018291
-0.017643
-0.016962
-0.016268
-0.015920
-0.014918
-0.013937
-0.013429
-0.012184
-0.011291
-0.009651
-0.007688
-0.005921
-0.004367
-0.003669
-0.003519
-0.003015
-0.002754
-0.002922
-0.004243
-0.005361
-0.006325
-0.007155
-0.007627
-0.007890
-0.007852
-0.006960
-0.005635
-0.004927
-0.004929
-0.003907
-0.002381
-0.001804
-0.002148
-0.001905
-0.000974
-0.000409
-0.000759
-0.001012
-0.000205
0.000185
0.000020
-0.000262
-0.000150
0.000410
0.000983
0.000342
-0.000148
0.000642
0.001460
0.001224
0.000872
0.001645
0.003018
0.002976
0.002436
0.002679
0.003185
0.003302
0.002406
0.001330
0.001411
0.001596
0.001354
0.001442
0.002071
0.003077
0.004233
0.004582
0.004326
0.004660
0.006170
0.006769
0.005852
0.005471
0.005497
0.005768
0.005981
0.005785
0.005766
0.005242
0.005414
0.005153
0.005147
0.005218
0.005510
0.006589
0.007596
0.008201
0.009004
0.009673
0.009910
0.010697
0.011104
0.010704
0.010571
0.011054
0.010479
0.009405
0.009361
0.009472
0.008933
0.007309
0.006888
0.006865
0.005915
0.005975
0.006601
0.006937
0.007391
0.008901
0.010232
0.010730
0.011626
0.012446
0.012860
0.012866
0.011958
0.011442
0.010571
0.009391
0.008888
0.007443
0.006622
0.006508
0.005121
0.003484
0.002560
0.001161
-0.000241
-0.001984
-0.003110
-0.004435
-0.005427
-0.006655
-0.007573
-0.008478
-0.008959
-0.008201
-0.007857
-0.007987
-0.008146
-0.006982
-0.006128
-0.006657
-0.007092
-0.007252
-0.006490
-0.006087
-0.006778
-0.007629
-0.007341
-0.006454
-0.006273
-0.007232
-0.007573
-0.006425
-0.005667
-0.005421
-0.005634
-0.005284
-0.004443
-0.004500
-0.005338
-0.005611
-0.005304
-0.005420
-0.004560
-0.003560
-0.002786
-0.001762
-0.000442
0.000706
0.001243
0.001131
0.000909
0.001270
0.000943
-0.000059
-0.000571
-0.000995
-0.001483
-0.001851
-0.003031
-0.003741
-0.003683
-0.003596
-0.004303
-0.004147
-0.003837
-0.003680
-0.003302
-0.003017
-0.002813
-0.002284
-0.001893
-0.001610
-0.000829
-0.000428
0.000152
0.001217
0.001147
0.001406
0.001678
0.001727
0.001619
0.000836
0.000287
0.000503
0.000120
-0.000595
-0.000363
-0.000195
-0.000345
-0.000855
-0.001306
-0.002002
-0.002144
-0.001852
-0.001380
-0.000942
-0.000552
0.000714
0.001328
0.001974
0.002661
0.003418
0.004008
0.004561
0.004992
0.004858
0.004624
0.004968
0.004341
0.002867
0.001830
0.001381
0.000982
-0.000346
-0.001430
-0.001582
-0.001583
-0.001805
-0.002486
-0.002924
-0.002805
-0.002551
-0.002193
-0.001615
-0.000957
-0.000289
-0.000279
-0.000250
0.000487
0.000949
0.001812
0.002335
0.002727
0.003285
0.003213
0.002824
0.002457
0.002190
0.002233
0.001895
0.001096
0.000788
0.000587
-0.000093
-0.000314
-0.000023
0.000066
-0.000060
-0.000236
-0.000888
-0.000895
-0.000900
-0.001573
-0.001896
-0.001813
-0.002136
-0.002557
-0.002796
-0.002927
-0.002784
-0.002512
-0.002332
-0.002665
-0.002230
-0.001674
-0.001661
-0.001540
-0.001605
-0.001669
-0.001317
-0.001535
-0.001814
-0.001600
-0.001021
-0.000963
-0.001103
-0.000671
-0.000091
-0.000042
0.000009
-0.000193
-0.000167
0.000263
0.000032
0.000126
0.000597
0.000895
0.001162
0.001453
0.001757
0.001774
0.001948
0.002421
0.002638
0.002587
0.002625
0.002602
0.002713
0.002657
0.002429
0.002312
0.002559
0.002802
0.002862
0.003201
0.003393
0.003514
0.003592
0.003143
0.002711
0.002342
0.001659
0.001118
0.001130
0.000809
0.000710
0.000910
0.000917
0.001331
0.001610
0.001812
0.001959
0.002216
0.002112
0.001963
0.002124
0.002217
0.002159
0.002340
0.002074
0.001937
0.002084
0.001945
0.002056
0.002333
0.002236
0.002118
0.002050
0.001719
0.001227
0.001138
0.001343
0.001320
0.001006
0.000851
0.001039
0.000815
0.000376
0.000221
-0.000246
-0.000872
-0.001071
-0.001374
-0.001399
-0.001448
-0.001886
-0.002093
-0.002217
-0.002495
-0.002410
-0.002582
-0.002621
-0.002477
-0.002758
-0.003033
-0.002808
-0.002697
-0.002961
-0.002767
-0.002720
-0.003133
-0.003190
-0.003060
-0.003380
-0.003199
-0.003119
-0.003334
-0.003089
-0.003125
-0.002836
-0.002309
-0.002168
-0.002174
-0.002105
-0.002065
-0.002236
-0.002034
-0.002014
-0.002040
-0.001768
-0.001782
-0.001740
-0.001489
-0.001060
-0.000608
-0.000559
-0.000232
0.000054
-0.000096
-0.000057
-0.000013
0.000077
0.000036
-0.000038
0.000032
0.000111
0.000093
0.000205
0.000367
0.000457
0.000434
0.000601
0.000618
0.000445
0.000500
0.000571
0.000469
0.000474
0.000414
0.000338
0.000460
0.000417
0.000194
0.000178
0.000162
0.000115
0.000144
-0.000026
-0.000145
-0.000125
-0.000293
-0.000397
-0.000313
-0.000328
-0.000403
-0.000367
-0.000390
-0.000391
-0.000307
-0.000341
-0.000316
-0.000228
-0.000199
-0.000168
-0.000082
0.000004
0.000042
0.000119
0.000124
0.000108
0.000191
0.000290
0.000317
0.000367
0.000416
0.000387
0.000401
0.000352
0.000322
0.000325
0.000283
0.000278
0.000253
0.000238
0.000238
0.000239
0.000260
0.000302
0.000323
0.000334
0.000338
0.000358
0.000361
0.000357
0.000387
0.000464
0.000495
0.000487
0.000486
0.000518
0.000524
0.000524
0.000545
0.000535
0.000539
0.000538
0.000529
0.000528
0.000521
0.000512
0.000469
0.000411
0.000359
0.000307
0.000249
0.000215
0.000197
0.000156
0.000123
0.000118
0.000102
0.000081
0.000081
0.000084
0.000088
0.000097
0.000108
0.000123
0.000156
0.000174
0.000183
0.000222
0.000257
0.000258
0.000273
0.000287
0.000291
0.000294
0.000293
0.000288
0.000269
0.000245
0.000237
0.000240
0.000226
0.000217
0.000218
0.000223
0.000231
0.000230
0.000227
0.000227
0.000225
0.000217
0.000210
0.000204
0.000198
0.000184
0.000173
0.000163
0.000156
0.000154
0.000146
0.000141
0.000135
0.000133
0.000135
0.000130
0.000125
0.000123
0.000119
0.000112
0.000107
0.000103
0.000096
0.000088
0.000081
0.000075
0.000069
0.000065
0.000063
0.000059
0.000055
0.000052
0.000046
0.000039
0.000033
0.000028
0.000022
0.000017
0.000012
0.000007
0.000001
-0.000005
-0.000011
-0.000016
-0.000021
-0.000027
-0.000032
-0.000036
-0.000040
-0.000044
-0.000047
-0.000050
-0.000052
-0.000055
-0.000058
-0.000062
-0.000065
-0.000068
-0.000071
-0.000073
-0.000076
-0.000078
-0.000081
-0.000083
-0.000085
-0.000087
-0.000089
-0.000091
-0.000093
-0.000095
-0.000097
-0.000099
-0.000100
-0.000102
-0.000103
-0.000105
-0.000106
-0.000107
-0.000109
-0.000110
-0.000111
-0.000112
-0.000113
-0.000114
-0.000115
