0.000342
0.000342
0.000345
0.000350
0.000362
0.000366
0.000332
0.000327
0.000324
0.000160
-0.000009
0.000001
0.000033
-0.000007
-0.000087
-0.000028
0.000206
0.000410
0.000552
0.000717
0.000927
0.000785
0.000714
0.001042
0.000968
0.000918
0.001335
0.001198
-0.000085
-0.000920
-0.000135
0.000326
-0.000766
-0.002402
-0.003417
-0.003030
-0.002343
-0.002033
-0.001877
-0.002194
-0.001858
-0.000342
0.001942
0.002992
0.001409
-0.000119
0.000489
0.001725
0.002496
0.002931
0.002085
0.001738
0.003110
0.003730
0.002316
0.000227
0.000289
0.001208
0.000190
-0.000259
0.000744
0.001365
0.001835
0.001926
0.001335
0.000740
0.001448
0.002559
0.001310
-0.001480
-0.002579
-0.000657
0.001930
0.002794
0.001930
0.000844
0.000682
0.000124
-0.001064
-0.002438
-0.002983
-0.002074
-0.002505
-0.003267
-0.001950
-0.001145
-0.001949
-0.002245
-0.001807
-0.001354
-0.001636
-0.003074
-0.002879
-0.000347
0.002192
0.003844
0.004490
0.004631
0.004070
0.002622
0.002096
0.003254
0.003781
0.001849
-0.001340
-0.002596
-0.001778
-0.002494
-0.003497
-0.002081
0.000702
0.002899
0.002222
0.000785
0.000974
0.001543
0.001478
0.000160
-0.000337
0.000481
0.000210
-0.000413
-0.001293
-0.002275
-0.002605
-0.004017
-0.003397
-0.001470
-0.003581
-0.007928
-0.012301
-0.012809
-0.009879
-0.007371
-0.003777
-0.000995
0.000333
0.001975
0.003232
0.002735
0.002167
0.004562
0.007471
0.007819
0.005380
0.002986
0.002262
0.001548
0.002138
0.003820
0.002810
0.000612
-0.000165
0.000600
0.003260
0.004134
0.003951
0.007831
0.012154
0.012355
0.009348
0.001127
-0.006933
-0.006868
-0.002634
0.002468
0.003202
0.000777
0.000157
-0.001144
-0.003557
-0.008566
-0.010361
-0.007123
-0.005943
-0.006815
-0.006835
-0.005203
-0.002610
-0.000314
0.000822
0.003331
0.005190
0.005660
0.003212
-0.002929
-0.004878
-0.004997
-0.008053
-0.013037
-0.014996
-0.009890
-0.003307
-0.000040
0.001624
0.004074
0.007042
0.009566
0.010605
0.010803
0.008084
0.001385
-0.003651
-0.005095
-0.002356
0.001372
-0.000021
-0.002463
-0.002679
-0.004240
-0.008955
-0.010502
-0.005818
-0.002582
-0.002084
-0.003876
-0.004613
0.000523
0.006889
0.013188
0.019077
0.020607
0.016260
0.009828
0.004499
0.000845
0.000274
0.000216
-0.001375
-0.006916
-0.013886
-0.014334
-0.009106
-0.001011
0.002976
0.000016
-0.002112
-0.003919
-0.006395
-0.006971
-0.003661
0.004001
0.010144
0.011989
0.010634
0.006680
0.003562
0.001730
-0.002883
-0.004847
-0.000197
0.002765
0.004560
0.007393
0.007702
0.003750
-0.002972
-0.001868
0.002768
0.001736
0.004517
0.006190
-0.000356
-0.006435
-0.007068
0.001704
0.009356
0.005537
0.003659
0.004375
0.000663
-0.002625
-0.003683
0.000343
0.007105
0.007927
0.001801
-0.007881
-0.017107
-0.023339
-0.026031
-0.021424
-0.013342
-0.011228
-0.010493
-0.007935
-0.005463
-0.001961
-0.001522
-0.002571
0.000083
0.005113
0.011768
0.017899
0.018446
0.016665
0.013958
0.007680
0.003816
-0.000765
-0.008761
-0.010112
-0.003429
0.006146
0.014817
0.018572
0.014606
0.006371
0.004995
0.013277
0.017619
0.011701
0.005244
0.005724
0.011868
0.014875
0.013926
0.015750
0.019287
0.021961
0.017346
0.005195
-0.007555
-0.021129
-0.029205
-0.023817
-0.012258
-0.007034
-0.011785
-0.018077
-0.016214
-0.013560
-0.012229
-0.007567
-0.007269
0.000143
0.013745
0.012555
0.004562
-0.004097
-0.007182
-0.000927
-0.004454
-0.014701
-0.018248
-0.016853
-0.014404
-0.013598
-0.013710
-0.013606
-0.014878
-0.015596
-0.005053
0.013578
0.023254
0.020088
0.016074
0.018566
0.019882
0.012865
0.003693
0.009162
0.025637
0.035731
0.042038
0.042560
0.032984
0.022162
0.013447
0.011493
0.014611
0.012068
0.006793
0.000099
-0.011679
-0.013497
0.004688
0.022467
0.019753
0.003464
-0.008024
-0.004990
0.007323
0.012941
0.009474
0.004786
0.000806
-0.003859
-0.007105
0.002781
0.010728
0.000666
-0.005717
-0.000584
0.005507
0.006122
-0.004018
-0.025189
-0.045845
-0.053003
-0.052263
-0.051648
-0.049264
-0.043291
-0.035481
-0.031704
-0.028620
-0.026846
-0.025255
-0.009972
0.007833
0.010421
0.003199
-0.004183
-0.010840
-0.013491
-0.008222
-0.004000
-0.007205
-0.019061
-0.037144
-0.049595
-0.053220
-0.052056
-0.051622
-0.060452
-0.066763
-0.059720
-0.053360
-0.053627
-0.049996
-0.036699
-0.021235
-0.012432
-0.016895
-0.029999
-0.035990
-0.036863
-0.041032
-0.039820
-0.026221
-0.007036
0.012418
0.023530
0.025840
0.034485
0.051705
0.075668
0.095635
0.098685
0.093446
0.086909
0.083057
0.077591
0.061352
0.042187
0.029585
0.016115
-0.007535
-0.025241
-0.023072
-0.010001
-0.001514
-0.001280
0.011510
0.042656
0.073085
0.086901
0.079422
0.067673
0.064297
0.061521
0.058577
0.058255
0.058755
0.058528
0.054211
0.049826
0.052581
0.058483
0.057535
0.049254
0.038884
0.024308
0.009460
-0.003528
-0.018493
-0.022845
-0.009223
0.014011
0.037318
0.053245
0.063348
0.071339
0.076284
0.078520
0.079565
0.079007
0.080662
0.086323
0.088175
0.077919
0.052286
0.013328
-0.036582
-0.092911
-0.146673
-0.192698
-0.225495
-0.239168
-0.237062
-0.223058
-0.192375
-0.140106
-0.080952
-0.036226
0.001106
0.043038
0.074115
0.083866
0.077343
0.050829
0.010986
-0.030145
-0.071041
-0.108527
-0.139816
-0.158550
-0.162237
-0.158401
-0.158603
-0.171392
-0.184588
-0.175863
-0.138264
-0.090624
-0.059001
-0.036495
0.004259
0.049490
0.060432
0.049780
0.036251
0.018550
0.014777
0.021614
0.029764
0.038126
0.047489
0.063913
0.073393
0.064882
0.045767
0.026899
0.005903
-0.020607
-0.050431
-0.078174
-0.089281
-0.082037
-0.065999
-0.043412
-0.015880
0.007478
0.024677
0.033793
0.031359
0.025123
0.011266
-0.011170
-0.030057
-0.045809
-0.064898
-0.077073
-0.067328
-0.041206
-0.004296
0.021954
0.023797
0.025280
0.033322
0.040233
0.039350
0.035471
0.029580
0.015966
0.003898
-0.006899
-0.015670
-0.013552
0.001893
0.027605
0.059877
0.095842
0.137233
0.181491
0.219286
0.249049
0.264877
0.265580
0.250746
0.213376
0.160286
0.106745
0.079615
0.077236
0.065296
0.062021
0.079494
0.073749
0.048980
0.038711
0.033248
0.026267
0.022585
0.010011
-0.011471
-0.038383
-0.066651
-0.086426
-0.094692
-0.079635
-0.040732
0.010600
0.060119
0.088598
0.093172
0.089196
0.075788
0.039022
-0.005664
-0.048604
-0.091411
-0.129370
-0.162844
-0.181960
-0.182191
-0.159531
-0.115381
-0.070167
-0.041833
-0.028719
-0.021096
-0.034574
-0.068836
-0.091731
-0.093524
-0.095442
-0.104423
-0.107334
-0.106479
-0.097922
-0.081650
-0.065069
-0.053319
-0.055181
-0.061555
-0.072329
-0.088232
-0.104003
-0.119173
-0.126757
-0.124541
-0.115547
-0.112292
-0.116393
-0.110508
-0.088736
-0.057952
-0.031751
-0.020479
-0.015244
-0.007450
-0.003956
-0.012687
-0.029273
-0.043583
-0.050125
-0.051200
-0.053074
-0.053401
-0.051479
-0.050483
-0.049968
-0.046485
-0.033967
-0.018060
-0.009871
-0.009010
-0.008801
-0.004361
0.005045
0.018158
0.037337
0.068891
0.113285
0.156254
0.186052
0.203485
0.202322
0.175740
0.133966
0.101461
0.096742
0.108958
0.121071
0.135049
0.143193
0.130786
0.107617
0.091094
0.088016
0.090899
0.085352
0.066262
0.035981
0.001459
-0.024195
-0.030343
-0.030299
-0.037968
-0.044434
-0.042089
-0.027264
-0.004042
0.016226
0.026460
0.027833
0.034526
0.051531
0.065231
0.063398
0.039441
-0.006240
-0.058769
-0.094567
-0.106667
-0.112512
-0.119756
-0.116819
-0.093741
-0.056288
-0.029615
-0.023218
-0.030960
-0.049307
-0.059783
-0.050898
-0.032657
-0.018119
-0.004305
0.016042
0.037501
0.052970
0.055995
0.049217
0.038414
0.034372
0.043463
0.055669
0.064824
0.067064
0.056335
0.030700
0.001901
-0.017076
-0.024212
-0.021557
-0.009164
0.013118
0.039774
0.067252
0.082282
0.072327
0.048029
0.017990
-0.014996
-0.038958
-0.047328
-0.049029
-0.050202
-0.052561
-0.061364
-0.074578
-0.091982
-0.117166
-0.139282
-0.135359
-0.093244
-0.044746
-0.023624
-0.004280
0.022905
0.035576
0.040282
0.041616
0.043312
0.044659
0.030859
0.000683
-0.032476
-0.044161
-0.036033
-0.031790
-0.027022
-0.018418
-0.037659
-0.071645
-0.069537
-0.049914
-0.042632
-0.021885
0.013516
0.047400
0.090819
0.130615
0.164847
0.188184
0.183847
0.150846
0.085846
0.025311
-0.004687
-0.014041
-0.022575
-0.028175
-0.012691
0.015878
0.041923
0.051904
0.052260
0.052809
0.049509
0.046386
0.058178
0.080887
0.095881
0.098119
0.096236
0.090717
0.079795
0.070361
0.050307
0.014270
-0.026630
-0.050865
-0.051817
-0.045263
-0.036017
-0.029030
-0.024565
-0.033566
-0.049366
-0.052611
-0.054262
-0.056162
-0.055964
-0.053273
-0.046998
-0.044004
-0.044841
-0.043790
-0.036197
-0.029348
-0.028325
-0.024704
-0.015203
-0.003778
0.002055
-0.007194
-0.022942
-0.022873
-0.012675
-0.014230
-0.022188
-0.022229
-0.020185
-0.024921
-0.034989
-0.044255
-0.050989
-0.056613
-0.058099
-0.057653
-0.056342
-0.057458
-0.068024
-0.081381
-0.088948
-0.087731
-0.077354
-0.059494
-0.038560
-0.016195
0.005170
0.017643
0.020516
0.014467
0.002116
-0.007962
-0.012571
-0.017913
-0.024341
-0.026856
-0.026459
-0.018958
-0.009342
-0.003220
0.006329
0.014366
0.017517
0.019886
0.019068
0.009558
-0.003840
-0.010623
-0.013128
-0.010166
0.004662
0.018531
0.017343
0.011683
0.015708
0.022814
0.022628
0.019997
0.017930
0.013902
0.010823
0.013524
0.024811
0.038396
0.050815
0.062823
0.073893
0.084620
0.092045
0.101337
0.113542
0.123833
0.130061
0.127397
0.120330
0.115266
0.112102
0.105387
0.091967
0.077103
0.067701
0.067061
0.068164
0.066031
0.064853
0.067067
0.073765
0.078571
0.074049
0.064930
0.059055
0.056517
0.053549
0.050580
0.039784
0.016660
-0.012145
-0.040435
-0.064303
-0.087967
-0.106889
-0.112779
-0.108224
-0.098033
-0.086482
-0.077048
-0.070560
-0.063633
-0.054232
-0.045251
-0.038819
-0.031503
-0.021983
-0.010277
0.006771
0.028790
0.053938
0.082552
0.114200
0.141604
0.156173
0.157107
0.142831
0.113614
0.079233
0.049834
0.026553
0.007434
-0.000854
-0.001622
-0.008981
-0.023425
-0.042421
-0.061276
-0.073106
-0.076266
-0.066338
-0.048349
-0.034744
-0.022758
-0.004661
0.016964
0.043648
0.072378
0.090974
0.097322
0.089054
0.064285
0.029397
-0.006521
-0.035015
-0.047396
-0.042696
-0.029891
-0.010590
0.006752
0.006065
-0.009452
-0.031203
-0.059348
-0.089363
-0.110700
-0.115819
-0.105888
-0.089584
-0.075501
-0.066000
-0.062302
-0.068393
-0.078877
-0.084116
-0.078203
-0.062471
-0.052473
-0.047608
-0.032446
-0.009909
0.012019
0.027989
0.040683
0.055913
0.069053
0.078178
0.081158
0.073676
0.059403
0.049648
0.046841
0.042317
0.032471
0.018734
0.006672
-0.001297
-0.014552
-0.037742
-0.063799
-0.082774
-0.094736
-0.105970
-0.105403
-0.086082
-0.055941
-0.028885
-0.015801
-0.009837
-0.005326
0.000720
0.008358
0.015154
0.022440
0.025888
0.023360
0.020682
0.024790
0.033097
0.040251
0.050889
0.063786
0.074670
0.086077
0.099436
0.118797
0.136868
0.144242
0.148616
0.148286
0.141833
0.132829
0.113845
0.089691
0.071622
0.062197
0.058458
0.055575
0.051307
0.047555
0.049886
0.057790
0.067214
0.072208
0.065084
0.048864
0.030760
0.010794
-0.011862
-0.028347
-0.028582
-0.016527
0.000069
0.017397
0.034357
0.047134
0.049838
0.046003
0.044760
0.045718
0.042437
0.039011
0.038420
0.036996
0.028433
0.005250
-0.033953
-0.082058
-0.125135
-0.152089
-0.156961
-0.150268
-0.140881
-0.112577
-0.070787
-0.046618
-0.046183
-0.053766
-0.056113
-0.050503
-0.042496
-0.040677
-0.040862
-0.033811
-0.029552
-0.031530
-0.036885
-0.041756
-0.042054
-0.045979
-0.053281
-0.060981
-0.063769
-0.054720
-0.037555
-0.016045
0.010464
0.036562
0.057644
0.078597
0.097147
0.105303
0.101289
0.094742
0.092595
0.091596
0.087276
0.079841
0.078360
0.083445
0.086714
0.085319
0.077903
0.064108
0.051717
0.043458
0.027961
0.000558
-0.031563
-0.060934
-0.083033
-0.096118
-0.104479
-0.111944
-0.110464
-0.091187
-0.058502
-0.028494
-0.011239
-0.002007
0.010534
0.025945
0.029840
0.026119
0.025826
0.027369
0.034670
0.047182
0.054498
0.052930
0.041745
0.020612
-0.001306
-0.017097
-0.033222
-0.050333
-0.060455
-0.063984
-0.061712
-0.055418
-0.051327
-0.042788
-0.031022
-0.025021
-0.020087
-0.022610
-0.032437
-0.031281
-0.026785
-0.033966
-0.049362
-0.067123
-0.079575
-0.084672
-0.086558
-0.085743
-0.075642
-0.058341
-0.041792
-0.026580
-0.016011
-0.007877
-0.006718
-0.016684
-0.031490
-0.046653
-0.057267
-0.068861
-0.080371
-0.088733
-0.093200
-0.084800
-0.068478
-0.044446
-0.013496
0.006936
0.018003
0.036280
0.059810
0.069201
0.063470
0.050658
0.032584
0.016542
0.002182
-0.007108
-0.012137
-0.020432
-0.030125
-0.035134
-0.025047
-0.009822
-0.001499
0.001160
-0.002772
-0.003841
-0.000285
0.000229
-0.004323
-0.010019
-0.011941
-0.011191
-0.004385
0.008954
0.020217
0.024467
0.027935
0.039441
0.059307
0.079438
0.088309
0.083036
0.067149
0.043212
0.014155
-0.015487
-0.040729
-0.065724
-0.099942
-0.138560
-0.171338
-0.192765
-0.174605
-0.102120
-0.035191
-0.017496
-0.020280
-0.016612
0.019650
0.060888
0.055287
0.042719
0.032100
0.012314
0.007750
0.002080
-0.017394
-0.031705
-0.020049
-0.003972
-0.001187
-0.002977
-0.005368
0.000596
0.001377
-0.010458
-0.029569
-0.047276
-0.053081
-0.053184
-0.056824
-0.065819
-0.071092
-0.070344
-0.064884
-0.057554
-0.054449
-0.053997
-0.054815
-0.057082
-0.061261
-0.064366
-0.063292
-0.059767
-0.052003
-0.033753
-0.016111
-0.015159
-0.018107
-0.018805
-0.021566
-0.023676
-0.027272
-0.029017
-0.035458
-0.039218
-0.023599
-0.005933
0.004949
0.010295
0.016841
0.038078
0.055550
0.065714
0.078513
0.080105
0.074667
0.074163
0.077063
0.075135
0.070300
0.069534
0.067643
0.067239
0.066027
0.057531
0.043491
0.022197
0.003616
-0.004524
-0.005338
0.004713
0.018315
0.028522
0.035004
0.034619
0.032161
0.033312
0.039405
0.045502
0.049733
0.054727
0.056627
0.052479
0.044708
0.034536
0.018960
0.000176
-0.014550
-0.022466
-0.019551
-0.005935
0.009464
0.021176
0.025152
0.023904
0.024690
0.023491
0.015482
0.008300
0.006437
0.005325
0.003623
0.000344
-0.003342
-0.006480
-0.010302
-0.016293
-0.027136
-0.038292
-0.045391
-0.046203
-0.041703
-0.036494
-0.029578
-0.022612
-0.016034
-0.008513
-0.003088
-0.001979
-0.004470
-0.006183
-0.006928
-0.004386
0.007668
0.024209
0.037074
0.044967
0.047056
0.040172
0.022963
0.003202
-0.008847
-0.011838
-0.008126
-0.002887
0.003525
0.014877
0.026700
0.037923
0.046226
0.043781
0.031719
0.015152
-0.001598
-0.012569
-0.014292
-0.011586
-0.006501
-0.001956
-0.011475
-0.029023
-0.039240
-0.047533
-0.056112
-0.055608
-0.045894
-0.035583
-0.028747
-0.021725
-0.013783
-0.009532
-0.006467
-0.004417
-0.003466
-0.000092
0.001020
0.002663
0.009467
0.017767
0.025503
0.028511
0.024845
0.017164
0.004608
-0.010873
-0.021244
-0.022882
-0.017899
-0.004256
0.015728
0.031800
0.042336
0.048415
0.051368
0.052181
0.049911
0.042789
0.029454
0.018587
0.014991
0.017727
0.024534
0.027025
0.020806
0.011181
0.003650
-0.004093
-0.012429
-0.020590
-0.027736
-0.036524
-0.048805
-0.053400
-0.046973
-0.034550
-0.016649
0.000218
0.008352
0.012104
0.012214
0.007368
0.004000
-0.000390
-0.009201
-0.019117
-0.025569
-0.024209
-0.017727
-0.013780
-0.014110
-0.017962
-0.026346
-0.034883
-0.040573
-0.047091
-0.055388
-0.060744
-0.063395
-0.066689
-0.069058
-0.066953
-0.058890
-0.045920
-0.032579
-0.024480
-0.019464
-0.017463
-0.018146
-0.017044
-0.017355
-0.020588
-0.025514
-0.030752
-0.032006
-0.029417
-0.028651
-0.028193
-0.025167
-0.024419
-0.025720
-0.025918
-0.022014
-0.014736
-0.008590
-0.006334
-0.006457
-0.002815
0.003921
0.012594
0.020562
0.023257
0.023073
0.018317
0.008970
0.001046
-0.003691
-0.007382
-0.010602
-0.010951
-0.007373
-0.002969
-0.002616
-0.004601
-0.008676
-0.013980
-0.016267
-0.019587
-0.018923
-0.011106
-0.001277
0.009587
0.017932
0.025114
0.030123
0.033750
0.037412
0.038190
0.035437
0.028633
0.022608
0.015574
0.007922
0.003851
0.001951
0.004657
0.013709
0.027977
0.040282
0.045899
0.048365
0.045987
0.035652
0.023967
0.015882
0.011236
0.011734
0.013518
0.014435
0.017605
0.021471
0.021302
0.019625
0.024447
0.032764
0.040884
0.047512
0.047640
0.046037
0.044572
0.041555
0.041044
0.043888
0.051897
0.062270
0.068857
0.070294
0.068556
0.063263
0.050486
0.034765
0.021745
0.011585
0.004806
0.000556
-0.003354
-0.007870
-0.012908
-0.016521
-0.015720
-0.012045
-0.008184
-0.004388
0.000927
0.009365
0.020502
0.032959
0.041320
0.040355
0.033621
0.029038
0.024220
0.013060
-0.002391
-0.019963
-0.036284
-0.048252
-0.055691
-0.057619
-0.055362
-0.050115
-0.042813
-0.036824
-0.029683
-0.018566
-0.008906
-0.002874
0.001943
0.004458
0.003243
-0.000637
-0.005741
-0.009577
-0.013575
-0.021187
-0.027068
-0.027404
-0.026087
-0.025121
-0.023781
-0.020217
-0.017640
-0.017227
-0.013991
-0.008367
-0.001250
0.005245
0.009848
0.014065
0.016276
0.017246
0.017228
0.013696
0.005539
-0.005109
-0.016272
-0.027868
-0.037362
-0.043339
-0.045871
-0.043905
-0.038624
-0.035697
-0.037478
-0.037409
-0.035015
-0.032590
-0.025247
-0.013727
-0.002299
0.008624
0.020480
0.032692
0.041087
0.041202
0.032423
0.019235
0.009654
0.009273
0.012090
0.012256
0.011238
0.008274
0.001993
-0.006107
-0.013678
-0.020705
-0.029346
-0.037057
-0.035735
-0.024527
-0.008532
0.004167
0.005474
0.001868
0.000635
-0.003040
-0.009724
-0.015838
-0.021366
-0.023347
-0.021287
-0.020849
-0.022515
-0.021747
-0.019003
-0.015034
-0.008371
-0.000012
0.010743
0.022385
0.029485
0.031259
0.032168
0.033563
0.033532
0.028556
0.017116
0.006140
-0.001409
-0.009198
-0.017963
-0.026919
-0.034658
-0.040724
-0.046841
-0.051100
-0.049014
-0.042649
-0.033274
-0.018883
-0.005654
0.002376
0.008966
0.014722
0.019064
0.019620
0.014215
0.007830
0.005665
0.008300
0.013406
0.019115
0.022347
0.022579
0.026894
0.032872
0.031803
0.027044
0.024015
0.025376
0.031267
0.035833
0.039314
0.042634
0.040153
0.034969
0.033020
0.032543
0.032866
0.033933
0.033763
0.033185
0.032308
0.028532
0.021845
0.017358
0.019482
0.025265
0.030044
0.030994
0.027603
0.023999
0.024296
0.026678
0.029070
0.033747
0.037873
0.035751
0.026052
0.013144
0.003319
-0.003397
-0.005740
-0.002718
-0.001166
-0.004239
-0.008002
-0.010070
-0.013079
-0.019543
-0.026832
-0.030715
-0.031489
-0.032798
-0.033890
-0.031960
-0.027531
-0.021316
-0.016237
-0.015059
-0.016375
-0.018715
-0.020729
-0.022262
-0.026204
-0.033051
-0.036653
-0.034209
-0.029831
-0.027901
-0.026755
-0.020578
-0.011141
-0.001402
0.007218
0.012808
0.016195
0.015184
0.009235
0.000763
-0.007140
-0.012173
-0.015908
-0.017218
-0.014979
-0.010080
-0.002011
0.006079
0.008306
0.004369
-0.002255
-0.007649
-0.007420
-0.002710
0.002697
0.007495
0.008754
0.003466
-0.004857
-0.010839
-0.014071
-0.014301
-0.011553
-0.008949
-0.006481
-0.002804
-0.000999
-0.001015
0.001323
0.007752
0.016901
0.022547
0.022638
0.019847
0.013631
0.005920
-0.001154
-0.007968
-0.015899
-0.024237
-0.030249
-0.032632
-0.029626
-0.021138
-0.011194
-0.006206
-0.005993
-0.005600
-0.003414
0.000203
0.001070
-0.001192
-0.001396
0.000917
0.000532
-0.004211
-0.006950
-0.004338
0.001548
0.006191
0.007464
0.006794
0.005604
0.006744
0.007689
0.006817
0.005203
0.000550
-0.006062
-0.012108
-0.015462
-0.016464
-0.016504
-0.015006
-0.012493
-0.010135
-0.007128
-0.001893
0.006036
0.017417
0.027642
0.030115
0.023219
0.012308
0.004912
0.000662
-0.004414
-0.011915
-0.020271
-0.024873
-0.022194
-0.017349
-0.016390
-0.014674
-0.007877
-0.000544
0.004694
0.008744
0.011263
0.011922
0.010160
0.008538
0.008524
0.010839
0.017206
0.024279
0.030361
0.033242
0.030488
0.025276
0.017926
0.010947
0.006498
0.004010
0.005482
0.011031
0.021417
0.030998
0.034798
0.034911
0.031999
0.027682
0.022476
0.016809
0.009973
0.003226
0.001180
0.001805
0.001939
0.002898
0.004362
0.005421
0.005159
0.003737
0.006469
0.011521
0.011092
0.006353
0.000543
-0.005245
-0.010482
-0.016744
-0.022776
-0.024036
-0.020538
-0.018312
-0.021418
-0.026003
-0.027191
-0.025103
-0.019255
-0.013766
-0.013327
-0.015235
-0.015799
-0.012144
-0.007919
-0.006669
-0.006372
-0.006137
-0.004662
-0.000687
0.002015
-0.001110
-0.005172
-0.004538
-0.002171
-0.001517
-0.001146
-0.000076
0.001256
0.003576
0.003892
0.000467
-0.002459
-0.003692
-0.003828
-0.003408
-0.004005
-0.003755
-0.002582
-0.002535
-0.003914
-0.005335
-0.004969
-0.002334
0.000644
0.001788
0.002513
0.002568
0.001907
0.001373
-0.000189
-0.003225
-0.008325
-0.013970
-0.018623
-0.023217
-0.027115
-0.028697
-0.028378
-0.026002
-0.021262
-0.017908
-0.016798
-0.015691
-0.016620
-0.019001
-0.019136
-0.017577
-0.013917
-0.007808
-0.005616
-0.008418
-0.011127
-0.013545
-0.014700
-0.013557
-0.012339
-0.011877
-0.009823
-0.005816
-0.003683
-0.002728
-0.000029
0.001526
0.000699
0.001380
0.004565
0.009618
0.014806
0.016238
0.013370
0.007512
0.000940
-0.001123
0.001967
0.005872
0.009314
0.012613
0.017257
0.023111
0.026868
0.028384
0.027797
0.024433
0.018957
0.012782
0.009476
0.009258
0.009916
0.011700
0.013172
0.012745
0.010630
0.008082
0.008022
0.008672
0.004941
-0.000605
-0.003160
-0.001869
0.003909
0.010736
0.012747
0.011413
0.010671
0.009453
0.006453
0.002822
0.001315
0.002052
0.002748
0.004780
0.008129
0.009593
0.010547
0.012480
0.014160
0.013826
0.008589
0.001390
-0.002687
-0.003923
-0.005594
-0.009550
-0.013930
-0.018315
-0.023501
-0.026249
-0.025001
-0.023582
-0.022154
-0.017945
-0.011997
-0.007521
-0.005360
-0.002165
0.004047
0.010922
0.016816
0.021579
0.023900
0.025295
0.025978
0.021451
0.010551
-0.002150
-0.010060
-0.011940
-0.009124
-0.003809
-0.002469
-0.004808
-0.004840
-0.002413
-0.000621
-0.000857
-0.002110
-0.002404
-0.001136
0.001886
0.006536
0.010288
0.010271
0.008454
0.010152
0.013044
0.011031
0.005395
-0.001424
-0.008351
-0.012584
-0.013795
-0.012766
-0.009537
-0.007137
-0.006733
-0.003469
0.004724
0.013121
0.018841
0.020982
0.018662
0.014912
0.011290
0.007404
0.004793
0.003689
0.003268
0.003965
0.005338
0.006335
0.006274
0.003231
-0.001904
-0.004798
-0.003076
0.000682
0.002961
0.003975
0.003868
0.002828
0.001269
-0.000443
-0.000194
0.003008
0.007967
0.010396
0.009029
0.007618
0.007439
0.008571
0.009445
0.009238
0.010541
0.013215
0.014520
0.013219
0.012234
0.013495
0.013133
0.008694
0.001892
-0.003503
-0.004751
-0.002778
-0.000012
0.001115
0.000494
-0.000423
-0.001432
-0.002752
-0.003408
-0.003204
-0.003716
-0.004815
-0.006355
-0.007955
-0.007970
-0.006514
-0.003892
-0.000822
0.001040
0.000162
-0.004486
-0.010362
-0.015446
-0.020639
-0.022670
-0.019699
-0.016080
-0.014136
-0.012652
-0.011507
-0.012061
-0.013338
-0.013504
-0.013489
-0.014233
-0.012723
-0.007208
-0.003235
-0.004799
-0.008294
-0.010225
-0.010641
-0.009142
-0.006189
-0.002915
0.001412
0.006064
0.009842
0.011040
0.007697
0.002360
-0.001100
-0.000948
0.002738
0.008421
0.014224
0.019027
0.021370
0.018146
0.010100
0.002615
-0.001612
-0.004101
-0.005147
-0.003236
0.000430
0.003651
0.006218
0.008523
0.009975
0.010078
0.009652
0.011485
0.016328
0.020400
0.022754
0.024204
0.023212
0.018387
0.010027
0.001703
-0.004094
-0.008691
-0.011127
-0.008815
-0.004117
-0.000846
0.001006
0.002242
0.004386
0.007645
0.007941
0.003792
-0.002530
-0.009076
-0.013093
-0.012514
-0.009072
-0.006375
-0.006122
-0.006495
-0.004392
-0.000797
0.001340
0.002258
0.001169
-0.003501
-0.009846
-0.015902
-0.021555
-0.027170
-0.031664
-0.033701
-0.033460
-0.031293
-0.028683
-0.026918
-0.026046
-0.025050
-0.022690
-0.020236
-0.018348
-0.016262
-0.013145
-0.008058
-0.004309
-0.005054
-0.006842
-0.005506
-0.002045
0.001792
0.005922
0.008321
0.009593
0.011341
0.012421
0.012245
0.009821
0.006338
0.005016
0.006821
0.009535
0.010967
0.011040
0.009869
0.007974
0.007206
0.008511
0.010188
0.011526
0.012219
0.011333
0.008628
0.004383
0.000763
-0.000770
-0.001045
-0.000455
0.000650
0.000595
-0.000043
-0.000036
0.001231
0.004334
0.006928
0.007437
0.005320
0.003040
0.003359
0.004228
0.004099
0.002326
0.000064
-0.000690
0.001134
0.004777
0.007464
0.007479
0.003949
-0.000714
-0.004223
-0.005868
-0.003898
-0.000279
0.001374
-0.000202
-0.003970
-0.007899
-0.010639
-0.010701
-0.008989
-0.007570
-0.005415
-0.002923
-0.000746
0.000872
0.000429
-0.000282
-0.000993
-0.002137
-0.001800
-0.001635
-0.002119
-0.000534
0.004097
0.010977
0.016427
0.019303
0.020084
0.016954
0.012436
0.009385
0.008320
0.007921
0.007484
0.008391
0.009214
0.009386
0.007963
0.004466
0.001121
0.001812
0.008775
0.016824
0.020828
0.020415
0.015451
0.005969
-0.003098
-0.009011
-0.015014
-0.020254
-0.023216
-0.023542
-0.019328
-0.012364
-0.006296
-0.001986
0.000810
0.001949
0.000936
-0.001303
-0.001135
0.002704
0.007549
0.011373
0.014412
0.016552
0.017143
0.016556
0.014168
0.010470
0.008193
0.008076
0.007262
0.003072
-0.001850
-0.004592
-0.006565
-0.006763
-0.004169
-0.001019
0.001777
0.003531
0.003646
0.002513
0.001558
0.002121
0.004879
0.007039
0.006454
0.006034
0.006690
0.007982
0.006755
0.004457
0.006395
0.010524
0.014665
0.016050
0.014133
0.010195
0.003760
-0.003462
-0.009088
-0.010165
-0.008209
-0.006814
-0.006685
-0.006735
-0.005506
-0.004353
-0.004162
-0.005200
-0.006947
-0.006854
-0.004596
-0.001379
0.002452
0.005075
0.005235
0.003607
0.000257
-0.002251
-0.003039
-0.002303
0.001025
0.003475
0.002439
-0.001192
-0.005213
-0.006874
-0.005381
-0.004222
-0.005930
-0.008471
-0.011271
-0.013913
-0.014075
-0.010425
-0.005919
-0.003369
-0.001581
0.000806
0.004504
0.007242
0.007500
0.007011
0.007405
0.009534
0.011045
0.010759
0.009343
0.006953
0.005626
0.006049
0.007912
0.010081
0.011252
0.011175
0.008077
0.003291
0.000498
-0.000065
-0.000488
-0.002959
-0.005565
-0.004224
-0.000734
0.001564
0.003030
0.004638
0.006588
0.007519
0.007488
0.007488
0.006221
0.003020
-0.001436
-0.005670
-0.008235
-0.008191
-0.006495
-0.005345
-0.004460
-0.004337
-0.005394
-0.005849
-0.004433
-0.000912
0.002092
0.002204
0.000327
-0.001839
-0.002742
-0.003085
-0.004066
-0.003664
-0.002374
-0.003148
-0.004932
-0.005907
-0.005881
-0.006778
-0.010519
-0.014220
-0.016204
-0.017316
-0.016225
-0.013033
-0.009324
-0.007142
-0.008092
-0.010574
-0.012713
-0.013805
-0.013852
-0.012644
-0.009674
-0.006399
-0.005380
-0.006804
-0.007828
-0.007670
-0.007792
-0.008771
-0.010705
-0.012117
-0.010969
-0.007817
-0.004721
-0.001724
0.002276
0.006941
0.010388
0.011154
0.009916
0.007396
0.004046
0.001644
0.002224
0.005285
0.007005
0.006868
0.007467
0.007030
0.003693
-0.000290
-0.002319
-0.001046
0.002776
0.006817
0.010420
0.013339
0.014454
0.014977
0.016056
0.016464
0.015155
0.011868
0.008475
0.006439
0.005485
0.006468
0.009291
0.012329
0.014038
0.014666
0.015416
0.014926
0.013142
0.011735
0.009306
0.006497
0.005140
0.005240
0.006649
0.006569
0.004730
0.004034
0.005208
0.007964
0.011072
0.012803
0.013095
0.012161
0.010068
0.007691
0.005204
0.003350
0.002616
0.001948
0.001551
0.002579
0.004557
0.005555
0.005665
0.006272
0.006144
0.004147
0.002139
0.002393
0.004998
0.006480
0.004290
0.000387
-0.003091
-0.006320
-0.009767
-0.011390
-0.010125
-0.008736
-0.007802
-0.006043
-0.004108
-0.003442
-0.004227
-0.005028
-0.006133
-0.007436
-0.007195
-0.005479
-0.003073
-0.000426
0.001386
0.001028
-0.000828
-0.002576
-0.004154
-0.006361
-0.010153
-0.016000
-0.021933
-0.024403
-0.023085
-0.019292
-0.013406
-0.007928
-0.004507
-0.002770
-0.003194
-0.005173
-0.007321
-0.008297
-0.007989
-0.007941
-0.007612
-0.006252
-0.004910
-0.004441
-0.005665
-0.007065
-0.006533
-0.005237
-0.003472
-0.001756
-0.002313
-0.004906
-0.008343
-0.011399
-0.013877
-0.016005
-0.016298
-0.015515
-0.014776
-0.013980
-0.013031
-0.010680
-0.007830
-0.004716
-0.000344
0.004063
0.007381
0.009299
0.009375
0.007347
0.004734
0.003427
0.003805
0.003918
0.003071
0.002320
0.001200
0.000105
-0.000920
-0.001823
-0.002707
-0.004729
-0.006899
-0.008248
-0.008485
-0.007497
-0.007067
-0.007440
-0.006099
-0.002236
0.001797
0.004304
0.005708
0.006057
0.004907
0.003707
0.004523
0.005877
0.006023
0.004895
0.002719
0.001205
0.000962
0.002210
0.004527
0.005529
0.004520
0.003002
0.002965
0.003906
0.004457
0.005912
0.008768
0.011909
0.014329
0.015351
0.014767
0.012095
0.008141
0.005666
0.006172
0.008116
0.009453
0.009428
0.008039
0.006879
0.006855
0.006637
0.006651
0.007959
0.009633
0.010984
0.011449
0.010264
0.007969
0.006366
0.006662
0.008099
0.008997
0.008494
0.008010
0.008768
0.009689
0.009790
0.009183
0.008619
0.007426
0.004640
0.001357
-0.001895
-0.004567
-0.005779
-0.006031
-0.005908
-0.005538
-0.004399
-0.002848
-0.002158
-0.002597
-0.003583
-0.004645
-0.006861
-0.009897
-0.012230
-0.014334
-0.016184
-0.017251
-0.016905
-0.015053
-0.012373
-0.008578
-0.004322
-0.000910
0.000449
-0.000016
-0.001369
-0.004579
-0.007546
-0.007880
-0.006442
-0.003748
-0.000570
0.001901
0.002083
0.000356
-0.001165
-0.001624
-0.001184
-0.000667
-0.000731
-0.001413
-0.001647
-0.001616
-0.002761
-0.004584
-0.005806
-0.005761
-0.004660
-0.002162
0.002003
0.005295
0.006232
0.006405
0.006864
0.007603
0.008997
0.010753
0.010686
0.007695
0.003779
0.001972
0.001810
0.000906
-0.000522
-0.002394
-0.004164
-0.004712
-0.004096
-0.002308
0.000487
0.003660
0.005683
0.005324
0.003117
0.000243
-0.001952
-0.002600
-0.001776
0.000571
0.002553
0.002407
0.001491
0.001190
0.002051
0.003395
0.004470
0.005436
0.005098
0.002430
-0.001903
-0.006269
-0.008432
-0.007929
-0.005694
-0.002513
0.000580
0.002570
0.002589
0.001818
0.001967
0.002414
0.002410
0.001453
-0.001019
-0.004000
-0.006053
-0.006787
-0.006365
-0.005487
-0.004865
-0.004657
-0.005196
-0.005896
-0.004952
-0.002184
0.001170
0.003817
0.003248
-0.000942
-0.005889
-0.009998
-0.012523
-0.013495
-0.013551
-0.012020
-0.008676
-0.004269
0.000046
0.002989
0.004389
0.005089
0.005308
0.005383
0.006146
0.007172
0.008062
0.008024
0.005418
0.001337
-0.001127
-0.000849
0.000792
0.001778
0.001619
0.000818
-0.000829
-0.002622
-0.002533
0.000751
0.005493
0.008210
0.008079
0.006742
0.005949
0.005265
0.004078
0.004001
0.004975
0.005382
0.004462
0.002476
0.000514
-0.000608
-0.001081
-0.001494
-0.001591
-0.001023
0.000213
0.002068
0.003694
0.003552
0.002105
0.001254
0.000963
0.000713
0.000196
-0.001050
-0.002839
-0.003901
-0.002672
0.000164
0.002721
0.003287
0.001692
-0.000160
-0.001712
-0.002881
-0.002967
-0.002133
-0.001018
-0.000596
-0.000858
-0.001259
-0.001682
-0.002259
-0.003701
-0.004627
-0.003264
-0.000814
0.000979
0.001499
0.001106
0.000711
0.001027
0.001754
0.002467
0.003068
0.002902
0.002209
0.001598
0.000797
0.000228
0.000542
0.001781
0.004132
0.007043
0.009046
0.009546
0.009113
0.008478
0.007924
0.007370
0.006303
0.004408
0.002775
0.002293
0.002698
0.004099
0.006494
0.009351
0.011891
0.013231
0.013221
0.012150
0.010895
0.009546
0.007344
0.004894
0.002441
0.000101
-0.001166
-0.000885
0.000329
0.001331
0.001471
0.001189
0.001345
0.001790
0.002907
0.004092
0.003836
0.003147
0.002804
0.002770
0.002792
0.002363
0.001999
0.001340
-0.000820
-0.004483
-0.007970
-0.009620
-0.009168
-0.006874
-0.003907
-0.001542
-0.000477
-0.000881
-0.001772
-0.002091
-0.001378
-0.000515
-0.000424
-0.000868
-0.001768
-0.002756
-0.003504
-0.003938
-0.003542
-0.003338
-0.004565
-0.006295
-0.008345
-0.010582
-0.011951
-0.011380
-0.008552
-0.005887
-0.004706
-0.004647
-0.005635
-0.007414
-0.009632
-0.010489
-0.009179
-0.006692
-0.004245
-0.002278
-0.000690
-0.000240
-0.000919
-0.002150
-0.003285
-0.003350
-0.002667
-0.002567
-0.002903
-0.002998
-0.003116
-0.003894
-0.005751
-0.007632
-0.008667
-0.008367
-0.006955
-0.006023
-0.006015
-0.006333
-0.005707
-0.004343
-0.003397
-0.002347
-0.000932
0.001624
0.004682
0.006037
0.006168
0.006088
0.006357
0.007366
0.008158
0.008297
0.008896
0.009991
0.010601
0.011130
0.011523
0.011769
0.012698
0.013055
0.011610
0.009072
0.006723
0.005097
0.003083
0.000754
-0.000620
-0.000504
0.001317
0.003981
0.006333
0.007685
0.007717
0.006876
0.005251
0.002820
0.001291
0.001651
0.002838
0.004033
0.004411
0.004617
0.005972
0.007355
0.007473
0.006433
0.004399
0.001776
-0.000525
-0.002611
-0.004919
-0.006470
-0.006588
-0.006260
-0.006156
-0.005347
-0.003167
-0.000153
0.002672
0.004316
0.004838
0.005008
0.005034
0.004404
0.003020
0.001878
0.000847
-0.000863
-0.002967
-0.005569
-0.008018
-0.009596
-0.010090
-0.009000
-0.007703
-0.007373
-0.007817
-0.008677
-0.009626
-0.010390
-0.010049
-0.008961
-0.008912
-0.010151
-0.011641
-0.012579
-0.012119
-0.010103
-0.007390
-0.005350
-0.004797
-0.005119
-0.005763
-0.005790
-0.004824
-0.004311
-0.004475
-0.004693
-0.005039
-0.005523
-0.006036
-0.006010
-0.004998
-0.003960
-0.003434
-0.002919
-0.002740
-0.002925
-0.003357
-0.003745
-0.003691
-0.003987
-0.004971
-0.005801
-0.005458
-0.004290
-0.003047
-0.001510
0.000505
0.002827
0.005049
0.007202
0.009273
0.010733
0.011265
0.010553
0.008628
0.006888
0.006724
0.007889
0.009071
0.009022
0.008140
0.007466
0.006695
0.005463
0.003955
0.002274
0.000756
0.000050
0.000470
0.001352
0.001727
0.001514
0.000928
0.000159
-0.000477
-0.001295
-0.002067
-0.001806
-0.000129
0.002751
0.005758
0.007942
0.009489
0.010421
0.010132
0.008271
0.005740
0.003895
0.003459
0.004441
0.005594
0.005956
0.005311
0.003855
0.002586
0.002133
0.002168
0.002068
0.001557
0.000405
-0.000954
-0.002036
-0.003008
-0.002884
-0.001545
-0.000635
-0.000217
-0.000109
-0.000586
-0.001401
-0.002269
-0.002267
-0.001944
-0.002482
-0.003470
-0.004630
-0.005825
-0.006459
-0.005986
-0.004896
-0.004184
-0.003844
-0.003802
-0.004684
-0.006248
-0.007273
-0.007354
-0.007169
-0.006981
-0.006537
-0.006120
-0.006162
-0.006348
-0.005915
-0.005043
-0.003864
-0.002072
-0.000175
0.000908
0.000691
0.000087
-0.000155
0.000112
0.000470
0.000184
-0.000732
-0.002620
-0.004169
-0.004471
-0.004345
-0.003850
-0.003517
-0.003351
-0.003039
-0.002743
-0.002656
-0.002613
-0.002137
-0.001121
0.000526
0.002577
0.004515
0.005693
0.006096
0.006150
0.006015
0.005573
0.004618
0.003606
0.002566
0.001478
0.000708
0.000289
0.000323
0.000535
0.000654
0.000410
-0.000030
-0.000370
-0.000731
-0.000822
-0.000797
-0.000337
0.000892
0.002344
0.003826
0.004746
0.005200
0.005985
0.006818
0.007341
0.007547
0.007658
0.007827
0.007714
0.006721
0.004842
0.003451
0.003168
0.003712
0.004473
0.003929
0.002121
-0.000151
-0.002659
-0.004739
-0.005677
-0.005248
-0.004158
-0.002840
-0.001026
0.001287
0.003437
0.004790
0.005622
0.006021
0.005430
0.003603
0.001095
-0.001392
-0.003388
-0.004665
-0.005773
-0.006827
-0.007340
-0.007287
-0.007226
-0.008395
-0.010663
-0.012519
-0.013474
-0.013794
-0.013519
-0.012467
-0.010963
-0.009131
-0.006708
-0.004583
-0.003218
-0.002128
-0.002096
-0.003280
-0.004546
-0.005616
-0.006117
-0.005537
-0.004024
-0.002263
-0.001599
-0.002334
-0.003050
-0.002543
-0.001177
-0.000286
-0.000443
-0.001039
-0.001154
-0.000525
0.000066
0.000224
0.000579
0.001134
0.001294
0.001088
0.000722
-0.000068
-0.001559
-0.002972
-0.003355
-0.003120
-0.002578
-0.001386
-0.000064
0.000634
0.000621
0.000217
0.000213
0.001021
0.002262
0.003455
0.003983
0.004130
0.004699
0.004900
0.003843
0.001989
0.000298
-0.000447
-0.000676
-0.000899
-0.000625
0.000326
0.001769
0.002894
0.002885
0.001906
0.000113
-0.001893
-0.003335
-0.003910
-0.003144
-0.000893
0.001863
0.003681
0.004369
0.004482
0.003931
0.002655
0.001408
0.000787
0.000736
0.001393
0.002623
0.003875
0.004768
0.004994
0.004263
0.002694
0.001371
0.001016
0.001144
0.001569
0.002064
0.002196
0.001951
0.001195
0.000330
0.000065
0.000262
0.000583
0.000731
0.000379
-0.000286
-0.001095
-0.001935
-0.002624
-0.003046
-0.003012
-0.002813
-0.002339
-0.001224
-0.000198
0.000247
0.000677
0.001130
0.001141
0.000750
0.000249
0.000165
0.000432
0.000699
0.001450
0.002552
0.002975
0.002297
0.001286
0.000791
0.000371
-0.000322
-0.000535
0.000090
0.000941
0.001211
0.000742
0.000239
0.000458
0.000935
0.000747
0.000003
-0.000909
-0.001731
-0.002180
-0.002251
-0.001921
-0.001143
-0.000189
0.000505
0.000436
-0.000357
-0.001155
-0.001334
-0.000558
0.000978
0.002758
0.004139
0.004781
0.004917
0.004282
0.002977
0.001707
0.000942
0.000806
0.000805
0.000573
-0.000268
-0.001467
-0.002111
-0.001579
0.000408
0.003189
0.005849
0.007229
0.006674
0.005203
0.003708
0.002287
0.001033
0.000110
-0.000381
-0.000167
0.000770
0.001704
0.002142
0.002078
0.001964
0.002152
0.001988
0.001149
0.000126
-0.000773
-0.001207
-0.000679
0.000680
0.002012
0.002878
0.003213
0.002686
0.001497
-0.000110
-0.001922
-0.002958
-0.002913
-0.002327
-0.001537
-0.000602
0.000603
0.001806
0.002461
0.002490
0.002094
0.001221
-0.000116
-0.001264
-0.001630
-0.001556
-0.001391
-0.000975
-0.000500
-0.000369
-0.000529
-0.000631
-0.000676
-0.000832
-0.001188
-0.001772
-0.002331
-0.002866
-0.003400
-0.003561
-0.003322
-0.002548
-0.001100
0.000398
0.001391
0.001426
0.000760
-0.000017
-0.001108
-0.002121
-0.002778
-0.003418
-0.003912
-0.003838
-0.003157
-0.002539
-0.002138
-0.001707
-0.001406
-0.001149
-0.001071
-0.001540
-0.002296
-0.002919
-0.002747
-0.001442
0.000158
0.001438
0.002082
0.002117
0.001813
0.000852
-0.000367
-0.001437
-0.002452
-0.003326
-0.004297
-0.004741
-0.004222
-0.003176
-0.001890
-0.001191
-0.000818
-0.000307
-0.000189
0.000120
0.000843
0.001027
0.000158
-0.001423
-0.002437
-0.001926
-0.000864
-0.000612
-0.001040
-0.001485
-0.001397
-0.000498
0.000400
0.000324
-0.000435
-0.001328
-0.001844
-0.001710
-0.001461
-0.000935
-0.000038
0.000509
0.000373
-0.000476
-0.001398
-0.001620
-0.001451
-0.001636
-0.001611
-0.000434
0.000780
0.001145
0.001603
0.002745
0.003821
0.003706
0.002523
0.001073
-0.000024
-0.000656
-0.001546
-0.002976
-0.004322
-0.004741
-0.004242
-0.003854
-0.004020
-0.004166
-0.003778
-0.002969
-0.002132
-0.001339
-0.000580
0.000215
0.001312
0.002209
0.002206
0.001372
0.000141
-0.001217
-0.002914
-0.004784
-0.005894
-0.005751
-0.005000
-0.004317
-0.003720
-0.003099
-0.002486
-0.001999
-0.001659
-0.001440
-0.001206
-0.001013
-0.001239
-0.001947
-0.002752
-0.003228
-0.003441
-0.003212
-0.001994
-0.000482
0.000089
-0.000414
-0.001068
-0.000941
-0.000253
0.000138
0.000159
0.000264
0.000552
0.000933
0.000924
0.000221
-0.000957
-0.002519
-0.004037
-0.005197
-0.005540
-0.004682
-0.003546
-0.002867
-0.002592
-0.002540
-0.002546
-0.002429
-0.001819
-0.000637
0.000607
0.001501
0.002052
0.002151
0.002166
0.002832
0.003889
0.004741
0.005319
0.005691
0.005836
0.005290
0.004170
0.003033
0.001406
-0.000723
-0.002711
-0.003986
-0.004339
-0.004634
-0.005133
-0.005147
-0.004402
-0.002908
-0.001306
-0.000533
-0.000560
-0.000778
-0.000829
-0.000913
-0.001385
-0.002081
-0.002662
-0.003070
-0.003563
-0.004287
-0.004834
-0.004759
-0.004326
-0.003872
-0.003209
-0.002717
-0.002711
-0.002370
-0.001295
0.000001
0.000819
0.001289
0.002477
0.003921
0.004415
0.004116
0.003387
0.002712
0.002730
0.003032
0.003131
0.003244
0.003090
0.002487
0.001994
0.002116
0.002744
0.003044
0.002805
0.002902
0.003450
0.003933
0.004330
0.004319
0.003585
0.002531
0.001663
0.001147
0.001159
0.001736
0.002377
0.002646
0.002350
0.001613
0.000970
0.001056
0.002148
0.003723
0.005193
0.006246
0.006796
0.006924
0.006813
0.007063
0.007666
0.007516
0.005784
0.003104
0.000752
-0.000701
-0.001157
-0.000866
-0.000386
0.000263
0.001356
0.002239
0.002287
0.002040
0.002305
0.003003
0.003326
0.003067
0.002606
0.002082
0.001497
0.000776
-0.000095
-0.000611
-0.000576
-0.000358
-0.000178
-0.000123
-0.000232
-0.000602
-0.000991
-0.001406
-0.001884
-0.002107
-0.002350
-0.002522
-0.002325
-0.001682
-0.000446
0.000691
0.001204
0.001273
0.000995
0.000691
0.000461
0.000139
-0.000009
0.000398
0.000882
0.000799
0.000467
0.000168
-0.000021
-0.000092
-0.000293
-0.000582
-0.000636
-0.000578
-0.000932
-0.001753
-0.002806
-0.003971
-0.005025
-0.005656
-0.005845
-0.005521
-0.004877
-0.004483
-0.004478
-0.004646
-0.004370
-0.003250
-0.001484
0.000425
0.001806
0.002534
0.002966
0.002904
0.002044
0.001025
0.000329
-0.000344
-0.001097
-0.001647
-0.001841
-0.001893
-0.002045
-0.002285
-0.002298
-0.001904
-0.001586
-0.001906
-0.002944
-0.003936
-0.003944
-0.003446
-0.002953
-0.002630
-0.002160
-0.001760
-0.001057
-0.000834
-0.000827
-0.000672
-0.000755
-0.000933
-0.001125
-0.000991
-0.000688
-0.000859
-0.001100
-0.001136
-0.001264
-0.001492
-0.001554
-0.001637
-0.001943
-0.001979
-0.001544
-0.000656
0.000252
0.000536
0.000092
-0.001420
-0.003268
-0.004048
-0.003995
-0.003618
-0.003331
-0.003676
-0.004168
-0.004043
-0.003384
-0.002990
-0.003048
-0.002917
-0.002922
-0.003648
-0.004231
-0.003929
-0.003112
-0.002451
-0.002456
-0.002609
-0.002077
-0.001279
-0.001117
-0.001576
-0.002169
-0.002597
-0.002823
-0.003009
-0.002993
-0.002696
-0.002164
-0.001553
-0.001022
-0.000727
-0.000923
-0.001037
-0.000966
-0.000865
-0.000730
-0.000890
-0.000651
0.000005
0.000715
0.001646
0.002153
0.002155
0.002248
0.002616
0.002884
0.002582
0.001943
0.001736
0.002305
0.002834
0.002486
0.001636
0.001187
0.001490
0.001855
0.001711
0.001662
0.002219
0.003054
0.003582
0.003600
0.003255
0.002437
0.001344
0.000431
-0.000216
-0.000343
0.000330
0.001334
0.002138
0.002843
0.003340
0.003389
0.003148
0.002701
0.002084
0.001433
0.000857
0.000519
0.000397
0.000605
0.001205
0.001629
0.001854
0.002340
0.002740
0.002703
0.002693
0.003278
0.004275
0.004995
0.005324
0.005733
0.006193
0.006102
0.005613
0.005307
0.004999
0.004465
0.003734
0.003019
0.002523
0.002032
0.001680
0.001440
0.001030
0.000765
0.000667
0.000466
0.000031
-0.000692
-0.001372
-0.001796
-0.001781
-0.001310
-0.000848
-0.000448
0.000077
0.000631
0.001074
0.001289
0.001279
0.001174
0.001033
0.000859
0.000574
0.000117
-0.000207
-0.000365
-0.000623
-0.000795
-0.000811
-0.000886
-0.000832
-0.000570
-0.000426
-0.000344
-0.000261
-0.000200
0.000114
0.000552
0.000787
0.000784
0.000614
0.000487
0.000416
0.000280
0.000297
0.000700
0.001252
0.001678
0.001987
0.002112
0.001970
0.001451
0.000567
-0.000268
-0.000887
-0.001309
-0.001514
-0.001780
-0.001998
-0.001862
-0.001620
-0.001488
-0.001317
-0.001104
-0.001010
-0.000856
-0.000741
-0.000930
-0.001102
-0.000923
-0.000261
0.000584
0.001195
0.001577
0.001776
0.001867
0.001953
0.001918
0.001693
0.001568
0.001695
0.001787
0.001602
0.001334
0.001217
0.001080
0.000713
0.000322
0.000275
0.000520
0.000786
0.000955
0.001069
0.001070
0.000834
0.000649
0.000725
0.000948
0.001234
0.001400
0.001330
0.001247
0.001423
0.001761
0.002025
0.002172
0.002284
0.002451
0.002619
0.002728
0.002735
0.002707
0.002671
0.002556
0.002465
0.002390
0.002388
0.002464
0.002428
0.002288
0.002054
0.001731
0.001331
0.000880
0.000446
0.000042
-0.000181
-0.000123
0.000158
0.000668
0.001245
0.001620
0.001783
0.001777
0.001604
0.001302
0.000918
0.000546
0.000266
0.000083
0.000051
0.000229
0.000462
0.000551
0.000492
0.000368
0.000261
0.000158
-0.000062
-0.000331
-0.000515
-0.000649
-0.000758
-0.000853
-0.000926
-0.000935
-0.000829
-0.000652
-0.000514
-0.000366
-0.000120
0.000133
0.000313
0.000505
0.000742
0.000963
0.001151
0.001302
0.001383
0.001337
0.001163
0.000927
0.000717
0.000643
0.000696
0.000774
0.000845
0.000900
0.000899
0.000849
0.000786
0.000742
0.000698
0.000622
0.000555
0.000481
0.000373
0.000318
0.000363
0.000460
0.000569
0.000622
0.000584
0.000532
0.000502
0.000461
0.000412
0.000375
0.000359
0.000332
0.000263
0.000191
0.000155
0.000137
0.000100
0.000035
-0.000038
-0.000096
-0.000135
-0.000163
-0.000174
-0.000168
-0.000160
-0.000144
-0.000115
-0.000084
-0.000064
-0.000063
-0.000073
-0.000096
-0.000136
-0.000196
-0.000273
-0.000338
-0.000375
-0.000379
-0.000359
-0.000337
-0.000321
-0.000328
-0.000357
-0.000396
-0.000427
-0.000440
-0.000443
-0.000442
-0.000432
-0.000415
-0.000400
-0.000392
-0.000386
-0.000393
-0.000415
-0.000436
-0.000445
-0.000454
-0.000471
-0.000488
-0.000499
-0.000507
-0.000516
-0.000524
-0.000535
-0.000543
-0.000550
-0.000558
-0.000566
-0.000570
-0.000569
-0.000571
-0.000584
-0.000600
-0.000610
-0.000615
-0.000617
-0.000618
-0.000621
-0.000626
-0.000633
-0.000642
-0.000651
-0.000659
-0.000667
-0.000674
-0.000680
-0.000684
-0.000687
-0.000691
-0.000696
-0.000702
-0.000706
-0.000709
-0.000712
-0.000716
-0.000721
-0.000725
-0.000728
-0.000732
-0.000735
-0.000739
-0.000742
-0.000746
-0.000749
-0.000752
-0.000755
-0.000758
-0.000761
-0.000763
-0.000766
-0.000769
-0.000772
-0.000774
-0.000776
-0.000779
-0.000781
-0.000783
-0.000785
-0.000787
-0.000788
-0.000790
-0.000791
-0.000792
-0.000793
-0.000794
-0.000795
-0.000796
-0.000797
-0.000797
-0.000797
