-0.000010
-0.000008
0.000002
0.000035
0.000062
0.000051
0.000063
0.000151
0.000250
0.000181
0.000045
0.000052
0.000055
-0.000066
-0.000377
-0.000569
-0.000283
0.000053
-0.000291
-0.001209
-0.001809
-0.001101
0.000536
0.001239
0.001268
0.001613
0.001781
0.000970
0.000460
0.001728
0.001879
0.000255
-0.000503
0.000310
0.002543
0.004295
0.003500
0.001058
-0.001175
-0.000812
0.000171
-0.003775
-0.008877
-0.008885
-0.005461
-0.001976
0.000590
0.002891
0.004600
0.003539
0.000967
0.000719
0.001849
0.001820
-0.000287
-0.001849
0.000746
0.005271
0.008742
0.008516
0.004229
0.001495
0.000893
-0.001470
-0.003305
-0.003803
-0.004985
-0.004740
-0.002157
0.001844
0.005938
0.007880
0.005236
-0.001272
-0.004549
-0.003829
-0.005335
-0.007315
-0.006422
-0.003818
0.000991
0.005319
0.005923
0.005946
0.004960
0.002037
0.001357
0.001783
0.000382
-0.001969
-0.003649
-0.001396
0.004498
0.007280
0.004907
0.003135
0.002580
-0.000020
-0.003815
-0.006156
-0.004722
-0.004188
-0.007248
-0.005552
0.001594
0.006194
0.005427
0.003695
0.006092
0.007052
0.002459
-0.002384
-0.003494
-0.001470
-0.001373
-0.002532
-0.001673
0.002068
0.007653
0.007495
0.003949
0.003557
0.001314
-0.002114
-0.001620
0.000804
0.003922
0.006165
0.005584
0.003441
0.001650
0.003250
0.003503
-0.001198
-0.004082
-0.005938
-0.010925
-0.017388
-0.017449
-0.006829
0.002324
0.006460
0.009691
0.009555
0.012136
0.015444
0.010814
0.005015
0.005226
0.005447
-0.000026
-0.005556
-0.010012
-0.012215
-0.003121
0.009939
0.016421
0.017557
0.010424
-0.000104
-0.007885
-0.017701
-0.022548
-0.014948
-0.005402
-0.003269
-0.002920
0.003154
0.009546
0.015234
0.024933
0.029469
0.022497
0.004363
-0.015953
-0.023954
-0.024070
-0.018267
-0.007775
-0.002197
0.003254
0.011303
0.017047
0.020171
0.021549
0.022729
0.021233
0.012594
0.000635
-0.005482
-0.006694
-0.009801
-0.009163
-0.003458
-0.001379
-0.004450
-0.012853
-0.021345
-0.020045
-0.012811
-0.008904
-0.006854
-0.001229
0.008921
0.018417
0.021189
0.016186
0.011122
0.008647
0.003899
0.004004
0.003729
-0.004311
-0.008368
-0.008220
-0.011477
-0.013943
-0.009782
-0.003322
0.001622
-0.000391
-0.005310
-0.000047
0.006699
0.008501
0.012106
0.015376
0.013748
0.009297
0.006259
0.005481
0.005537
0.008023
0.012707
0.010175
0.000555
-0.011313
-0.021823
-0.021687
-0.014535
-0.006425
0.000144
0.001496
-0.003438
-0.012526
-0.014780
-0.008004
-0.004620
-0.002534
0.007648
0.013844
0.008513
0.000374
-0.006361
-0.003550
0.010218
0.021153
0.018626
0.001896
-0.008332
-0.008424
-0.020157
-0.026130
-0.015179
-0.002586
0.014592
0.025181
0.026349
0.023095
0.006350
-0.006030
-0.007972
-0.004890
0.000455
-0.007097
-0.010487
0.002494
0.010064
0.005049
0.003451
0.012206
0.019189
0.018600
0.005566
-0.015558
-0.023925
-0.020942
-0.019193
-0.015084
-0.004268
0.002860
0.001885
0.004291
0.005305
0.000788
-0.003246
-0.007213
-0.005195
-0.000773
0.004424
0.020154
0.029717
0.020283
0.013826
0.019103
0.022899
0.015509
-0.000615
-0.017342
-0.029502
-0.023065
-0.001750
0.004171
-0.015069
-0.032603
-0.025774
-0.003964
0.010841
0.006359
0.003635
0.011542
0.011421
0.005361
-0.000771
0.002646
0.018621
0.034333
0.033469
0.011259
-0.023366
-0.062481
-0.069683
-0.037592
-0.013644
-0.009818
0.001045
0.022649
0.036107
0.044757
0.042744
0.020924
0.000668
0.000120
0.013701
-0.001351
-0.037872
-0.041964
-0.023776
-0.004640
0.005145
0.005168
0.002805
-0.010045
-0.016842
-0.012762
-0.018756
-0.030905
-0.033324
-0.029364
-0.018446
0.009359
0.026134
0.023400
0.025627
0.015692
-0.012271
-0.029762
-0.027445
-0.018714
-0.021325
-0.036364
-0.051576
-0.052511
-0.038462
-0.022967
-0.011696
-0.022728
-0.044856
-0.036832
-0.009234
0.006839
0.003571
0.012011
0.043817
0.061170
0.067726
0.069594
0.052053
0.029523
0.017765
0.004478
-0.019379
-0.014465
0.017851
0.031300
0.028583
0.020082
0.001910
-0.015955
-0.011098
0.006021
0.013668
0.021343
0.025181
0.014013
-0.007642
-0.018639
-0.007597
0.009222
0.015429
0.011994
0.015980
0.029462
0.034939
0.024375
0.017833
0.018256
0.005990
-0.011543
-0.034547
-0.071653
-0.095319
-0.084794
-0.070637
-0.068392
-0.064210
-0.056927
-0.047242
-0.035848
-0.014958
0.015116
0.038565
0.047692
0.045144
0.036171
0.022747
0.007930
-0.011790
-0.031960
-0.039240
-0.042707
-0.058570
-0.074858
-0.074825
-0.068673
-0.061157
-0.060720
-0.071601
-0.070619
-0.059194
-0.054191
-0.067766
-0.089576
-0.093556
-0.090304
-0.092655
-0.093809
-0.094056
-0.097443
-0.103643
-0.107522
-0.097614
-0.075992
-0.057963
-0.043048
-0.027140
-0.015293
-0.007297
0.001916
0.011389
0.025765
0.053016
0.088113
0.124437
0.149985
0.148034
0.120926
0.083334
0.046268
0.019277
0.000533
-0.015197
-0.023482
-0.033191
-0.045951
-0.050435
-0.053677
-0.054877
-0.049371
-0.045143
-0.036728
-0.016100
0.005568
0.007022
-0.010249
-0.014040
0.010765
0.042510
0.059109
0.065020
0.072988
0.087195
0.103590
0.114546
0.120429
0.121098
0.116670
0.113154
0.110885
0.107083
0.102738
0.097272
0.088370
0.074501
0.063566
0.072413
0.091932
0.102995
0.114866
0.137145
0.168037
0.203075
0.231853
0.247651
0.250153
0.241657
0.220417
0.185000
0.139702
0.089676
0.040600
-0.008190
-0.056453
-0.097451
-0.117048
-0.093710
-0.035551
0.000464
-0.022465
-0.042091
-0.019386
-0.011489
-0.009147
-0.001646
-0.025385
-0.059770
-0.095303
-0.123707
-0.143572
-0.167603
-0.184362
-0.184156
-0.164027
-0.150325
-0.147958
-0.135990
-0.107661
-0.064890
-0.025577
-0.000280
0.018896
0.031392
0.032041
0.030444
0.035314
0.050591
0.068508
0.078033
0.074370
0.051515
0.016062
-0.007619
-0.002361
-0.001003
-0.038487
-0.086298
-0.111589
-0.113560
-0.102303
-0.098044
-0.101871
-0.098221
-0.085393
-0.066576
-0.060851
-0.082273
-0.112262
-0.129840
-0.138483
-0.155830
-0.181033
-0.197908
-0.194738
-0.180441
-0.174642
-0.179211
-0.189644
-0.199750
-0.198900
-0.189863
-0.178895
-0.167483
-0.159789
-0.152480
-0.139976
-0.122870
-0.109421
-0.105137
-0.097240
-0.082825
-0.065484
-0.033615
0.004461
0.035277
0.061718
0.079824
0.092144
0.106155
0.124840
0.156267
0.196294
0.223774
0.227232
0.206653
0.168208
0.135181
0.122859
0.125113
0.135602
0.147446
0.159083
0.170494
0.177621
0.179852
0.174207
0.163451
0.146412
0.120639
0.085558
0.039432
0.000866
-0.013852
-0.005206
0.033135
0.099259
0.128880
0.102595
0.106273
0.132889
0.133386
0.135397
0.135522
0.130609
0.132707
0.135481
0.144550
0.147990
0.137959
0.126662
0.120647
0.116664
0.101249
0.073908
0.061759
0.073559
0.070379
0.043358
0.026853
0.024385
0.024716
0.034865
0.052991
0.068276
0.081963
0.099842
0.118190
0.129855
0.130219
0.113519
0.085295
0.059096
0.041208
0.035313
0.037999
0.036662
0.025344
0.008270
-0.015604
-0.048996
-0.083395
-0.111556
-0.129279
-0.133186
-0.128389
-0.122879
-0.119170
-0.116579
-0.119851
-0.129563
-0.134827
-0.128842
-0.110658
-0.084752
-0.064571
-0.057388
-0.059671
-0.061802
-0.056004
-0.045083
-0.029172
-0.008765
0.005796
0.009195
0.008986
0.013910
0.012303
-0.007866
-0.037061
-0.061952
-0.074380
-0.068406
-0.041265
-0.016945
-0.017695
-0.022787
-0.009011
0.018495
0.044286
0.065999
0.084649
0.098915
0.112095
0.119180
0.117988
0.109234
0.082063
0.036339
-0.007147
-0.033149
-0.054659
-0.083740
-0.105618
-0.113327
-0.116731
-0.112026
-0.102252
-0.105636
-0.116518
-0.114037
-0.084254
-0.040420
-0.008411
0.008391
0.021634
0.044136
0.072397
0.091991
0.091450
0.073646
0.051848
0.038513
0.042644
0.053722
0.048973
0.015309
-0.041002
-0.095189
-0.120573
-0.116902
-0.103450
-0.094726
-0.096943
-0.104329
-0.102070
-0.081082
-0.052799
-0.035869
-0.031154
-0.022114
-0.003728
0.010315
0.014941
0.007329
-0.014211
-0.037307
-0.052190
-0.049360
-0.019933
0.010939
0.014115
0.015951
0.036146
0.039760
0.036002
0.061007
0.095046
0.121859
0.134212
0.132760
0.126401
0.094289
0.020472
-0.082286
-0.180529
-0.255138
-0.271568
-0.195950
-0.130730
-0.168523
-0.197852
-0.163775
-0.145988
-0.123310
-0.105443
-0.108277
-0.084519
-0.066844
-0.048247
-0.031850
-0.030794
-0.027061
-0.022735
-0.010484
-0.024057
-0.060771
-0.093494
-0.119256
-0.152646
-0.187663
-0.195397
-0.184229
-0.152697
-0.100486
-0.041255
-0.000761
0.013504
0.031975
0.059694
0.090573
0.140884
0.212278
0.285022
0.333719
0.336769
0.297245
0.232042
0.164407
0.112129
0.087381
0.089962
0.087177
0.072953
0.066771
0.063351
0.058267
0.053983
0.053844
0.058307
0.056379
0.047084
0.031133
0.011492
0.002901
0.005507
0.008957
-0.007771
-0.048751
-0.074636
-0.058574
-0.010575
0.017108
-0.007687
-0.028307
-0.005449
0.025358
0.029147
0.011404
-0.006634
-0.007564
0.015153
0.036684
0.034188
0.023088
0.014122
0.001855
-0.015267
-0.031099
-0.030080
-0.017068
-0.006664
-0.006971
-0.016796
-0.017534
0.002415
0.028036
0.036083
0.040090
0.054226
0.065355
0.070603
0.069492
0.064160
0.059192
0.047639
0.025067
0.000737
-0.013039
-0.018464
-0.022378
-0.024000
-0.028628
-0.043794
-0.062686
-0.073924
-0.078306
-0.075192
-0.059470
-0.051959
-0.070356
-0.092705
-0.101686
-0.107104
-0.114369
-0.115556
-0.109813
-0.099894
-0.086576
-0.074581
-0.067794
-0.068326
-0.069735
-0.066283
-0.057401
-0.041312
-0.026685
-0.017179
-0.007066
0.001595
0.000239
-0.015801
-0.035382
-0.043478
-0.037793
-0.038003
-0.057921
-0.076583
-0.075987
-0.061128
-0.047001
-0.048243
-0.058771
-0.064524
-0.060659
-0.043727
-0.025809
-0.014165
0.004883
0.030896
0.056520
0.083505
0.103000
0.101883
0.088098
0.079525
0.082282
0.084629
0.080568
0.085628
0.105237
0.122152
0.116453
0.090151
0.059646
0.037571
0.032903
0.040689
0.052897
0.068445
0.084339
0.097180
0.100123
0.086949
0.062254
0.036064
0.018537
0.011373
0.004734
-0.007918
-0.023024
-0.031550
-0.027520
-0.015490
-0.012672
-0.030293
-0.054726
-0.070699
-0.078967
-0.084456
-0.088551
-0.086880
-0.081104
-0.075081
-0.056361
-0.025800
-0.004525
0.006394
0.021078
0.042109
0.061158
0.075674
0.089830
0.103028
0.113090
0.122341
0.135175
0.152951
0.174803
0.195721
0.206329
0.199858
0.172388
0.126857
0.078623
0.041394
0.017237
0.006060
0.002722
-0.004558
-0.019091
-0.031479
-0.035598
-0.035945
-0.036759
-0.043301
-0.055759
-0.056117
-0.030151
0.001546
0.006913
-0.013013
-0.030615
-0.024950
-0.007953
-0.005315
-0.015828
-0.023819
-0.024389
-0.024135
-0.027412
-0.029007
-0.028718
-0.029290
-0.023215
-0.007493
0.003501
-0.004793
-0.022919
-0.038427
-0.056883
-0.075229
-0.084996
-0.080054
-0.058085
-0.036733
-0.031845
-0.030558
-0.017209
-0.008847
-0.021618
-0.035671
-0.030313
-0.009982
0.013094
0.032922
0.051585
0.075690
0.092420
0.086799
0.074730
0.063055
0.035450
-0.011671
-0.060560
-0.104997
-0.140538
-0.145660
-0.127002
-0.102787
-0.075124
-0.046538
-0.021789
-0.013778
-0.027883
-0.048591
-0.062793
-0.062382
-0.048723
-0.032596
-0.015783
-0.009738
-0.026070
-0.049594
-0.056797
-0.052813
-0.061183
-0.080127
-0.096035
-0.104849
-0.104858
-0.095412
-0.087794
-0.094271
-0.105351
-0.109331
-0.094309
-0.058883
-0.030097
-0.017712
-0.003403
0.023328
0.056055
0.086803
0.107583
0.114179
0.123900
0.150405
0.182256
0.206539
0.222751
0.231835
0.231902
0.221707
0.196642
0.152725
0.098803
0.052737
0.016277
-0.019038
-0.056274
-0.092865
-0.107718
-0.096395
-0.078879
-0.070319
-0.070274
-0.056258
-0.042682
-0.051880
-0.066334
-0.084634
-0.102148
-0.115439
-0.135581
-0.154023
-0.153891
-0.128243
-0.093554
-0.065929
-0.054509
-0.059867
-0.073278
-0.088475
-0.100894
-0.119579
-0.136888
-0.138756
-0.124956
-0.101961
-0.083701
-0.069349
-0.054170
-0.037489
-0.015118
0.012099
0.035886
0.053010
0.070564
0.097705
0.135217
0.168426
0.186911
0.200513
0.226171
0.260141
0.282239
0.284005
0.268407
0.241341
0.205206
0.160095
0.111267
0.070251
0.039957
0.012444
-0.016656
-0.046688
-0.072013
-0.089427
-0.103163
-0.115652
-0.125724
-0.127513
-0.122027
-0.124894
-0.134840
-0.132373
-0.111642
-0.083115
-0.054003
-0.020962
0.013096
0.025071
0.004787
-0.013682
-0.000380
0.033919
0.064976
0.086887
0.113690
0.141921
0.156605
0.161137
0.163751
0.168125
0.170403
0.168008
0.163480
0.156568
0.147987
0.137951
0.127954
0.118197
0.103585
0.090578
0.089134
0.099712
0.119216
0.136661
0.144654
0.146062
0.139464
0.116542
0.081803
0.042708
0.000737
-0.040345
-0.077125
-0.104251
-0.114900
-0.104567
-0.097083
-0.111957
-0.129657
-0.140878
-0.150951
-0.154574
-0.164457
-0.196469
-0.233638
-0.254517
-0.250845
-0.233812
-0.219557
-0.212317
-0.203229
-0.182713
-0.153864
-0.119118
-0.084922
-0.062958
-0.059222
-0.054174
-0.024201
0.026683
0.086671
0.139967
0.174116
0.194683
0.210782
0.222143
0.226537
0.225450
0.223862
0.222695
0.220443
0.218170
0.212519
0.200494
0.182480
0.157502
0.112599
0.047018
-0.014740
-0.066526
-0.114789
-0.168228
-0.238570
-0.303619
-0.322292
-0.296617
-0.260130
-0.244582
-0.253681
-0.240334
-0.202447
-0.163068
-0.120872
-0.097787
-0.082396
-0.054588
-0.028569
-0.007237
0.002540
0.001324
0.017247
0.041743
0.053968
0.057836
0.059640
0.065255
0.080570
0.110723
0.136700
0.143039
0.143470
0.150332
0.156830
0.160899
0.165407
0.165062
0.161843
0.157807
0.153915
0.150643
0.148335
0.148762
0.149295
0.149343
0.143416
0.124693
0.109663
0.109470
0.112341
0.111428
0.100574
0.083813
0.065098
0.040035
0.007119
-0.041962
-0.092946
-0.127920
-0.148164
-0.154645
-0.176309
-0.209927
-0.225758
-0.239502
-0.235891
-0.206434
-0.175923
-0.158681
-0.146022
-0.118949
-0.092123
-0.067982
-0.039093
-0.008979
0.017640
0.033527
0.041358
0.053029
0.067238
0.075564
0.077375
0.071942
0.055719
0.026000
-0.007541
-0.024237
-0.016403
-0.008067
-0.018275
-0.036311
-0.047119
-0.047434
-0.039239
-0.035319
-0.054379
-0.086122
-0.102575
-0.092053
-0.067982
-0.055509
-0.064878
-0.085403
-0.097622
-0.095319
-0.084619
-0.077537
-0.078935
-0.072250
-0.047331
-0.013963
0.016001
0.037759
0.050827
0.062211
0.070303
0.076745
0.085554
0.084582
0.075596
0.071728
0.077285
0.079552
0.073568
0.068151
0.063401
0.058713
0.057084
0.062057
0.066787
0.060902
0.050956
0.052768
0.071017
0.093316
0.103029
0.096818
0.079448
0.056036
0.034562
0.022972
0.023739
0.028108
0.022093
-0.000053
-0.025490
-0.039729
-0.047047
-0.055020
-0.065922
-0.076112
-0.075243
-0.060099
-0.034955
-0.012649
-0.013175
-0.029117
-0.030690
-0.020657
-0.021134
-0.025353
-0.019753
-0.014731
-0.018521
-0.017561
-0.005832
0.000960
-0.004314
-0.008648
-0.005456
-0.002924
-0.009224
-0.022233
-0.028558
-0.023664
-0.019163
-0.019052
-0.012870
0.003535
0.014623
0.003097
-0.022465
-0.037593
-0.036648
-0.033733
-0.033402
-0.031702
-0.032359
-0.035866
-0.036939
-0.040740
-0.055842
-0.074296
-0.080291
-0.070870
-0.057016
-0.048458
-0.045705
-0.042712
-0.035308
-0.022146
-0.005535
0.004112
0.006616
0.007992
0.009329
0.012812
0.017944
0.021311
0.016104
-0.000374
-0.020491
-0.030603
-0.025654
-0.013190
-0.001657
-0.000905
-0.013692
-0.024058
-0.019951
-0.016898
-0.027427
-0.034104
-0.021755
-0.000249
0.016924
0.025322
0.026303
0.017632
-0.000017
-0.012619
-0.015059
-0.011498
-0.002273
0.013041
0.027035
0.036170
0.045799
0.048597
0.042431
0.038145
0.038314
0.037479
0.036730
0.040311
0.042104
0.037867
0.034376
0.040588
0.049899
0.047479
0.033343
0.017017
0.005816
0.001410
-0.002482
-0.015252
-0.031107
-0.036834
-0.030074
-0.015940
-0.003031
0.002661
0.003404
0.003476
0.002600
0.006978
0.020453
0.038204
0.053873
0.056047
0.048158
0.041013
0.038871
0.046979
0.053938
0.044863
0.025553
0.010202
0.005896
0.004055
-0.004906
-0.013941
-0.017328
-0.018418
-0.015284
-0.007640
-0.001094
0.001610
0.002328
0.001848
-0.002987
-0.005244
0.005906
0.025008
0.037758
0.040213
0.036797
0.025393
0.007300
-0.008431
-0.015654
-0.018866
-0.026716
-0.036848
-0.039781
-0.035491
-0.038397
-0.049918
-0.056729
-0.055102
-0.049005
-0.043708
-0.039732
-0.036341
-0.037183
-0.042595
-0.044206
-0.037834
-0.032409
-0.034017
-0.037837
-0.033847
-0.026632
-0.027973
-0.031637
-0.033035
-0.036393
-0.038091
-0.032745
-0.024806
-0.020650
-0.018161
-0.017005
-0.022801
-0.033874
-0.044051
-0.050651
-0.052485
-0.051600
-0.049053
-0.044154
-0.040176
-0.035983
-0.029688
-0.027351
-0.029956
-0.031998
-0.030577
-0.024567
-0.010905
0.007673
0.022751
0.032763
0.037600
0.041292
0.046447
0.046189
0.039792
0.037156
0.046143
0.056041
0.056622
0.055572
0.053669
0.047821
0.045987
0.047422
0.048134
0.050076
0.044352
0.027163
0.012474
0.007505
0.003102
-0.002054
-0.000012
0.003978
0.003176
0.004120
0.009878
0.013507
0.011605
0.003359
-0.005047
-0.001635
0.003547
-0.002477
-0.008199
-0.004303
0.003139
0.004311
0.002657
0.009683
0.022497
0.031730
0.033561
0.030693
0.029244
0.033813
0.043018
0.051571
0.054833
0.054405
0.057920
0.056208
0.039865
0.023617
0.015437
0.007027
-0.000900
-0.004596
-0.007545
-0.012243
-0.023614
-0.038366
-0.044239
-0.040901
-0.035646
-0.030452
-0.025439
-0.024043
-0.025195
-0.024646
-0.026954
-0.034703
-0.035872
-0.022812
-0.008127
-0.004336
-0.004741
-0.000384
0.000237
-0.010192
-0.016167
-0.007174
0.002550
0.002380
-0.003024
-0.005688
-0.001680
-0.001013
-0.013295
-0.021722
-0.008670
0.013804
0.025872
0.025446
0.021538
0.020235
0.020865
0.014614
-0.002937
-0.016079
-0.015389
-0.015468
-0.021664
-0.029223
-0.041618
-0.055963
-0.062481
-0.061276
-0.057015
-0.046072
-0.030173
-0.020019
-0.019504
-0.025008
-0.027617
-0.022924
-0.021749
-0.031480
-0.042400
-0.047489
-0.046010
-0.035370
-0.018509
-0.002574
0.009880
0.020912
0.026554
0.024735
0.024175
0.027126
0.031165
0.037914
0.043325
0.043673
0.043499
0.046170
0.047548
0.040495
0.023386
0.001171
-0.015195
-0.019693
-0.020476
-0.021423
-0.016924
-0.005268
0.008005
0.012069
0.007589
0.006578
0.010105
0.015280
0.020772
0.024449
0.029334
0.035178
0.034118
0.025874
0.020990
0.018856
0.011269
0.005521
0.011860
0.022994
0.028274
0.029231
0.027185
0.021944
0.021477
0.029094
0.040603
0.052800
0.057837
0.049553
0.035855
0.025729
0.016043
0.008156
0.012297
0.027399
0.037387
0.030559
0.014290
0.004599
0.004463
0.003847
0.005418
0.019093
0.035617
0.039680
0.033033
0.026036
0.018317
0.006871
-0.003194
-0.007755
-0.009544
-0.013811
-0.017609
-0.018725
-0.022475
-0.028430
-0.027768
-0.015641
-0.002830
0.000141
0.001193
0.011364
0.023717
0.028654
0.027981
0.022364
0.016322
0.013591
0.009905
0.005831
0.000751
-0.007991
-0.016831
-0.021854
-0.026514
-0.036553
-0.046529
-0.047090
-0.040693
-0.037509
-0.039419
-0.037205
-0.027519
-0.017248
-0.010945
-0.009240
-0.011343
-0.012229
-0.008903
-0.004588
0.000541
0.005999
0.004145
-0.004889
-0.011003
-0.011704
-0.008761
-0.003130
0.000105
-0.000036
0.000279
0.002073
0.003348
0.001325
-0.004254
-0.008732
-0.008095
-0.005188
-0.003865
-0.004160
-0.006479
-0.012304
-0.017553
-0.018083
-0.018307
-0.024033
-0.033415
-0.037733
-0.034568
-0.031950
-0.034670
-0.035943
-0.027494
-0.014267
-0.010903
-0.018736
-0.020695
-0.011659
-0.003495
-0.002642
-0.008231
-0.014790
-0.015326
-0.010090
-0.008926
-0.013886
-0.012603
-0.004514
-0.001333
-0.003985
-0.003531
-0.003234
-0.011765
-0.020010
-0.019515
-0.015261
-0.013353
-0.014064
-0.010928
0.000143
0.011559
0.015663
0.015418
0.018284
0.027063
0.035668
0.039723
0.040788
0.042946
0.046542
0.048588
0.046983
0.033982
0.013603
0.006472
0.012690
0.014472
0.009494
0.002577
-0.001967
0.000750
0.007255
0.012433
0.014498
0.017267
0.018002
0.010268
0.002038
-0.004701
-0.011713
-0.014190
-0.012010
-0.009586
-0.012006
-0.016370
-0.018333
-0.015090
-0.005423
0.002604
0.003135
-0.000297
-0.000252
0.004386
0.007062
0.006677
0.005938
0.008685
0.019301
0.029464
0.028835
0.017829
0.001977
-0.010907
-0.014991
-0.008618
-0.000023
-0.000191
-0.004910
-0.003164
0.002771
0.004439
0.001254
-0.001816
0.000002
0.004825
0.007418
0.007415
0.008531
0.011017
0.012740
0.014519
0.014611
0.008582
0.000610
-0.002708
-0.004337
-0.007185
-0.009163
-0.010366
-0.015198
-0.020745
-0.020816
-0.016762
-0.011843
-0.005306
0.008087
0.020394
0.018436
0.008734
0.002628
0.002699
0.006412
0.006505
0.001690
-0.001192
-0.001698
-0.004914
-0.011040
-0.016179
-0.014327
-0.005138
0.002291
0.003649
0.003481
0.006502
0.010407
0.011175
0.008846
0.005988
0.004269
0.003473
0.004228
0.005105
0.005256
0.004316
0.004458
0.008567
0.013130
0.016827
0.017601
0.012682
0.007689
0.005874
0.002967
-0.001154
-0.001025
0.001723
-0.000667
-0.006130
-0.005044
0.001785
0.006045
0.002141
-0.007718
-0.012453
-0.011882
-0.011913
-0.012551
-0.015568
-0.018436
-0.017653
-0.015335
-0.015713
-0.015793
-0.009546
-0.001250
0.003559
0.004988
0.005778
0.006339
0.004259
0.000384
-0.003456
-0.008806
-0.014113
-0.014221
-0.010653
-0.008465
-0.009065
-0.010030
-0.010212
-0.013028
-0.017782
-0.019248
-0.015679
-0.009308
-0.002336
0.005196
0.010243
0.006943
-0.001594
-0.005194
-0.005075
-0.010340
-0.019268
-0.023972
-0.022431
-0.018563
-0.017760
-0.018901
-0.015938
-0.007914
0.002696
0.012709
0.017600
0.016362
0.012183
0.007473
0.002139
-0.003191
-0.005832
-0.006007
-0.006704
-0.005832
-0.002390
-0.006620
-0.019164
-0.025233
-0.022017
-0.018058
-0.019567
-0.021424
-0.015043
-0.004478
0.004384
0.007669
0.006848
0.007393
0.006809
0.003206
-0.002677
-0.011265
-0.019085
-0.023624
-0.027741
-0.031033
-0.030021
-0.025566
-0.019506
-0.013446
-0.010785
-0.010316
-0.007014
-0.001877
0.001962
0.004190
0.003405
-0.000547
-0.003053
-0.001066
-0.001008
-0.005702
-0.008850
-0.010573
-0.010215
-0.002213
0.008393
0.012807
0.011668
0.008652
0.007220
0.011043
0.015157
0.011591
0.004605
0.002381
0.005570
0.009297
0.008071
0.003582
0.002273
0.003798
0.003315
-0.000648
-0.003287
0.000362
0.002341
-0.001987
-0.002203
0.005851
0.012649
0.011495
0.007261
0.005932
0.010410
0.017198
0.020477
0.024542
0.034738
0.042834
0.040364
0.032697
0.023314
0.012153
0.002076
-0.002301
0.002580
0.009943
0.013058
0.011925
0.008521
0.007239
0.009621
0.012059
0.013000
0.016275
0.022455
0.028264
0.031614
0.030506
0.026723
0.024760
0.025626
0.027281
0.026708
0.024479
0.024028
0.023069
0.015834
0.003955
-0.003925
-0.003323
0.000876
0.002344
0.003209
0.005965
0.005868
0.001599
-0.003960
-0.009069
-0.011197
-0.009231
-0.004918
-0.002753
-0.003400
-0.003544
-0.005516
-0.009370
-0.010094
-0.007548
-0.004239
0.000939
0.007505
0.012261
0.016082
0.018222
0.016638
0.017527
0.023629
0.025767
0.021248
0.014333
0.005353
-0.001306
-0.002574
-0.004137
-0.007507
-0.008723
-0.008784
-0.009894
-0.009461
-0.006472
-0.005531
-0.008421
-0.010807
-0.011124
-0.011786
-0.014012
-0.017157
-0.020806
-0.025334
-0.029325
-0.030778
-0.030612
-0.031730
-0.034170
-0.035404
-0.034317
-0.032900
-0.033555
-0.034575
-0.034845
-0.035666
-0.036385
-0.033727
-0.027275
-0.021458
-0.017561
-0.014110
-0.010722
-0.008051
-0.006757
-0.004806
-0.001391
0.000497
0.001136
0.003150
0.005298
0.005936
0.003716
0.001101
0.003670
0.008486
0.010256
0.010884
0.012353
0.014329
0.017282
0.019238
0.017693
0.011979
0.003556
-0.003782
-0.010424
-0.016972
-0.018831
-0.015104
-0.010613
-0.007355
-0.004340
-0.000615
0.006079
0.013700
0.015679
0.013003
0.012311
0.013702
0.013673
0.012815
0.012965
0.014220
0.018567
0.025757
0.031242
0.034993
0.038367
0.040645
0.040856
0.036726
0.029652
0.023944
0.020164
0.016121
0.011965
0.009456
0.007109
0.003162
-0.000085
0.000351
0.004480
0.007364
0.004016
-0.000906
-0.000309
0.002310
-0.000988
-0.008943
-0.014472
-0.015554
-0.013647
-0.010179
-0.006855
-0.006176
-0.006905
-0.003793
0.001052
-0.000549
-0.007370
-0.010899
-0.010997
-0.011027
-0.009444
-0.005088
0.000804
0.005704
0.007024
0.005564
0.004940
0.006288
0.007769
0.008711
0.010828
0.011350
0.006629
0.000461
-0.005302
-0.012178
-0.017857
-0.018671
-0.017458
-0.020725
-0.025923
-0.024445
-0.014398
-0.004696
-0.003439
-0.005789
-0.005771
-0.005892
-0.006090
-0.005016
-0.002597
0.001860
0.004461
0.005133
0.007694
0.012399
0.016660
0.018893
0.019315
0.016218
0.011438
0.007280
0.004166
0.004823
0.009025
0.013280
0.015144
0.015490
0.015461
0.014823
0.014358
0.013995
0.013699
0.014289
0.016067
0.017416
0.015042
0.010361
0.009209
0.012913
0.016293
0.016552
0.014593
0.009812
0.004626
0.001266
-0.001404
-0.003193
-0.004480
-0.004958
-0.005892
-0.008345
-0.009314
-0.008775
-0.006626
-0.001233
0.006386
0.013715
0.016945
0.013478
0.005364
-0.001024
-0.001070
0.005259
0.013585
0.016874
0.014050
0.009548
0.004363
-0.002584
-0.009763
-0.015461
-0.017527
-0.014424
-0.008705
-0.004085
-0.001653
0.000273
0.000740
-0.002757
-0.005357
-0.002874
-0.001057
-0.004630
-0.011882
-0.019102
-0.022556
-0.022171
-0.022445
-0.024642
-0.023303
-0.016088
-0.009333
-0.008251
-0.011151
-0.013791
-0.011892
-0.005811
0.000505
0.004203
0.005310
0.004888
0.000756
-0.005660
-0.011351
-0.015686
-0.017908
-0.020641
-0.026326
-0.032702
-0.033481
-0.028712
-0.025501
-0.025633
-0.024168
-0.016608
-0.008857
-0.006802
-0.005656
-0.002134
0.001133
0.001508
-0.000892
-0.003840
-0.003791
-0.002518
-0.004053
-0.005811
-0.006935
-0.005976
-0.002051
-0.001159
-0.002519
-0.001778
-0.000373
0.000471
0.000468
0.000378
0.001751
0.004310
0.006752
0.006751
0.002424
-0.003613
-0.005431
-0.002571
0.001417
0.006537
0.011334
0.012132
0.008594
0.003530
-0.000831
-0.003272
-0.003779
-0.004740
-0.005128
-0.002942
-0.000418
0.000582
0.000387
0.001068
0.004553
0.010009
0.015508
0.019120
0.019243
0.017370
0.017062
0.019190
0.020274
0.018881
0.016886
0.013051
0.006621
-0.000342
-0.005070
-0.004402
0.000128
0.003718
0.006411
0.009376
0.008555
0.002433
-0.003030
-0.003380
-0.001288
-0.001364
-0.001305
0.001774
0.003352
0.003814
0.006442
0.010050
0.014128
0.016809
0.017207
0.016965
0.016971
0.016458
0.014729
0.014204
0.016246
0.020025
0.023862
0.024971
0.023403
0.022510
0.021589
0.014942
0.005029
0.000038
-0.002057
-0.005044
-0.005785
-0.004578
-0.003753
-0.003319
-0.005275
-0.010013
-0.015347
-0.020063
-0.023289
-0.024671
-0.023271
-0.021180
-0.022360
-0.024860
-0.025058
-0.022514
-0.019902
-0.019317
-0.017175
-0.010919
-0.005360
-0.003832
-0.002644
0.000545
0.003424
0.004733
0.006558
0.010135
0.012529
0.010735
0.005861
-0.000283
-0.007144
-0.012132
-0.013664
-0.013077
-0.010875
-0.008323
-0.007817
-0.009398
-0.010167
-0.008375
-0.006076
-0.005635
-0.007315
-0.008993
-0.008542
-0.006704
-0.004859
-0.003416
-0.003348
-0.005399
-0.007156
-0.007068
-0.007140
-0.006888
-0.005242
-0.004486
-0.004722
-0.003787
-0.002776
-0.003730
-0.004469
-0.003190
-0.002001
-0.000323
0.001944
0.001314
-0.000414
-0.000752
-0.001127
-0.000037
0.002414
0.003931
0.005628
0.006749
0.006019
0.005128
0.005209
0.007764
0.011914
0.013241
0.011358
0.008392
0.005458
0.005917
0.008942
0.008816
0.006930
0.007142
0.007354
0.006400
0.004444
-0.000458
-0.005947
-0.009916
-0.014810
-0.018237
-0.017830
-0.016979
-0.016307
-0.011748
-0.003248
0.001437
-0.001377
-0.006466
-0.010398
-0.012920
-0.014056
-0.014015
-0.012484
-0.012583
-0.015574
-0.017791
-0.018946
-0.019331
-0.017451
-0.013022
-0.008071
-0.004845
-0.002554
-0.000856
0.001360
0.005450
0.009169
0.011717
0.014481
0.017640
0.020241
0.020813
0.017693
0.010909
0.004229
0.001839
0.002993
0.005001
0.007614
0.009837
0.010746
0.010826
0.010054
0.009371
0.010621
0.014308
0.017049
0.015612
0.012357
0.010021
0.008282
0.005546
0.001350
-0.002069
-0.003137
-0.001013
0.003723
0.007990
0.010185
0.010684
0.011004
0.011040
0.010343
0.012137
0.016149
0.017620
0.015900
0.012438
0.008497
0.006677
0.006058
0.004242
0.003315
0.005370
0.008028
0.008416
0.007696
0.007512
0.006860
0.007463
0.013236
0.020095
0.020070
0.013172
0.005911
0.001976
-0.001385
-0.005425
-0.008270
-0.009727
-0.011529
-0.013588
-0.013090
-0.010692
-0.009782
-0.010833
-0.010363
-0.006538
-0.002566
-0.001230
-0.001863
-0.001904
-0.000601
0.000518
0.002190
0.005165
0.006739
0.005580
0.003957
0.003519
0.003455
0.003206
0.002913
0.001496
-0.001843
-0.005256
-0.005934
-0.003989
-0.002382
-0.002145
-0.002053
-0.002821
-0.004138
-0.003404
-0.001535
-0.000890
-0.000637
0.001350
0.005403
0.008400
0.007723
0.005783
0.003955
0.001004
-0.000764
-0.000426
-0.001590
-0.004190
-0.003925
0.000197
0.004222
0.005115
0.004454
0.004289
0.005198
0.006476
0.005154
0.002027
0.002181
0.005622
0.008484
0.008394
0.006057
0.004994
0.005041
0.003767
0.001751
0.000384
-0.000378
-0.002498
-0.005869
-0.009217
-0.013561
-0.017908
-0.020934
-0.022760
-0.021895
-0.017809
-0.012416
-0.008573
-0.007662
-0.008622
-0.009651
-0.008689
-0.006241
-0.004543
-0.004025
-0.006305
-0.011568
-0.015576
-0.016834
-0.017492
-0.017618
-0.015997
-0.014646
-0.015438
-0.015487
-0.014046
-0.013502
-0.012988
-0.010539
-0.006793
-0.003407
0.000809
0.007307
0.013483
0.016060
0.014785
0.011834
0.009781
0.008775
0.006948
0.005686
0.006333
0.005968
0.003489
-0.000926
-0.006567
-0.009600
-0.008333
-0.005069
-0.001678
0.003300
0.010671
0.016579
0.018391
0.018258
0.018367
0.019599
0.021860
0.022292
0.019422
0.015050
0.012081
0.011787
0.011008
0.009610
0.010335
0.010496
0.008788
0.008495
0.009067
0.007619
0.005727
0.006428
0.009621
0.013021
0.013237
0.009598
0.005587
0.002995
0.001742
0.001770
0.001420
0.001377
0.004679
0.009922
0.013762
0.016393
0.017821
0.016649
0.014257
0.012300
0.009672
0.005870
0.001668
-0.002558
-0.005513
-0.006969
-0.008089
-0.007787
-0.005621
-0.002807
-0.000114
0.001810
0.002094
-0.000258
-0.004224
-0.007789
-0.008871
-0.006565
-0.003719
-0.001221
0.002011
0.003348
0.001915
-0.000463
-0.003250
-0.005089
-0.004528
-0.002618
-0.002788
-0.005692
-0.008173
-0.009435
-0.010990
-0.013735
-0.017101
-0.019044
-0.019363
-0.019680
-0.018775
-0.014947
-0.009664
-0.005023
-0.002957
-0.002437
0.000188
0.002791
0.001542
-0.001267
-0.001920
-0.001018
-0.002173
-0.005500
-0.007409
-0.006640
-0.005812
-0.007875
-0.011965
-0.013952
-0.013507
-0.015509
-0.020262
-0.022036
-0.019997
-0.017473
-0.015147
-0.013883
-0.012504
-0.009722
-0.009129
-0.011172
-0.012332
-0.011624
-0.009664
-0.007168
-0.004863
-0.002858
-0.001605
-0.000629
0.000730
0.001213
0.000889
0.000612
-0.001113
-0.004386
-0.006304
-0.006134
-0.004890
-0.004075
-0.005701
-0.008368
-0.009908
-0.009876
-0.007567
-0.004076
-0.001600
-0.000145
0.001545
0.003934
0.006361
0.007462
0.006585
0.005749
0.007264
0.009754
0.010687
0.010549
0.010495
0.010235
0.010136
0.010218
0.009261
0.007273
0.005280
0.003728
0.003535
0.005309
0.006991
0.007438
0.008311
0.009548
0.009783
0.008973
0.006823
0.004162
0.003453
0.004362
0.005133
0.005725
0.006471
0.007442
0.008081
0.008247
0.007875
0.005655
0.002713
0.001675
0.001254
0.000766
0.003048
0.008173
0.013327
0.016158
0.015503
0.012027
0.007783
0.004372
0.002514
0.003187
0.005313
0.006216
0.005692
0.004469
0.002470
0.000442
-0.000944
-0.001614
-0.000012
0.004020
0.006147
0.003998
0.001689
0.001999
0.001784
-0.001249
-0.005761
-0.008422
-0.006314
-0.001982
0.001001
0.002755
0.003594
0.003781
0.003386
0.003331
0.004269
0.004513
0.003836
0.003518
0.003359
0.002159
0.001236
0.002125
0.003778
0.004771
0.004195
0.003207
0.002195
0.000655
-0.000744
-0.002875
-0.005241
-0.005534
-0.004733
-0.004399
-0.003704
-0.002861
-0.002770
-0.003088
-0.002774
-0.001849
-0.002089
-0.003288
-0.003864
-0.003723
-0.003436
-0.003392
-0.003389
-0.003368
-0.002511
-0.000065
0.002497
0.003089
0.001407
0.000118
0.001031
0.002554
0.002861
0.001974
0.001060
-0.000020
-0.001364
-0.002860
-0.004678
-0.004759
-0.003531
-0.003795
-0.004827
-0.004955
-0.003354
-0.001065
-0.001007
-0.002097
-0.001180
0.000766
0.001511
0.000395
-0.002240
-0.004425
-0.004592
-0.004515
-0.007048
-0.010480
-0.010765
-0.007743
-0.004181
-0.003207
-0.004214
-0.003992
-0.002875
-0.001680
-0.001301
-0.003673
-0.006131
-0.006270
-0.006005
-0.005660
-0.004982
-0.004462
-0.003999
-0.004452
-0.006651
-0.008440
-0.007376
-0.005465
-0.005546
-0.006746
-0.006663
-0.004799
-0.002689
-0.002421
-0.004278
-0.005720
-0.004275
-0.000406
0.002486
0.003105
0.003863
0.005002
0.004209
0.001646
-0.000945
-0.002472
-0.003148
-0.004517
-0.005235
-0.004250
-0.002468
-0.000192
0.001170
0.002694
0.005658
0.007616
0.008009
0.008652
0.009037
0.008558
0.008284
0.008166
0.007952
0.007943
0.007883
0.007056
0.005963
0.005727
0.005539
0.004697
0.003520
0.001627
-0.000846
-0.002837
-0.004323
-0.005618
-0.005985
-0.005271
-0.004644
-0.004884
-0.004645
-0.002845
-0.000784
0.001141
0.003114
0.004892
0.007040
0.009267
0.010765
0.010799
0.009675
0.008525
0.007056
0.005619
0.005217
0.005611
0.005743
0.004471
0.002546
0.001796
0.002346
0.002828
0.002574
0.002090
0.000758
-0.001969
-0.004863
-0.007366
-0.009138
-0.009805
-0.010364
-0.010816
-0.010337
-0.009572
-0.009957
-0.011575
-0.011618
-0.008898
-0.006034
-0.004251
-0.003189
-0.002257
-0.000464
0.001699
0.003025
0.003318
0.003048
0.002551
0.002360
0.002193
0.001254
-0.000149
-0.002096
-0.004288
-0.006276
-0.008531
-0.010377
-0.010717
-0.009519
-0.007192
-0.004529
-0.002722
-0.002161
-0.001761
-0.000861
-0.000363
-0.000008
0.001063
0.002099
0.002817
0.003256
0.002135
-0.000921
-0.004128
-0.006712
-0.009264
-0.011020
-0.011345
-0.010954
-0.010184
-0.009203
-0.008248
-0.007145
-0.006241
-0.005701
-0.004814
-0.004463
-0.004785
-0.003641
-0.001436
0.000577
0.002299
0.004228
0.005961
0.005675
0.004244
0.003255
0.003343
0.004957
0.007529
0.009941
0.010568
0.008674
0.005800
0.004293
0.004843
0.007046
0.009479
0.009920
0.008635
0.007674
0.006727
0.004652
0.003427
0.004499
0.006053
0.007053
0.008397
0.010186
0.010958
0.010097
0.008894
0.008772
0.009999
0.011523
0.011679
0.009871
0.007062
0.004381
0.002597
0.002022
0.002327
0.003133
0.004372
0.005418
0.005872
0.006791
0.008320
0.009048
0.008021
0.006333
0.005591
0.005203
0.004311
0.003039
0.001375
-0.000084
-0.000734
-0.000877
-0.000385
0.000323
-0.000171
-0.001392
-0.001764
-0.001200
-0.000545
-0.000564
-0.001407
-0.002501
-0.003250
-0.003771
-0.004909
-0.007045
-0.009380
-0.010635
-0.009903
-0.007816
-0.006395
-0.006152
-0.005573
-0.004565
-0.004959
-0.007061
-0.009036
-0.009841
-0.010160
-0.010898
-0.012367
-0.013670
-0.013124
-0.011353
-0.010443
-0.009841
-0.008529
-0.007726
-0.008164
-0.008908
-0.008457
-0.006591
-0.005596
-0.006042
-0.006529
-0.007518
-0.008870
-0.009823
-0.010272
-0.009690
-0.008309
-0.007080
-0.006321
-0.005700
-0.004809
-0.003314
-0.002170
-0.002141
-0.001778
-0.000733
-0.000341
-0.000434
0.000040
0.001642
0.004436
0.006660
0.007114
0.007124
0.006663
0.004954
0.003038
0.002103
0.002531
0.003506
0.004325
0.005862
0.008522
0.011346
0.013222
0.013776
0.013140
0.011796
0.010534
0.009232
0.007216
0.005233
0.005135
0.006523
0.007335
0.007362
0.007776
0.009221
0.010671
0.010779
0.010306
0.010771
0.011281
0.009950
0.007972
0.007191
0.006941
0.006850
0.007009
0.006506
0.005514
0.004436
0.002803
0.001295
0.000959
0.002106
0.004204
0.005815
0.006332
0.006330
0.005988
0.005677
0.006241
0.007103
0.007679
0.008374
0.009421
0.010968
0.011892
0.011393
0.010627
0.010110
0.009542
0.008552
0.006631
0.004204
0.002184
0.000639
-0.001167
-0.002876
-0.003502
-0.003456
-0.003302
-0.003312
-0.003123
-0.002580
-0.002650
-0.003504
-0.004446
-0.004453
-0.003670
-0.003120
-0.003350
-0.004724
-0.006148
-0.006371
-0.005804
-0.005754
-0.006683
-0.007785
-0.008415
-0.008440
-0.008263
-0.007887
-0.006960
-0.005724
-0.004184
-0.002311
-0.000835
-0.000558
-0.001392
-0.002109
-0.001647
-0.000621
0.000063
0.000412
0.000393
-0.000222
-0.001410
-0.002923
-0.004231
-0.005176
-0.006234
-0.007111
-0.007924
-0.009568
-0.010761
-0.010032
-0.008575
-0.007573
-0.006787
-0.005433
-0.003537
-0.002935
-0.004334
-0.006283
-0.007480
-0.007288
-0.006633
-0.006231
-0.005259
-0.004814
-0.006087
-0.007895
-0.009517
-0.010195
-0.009639
-0.009817
-0.011034
-0.011316
-0.010769
-0.011231
-0.012484
-0.012581
-0.011018
-0.008791
-0.007491
-0.007527
-0.007233
-0.006476
-0.006034
-0.004152
-0.000197
0.002939
0.003925
0.004069
0.004108
0.004216
0.004228
0.003733
0.003201
0.003356
0.003789
0.003457
0.001667
-0.000860
-0.002092
-0.001474
-0.000682
-0.000654
-0.000725
-0.000810
-0.001116
-0.001319
-0.001297
-0.000952
-0.000191
0.001286
0.003516
0.005301
0.006040
0.006310
0.005721
0.004270
0.003381
0.003251
0.003647
0.005031
0.006811
0.008229
0.008634
0.007683
0.006151
0.004132
0.001953
0.000777
0.000874
0.002005
0.003209
0.003502
0.003754
0.004922
0.006248
0.007315
0.008566
0.009352
0.008500
0.006910
0.006197
0.005555
0.004418
0.003581
0.003103
0.003063
0.002992
0.002104
0.001263
0.001072
0.000613
0.000152
0.000617
0.001135
0.000600
-0.001032
-0.002963
-0.003809
-0.003092
-0.001621
-0.000458
0.000395
0.001783
0.003155
0.003604
0.004024
0.004840
0.004918
0.003750
0.002110
0.000866
0.000007
-0.000751
-0.001838
-0.003073
-0.003313
-0.003007
-0.003746
-0.005512
-0.007257
-0.008630
-0.009437
-0.009146
-0.007524
-0.004932
-0.002114
0.000017
0.000384
-0.000415
-0.000784
-0.000799
-0.000772
-0.000457
0.000318
0.001552
0.002904
0.003657
0.002868
0.001067
-0.000556
-0.002281
-0.004200
-0.005800
-0.006872
-0.007089
-0.006821
-0.006345
-0.005101
-0.003705
-0.003561
-0.004374
-0.005045
-0.005416
-0.005588
-0.006695
-0.009044
-0.010236
-0.009476
-0.008095
-0.007149
-0.007122
-0.007206
-0.006219
-0.003597
-0.000490
0.000928
0.000990
0.001446
0.002409
0.003033
0.003133
0.003529
0.004337
0.003740
0.001141
-0.001660
-0.003767
-0.005403
-0.006287
-0.005887
-0.003855
-0.000854
0.001205
0.001649
0.001938
0.002715
0.002721
0.001680
0.000769
0.000426
0.000814
0.001089
-0.000687
-0.003554
-0.004810
-0.004676
-0.004818
-0.005416
-0.005675
-0.004848
-0.002875
-0.000338
0.001940
0.003516
0.004853
0.006522
0.008025
0.008318
0.007954
0.007620
0.006599
0.005418
0.004732
0.003885
0.002875
0.002190
0.001621
0.001243
0.001744
0.003025
0.004345
0.004884
0.004647
0.004410
0.004420
0.004341
0.003585
0.002214
0.001092
0.000306
-0.000970
-0.002123
-0.001467
0.000207
0.000719
0.000305
0.000243
0.000776
0.001865
0.002668
0.002656
0.002728
0.002648
0.002037
0.001722
0.001725
0.001772
0.002055
0.002884
0.004381
0.006283
0.008358
0.010670
0.012733
0.013567
0.013838
0.014235
0.013944
0.013018
0.012150
0.011750
0.011671
0.010949
0.009537
0.008442
0.007691
0.006578
0.005342
0.004252
0.003004
0.001923
0.001330
0.001324
0.001649
0.001249
0.000023
-0.001118
-0.001381
-0.000794
-0.000416
-0.000367
0.000407
0.002234
0.003927
0.004875
0.005932
0.006981
0.007449
0.007393
0.007095
0.006922
0.007051
0.006985
0.005777
0.004063
0.002856
0.001916
0.001284
0.001208
0.001507
0.001607
0.000731
-0.000809
-0.001293
-0.000340
-0.000026
-0.001230
-0.002095
-0.001956
-0.002050
-0.002357
-0.002631
-0.003260
-0.004156
-0.005274
-0.006073
-0.005804
-0.005362
-0.005739
-0.006562
-0.007767
-0.009209
-0.010496
-0.011280
-0.011005
-0.010573
-0.010596
-0.010071
-0.009009
-0.008383
-0.008107
-0.007555
-0.006986
-0.006726
-0.006722
-0.006410
-0.004987
-0.003358
-0.003441
-0.005118
-0.006782
-0.007308
-0.006758
-0.006285
-0.005891
-0.005523
-0.006420
-0.008034
-0.009021
-0.009444
-0.009523
-0.009551
-0.009483
-0.009021
-0.009156
-0.009978
-0.010947
-0.012445
-0.012991
-0.011402
-0.008816
-0.007115
-0.006479
-0.005520
-0.004534
-0.003603
-0.002933
-0.003295
-0.004068
-0.003873
-0.002799
-0.003322
-0.005099
-0.005775
-0.005451
-0.004752
-0.004260
-0.003920
-0.003305
-0.002914
-0.003388
-0.004657
-0.005507
-0.005514
-0.005044
-0.003738
-0.002011
-0.000781
0.000653
0.002225
0.002309
0.001485
0.000708
-0.000078
-0.000460
-0.000369
-0.000165
-0.000229
-0.000415
-0.000854
-0.001369
-0.000938
0.000446
0.002016
0.003081
0.003768
0.004549
0.005499
0.006684
0.007809
0.008459
0.008374
0.007807
0.007222
0.006346
0.005397
0.005099
0.005084
0.004250
0.002044
-0.000482
-0.002154
-0.003352
-0.003817
-0.002423
0.000523
0.003331
0.004902
0.005954
0.006874
0.006935
0.005376
0.002410
0.000396
0.000134
0.000089
0.000025
0.000082
0.000443
0.001429
0.002682
0.003580
0.003655
0.003730
0.004806
0.005836
0.006222
0.005793
0.005161
0.005599
0.006224
0.006063
0.006103
0.006658
0.007531
0.008081
0.007709
0.007350
0.007332
0.007288
0.007464
0.007645
0.007556
0.007192
0.006715
0.006951
0.007930
0.008586
0.008819
0.008952
0.008792
0.008718
0.008523
0.007398
0.006224
0.005679
0.005473
0.005669
0.004849
0.002329
0.000060
-0.000911
-0.000736
-0.000133
0.000364
0.001014
0.001281
0.001292
0.001513
0.001326
0.000454
-0.000772
-0.001367
-0.000726
0.000747
0.002112
0.002831
0.004210
0.006334
0.006985
0.005950
0.004386
0.002320
0.000181
-0.001296
-0.002450
-0.003589
-0.004144
-0.004142
-0.004446
-0.005263
-0.005793
-0.005703
-0.005436
-0.004887
-0.004094
-0.002968
-0.001715
-0.001534
-0.001890
-0.001196
0.000388
0.001461
0.001155
-0.000195
-0.001610
-0.002435
-0.003518
-0.005454
-0.006353
-0.005521
-0.004776
-0.004925
-0.005477
-0.005441
-0.004485
-0.003311
-0.002435
-0.002091
-0.001927
-0.002162
-0.002965
-0.003120
-0.002804
-0.002858
-0.003195
-0.003608
-0.003647
-0.003629
-0.003864
-0.003912
-0.003539
-0.003000
-0.002645
-0.002250
-0.002080
-0.002568
-0.003243
-0.003766
-0.004279
-0.004378
-0.003568
-0.002546
-0.002654
-0.004159
-0.005347
-0.005522
-0.005622
-0.005243
-0.004390
-0.003836
-0.003276
-0.002414
-0.001106
0.000348
0.001453
0.002255
0.002516
0.002485
0.002527
0.002608
0.002894
0.002753
0.002089
0.001756
0.001607
0.001620
0.002023
0.002088
0.001562
0.001228
0.001380
0.001399
0.001098
0.000962
0.000915
0.000970
0.001544
0.002231
0.002650
0.002743
0.002263
0.001868
0.002168
0.002456
0.002094
0.001365
0.000815
0.000640
0.000570
0.000519
0.000812
0.001184
0.001362
0.001280
0.000699
0.000219
0.000299
0.000743
0.001462
0.001888
0.002045
0.002611
0.003032
0.002845
0.002326
0.001698
0.001569
0.001883
0.002026
0.002171
0.002227
0.001788
0.001231
0.000847
0.000320
-0.000316
-0.000788
-0.001092
-0.001278
-0.001414
-0.001286
-0.000818
-0.000488
-0.000217
0.000508
0.001483
0.002114
0.002126
0.001867
0.002098
0.002629
0.002546
0.001876
0.001103
0.000644
0.000720
0.000648
-0.000074
-0.000797
-0.000837
-0.000438
-0.000439
-0.000949
-0.001527
-0.002216
-0.002703
-0.002634
-0.002448
-0.002382
-0.002243
-0.002131
-0.002089
-0.001735
-0.001219
-0.001169
-0.001468
-0.001601
-0.001576
-0.001640
-0.001835
-0.001969
-0.001674
-0.001060
-0.000626
-0.000391
-0.000206
-0.000301
-0.000787
-0.001296
-0.001789
-0.002191
-0.002264
-0.002430
-0.002617
-0.002538
-0.002452
-0.002271
-0.002045
-0.001942
-0.001772
-0.001520
-0.001327
-0.001237
-0.001195
-0.001170
-0.001294
-0.001553
-0.001598
-0.001176
-0.000607
-0.000327
-0.000120
0.000214
0.000399
0.000418
0.000377
0.000222
0.000082
-0.000032
-0.000244
-0.000253
0.000069
0.000449
0.000849
0.001229
0.001571
0.001970
0.002276
0.002356
0.002327
0.002281
0.002122
0.001745
0.001234
0.000792
0.000528
0.000374
0.000254
0.000147
0.000086
0.000110
0.000136
0.000160
0.000308
0.000564
0.000766
0.000808
0.000816
0.000927
0.001097
0.001256
0.001351
0.001382
0.001400
0.001420
0.001399
0.001319
0.001237
0.001159
0.001079
0.001017
0.000937
0.000809
0.000718
0.000706
0.000684
0.000649
0.000610
0.000526
0.000439
0.000345
0.000209
0.000163
0.000268
0.000348
0.000361
0.000394
0.000446
0.000516
0.000553
0.000514
0.000458
0.000411
0.000390
0.000398
0.000384
0.000347
0.000313
0.000278
0.000225
0.000169
0.000145
0.000137
0.000122
0.000109
0.000119
0.000164
0.000219
0.000257
0.000301
0.000350
0.000349
0.000300
0.000240
0.000172
0.000094
0.000027
0.000013
0.000041
0.000054
0.000029
-0.000022
-0.000060
-0.000069
-0.000076
-0.000082
-0.000083
-0.000088
-0.000091
-0.000088
-0.000086
-0.000084
-0.000083
-0.000080
-0.000070
-0.000066
-0.000075
-0.000091
-0.000104
-0.000110
-0.000111
-0.000117
-0.000127
-0.000133
-0.000133
-0.000136
-0.000143
-0.000146
-0.000144
-0.000142
-0.000145
-0.000151
-0.000155
-0.000155
-0.000157
-0.000162
-0.000168
-0.000172
-0.000178
-0.000183
-0.000185
-0.000190
-0.000199
-0.000208
-0.000214
-0.000216
-0.000220
-0.000226
-0.000230
-0.000231
-0.000233
-0.000236
-0.000239
-0.000243
-0.000246
-0.000249
-0.000252
-0.000255
-0.000258
-0.000261
-0.000264
-0.000267
-0.000270
-0.000273
-0.000276
-0.000279
-0.000281
-0.000284
-0.000286
-0.000289
-0.000291
-0.000293
-0.000295
-0.000297
-0.000299
-0.000301
-0.000303
-0.000305
-0.000307
-0.000308
-0.000310
-0.000312
-0.000313
-0.000314
-0.000316
-0.000317
