-0.000009
-0.000059
-0.000153
-0.000232
-0.000318
-0.000401
-0.000482
-0.000548
-0.000572
-0.000636
-0.000751
-0.000836
-0.000913
-0.001000
-0.001043
-0.001065
-0.001096
-0.001116
-0.001094
-0.001016
-0.000936
-0.000809
-0.000644
-0.000513
-0.000314
-0.000081
0.000082
0.000209
0.000310
0.000408
0.000536
0.000594
0.000629
0.000712
0.000675
0.000568
0.000504
0.000514
0.000515
0.000458
0.000503
0.000466
0.000391
0.000497
0.000495
0.000283
0.000204
0.000317
0.000339
0.000196
0.000192
0.000387
0.000370
0.000336
0.000573
0.000687
0.000522
0.000466
0.000680
0.000747
0.000548
0.000490
0.000727
0.000819
0.000521
0.000441
0.000804
0.000791
0.000547
0.000592
0.000364
0.000054
0.000103
0.000315
0.000303
0.000183
0.000131
-0.000197
-0.000506
-0.000057
0.000462
0.000166
-0.000062
-0.000465
-0.000899
-0.000285
0.000532
0.000160
-0.000888
-0.000724
-0.000003
0.000192
0.000345
0.000379
-0.000224
-0.001120
-0.000403
0.001365
0.001155
-0.000467
-0.000938
-0.000709
-0.000286
0.000522
0.000715
-0.000095
-0.000317
0.000857
0.001336
0.000575
0.000098
0.000603
-0.000217
-0.001397
0.000479
0.001708
0.000121
-0.000116
0.001694
0.001030
-0.001496
0.000338
0.002183
-0.001205
-0.002544
-0.000536
-0.000908
-0.000904
0.002817
0.003101
-0.002091
-0.004363
-0.000805
0.001406
0.000107
0.000907
0.000726
-0.003733
-0.004362
0.001155
0.004291
0.001440
-0.002402
-0.003433
-0.002933
-0.000217
0.001905
0.001147
0.000905
-0.000291
-0.001168
0.001570
0.003482
-0.000675
-0.004870
-0.001970
0.001561
0.003414
0.004020
-0.001301
-0.005096
-0.000169
0.004028
0.001292
-0.001791
-0.001160
-0.002793
-0.004318
0.002914
0.007219
0.000335
-0.004279
-0.001717
-0.001509
-0.004441
-0.002069
0.000416
-0.001110
0.001738
0.003522
-0.001369
-0.004285
-0.000293
0.002476
-0.000775
-0.004405
-0.004977
-0.002533
0.002040
0.006505
0.003957
-0.003417
-0.004918
-0.005316
-0.008064
-0.003247
0.003958
0.003124
0.000908
0.001251
0.001336
0.002660
0.004046
-0.000658
-0.006801
-0.003282
0.003831
0.005117
0.003131
0.001309
-0.000997
-0.001582
0.001221
0.005198
0.005760
0.002548
0.001380
0.002485
-0.000693
-0.005358
-0.002990
0.002157
0.003694
0.001764
0.000891
0.002421
0.001495
-0.000216
0.000722
-0.001288
-0.002503
0.000594
0.001751
0.001952
-0.000686
-0.005795
-0.006906
-0.003291
0.001558
0.004275
0.002002
-0.000946
-0.001223
-0.005631
-0.008045
0.002805
0.007854
-0.005862
-0.009807
0.001697
0.002751
-0.003563
0.000419
0.004964
0.002285
0.004823
0.010418
0.007822
-0.001266
-0.006933
-0.002577
0.001659
-0.001224
0.001789
0.010255
0.012771
0.003977
-0.004338
-0.000242
-0.000138
-0.003096
0.002948
0.005436
-0.001492
-0.002864
0.004006
-0.000118
-0.007570
-0.002871
-0.001966
-0.005940
-0.002938
0.000554
0.002540
0.008706
0.010791
0.002701
-0.003774
0.000528
0.002484
-0.001204
0.001570
0.003478
0.003219
0.001700
-0.002095
0.005279
0.014203
0.004333
-0.008516
0.001377
0.009822
-0.006599
-0.014182
0.001109
0.007401
-0.007251
-0.011017
0.003966
-0.000382
-0.016173
-0.001790
0.019326
0.005496
-0.009959
0.002863
0.002601
-0.016752
-0.016129
-0.000588
0.001479
0.004504
0.020001
0.010586
-0.012231
-0.007102
0.009446
0.011853
-0.000151
-0.009425
-0.009864
-0.016140
-0.018996
-0.004539
-0.001846
-0.015715
-0.007964
0.006137
0.000426
-0.003976
-0.000249
-0.007152
-0.025184
-0.033947
-0.029694
-0.020030
-0.005496
0.002960
0.003217
0.006794
0.008080
-0.000124
-0.009517
-0.013740
-0.019387
-0.020348
-0.001518
0.020497
0.020287
0.007267
0.009723
0.016837
0.006468
0.001230
0.008892
0.001331
-0.022542
-0.018696
0.014500
0.024102
0.010821
0.005639
0.003790
-0.003465
-0.003781
0.004103
0.003615
0.001027
0.009185
0.017392
0.018948
0.016104
0.000214
-0.012061
-0.000358
0.008032
0.004168
0.011323
0.020365
0.012761
0.004008
-0.001480
-0.009840
-0.013145
-0.011674
-0.005266
-0.003636
-0.016186
-0.021584
-0.007829
0.006596
-0.002454
-0.021229
-0.016949
-0.013640
-0.014536
-0.004497
-0.001097
-0.003956
-0.012969
-0.013693
-0.002851
-0.009043
-0.026366
-0.022231
0.004761
0.019057
0.016271
0.021754
0.028071
0.026454
0.022406
0.019463
0.018846
0.009589
0.002823
0.014973
0.027472
0.023720
0.014597
0.012182
0.010590
0.005214
-0.010304
-0.021751
-0.011023
0.004351
0.006564
-0.015376
-0.039874
-0.038874
-0.027492
-0.025685
-0.019042
0.003309
0.001114
-0.018147
-0.018509
-0.012082
-0.013651
-0.021038
-0.009581
0.015737
0.025541
0.020909
0.014517
0.013448
0.016794
0.020941
0.023929
0.015784
0.002722
0.014555
0.041472
0.045673
0.025055
-0.004190
-0.019697
-0.012805
-0.012675
-0.032948
-0.035868
-0.003129
0.023925
0.025998
0.026389
0.013689
-0.016011
-0.030418
-0.012902
0.008288
-0.013920
-0.031879
-0.000886
0.019972
0.001153
-0.020977
-0.019665
-0.005699
0.000914
0.007338
0.025495
0.015798
-0.023015
-0.032674
-0.019546
-0.021757
-0.037113
-0.032770
-0.016439
-0.021027
-0.010115
0.030580
0.033187
-0.003807
-0.018878
-0.022812
-0.035351
-0.038125
-0.029946
-0.015775
0.009084
0.036022
0.038818
0.034083
0.032319
0.016747
0.006317
0.018909
0.042269
0.030370
-0.000798
0.024161
0.065926
0.048023
0.000351
-0.022808
-0.041428
-0.055725
-0.022158
0.020398
0.014747
-0.006465
-0.004935
0.006499
0.007583
-0.021744
-0.044172
-0.021633
-0.016623
-0.037790
-0.014606
0.021149
0.019329
0.013505
0.014278
0.003918
0.000513
0.015515
0.027836
0.033014
0.038800
0.035517
0.024062
0.018136
0.010262
-0.002622
-0.014217
-0.010488
0.022294
0.051178
0.041771
0.023241
0.012805
-0.009892
-0.028810
-0.018815
-0.002890
-0.016581
-0.043738
-0.046818
-0.030334
-0.015829
0.001080
0.006082
-0.017158
-0.043125
-0.045604
-0.030983
-0.031281
-0.044867
-0.046442
-0.028592
0.001977
0.022838
0.023729
0.006170
-0.014050
-0.017499
-0.017039
-0.009474
0.002987
0.005290
0.013664
0.022053
0.002751
-0.020912
-0.022695
-0.013032
0.019538
0.043616
0.025343
0.001775
0.004323
0.018523
0.003662
-0.028335
-0.028037
0.003857
0.038600
0.046716
0.006775
-0.019058
0.014522
0.036108
0.010347
-0.005760
0.003996
0.006782
0.004226
0.004339
0.003626
0.002616
0.006608
0.023661
0.045387
0.049666
0.027585
0.003777
0.009637
0.033811
0.043826
0.033632
0.012588
-0.016892
-0.031494
-0.009052
0.017421
0.007699
-0.020690
-0.017429
0.006006
0.013658
0.025413
0.033500
0.008646
-0.014564
-0.008938
-0.014031
-0.017445
-0.005704
-0.003914
-0.002164
0.006708
0.030527
0.037544
0.023039
0.031431
0.036268
0.021850
0.023537
0.041829
0.037443
0.004739
-0.009250
-0.009001
-0.026435
-0.048963
-0.049572
-0.036952
-0.030852
-0.019315
0.002557
0.007598
-0.009935
-0.015461
-0.013234
-0.014562
-0.006022
0.003924
0.004702
0.004926
0.006129
0.000340
-0.009873
-0.031209
-0.053312
-0.041651
-0.016578
-0.014191
-0.006607
0.023186
0.036126
0.026693
0.021729
0.011020
-0.012318
-0.038031
-0.069196
-0.091924
-0.079744
-0.051331
-0.032227
-0.004267
0.037318
0.070831
0.089283
0.105937
0.117505
0.111004
0.091883
0.062603
0.032642
0.017368
0.024957
0.039880
0.056667
0.092478
0.108715
0.095354
0.097424
0.101098
0.093948
0.092304
0.081698
0.054365
0.026899
0.016427
0.022030
0.018717
-0.015388
-0.064146
-0.108069
-0.141973
-0.132152
-0.071599
-0.017332
-0.006719
-0.019264
-0.022684
-0.024021
-0.028687
-0.022321
-0.022460
-0.051851
-0.100598
-0.141856
-0.165990
-0.180755
-0.186301
-0.148420
-0.058183
0.003722
-0.025776
-0.093927
-0.125394
-0.102750
-0.047092
-0.004053
-0.003156
-0.031010
-0.045690
-0.032520
-0.024906
-0.039523
-0.051194
-0.042065
-0.018706
0.012389
0.039916
0.054702
0.044337
0.013152
-0.012353
-0.017513
0.003445
0.030566
0.041369
0.042811
0.041502
0.034448
0.032916
0.049612
0.063318
0.047779
0.022860
0.009751
-0.000261
-0.020846
-0.016270
0.021163
0.034882
0.071431
0.129528
0.127242
0.089152
0.051415
-0.002761
-0.049868
-0.045084
-0.020103
-0.020856
-0.035627
-0.039640
-0.026869
0.005660
0.032488
0.036471
0.035104
0.026707
0.011063
-0.002479
0.002377
0.032350
0.054148
0.043151
0.023483
0.011052
-0.006192
-0.034051
-0.062937
-0.061770
-0.026140
0.001341
-0.011353
-0.038872
-0.048652
-0.054882
-0.078413
-0.108704
-0.138033
-0.179845
-0.217151
-0.224549
-0.209769
-0.200701
-0.206490
-0.197598
-0.174444
-0.156230
-0.127838
-0.080773
-0.043461
-0.025696
-0.019633
-0.016385
0.000028
0.013090
0.023441
0.050707
0.087465
0.125082
0.149120
0.143797
0.120392
0.118220
0.157891
0.201557
0.213449
0.202254
0.190143
0.175881
0.165155
0.171685
0.174683
0.159599
0.139134
0.133629
0.134194
0.125716
0.131040
0.149654
0.155107
0.141070
0.113568
0.079468
0.027660
-0.058141
-0.143043
-0.183761
-0.208220
-0.237759
-0.228897
-0.157360
-0.073751
-0.022893
-0.002077
-0.015341
-0.059093
-0.108900
-0.129680
-0.124036
-0.144293
-0.183550
-0.192594
-0.154940
-0.088553
-0.011478
0.069590
0.110036
0.101233
0.092538
0.095825
0.088113
0.064904
0.050379
0.053864
0.060944
0.063363
0.051353
0.015657
-0.025246
-0.046727
-0.022195
0.052186
0.121211
0.139603
0.120071
0.100441
0.088842
0.076978
0.054330
0.013968
-0.039630
-0.075809
-0.047583
0.026390
0.105229
0.141208
0.088634
-0.008969
-0.076750
-0.098076
-0.109284
-0.124042
-0.119609
-0.107367
-0.097959
-0.076394
-0.051766
-0.020236
0.006784
-0.002960
-0.025628
-0.021650
0.013463
0.057150
0.090136
0.103987
0.110293
0.109099
0.080456
0.025131
-0.027434
-0.068030
-0.104473
-0.118961
-0.100656
-0.052583
-0.013010
-0.009052
-0.013520
-0.034398
-0.068837
-0.067188
-0.026967
0.011497
0.017096
-0.008712
-0.040188
-0.045874
-0.021185
0.005610
0.007684
-0.002006
0.000297
-0.000696
-0.007629
0.001094
0.026741
0.056065
0.078278
0.087013
0.091945
0.088933
0.074505
0.073481
0.062572
0.023450
-0.012970
-0.044900
-0.076515
-0.081012
-0.045765
-0.007255
0.016747
0.028075
0.012252
-0.024955
-0.078022
-0.132304
-0.166677
-0.175815
-0.162385
-0.144612
-0.115163
-0.061269
-0.020640
-0.020527
-0.024378
0.008384
0.052452
0.078090
0.103026
0.134712
0.137045
0.101755
0.066317
0.035770
0.008457
0.003559
0.016154
0.015524
-0.016062
-0.050731
-0.052448
-0.023522
0.019475
0.048491
0.042774
0.036758
0.054970
0.057621
0.039513
0.017666
-0.009174
-0.018495
-0.013152
-0.012972
-0.023618
-0.026966
0.000339
0.038613
0.044197
0.033590
0.037204
0.009145
-0.036633
-0.068523
-0.108240
-0.133055
-0.131370
-0.107829
-0.061715
-0.002539
0.074876
0.154138
0.148113
0.075145
0.051570
0.009588
-0.069757
-0.099809
-0.081503
-0.063908
-0.066118
-0.054601
-0.038626
-0.010493
0.037280
0.072524
0.074882
0.054540
0.041094
0.057977
0.089506
0.105657
0.121885
0.135036
0.119178
0.097608
0.063992
0.005751
-0.033684
-0.041665
-0.021458
0.018067
0.043086
0.055634
0.070901
0.081170
0.080321
0.065833
0.036881
0.000429
-0.032516
-0.045636
-0.043534
-0.045609
-0.033568
-0.000929
0.029725
0.046014
0.040630
0.012088
-0.019549
-0.033557
-0.037819
-0.050020
-0.066184
-0.082535
-0.083049
-0.052555
-0.024890
-0.022175
-0.018418
-0.009889
0.003087
0.030585
0.030946
-0.010598
-0.054026
-0.065669
-0.049386
-0.022035
0.013906
0.037382
0.031197
0.019583
0.035901
0.065845
0.075041
0.074910
0.061616
0.027216
-0.001401
-0.013075
-0.011747
-0.005328
0.009184
0.022398
0.006999
-0.011749
-0.008203
-0.010884
-0.021016
-0.003961
-0.003704
0.017381
0.081516
0.036913
-0.009751
-0.006744
-0.040858
-0.059739
-0.075396
-0.079645
-0.050097
-0.017425
-0.005970
-0.005714
-0.005375
-0.002804
0.006944
0.006149
-0.019202
-0.044802
-0.052471
-0.040474
-0.031568
-0.030597
-0.003533
0.032753
0.040960
0.033542
0.013213
-0.027053
-0.047340
-0.026689
0.000107
0.007017
0.001941
-0.010989
-0.016842
-0.004716
0.001756
0.002258
0.020674
0.044406
0.043606
0.021810
0.007626
0.007559
0.009999
0.017982
0.036549
0.057142
0.068737
0.070152
0.052158
0.013627
-0.004820
0.014627
0.026999
0.011276
-0.011327
-0.015120
-0.004321
-0.010301
-0.036668
-0.066536
-0.090901
-0.109087
-0.099611
-0.055775
-0.013250
0.005654
0.005170
0.008156
0.029621
0.059001
0.069851
0.049190
0.027038
0.025143
0.029315
0.029811
0.008793
-0.026386
-0.023398
0.009697
0.014527
-0.009456
-0.028506
-0.035931
-0.031219
-0.026409
-0.024400
-0.022871
-0.039426
-0.049426
-0.035297
0.004345
0.060037
0.078303
0.071850
0.081989
0.085084
0.063749
0.056614
0.085587
0.118190
0.125230
0.103995
0.087886
0.088627
0.079635
0.057136
0.023967
-0.019890
-0.067049
-0.094678
-0.082365
-0.050124
-0.037283
-0.041476
-0.034289
-0.016923
0.002421
0.006582
-0.013919
-0.027813
-0.017207
-0.001727
0.011577
0.031896
0.048768
0.063834
0.073580
0.063884
0.040901
0.009268
-0.017570
-0.024936
-0.014649
-0.006549
-0.029649
-0.065482
-0.062067
-0.026023
0.005308
0.020804
0.020488
0.020608
0.036155
0.057834
0.073692
0.083225
0.084151
0.071765
0.055587
0.043221
0.032205
0.012780
-0.002578
0.005182
0.016395
0.006793
-0.010591
-0.006434
-0.008075
-0.039025
-0.055205
-0.040777
-0.037841
-0.057559
-0.066428
-0.060288
-0.075345
-0.113021
-0.136468
-0.142232
-0.143665
-0.133703
-0.089227
-0.024703
0.022210
0.056779
0.087321
0.102836
0.079016
0.038403
0.029075
0.029664
0.009405
-0.006990
0.007409
0.038195
0.069583
0.096098
0.106631
0.097705
0.075063
0.037977
-0.007969
-0.045883
-0.074713
-0.107727
-0.139654
-0.145796
-0.117383
-0.080880
-0.056770
-0.044397
-0.055640
-0.084527
-0.100063
-0.093377
-0.091350
-0.112171
-0.124357
-0.104942
-0.080050
-0.074910
-0.082346
-0.091727
-0.101732
-0.097389
-0.067380
-0.026449
0.000603
-0.000949
-0.012810
-0.015597
-0.014627
-0.007377
0.005105
0.021354
0.048307
0.089922
0.143316
0.185505
0.209757
0.218605
0.197264
0.165304
0.141419
0.119970
0.111131
0.100466
0.075064
0.053916
0.043766
0.032044
-0.004835
-0.068099
-0.129094
-0.169890
-0.183204
-0.153235
-0.087824
-0.034306
-0.019069
-0.019907
-0.015565
-0.006056
-0.002154
-0.007341
-0.029714
-0.084195
-0.118836
-0.090214
-0.038230
0.010342
0.046369
0.054031
0.033882
-0.000707
-0.028877
-0.028643
0.006371
0.055333
0.084312
0.062898
0.022489
0.029470
0.052065
0.032182
-0.008675
-0.029939
-0.024150
0.002157
0.030104
0.039297
0.034496
0.022306
0.018770
0.021506
-0.006928
-0.074706
-0.137491
-0.155796
-0.130427
-0.101817
-0.096655
-0.083696
-0.042085
0.015837
0.070912
0.095898
0.079063
0.043356
0.009727
-0.020034
-0.048259
-0.079210
-0.109580
-0.130583
-0.132911
-0.100632
-0.030097
0.057403
0.129695
0.141249
0.106670
0.087378
0.080823
0.077605
0.077065
0.062648
0.038900
0.031566
0.048195
0.070156
0.094772
0.121207
0.127812
0.103883
0.074444
0.062607
0.044980
0.020214
0.004438
-0.013341
-0.012193
0.024103
0.070987
0.098658
0.089426
0.056842
0.026901
0.009841
0.004625
0.003215
-0.002722
-0.004771
0.007042
0.007533
-0.022235
-0.051628
-0.061276
-0.064248
-0.066536
-0.071701
-0.084111
-0.100426
-0.116643
-0.129313
-0.127455
-0.120412
-0.131600
-0.153139
-0.158981
-0.153034
-0.151268
-0.147046
-0.125191
-0.082734
-0.054895
-0.058528
-0.064252
-0.051191
-0.005468
0.054975
0.109874
0.151587
0.149928
0.119994
0.113382
0.134745
0.144754
0.138941
0.140514
0.140506
0.113453
0.065658
0.013861
-0.032914
-0.045198
-0.014154
0.021054
0.033515
0.041009
0.053647
0.058279
0.041599
-0.000897
-0.047829
-0.084231
-0.110101
-0.112901
-0.091619
-0.058719
-0.030165
-0.013048
-0.008041
-0.027129
-0.064502
-0.101511
-0.129752
-0.135232
-0.107142
-0.052439
0.013590
0.062883
0.084053
0.083346
0.055384
0.007640
-0.034973
-0.057517
-0.058566
-0.034126
0.014759
0.072600
0.121304
0.143968
0.121987
0.067085
0.011256
-0.016301
0.003917
0.052103
0.088716
0.067482
-0.001438
-0.031159
-0.018187
-0.021527
-0.051717
-0.085734
-0.113197
-0.144880
-0.154621
-0.120348
-0.072085
-0.030915
0.004578
0.031072
0.049971
0.067707
0.069375
0.039605
0.004880
-0.014858
-0.016867
-0.006827
-0.003843
-0.010899
-0.020883
-0.025602
-0.007701
0.041186
0.113414
0.167188
0.156102
0.108698
0.068779
0.033363
-0.015401
-0.076490
-0.127128
-0.143225
-0.122209
-0.084962
-0.050001
-0.030856
-0.028719
-0.031710
-0.024434
0.000519
0.010652
-0.013927
-0.040073
-0.048119
-0.039820
-0.012297
0.023563
0.055583
0.072761
0.057565
0.012637
-0.020652
-0.021322
-0.009281
0.003948
0.008600
0.011145
0.021289
0.023829
0.013146
-0.007744
-0.038013
-0.054472
-0.042080
-0.030508
-0.019412
0.009414
0.039519
0.079006
0.113212
0.108946
0.083329
0.048320
0.007448
-0.012180
0.004104
0.040270
0.069267
0.070214
0.059720
0.064732
0.073900
0.070855
0.063407
0.042495
-0.004030
-0.042194
-0.047216
-0.031302
-0.017084
-0.007662
0.012809
0.050868
0.098739
0.132731
0.141893
0.127774
0.110840
0.112996
0.115908
0.112449
0.103751
0.075892
0.040468
0.015308
0.004855
-0.002117
-0.008259
0.000845
0.011914
0.006876
-0.018646
-0.052871
-0.086069
-0.115440
-0.136861
-0.158377
-0.178036
-0.187275
-0.174056
-0.146894
-0.124331
-0.097675
-0.079286
-0.077870
-0.067806
-0.042356
-0.011396
0.009649
0.021436
0.032757
0.037107
0.036370
0.027085
0.011534
-0.001092
-0.012856
-0.016472
0.001919
0.030138
0.043853
0.054624
0.070938
0.073427
0.047862
-0.004836
-0.058983
-0.099105
-0.128354
-0.135583
-0.114103
-0.080419
-0.058289
-0.054353
-0.058951
-0.059805
-0.061043
-0.068243
-0.066447
-0.048729
-0.013802
0.030008
0.061995
0.081404
0.090524
0.088722
0.083397
0.079150
0.081910
0.086858
0.083893
0.073637
0.068034
0.069452
0.072259
0.088548
0.106203
0.096797
0.075968
0.067743
0.070500
0.071436
0.057324
0.038590
0.019849
-0.008068
-0.038682
-0.062387
-0.080127
-0.090550
-0.079234
-0.048704
-0.022482
-0.017066
-0.019308
-0.027252
-0.049558
-0.059726
-0.051415
-0.045973
-0.053086
-0.062551
-0.061870
-0.051518
-0.026089
0.002241
0.009807
0.016112
0.027007
0.029955
0.027182
0.015576
0.005923
-0.000809
-0.012289
-0.023028
-0.021167
-0.002899
0.021547
0.035953
0.021261
-0.010957
-0.039670
-0.062849
-0.082513
-0.091570
-0.080358
-0.067971
-0.068191
-0.073749
-0.076582
-0.063775
-0.036861
-0.015199
-0.001164
0.004417
0.006971
0.016310
0.020269
0.013397
-0.000617
-0.016323
-0.025024
-0.022024
-0.006969
0.003308
-0.006948
-0.019208
-0.020471
-0.019892
-0.021297
-0.031741
-0.050615
-0.056453
-0.034572
-0.000158
0.013355
0.006821
0.010858
0.035789
0.056281
0.055623
0.054257
0.059601
0.070514
0.085473
0.089832
0.071757
0.044127
0.035856
0.046490
0.060714
0.063439
0.035900
-0.007915
-0.042362
-0.055398
-0.048605
-0.040454
-0.044792
-0.062538
-0.070602
-0.060617
-0.043965
-0.036359
-0.041869
-0.042621
-0.040010
-0.028432
-0.003361
0.017306
0.031877
0.039940
0.045271
0.064726
0.088363
0.100156
0.113153
0.123009
0.112252
0.096355
0.075820
0.049964
0.032126
0.016294
-0.000598
-0.013850
-0.018771
-0.016475
-0.013619
-0.014379
-0.014390
-0.005602
-0.000786
-0.021618
-0.059686
-0.088563
-0.103906
-0.106951
-0.095380
-0.089613
-0.103890
-0.128068
-0.139912
-0.122669
-0.092232
-0.072182
-0.060584
-0.047835
-0.039137
-0.028744
0.002226
0.049743
0.092742
0.111782
0.111407
0.116520
0.128742
0.134014
0.131261
0.124475
0.117708
0.109335
0.101395
0.098433
0.104577
0.117200
0.117199
0.110384
0.088848
0.055151
0.043974
0.030286
0.016769
0.021326
0.023887
0.021649
0.019217
0.020504
0.019993
0.017735
0.023476
0.033104
0.031195
0.022523
0.018570
0.028830
0.055801
0.079708
0.086176
0.083914
0.082758
0.084529
0.091406
0.094458
0.079538
0.054047
0.038271
0.036538
0.036957
0.031840
0.017155
-0.015172
-0.059116
-0.087710
-0.098713
-0.115756
-0.138867
-0.154663
-0.159812
-0.160217
-0.141832
-0.096996
-0.051238
-0.028127
-0.038320
-0.068700
-0.091393
-0.100613
-0.099685
-0.092063
-0.090612
-0.100117
-0.108865
-0.099020
-0.079469
-0.063215
-0.057649
-0.068674
-0.075859
-0.069655
-0.069427
-0.083173
-0.098096
-0.106007
-0.103624
-0.089037
-0.060533
-0.022620
0.013992
0.044017
0.069627
0.087990
0.094464
0.092466
0.080966
0.068825
0.061880
0.061355
0.066502
0.066914
0.067499
0.071682
0.074638
0.077541
0.080418
0.076608
0.058516
0.026046
-0.008248
-0.020343
-0.015253
-0.006941
0.004590
0.009350
0.015869
0.027225
0.029897
0.024494
0.015077
0.005961
-0.003494
-0.006776
0.012847
0.045517
0.065284
0.067430
0.068099
0.074515
0.082696
0.089009
0.078955
0.050143
0.015005
-0.010584
-0.014286
-0.012878
-0.025529
-0.040810
-0.045930
-0.049807
-0.052447
-0.051605
-0.056915
-0.060454
-0.050854
-0.030959
-0.012477
-0.015588
-0.026674
-0.029097
-0.030333
-0.022575
-0.006772
-0.001038
-0.013278
-0.024383
-0.019793
-0.013238
-0.013414
-0.017205
-0.022173
-0.027468
-0.033645
-0.042634
-0.056696
-0.065899
-0.063556
-0.058465
-0.048410
-0.031750
-0.023515
-0.023887
-0.019547
-0.014125
-0.016584
-0.025835
-0.030926
-0.018548
0.002580
0.016468
0.031853
0.052922
0.078396
0.106333
0.116143
0.109741
0.105081
0.097705
0.076335
0.045619
0.011856
-0.012781
-0.008527
0.014624
0.034903
0.041774
0.038214
0.048302
0.073164
0.087416
0.087878
0.090168
0.108122
0.129285
0.141544
0.150293
0.148167
0.134442
0.117372
0.097968
0.065867
0.021111
-0.027287
-0.062864
-0.070881
-0.073613
-0.082304
-0.089553
-0.085901
-0.074209
-0.069144
-0.075302
-0.095284
-0.110458
-0.114343
-0.120823
-0.136786
-0.159322
-0.179798
-0.185588
-0.155147
-0.100107
-0.046417
-0.003684
0.017865
0.028052
0.037264
0.037682
0.041626
0.059142
0.073656
0.066057
0.040802
0.013696
-0.005775
-0.013071
-0.015528
-0.031377
-0.059019
-0.076342
-0.093555
-0.114361
-0.131874
-0.130358
-0.100691
-0.076713
-0.061252
-0.046287
-0.040729
-0.036846
-0.029611
-0.024692
-0.015581
0.003201
0.011189
0.007597
0.002333
0.001585
0.022232
0.047930
0.056302
0.053458
0.038823
0.013467
0.006328
0.022946
0.038212
0.043713
0.042101
0.042649
0.037355
0.017995
0.004065
-0.009136
-0.025490
-0.034695
-0.043363
-0.055593
-0.057356
-0.037658
-0.003550
0.033311
0.057537
0.065461
0.072276
0.083318
0.069291
0.028086
-0.018494
-0.064351
-0.091702
-0.102422
-0.099301
-0.087361
-0.093358
-0.115382
-0.131296
-0.125852
-0.098388
-0.067656
-0.047738
-0.031314
-0.028507
-0.039682
-0.034502
-0.017276
0.001663
0.007264
-0.014076
-0.041672
-0.062821
-0.074449
-0.081089
-0.086327
-0.089849
-0.083409
-0.055670
-0.009521
0.046697
0.099543
0.137803
0.164662
0.195578
0.215489
0.208609
0.190474
0.159193
0.128202
0.104526
0.069395
0.045013
0.042926
0.040713
0.021979
-0.007962
-0.034111
-0.060540
-0.089073
-0.104909
-0.095818
-0.074008
-0.056512
-0.038687
-0.024595
-0.021212
-0.021945
-0.026737
-0.034295
-0.036717
-0.028879
-0.021462
-0.017126
0.001904
0.036497
0.067742
0.085447
0.092471
0.089274
0.079867
0.069274
0.060753
0.058984
0.059552
0.058585
0.046812
0.018404
-0.010249
-0.030169
-0.042251
-0.054785
-0.072449
-0.084326
-0.097344
-0.117814
-0.123453
-0.100612
-0.063361
-0.033233
-0.014550
0.007878
0.043993
0.088845
0.131897
0.162251
0.161188
0.133020
0.101115
0.069029
0.046463
0.042094
0.041834
0.036667
0.036534
0.039290
0.040744
0.038527
0.026862
0.014951
-0.002270
-0.031527
-0.057778
-0.063961
-0.053865
-0.044694
-0.042051
-0.042218
-0.040257
-0.037009
-0.035637
-0.029168
-0.015996
-0.001497
0.010919
0.021089
0.024959
0.017177
0.011303
0.019223
0.034142
0.036065
0.022966
0.014033
0.009514
0.004957
0.008715
0.017098
0.016292
0.007933
-0.001139
-0.007840
-0.012089
-0.015540
-0.020446
-0.027910
-0.023786
0.000550
0.026467
0.036010
0.032137
0.022715
0.006077
-0.008403
-0.005560
0.001035
0.002250
0.018426
0.044974
0.053177
0.044272
0.036061
0.041893
0.062692
0.086424
0.109235
0.123838
0.123513
0.106651
0.070072
0.026624
-0.008042
-0.019584
-0.014530
-0.006413
0.001140
0.003385
0.014213
0.025169
0.014104
-0.008722
-0.028816
-0.053734
-0.085584
-0.105523
-0.102582
-0.083316
-0.063863
-0.047895
-0.021708
0.000476
-0.005820
-0.027223
-0.053467
-0.060814
-0.032532
0.004780
0.031843
0.040824
0.042840
0.056450
0.070312
0.066491
0.041095
0.007804
-0.007938
0.001198
0.029409
0.055596
0.058906
0.045756
0.030082
0.011367
-0.014185
-0.044689
-0.071193
-0.085804
-0.087799
-0.073275
-0.044059
-0.015339
0.009803
0.033046
0.037527
0.018333
-0.003156
-0.006109
0.012542
0.033579
0.040889
0.051066
0.064835
0.070587
0.067933
0.054584
0.043799
0.039496
0.036026
0.027975
0.009071
-0.017966
-0.042209
-0.052358
-0.040867
-0.012233
0.016847
0.030197
0.011103
-0.028205
-0.056126
-0.068352
-0.075477
-0.079007
-0.075119
-0.064550
-0.057436
-0.053581
-0.043456
-0.032412
-0.024058
-0.015605
-0.016045
-0.027759
-0.041801
-0.047516
-0.043135
-0.029728
-0.015471
-0.007751
-0.005759
-0.011016
-0.014826
-0.019373
-0.027029
-0.039694
-0.054664
-0.059115
-0.057469
-0.056798
-0.054944
-0.043747
-0.032071
-0.023438
-0.002574
0.019830
0.024803
0.015958
0.009071
0.001266
-0.013205
-0.025567
-0.029691
-0.025482
-0.016429
-0.004058
0.006870
0.010526
0.009263
0.009422
0.011127
0.007599
-0.007750
-0.039091
-0.065423
-0.065989
-0.052933
-0.029570
-0.010325
-0.008551
-0.014960
-0.021517
-0.016787
-0.004445
0.002864
0.004149
0.009324
0.020320
0.033146
0.041077
0.042951
0.037465
0.019051
0.008063
0.011971
0.019485
0.019725
0.011934
0.015384
0.030992
0.053714
0.079720
0.093651
0.092991
0.087025
0.080003
0.073195
0.073488
0.082360
0.086773
0.084815
0.086874
0.086716
0.079849
0.073690
0.064746
0.047713
0.025435
0.001215
-0.020733
-0.031530
-0.039362
-0.054494
-0.067825
-0.075538
-0.075699
-0.067036
-0.060901
-0.069060
-0.084549
-0.101394
-0.113990
-0.115210
-0.110132
-0.102073
-0.093337
-0.076108
-0.045159
-0.005719
0.032171
0.057681
0.071119
0.075903
0.073691
0.056165
0.038021
0.036207
0.036169
0.036014
0.036364
0.038934
0.048283
0.060257
0.063684
0.053993
0.031743
0.009136
0.002497
-0.008652
-0.019098
-0.019195
-0.021899
-0.022455
-0.027575
-0.034435
-0.031221
-0.025787
-0.026852
-0.039187
-0.053585
-0.061444
-0.060989
-0.049853
-0.035182
-0.029223
-0.044409
-0.067694
-0.085970
-0.090232
-0.078777
-0.061862
-0.036217
-0.005367
0.027416
0.060812
0.087617
0.101979
0.106142
0.107962
0.107424
0.108272
0.114949
0.120576
0.124208
0.134885
0.141204
0.131794
0.108863
0.069414
0.023998
-0.012149
-0.033323
-0.042332
-0.057362
-0.076799
-0.091741
-0.112637
-0.126431
-0.130817
-0.133742
-0.132367
-0.128822
-0.116923
-0.097045
-0.086488
-0.086576
-0.090481
-0.094080
-0.082758
-0.061214
-0.041527
-0.021995
-0.006486
0.002538
0.017358
0.034736
0.046821
0.052735
0.049573
0.051291
0.063425
0.076148
0.091717
0.100455
0.087266
0.071570
0.069295
0.072565
0.069228
0.058065
0.049803
0.040709
0.026276
0.012941
-0.000088
-0.021822
-0.042048
-0.051580
-0.057129
-0.056127
-0.053946
-0.055452
-0.058007
-0.055723
-0.047613
-0.041869
-0.032343
-0.015995
-0.004946
-0.001454
-0.002915
-0.010612
-0.021843
-0.036955
-0.045427
-0.045930
-0.044090
-0.032317
-0.016220
-0.000149
0.011930
0.015129
0.013166
0.013263
0.013078
0.013439
0.020602
0.023520
0.026272
0.034597
0.043333
0.051186
0.054965
0.060490
0.057201
0.043327
0.035785
0.025097
0.015482
0.014601
0.008031
-0.001726
-0.004326
0.003152
0.016756
0.027358
0.033771
0.038617
0.041060
0.036581
0.030176
0.028760
0.028658
0.033400
0.040093
0.037904
0.026648
0.009132
-0.010844
-0.025499
-0.028953
-0.027748
-0.026633
-0.023040
-0.015230
0.000617
0.013646
0.016023
0.012043
0.004623
-0.001178
0.000841
0.008100
0.012231
0.017353
0.022900
0.023931
0.019978
0.011630
0.003287
-0.005330
-0.012338
-0.023385
-0.041738
-0.055029
-0.062120
-0.060200
-0.049275
-0.042027
-0.032866
-0.023492
-0.019798
-0.014673
-0.014001
-0.014691
-0.008437
0.000535
0.016129
0.033952
0.031978
0.016345
0.006697
0.004354
0.011085
0.020270
0.025797
0.027297
0.026336
0.028636
0.029727
0.027821
0.030216
0.034373
0.031495
0.024484
0.016587
0.012729
0.011011
0.007870
0.011907
0.020390
0.021240
0.015249
0.006003
-0.012706
-0.032911
-0.039709
-0.031389
-0.019769
-0.018301
-0.021947
-0.031245
-0.049984
-0.069278
-0.087294
-0.100349
-0.106650
-0.103944
-0.095252
-0.088071
-0.079859
-0.074236
-0.060721
-0.035705
-0.012831
0.007188
0.021588
0.031681
0.037400
0.047022
0.064551
0.071696
0.070760
0.071332
0.069797
0.068585
0.061940
0.044972
0.030894
0.022309
0.013945
0.008497
0.009095
-0.000896
-0.020641
-0.033509
-0.042556
-0.045040
-0.048456
-0.055728
-0.059278
-0.060459
-0.053619
-0.040210
-0.028000
-0.016444
-0.006405
0.005975
0.023062
0.039368
0.053306
0.057009
0.047439
0.038243
0.035362
0.031188
0.022031
0.012052
0.006393
-0.000528
-0.013094
-0.023537
-0.033824
-0.051546
-0.066870
-0.068773
-0.069284
-0.075117
-0.075616
-0.072659
-0.064727
-0.047313
-0.026820
-0.007931
0.005982
0.018391
0.025552
0.027697
0.036397
0.048476
0.056896
0.060806
0.065855
0.068714
0.062372
0.052481
0.042713
0.028159
0.003371
-0.017740
-0.027380
-0.041033
-0.055197
-0.057128
-0.053106
-0.044970
-0.032012
-0.027770
-0.029164
-0.029284
-0.029133
-0.023933
-0.017417
-0.007870
0.010372
0.030624
0.044272
0.055490
0.060927
0.057885
0.054148
0.048439
0.041495
0.038508
0.035696
0.026065
0.017635
0.013883
0.010155
0.005308
-0.003041
-0.012724
-0.014106
-0.010653
-0.012861
-0.010093
-0.007285
-0.012203
-0.014736
-0.016698
-0.015103
-0.013759
-0.014273
-0.009796
-0.003806
0.005609
0.016705
0.024920
0.029431
0.033353
0.035362
0.034657
0.036692
0.041085
0.046316
0.048520
0.044211
0.039988
0.036103
0.030385
0.029015
0.029824
0.029373
0.028805
0.028312
0.028143
0.028835
0.028933
0.025929
0.027386
0.037499
0.046458
0.056622
0.066686
0.067816
0.063557
0.058400
0.049651
0.029734
0.001951
-0.024223
-0.047190
-0.059287
-0.061330
-0.065814
-0.068981
-0.070521
-0.069263
-0.061578
-0.055657
-0.050896
-0.046092
-0.044600
-0.043390
-0.036383
-0.026174
-0.021840
-0.023488
-0.026677
-0.027054
-0.027139
-0.028433
-0.028535
-0.027266
-0.024352
-0.020169
-0.009772
0.000811
0.007993
0.017002
0.020585
0.020688
0.024644
0.026889
0.027468
0.027349
0.029338
0.037024
0.039766
0.040328
0.043249
0.041509
0.037816
0.036057
0.032593
0.023686
0.011408
0.004665
0.003566
-0.000715
-0.002343
-0.004242
-0.010868
-0.014052
-0.018723
-0.022318
-0.026895
-0.034042
-0.037011
-0.040035
-0.040702
-0.039863
-0.042590
-0.050449
-0.059309
-0.066660
-0.071914
-0.074523
-0.076781
-0.076363
-0.075436
-0.075281
-0.070397
-0.062965
-0.056726
-0.045754
-0.031959
-0.021420
-0.012041
-0.003663
0.002813
0.004281
-0.003437
-0.012118
-0.013787
-0.017329
-0.022005
-0.018784
-0.014022
-0.013537
-0.014231
-0.013560
-0.014039
-0.017722
-0.022177
-0.023610
-0.023582
-0.022725
-0.020008
-0.017379
-0.015301
-0.014123
-0.007655
0.006430
0.023551
0.034314
0.037816
0.043434
0.045879
0.041212
0.037832
0.035590
0.025920
0.020553
0.022134
0.022865
0.026497
0.028722
0.029704
0.025803
0.012609
0.000166
-0.006715
-0.012287
-0.011889
-0.005613
0.001071
0.007494
0.011537
0.020811
0.032870
0.035838
0.035555
0.037460
0.034900
0.030164
0.032798
0.035108
0.038631
0.048136
0.051286
0.049186
0.047403
0.045679
0.039727
0.029942
0.021533
0.011575
-0.001345
-0.011715
-0.015467
-0.021117
-0.033182
-0.044322
-0.050279
-0.047018
-0.041779
-0.036047
-0.029793
-0.035809
-0.042735
-0.043103
-0.048216
-0.054919
-0.060901
-0.067498
-0.062700
-0.048044
-0.036780
-0.027729
-0.019058
-0.014028
-0.013475
-0.014217
-0.017571
-0.019416
-0.016020
-0.013730
-0.006008
0.002741
0.007400
0.016633
0.026823
0.033538
0.037380
0.038081
0.035280
0.035222
0.040348
0.049786
0.063530
0.075812
0.087262
0.096796
0.100890
0.110677
0.127584
0.139184
0.149954
0.163104
0.169280
0.172215
0.178719
0.181790
0.176687
0.165820
0.152243
0.135217
0.111853
0.088351
0.060903
0.028617
0.003094
-0.014450
-0.030777
-0.049044
-0.065455
-0.078722
-0.085868
-0.090216
-0.089328
-0.079935
-0.068153
-0.059697
-0.059518
-0.060477
-0.060544
-0.061797
-0.060678
-0.057435
-0.051995
-0.044166
-0.036489
-0.030089
-0.027004
-0.028613
-0.033439
-0.041118
-0.051106
-0.059466
-0.066522
-0.075759
-0.083853
-0.085331
-0.083130
-0.082620
-0.082803
-0.084198
-0.086223
-0.089419
-0.092537
-0.089990
-0.088351
-0.087000
-0.078486
-0.069300
-0.057045
-0.043337
-0.036627
-0.025465
-0.008870
0.003201
0.016080
0.027598
0.034985
0.042639
0.048048
0.052458
0.054270
0.055587
0.058691
0.054873
0.049730
0.049086
0.046569
0.042418
0.037007
0.029399
0.022337
0.013521
0.000085
-0.011317
-0.018296
-0.022640
-0.020263
-0.017205
-0.015906
-0.014166
-0.017363
-0.022232
-0.023870
-0.027522
-0.033090
-0.034602
-0.038917
-0.042870
-0.044752
-0.051272
-0.054832
-0.058346
-0.065759
-0.072565
-0.075752
-0.072173
-0.063728
-0.054100
-0.040789
-0.028975
-0.015941
-0.000333
0.004304
0.012310
0.027953
0.038179
0.041362
0.043876
0.049515
0.059643
0.069650
0.071988
0.083184
0.097836
0.101507
0.102960
0.101186
0.094701
0.085563
0.074184
0.058888
0.040959
0.027531
0.014538
-0.000784
-0.011391
-0.014984
-0.022957
-0.034395
-0.037716
-0.036913
-0.037679
-0.037088
-0.030049
-0.025775
-0.025458
-0.018237
-0.006060
0.002229
0.004780
0.006818
0.010622
0.018080
0.031982
0.047144
0.057690
0.064950
0.067879
0.072367
0.081468
0.085738
0.088030
0.091875
0.093080
0.092091
0.089028
0.083890
0.072283
0.061097
0.052490
0.042786
0.035129
0.025839
0.025004
0.028008
0.027899
0.027579
0.027990
0.033460
0.031161
0.022603
0.015314
0.005155
-0.006492
-0.013022
-0.014240
-0.013737
-0.007225
-0.003958
-0.004820
0.001622
0.004586
-0.002506
-0.011827
-0.017356
-0.021804
-0.026876
-0.029403
-0.032787
-0.035562
-0.035560
-0.031262
-0.024412
-0.020298
-0.014681
-0.005913
-0.002823
-0.005600
-0.004148
0.001147
0.004351
0.007519
0.012635
0.019311
0.024111
0.023483
0.022223
0.021852
0.015894
0.008350
0.000070
-0.011450
-0.014562
-0.013117
-0.013419
-0.013539
-0.016518
-0.018101
-0.021939
-0.027743
-0.024624
-0.021268
-0.019423
-0.016789
-0.013770
-0.006040
-0.007437
-0.013187
-0.012948
-0.019536
-0.027357
-0.028784
-0.034608
-0.040899
-0.040757
-0.040668
-0.041961
-0.044355
-0.050064
-0.051136
-0.046711
-0.044857
-0.039462
-0.029976
-0.024283
-0.015372
-0.000339
0.004347
0.002178
0.003093
0.002812
0.002758
0.004170
0.004463
0.005971
0.010946
0.015213
0.016400
0.010662
0.005827
0.003953
-0.002035
-0.008281
-0.012148
-0.013819
-0.018034
-0.020323
-0.017390
-0.018370
-0.020880
-0.019316
-0.021319
-0.023502
-0.023290
-0.027823
-0.029774
-0.029398
-0.028376
-0.021219
-0.017622
-0.018416
-0.015615
-0.015277
-0.015237
-0.007210
0.001792
0.003007
0.002088
0.012720
0.030941
0.040123
0.047029
0.055529
0.056052
0.055319
0.057518
0.053089
0.046833
0.045884
0.045695
0.045540
0.046801
0.046850
0.045016
0.036563
0.025005
0.020415
0.013839
0.003330
-0.008958
-0.014634
-0.015542
-0.018022
-0.018011
-0.018114
-0.017669
-0.017069
-0.016363
-0.013704
-0.006497
-0.001662
-0.002437
-0.002445
0.002117
0.007174
0.009112
0.011997
0.014196
0.013225
0.012762
0.014337
0.013928
0.012716
0.011155
0.011621
0.017143
0.026730
0.034626
0.030324
0.023094
0.020821
0.015131
0.007608
0.003331
-0.000559
-0.003248
-0.005110
-0.008985
-0.012679
-0.013687
-0.013144
-0.013380
-0.013060
-0.012977
-0.015890
-0.022430
-0.026024
-0.028532
-0.036787
-0.044750
-0.054420
-0.060501
-0.060042
-0.060936
-0.061100
-0.059718
-0.060331
-0.065806
-0.071862
-0.075235
-0.075182
-0.070912
-0.068195
-0.067330
-0.062390
-0.060223
-0.061416
-0.058744
-0.052680
-0.046139
-0.043003
-0.040958
-0.036256
-0.030147
-0.026183
-0.024097
-0.021797
-0.018887
-0.017247
-0.017247
-0.017735
-0.017185
-0.014183
-0.013904
-0.014943
-0.013689
-0.013533
-0.013305
-0.014240
-0.018105
-0.022305
-0.026627
-0.027946
-0.025786
-0.024104
-0.018823
-0.009409
-0.003128
0.002426
0.006356
0.007735
0.009614
0.010637
0.010807
0.009997
0.008772
0.007458
0.005941
0.004329
0.004132
-0.001862
-0.015266
-0.025675
-0.032907
-0.042781
-0.053278
-0.058327
-0.060104
-0.061244
-0.061264
-0.057463
-0.054143
-0.054896
-0.053272
-0.051761
-0.047500
-0.038871
-0.031033
-0.023774
-0.015577
-0.004864
0.001954
0.005827
0.015294
0.022280
0.021693
0.021029
0.027047
0.037808
0.043141
0.043664
0.047721
0.056069
0.061104
0.066655
0.076346
0.083348
0.085913
0.090029
0.097848
0.101032
0.100418
0.099510
0.099618
0.099649
0.093151
0.087409
0.084100
0.075355
0.070215
0.071335
0.069434
0.067276
0.066534
0.067768
0.071616
0.070558
0.067806
0.063910
0.054532
0.046573
0.044155
0.043802
0.040289
0.036847
0.035185
0.027158
0.020218
0.016373
0.011651
0.006699
-0.001479
-0.008153
-0.011717
-0.016819
-0.024970
-0.029057
-0.033135
-0.042163
-0.050203
-0.053471
-0.053502
-0.056095
-0.058086
-0.059935
-0.065370
-0.068189
-0.071577
-0.075961
-0.076562
-0.080908
-0.088122
-0.089897
-0.084413
-0.071280
-0.053374
-0.036924
-0.024398
-0.019370
-0.014545
-0.006275
-0.002200
0.004784
0.008246
0.010380
0.023539
0.034629
0.042231
0.050884
0.057907
0.065518
0.072136
0.077008
0.078188
0.077813
0.081698
0.083829
0.084240
0.086330
0.083969
0.075213
0.068066
0.061402
0.052744
0.046568
0.038903
0.030199
0.024928
0.018922
0.008428
-0.002096
-0.007941
-0.012491
-0.020060
-0.027221
-0.038275
-0.049294
-0.055370
-0.064017
-0.072733
-0.080743
-0.086872
-0.089839
-0.093851
-0.098892
-0.094804
-0.084518
-0.075496
-0.061805
-0.047874
-0.037269
-0.022652
-0.006704
0.005199
0.016998
0.026866
0.034675
0.044313
0.053600
0.058955
0.060858
0.060160
0.061306
0.067124
0.070635
0.070377
0.070109
0.067443
0.062645
0.060333
0.057886
0.054904
0.048317
0.041208
0.037284
0.030929
0.026067
0.021824
0.011912
-0.001461
-0.011652
-0.016209
-0.019840
-0.022132
-0.021418
-0.019019
-0.016973
-0.013998
-0.006109
-0.002775
-0.004471
-0.003215
-0.004520
-0.011255
-0.014971
-0.016633
-0.019968
-0.018550
-0.015344
-0.016716
-0.015743
-0.013812
-0.014161
-0.010385
-0.004350
0.001054
0.006292
0.014811
0.025397
0.033652
0.037513
0.040902
0.050144
0.060175
0.066140
0.067342
0.067481
0.067745
0.067772
0.071725
0.072526
0.071996
0.068930
0.057957
0.047558
0.039287
0.035514
0.031007
0.019538
0.011147
0.004213
-0.009598
-0.018084
-0.023883
-0.033844
-0.043465
-0.055167
-0.059898
-0.059968
-0.065285
-0.071224
-0.076228
-0.082681
-0.083543
-0.077684
-0.072748
-0.069760
-0.066854
-0.062073
-0.058588
-0.056553
-0.054691
-0.053733
-0.053670
-0.053748
-0.050492
-0.045264
-0.042231
-0.037814
-0.030028
-0.025003
-0.020091
-0.018297
-0.018023
-0.015310
-0.018154
-0.023052
-0.026086
-0.028892
-0.033681
-0.034835
-0.036336
-0.040443
-0.040262
-0.040241
-0.038072
-0.038948
-0.043338
-0.044363
-0.044517
-0.045073
-0.042458
-0.035502
-0.029836
-0.027553
-0.024735
-0.021920
-0.022495
-0.023239
-0.020815
-0.015334
-0.012452
-0.010182
-0.004829
0.001693
0.008410
0.012670
0.014064
0.010785
0.006301
0.003902
-0.001873
-0.008230
-0.011394
-0.015570
-0.020309
-0.020305
-0.020385
-0.025612
-0.028258
-0.023426
-0.015792
-0.012913
-0.009314
-0.002224
0.003295
0.007140
0.010325
0.016120
0.020250
0.021206
0.022660
0.023978
0.027046
0.034452
0.039571
0.038818
0.039637
0.042468
0.042797
0.039464
0.038259
0.037269
0.031727
0.028204
0.024093
0.021435
0.019585
0.015075
0.013236
0.007754
0.005253
0.010999
0.013121
0.017969
0.025836
0.029076
0.033359
0.036097
0.034781
0.030506
0.027325
0.028967
0.028507
0.028708
0.033849
0.031913
0.027924
0.027932
0.023109
0.016250
0.008111
-0.000360
-0.003830
-0.006200
-0.012065
-0.014000
-0.013787
-0.017612
-0.019797
-0.021817
-0.026556
-0.028164
-0.028201
-0.028992
-0.029226
-0.025982
-0.020466
-0.013675
-0.000523
0.006827
0.007615
0.012343
0.018969
0.022551
0.028376
0.036030
0.037722
0.040530
0.046488
0.053367
0.057540
0.057126
0.053575
0.050467
0.048056
0.044570
0.038162
0.026829
0.015606
0.006887
-0.001086
-0.011899
-0.020993
-0.025294
-0.028742
-0.033902
-0.037628
-0.040218
-0.045406
-0.045603
-0.042302
-0.041635
-0.038596
-0.035361
-0.036252
-0.037208
-0.037618
-0.037579
-0.036179
-0.035854
-0.037608
-0.039751
-0.042249
-0.042198
-0.037528
-0.034797
-0.031358
-0.028988
-0.030223
-0.028822
-0.024847
-0.019728
-0.019474
-0.020373
-0.015692
-0.014243
-0.012624
-0.004855
-0.001061
0.002296
0.006249
0.008441
0.009151
0.005371
0.004388
0.004201
-0.001966
-0.002909
0.003071
0.000495
-0.003357
-0.003270
-0.002248
-0.002106
-0.010164
-0.014715
-0.016357
-0.021547
-0.023377
-0.024582
-0.028022
-0.029362
-0.029263
-0.029132
-0.026935
-0.026208
-0.026983
-0.027137
-0.025249
-0.019869
-0.016360
-0.014152
-0.007989
-0.003242
0.000946
0.004104
0.003995
0.004810
0.005658
0.005102
0.005736
0.008561
0.007962
0.007156
0.009846
0.012484
0.012351
0.014203
0.018087
0.015995
0.010450
0.005426
0.003421
0.004002
0.003636
0.003866
0.007601
0.009835
0.009188
0.009960
0.011946
0.015797
0.019509
0.018849
0.018620
0.018336
0.014377
0.012245
0.009637
0.005739
0.004784
0.009336
0.013346
0.012826
0.013950
0.019613
0.027292
0.029533
0.028312
0.029709
0.030967
0.029755
0.028786
0.026492
0.023039
0.020952
0.019992
0.019656
0.016146
0.011074
0.008694
0.006774
0.005166
0.004830
0.004954
0.008013
0.010344
0.012966
0.016402
0.015710
0.018882
0.022907
0.021453
0.020482
0.020610
0.021746
0.022955
0.024629
0.029745
0.030795
0.028296
0.033095
0.036034
0.035530
0.038587
0.040273
0.040878
0.041020
0.043258
0.042682
0.037929
0.036032
0.031399
0.028666
0.034612
0.035974
0.029047
0.027979
0.028716
0.024399
0.022013
0.019922
0.017981
0.016661
0.015627
0.013320
0.006346
0.003716
0.003154
-0.001441
-0.004980
-0.010611
-0.015566
-0.017979
-0.019828
-0.023303
-0.023806
-0.019730
-0.022811
-0.025746
-0.026164
-0.026839
-0.025726
-0.026011
-0.025866
-0.025819
-0.027823
-0.028282
-0.024441
-0.021769
-0.024098
-0.026960
-0.025587
-0.022595
-0.018637
-0.017299
-0.018892
-0.018881
-0.018661
-0.017205
-0.017831
-0.019266
-0.019923
-0.022041
-0.021238
-0.018263
-0.018783
-0.024605
-0.028039
-0.033411
-0.042056
-0.045147
-0.051209
-0.058232
-0.063965
-0.067793
-0.067382
-0.068064
-0.068561
-0.071373
-0.072186
-0.071648
-0.073760
-0.071273
-0.067612
-0.063310
-0.055454
-0.048543
-0.043073
-0.032704
-0.022887
-0.015573
-0.006548
0.001702
0.010460
0.019540
0.031331
0.039076
0.042790
0.053454
0.064524
0.072472
0.081047
0.085496
0.088142
0.093436
0.098468
0.099618
0.098873
0.098771
0.099691
0.099912
0.091077
0.085025
0.084277
0.074849
0.068715
0.060299
0.045531
0.037126
0.023674
0.011089
0.004769
-0.009498
-0.019140
-0.021864
-0.026062
-0.028494
-0.031625
-0.030289
-0.027725
-0.028463
-0.027840
-0.026718
-0.024539
-0.021082
-0.019660
-0.015872
-0.008687
-0.004780
-0.004490
-0.003601
0.002804
0.008426
0.008532
0.010080
0.014350
0.018228
0.019761
0.022745
0.025721
0.024679
0.023441
0.023453
0.023942
0.023788
0.025407
0.029233
0.033882
0.035391
0.035630
0.037485
0.037778
0.037510
0.037114
0.035429
0.031172
0.027635
0.024230
0.022200
0.020208
0.016022
0.013858
0.012924
0.012770
0.013293
0.010853
0.007405
0.008562
0.009834
0.011153
0.012222
0.013580
0.018303
0.022783
0.027154
0.028347
0.028830
0.034263
0.035802
0.030730
0.028468
0.027784
0.024549
0.020671
0.016240
0.012988
0.010085
0.005592
0.003901
-0.000808
-0.011948
-0.018528
-0.022309
-0.026642
-0.028914
-0.029395
-0.028911
-0.028948
-0.028756
-0.026696
-0.026280
-0.026804
-0.024229
-0.023530
-0.020722
-0.017579
-0.016927
-0.013535
-0.012806
-0.014046
-0.013328
-0.014072
-0.018020
-0.019434
-0.020475
-0.024639
-0.026348
-0.028284
-0.032376
-0.035857
-0.040308
-0.042946
-0.044371
-0.049321
-0.051269
-0.050850
-0.050493
-0.044438
-0.039859
-0.039248
-0.035824
-0.029776
-0.026185
-0.025285
-0.024328
-0.024173
-0.022518
-0.018397
-0.018032
-0.020122
-0.020744
-0.019016
-0.016347
-0.018166
-0.016045
-0.013317
-0.017816
-0.018921
-0.016160
-0.015341
-0.015781
-0.016974
-0.014950
-0.013476
-0.013992
-0.007903
-0.004221
-0.006404
-0.003917
-0.000754
-0.003043
-0.002569
0.002378
0.003964
0.002778
0.003844
0.003186
-0.000755
-0.003649
-0.010680
-0.014258
-0.013125
-0.015610
-0.015383
-0.013755
-0.013772
-0.013563
-0.013512
-0.012739
-0.013323
-0.016241
-0.015497
-0.013905
-0.014376
-0.014483
-0.013389
-0.014839
-0.017171
-0.015014
-0.016165
-0.020517
-0.020977
-0.018238
-0.017766
-0.018946
-0.015649
-0.013920
-0.013931
-0.008119
-0.004599
-0.003986
-0.002131
-0.001229
0.002395
0.004861
0.005638
0.011390
0.018655
0.023560
0.027836
0.030552
0.034677
0.040417
0.041424
0.042687
0.046257
0.046134
0.045651
0.047588
0.048260
0.045845
0.042845
0.041698
0.039332
0.035551
0.029357
0.025244
0.024935
0.017355
0.009374
0.006274
-0.002221
-0.012127
-0.013913
-0.014016
-0.018016
-0.021807
-0.023540
-0.023434
-0.025245
-0.025257
-0.023564
-0.026513
-0.025875
-0.024023
-0.025794
-0.023527
-0.018411
-0.017991
-0.018269
-0.014323
-0.012766
-0.010453
-0.002947
0.002975
0.004166
0.004292
0.006276
0.008379
0.009542
0.009934
0.006657
0.004528
0.004568
0.004136
0.003422
-0.000949
-0.002179
-0.003598
-0.011283
-0.014927
-0.018014
-0.022936
-0.026582
-0.032281
-0.036922
-0.042511
-0.045797
-0.045047
-0.050375
-0.052015
-0.047143
-0.053228
-0.057281
-0.054950
-0.058882
-0.061467
-0.059922
-0.055643
-0.053804
-0.051909
-0.045882
-0.043580
-0.041948
-0.036138
-0.028942
-0.024305
-0.021762
-0.014992
-0.004532
0.002931
0.005752
0.007272
0.012925
0.019679
0.023775
0.027850
0.028151
0.028509
0.033785
0.035244
0.035985
0.039067
0.037698
0.036441
0.037586
0.035550
0.030539
0.028631
0.028706
0.027787
0.028875
0.027610
0.022236
0.020666
0.016867
0.007843
0.005195
0.003904
-0.006307
-0.013431
-0.013597
-0.017342
-0.020366
-0.019438
-0.017531
-0.017439
-0.017200
-0.017200
-0.017514
-0.015366
-0.015889
-0.015826
-0.015106
-0.014814
-0.014204
-0.015121
-0.014372
-0.013632
-0.013653
-0.013546
-0.013688
-0.009718
-0.005106
-0.005888
-0.005612
-0.004414
-0.005242
-0.005036
0.000264
0.006779
0.007446
0.007218
0.010620
0.014228
0.015870
0.017998
0.019987
0.021547
0.023922
0.028022
0.033936
0.035484
0.037958
0.043493
0.045650
0.048706
0.050488
0.049604
0.050656
0.052100
0.054200
0.056701
0.055940
0.056538
0.056287
0.054841
0.052297
0.047261
0.043536
0.038418
0.036123
0.035284
0.029952
0.027138
0.027879
0.028672
0.029712
0.030693
0.028395
0.024445
0.026235
0.026088
0.023293
0.023297
0.022062
0.018027
0.013797
0.010758
0.007690
0.004952
0.004175
0.000051
-0.003983
0.001901
0.004652
-0.001653
-0.004535
-0.006023
-0.012334
-0.014958
-0.014222
-0.015521
-0.014898
-0.014953
-0.014768
-0.007894
-0.004472
-0.003750
0.001209
-0.002054
-0.004397
0.001918
-0.000921
-0.003992
0.002083
0.003742
0.002087
0.003451
0.002113
-0.001313
0.001048
-0.000761
-0.004845
-0.003528
-0.002970
-0.008344
-0.011879
-0.009358
-0.011361
-0.007531
-0.002464
-0.002872
-0.002022
-0.002387
-0.003549
-0.010641
-0.017163
-0.019259
-0.022376
-0.023805
-0.025251
-0.025109
-0.023062
-0.022749
-0.024013
-0.024573
-0.021940
-0.021667
-0.022976
-0.020308
-0.018721
-0.020339
-0.019077
-0.015313
-0.016373
-0.015681
-0.013873
-0.014689
-0.007515
0.001878
0.003020
0.003916
0.011403
0.016709
0.018713
0.022147
0.027611
0.034881
0.039746
0.041802
0.045097
0.048867
0.049537
0.050586
0.050282
0.047352
0.047347
0.046351
0.042579
0.038655
0.035196
0.030689
0.027599
0.022023
0.015168
0.012531
0.008645
0.006541
0.003871
0.001201
0.002826
0.002451
-0.002434
-0.005110
-0.007980
-0.012351
-0.012937
-0.012675
-0.013626
-0.017761
-0.019532
-0.018272
-0.019758
-0.019507
-0.020185
-0.021877
-0.020368
-0.021904
-0.023541
-0.024849
-0.027855
-0.029155
-0.028497
-0.029882
-0.033693
-0.030739
-0.028121
-0.024184
-0.019272
-0.020706
-0.016326
-0.012617
-0.013899
-0.013557
-0.013598
-0.013495
-0.013673
-0.013428
-0.010183
-0.006583
-0.004047
-0.002810
-0.001712
0.001567
0.004187
0.005813
0.007690
0.011644
0.016177
0.019650
0.026450
0.033655
0.036090
0.038425
0.040881
0.044266
0.049550
0.050445
0.051065
0.053163
0.051256
0.050828
0.051494
0.047542
0.043290
0.040356
0.036144
0.030196
0.023917
0.016146
0.009777
0.006418
-0.002106
-0.012344
-0.016346
-0.016807
-0.019238
-0.023251
-0.024221
-0.025983
-0.029245
-0.032803
-0.035488
-0.036355
-0.040438
-0.041020
-0.037586
-0.038515
-0.036074
-0.034367
-0.034710
-0.028781
-0.025223
-0.027180
-0.027300
-0.026272
-0.026798
-0.027077
-0.026405
-0.028817
-0.032705
-0.030433
-0.031992
-0.036731
-0.038845
-0.039296
-0.039220
-0.040378
-0.040317
-0.043792
-0.050427
-0.051873
-0.053046
-0.057568
-0.057996
-0.058132
-0.057185
-0.056031
-0.055703
-0.054276
-0.051606
-0.045845
-0.043867
-0.044319
-0.040134
-0.037831
-0.040523
-0.036980
-0.029288
-0.026716
-0.025874
-0.020408
-0.015235
-0.013723
-0.006393
0.002351
0.004122
0.006927
0.012428
0.018333
0.024379
0.028412
0.033185
0.031696
0.027891
0.028232
0.029579
0.033544
0.029608
0.027978
0.033978
0.029240
0.023290
0.021536
0.017687
0.013436
0.010748
0.011377
0.011012
0.010439
0.012764
0.014430
0.012003
0.009591
0.010545
0.010051
0.008229
0.007328
0.004989
0.004734
0.005479
0.003633
-0.002319
-0.003110
0.001728
0.000196
0.001584
0.000269
-0.004073
-0.004153
-0.007373
-0.008388
-0.009110
-0.012119
-0.013981
-0.017909
-0.018371
-0.018428
-0.021659
-0.023087
-0.026298
-0.028735
-0.028614
-0.028905
-0.028809
-0.026717
-0.023621
-0.021815
-0.018451
-0.013477
-0.012583
-0.013340
-0.010259
-0.004150
0.002634
0.005879
0.006204
0.008253
0.009700
0.011724
0.016677
0.021313
0.022839
0.022640
0.024713
0.027231
0.028043
0.030016
0.034215
0.036537
0.037525
0.037933
0.036562
0.036650
0.036905
0.036719
0.038190
0.040303
0.043542
0.049843
0.057833
0.059712
0.055925
0.055866
0.060232
0.060902
0.061826
0.065070
0.063581
0.064700
0.063522
0.060168
0.060704
0.060267
0.058324
0.055343
0.051063
0.046273
0.045042
0.043052
0.037577
0.031826
0.028560
0.024190
0.017807
0.013780
0.009342
0.005924
0.005605
0.004125
-0.000185
-0.003851
-0.007704
-0.012469
-0.016998
-0.021582
-0.026504
-0.028416
-0.029625
-0.034529
-0.031026
-0.028877
-0.034317
-0.031933
-0.027896
-0.024891
-0.022592
-0.024307
-0.022824
-0.018722
-0.019447
-0.019365
-0.017927
-0.018314
-0.018637
-0.017864
-0.014750
-0.013897
-0.014519
-0.009748
-0.006094
-0.005463
-0.003998
-0.009716
-0.006777
-0.002817
-0.011451
-0.010177
-0.007593
-0.011612
-0.013118
-0.013918
-0.013271
-0.014939
-0.018609
-0.019503
-0.019697
-0.018658
-0.020715
-0.026120
-0.023968
-0.019870
-0.023452
-0.023867
-0.021572
-0.022627
-0.022944
-0.022569
-0.022335
-0.024753
-0.027320
-0.025522
-0.025349
-0.024709
-0.022914
-0.024207
-0.022360
-0.019156
-0.020268
-0.020187
-0.018145
-0.016511
-0.014971
-0.013525
-0.007657
-0.001903
0.001681
0.003351
0.002642
0.002858
0.002931
0.002892
0.002709
0.002788
0.004660
0.007225
0.006231
0.005815
0.007904
0.009201
0.012734
0.012903
0.011430
0.012857
0.012995
0.013186
0.009331
0.006330
0.008910
0.008767
0.007624
0.008354
0.008843
0.009102
0.010093
0.011053
0.009315
0.006113
0.005535
0.006278
0.005604
0.003793
0.003117
0.003638
0.003569
0.003602
0.003522
0.003593
0.003463
0.004147
0.003309
-0.000048
0.001864
0.004041
0.003105
0.003473
0.003926
0.003399
0.003970
0.003735
-0.000741
-0.003596
-0.002848
-0.004594
-0.007903
-0.006976
-0.006352
-0.007825
-0.012151
-0.015024
-0.013801
-0.014318
-0.013698
-0.014220
-0.017152
-0.015046
-0.014209
-0.018368
-0.019490
-0.019737
-0.020407
-0.020270
-0.019386
-0.018050
-0.018821
-0.018929
-0.015485
-0.013380
-0.013696
-0.013744
-0.013790
-0.013644
-0.013306
-0.017242
-0.021216
-0.019260
-0.017902
-0.016090
-0.013954
-0.014256
-0.015353
-0.014778
-0.013864
-0.014105
-0.014254
-0.013804
-0.015291
-0.013337
-0.008063
-0.010948
-0.007265
-0.002056
-0.003289
-0.001372
-0.001993
-0.003228
-0.003025
-0.002445
-0.002570
-0.003247
-0.003265
-0.007434
-0.013218
-0.015144
-0.014863
-0.014282
-0.013912
-0.013740
-0.010651
-0.005333
-0.002894
-0.003683
-0.004122
-0.004049
-0.001960
0.001322
-0.000851
0.000544
0.005324
0.007462
0.010552
0.012164
0.013113
0.014232
0.013410
0.014095
0.014569
0.014051
0.019407
0.023782
0.019804
0.017781
0.018809
0.015559
0.012129
0.008200
0.004714
0.003834
0.002393
-0.002654
-0.005242
-0.006675
-0.012881
-0.014950
-0.015332
-0.017929
-0.019788
-0.019600
-0.019584
-0.022609
-0.023630
-0.025512
-0.026083
-0.023876
-0.024944
-0.024258
-0.021901
-0.018495
-0.014880
-0.008376
0.000495
0.004387
0.008681
0.016145
0.021663
0.025805
0.034707
0.043334
0.045696
0.050572
0.059474
0.066111
0.067949
0.070241
0.073483
0.075015
0.081056
0.084119
0.082876
0.083328
0.083738
0.083754
0.080444
0.075813
0.072038
0.069946
0.068821
0.063492
0.055927
0.050888
0.050060
0.049975
0.045493
0.041016
0.040490
0.039046
0.035572
0.036024
0.037399
0.035198
0.035007
0.035019
0.030973
0.028150
0.026702
0.023843
0.022196
0.021844
0.019817
0.014799
0.009018
0.005958
0.004825
0.002904
-0.001706
-0.003279
-0.003242
-0.002959
0.001855
0.003583
0.002926
0.003536
0.003155
0.003156
0.005357
0.008975
0.012103
0.013991
0.017881
0.020927
0.023146
0.025708
0.026004
0.027088
0.028236
0.027866
0.029250
0.033276
0.029931
0.026392
0.028793
0.028845
0.028829
0.028901
0.029113
0.028553
0.028691
0.033716
0.035243
0.035585
0.038090
0.037937
0.039839
0.038218
0.034743
0.036125
0.036154
0.032369
0.029781
0.029412
0.028470
0.026154
0.026985
0.028370
0.026094
0.025099
0.023207
0.019842
0.016298
0.014057
0.011847
0.009114
0.008855
0.005104
-0.000962
-0.003758
-0.007388
-0.012124
-0.015470
-0.019994
-0.024247
-0.026960
-0.031599
-0.036008
-0.039412
-0.043267
-0.049010
-0.053820
-0.057697
-0.061149
-0.060168
-0.060463
-0.062128
-0.061857
-0.061655
-0.061602
-0.060920
-0.059676
-0.059344
-0.057760
-0.055628
-0.053461
-0.046508
-0.042786
-0.043131
-0.041238
-0.038759
-0.035948
-0.035260
-0.035313
-0.035553
-0.036160
-0.035740
-0.035485
-0.039113
-0.043210
-0.042728
-0.043114
-0.044873
-0.048887
-0.050041
-0.051141
-0.052506
-0.047610
-0.050563
-0.053390
-0.052741
-0.053898
-0.051061
-0.050930
-0.053262
-0.054050
-0.055237
-0.058353
-0.060506
-0.060507
-0.058314
-0.059833
-0.066054
-0.065898
-0.064903
-0.065738
-0.065385
-0.066457
-0.066376
-0.066726
-0.066531
-0.066673
-0.067061
-0.062800
-0.060101
-0.060795
-0.059679
-0.057783
-0.052900
-0.046149
-0.043764
-0.043389
-0.040816
-0.035720
-0.035579
-0.035665
-0.028830
-0.026320
-0.023960
-0.021252
-0.019725
-0.013888
-0.012271
-0.013679
-0.009800
-0.004447
-0.002718
-0.001642
-0.002603
-0.001831
0.002717
0.003668
0.004331
0.005813
0.004169
0.005449
0.008050
0.005740
0.007144
0.010050
0.008676
0.010283
0.014020
0.013613
0.012258
0.013743
0.015017
0.015265
0.018833
0.021281
0.019872
0.023172
0.026256
0.020661
0.020640
0.026251
0.022334
0.020161
0.020338
0.017349
0.017838
0.018716
0.015768
0.012952
0.012991
0.011145
0.009036
0.008301
0.005682
0.004997
0.005688
0.003639
0.002973
0.002779
-0.002077
-0.003925
-0.005197
-0.011886
-0.015084
-0.016135
-0.015598
-0.017852
-0.023137
-0.023229
-0.023174
-0.024246
-0.025476
-0.027289
-0.028789
-0.028157
-0.029334
-0.033865
-0.030649
-0.027490
-0.028671
-0.027529
-0.027484
-0.026124
-0.023851
-0.023682
-0.024612
-0.023047
-0.019972
-0.017541
-0.014062
-0.013636
-0.014488
-0.009517
-0.002962
0.002045
0.004338
0.004286
0.007608
0.010781
0.011867
0.012824
0.011995
0.011968
0.014992
0.020196
0.024088
0.023343
0.025777
0.028674
0.028564
0.034010
0.038031
0.038507
0.041790
0.045568
0.046172
0.044243
0.048307
0.052395
0.050837
0.051903
0.050511
0.051266
0.058487
0.059941
0.056861
0.057310
0.060130
0.065020
0.067345
0.066400
0.067170
0.067403
0.066827
0.067500
0.067348
0.062939
0.061393
0.061510
0.059980
0.060756
0.059099
0.055460
0.053313
0.053300
0.050349
0.045453
0.045170
0.043674
0.039535
0.038845
0.038173
0.036018
0.035296
0.031468
0.024785
0.021072
0.017888
0.012826
0.010116
0.007400
0.002732
-0.001284
-0.004275
-0.010907
-0.015813
-0.016520
-0.019193
-0.021452
-0.019291
-0.018357
-0.022720
-0.022874
-0.021781
-0.023801
-0.026809
-0.026176
-0.023016
-0.022110
-0.019775
-0.018459
-0.015132
-0.006176
-0.002758
-0.003876
0.001462
0.004347
0.003346
0.007806
0.009873
0.007818
0.008819
0.011840
0.012283
0.009434
0.008435
0.009283
0.008317
0.007674
0.006634
0.005037
0.003248
-0.001652
-0.003026
-0.002684
-0.003354
-0.004017
-0.011198
-0.014947
-0.013326
-0.014029
-0.013684
-0.013756
-0.016583
-0.021655
-0.024764
-0.024603
-0.026363
-0.027676
-0.027127
-0.029082
-0.034130
-0.036714
-0.038017
-0.041705
-0.045005
-0.045403
-0.045591
-0.051272
-0.052290
-0.046792
-0.045289
-0.044843
-0.044645
-0.044674
-0.042960
-0.041831
-0.037416
-0.030786
-0.029244
-0.028891
-0.024657
-0.019228
-0.018057
-0.020612
-0.019130
-0.014089
-0.012836
-0.013274
-0.013601
-0.013695
-0.008834
-0.003277
-0.003524
-0.003244
0.002077
0.004211
0.003900
0.004077
0.003850
0.003469
0.004224
0.008646
0.009467
0.008839
0.012906
0.017015
0.019638
0.021998
0.023398
0.022762
0.022013
0.025463
0.027223
0.029996
0.033025
0.030273
0.031738
0.031223
0.032928
0.035943
0.030271
0.028328
0.028928
0.029528
0.033465
0.035647
0.036761
0.037290
0.036212
0.035934
0.036368
0.035634
0.035160
0.035712
0.035414
0.035295
0.035162
0.035218
0.037731
0.039754
0.037466
0.035002
0.035953
0.035120
0.030084
0.026745
0.029661
0.032467
0.030026
0.032004
0.030523
0.025279
0.026504
0.026489
0.026749
0.027547
0.023666
0.021153
0.021074
0.021691
0.025871
0.026330
0.022167
0.022757
0.026218
0.023897
0.023247
0.027239
0.028878
0.029117
0.029894
0.029294
0.026947
0.027393
0.028163
0.026214
0.022853
0.019661
0.016309
0.013834
0.010810
0.006820
0.003935
-0.000266
-0.002523
-0.003090
-0.004248
-0.004186
-0.006525
-0.012741
-0.016063
-0.015131
-0.015133
-0.014836
-0.014788
-0.018170
-0.019587
-0.018807
-0.020142
-0.019824
-0.018738
-0.023648
-0.028201
-0.025246
-0.023811
-0.027190
-0.027933
-0.026455
-0.027065
-0.027308
-0.026521
-0.027109
-0.025448
-0.024230
-0.027329
-0.026152
-0.024129
-0.024799
-0.023582
-0.024435
-0.024971
-0.024094
-0.025050
-0.023511
-0.019470
-0.018423
-0.017489
-0.018231
-0.022619
-0.023634
-0.021707
-0.019457
-0.019322
-0.021883
-0.021771
-0.021847
-0.024866
-0.026456
-0.027217
-0.028974
-0.028003
-0.029439
-0.033894
-0.030953
-0.033393
-0.040673
-0.042801
-0.044809
-0.045585
-0.044458
-0.045052
-0.049915
-0.052414
-0.051967
-0.051004
-0.051528
-0.051253
-0.046496
-0.044686
-0.045015
-0.043895
-0.042025
-0.041206
-0.037961
-0.030847
-0.027139
-0.023804
-0.019488
-0.019278
-0.014942
-0.006931
-0.003458
0.000962
0.005047
0.006880
0.010144
0.012810
0.015169
0.017386
0.017569
0.019292
0.023389
0.025911
0.023898
0.020356
0.017966
0.019642
0.022059
0.022944
0.023704
0.021871
0.022173
0.023085
0.021430
0.019650
0.022022
0.026990
0.027844
0.026999
0.027324
0.029481
0.034144
0.036332
0.035526
0.036742
0.040559
0.041461
0.042283
0.041906
0.039038
0.041196
0.043529
0.041501
0.037809
0.037306
0.036243
0.031252
0.028659
0.027837
0.026276
0.022861
0.020346
0.019670
0.016202
0.013813
0.013381
0.011981
0.009425
0.007361
0.007437
0.006730
0.004871
0.004606
0.005579
0.005554
0.004712
0.004525
0.005718
0.005987
0.005093
0.004644
0.003823
0.004340
0.005865
0.005108
0.005339
0.004224
0.000028
0.002567
0.004667
-0.000936
-0.002849
-0.002699
-0.006935
-0.008337
-0.008712
-0.012587
-0.014249
-0.013888
-0.010512
-0.007037
-0.009229
-0.008872
-0.005668
-0.005378
-0.006147
-0.008146
-0.009667
-0.008306
-0.005456
-0.006240
-0.005355
-0.003019
-0.005614
-0.007300
-0.011409
-0.014108
-0.013039
-0.012874
-0.013054
-0.015916
-0.018313
-0.019509
-0.019434
-0.018848
-0.019096
-0.019937
-0.021328
-0.022721
-0.022291
-0.019698
-0.019156
-0.017022
-0.013928
-0.015365
-0.014139
-0.007032
-0.004386
-0.004225
-0.002935
-0.002735
0.001831
0.005069
0.004522
0.007235
0.010673
0.012493
0.013922
0.014634
0.016303
0.018776
0.019112
0.021434
0.023646
0.020487
0.021239
0.025100
0.027385
0.027044
0.021025
0.019716
0.019952
0.014164
0.013962
0.013578
0.007622
0.006623
0.005678
0.002718
-0.000859
-0.002878
-0.004090
-0.011486
-0.014204
-0.012900
-0.014815
-0.013966
-0.013080
-0.013396
-0.013874
-0.013131
-0.010344
-0.012107
-0.014136
-0.013200
-0.013881
-0.014243
-0.010135
-0.004857
-0.003817
-0.005002
-0.003380
0.001270
0.003161
0.003053
0.003113
0.002996
0.004187
0.007140
0.009339
0.011725
0.013339
0.013359
0.015613
0.019356
0.019143
0.017579
0.019423
0.021021
0.024939
0.025362
0.024392
0.027409
0.027637
0.027790
0.027247
0.023777
0.022842
0.023252
0.022969
0.019436
0.013995
0.011820
0.009296
0.008517
0.006386
0.002910
-0.001149
-0.002694
-0.004106
-0.011236
-0.007601
-0.006058
-0.009161
-0.005798
-0.010864
-0.014709
-0.012946
-0.013498
-0.013450
-0.013463
-0.013247
-0.014008
-0.013922
-0.008228
-0.003895
-0.005034
-0.003386
0.001847
0.003487
0.002765
0.003135
0.003529
0.006246
0.008334
0.007989
0.008122
0.008192
0.009979
0.010199
0.009205
0.011388
0.013118
0.013620
0.016519
0.018698
0.019298
0.020116
0.021460
0.023303
0.021938
0.023144
0.026955
0.025028
0.021587
0.020406
0.018940
0.017497
0.020128
0.020336
0.014703
0.012520
0.012240
0.010205
0.007043
0.005225
0.004166
0.000133
-0.002194
-0.006207
-0.012278
-0.014796
-0.017249
-0.017872
-0.019993
-0.025139
-0.027075
-0.027624
-0.027950
-0.028549
-0.033276
-0.039268
-0.041473
-0.040998
-0.041195
-0.040797
-0.042199
-0.044254
-0.043787
-0.043439
-0.042676
-0.041547
-0.040341
-0.042139
-0.044682
-0.041363
-0.037709
-0.038888
-0.037678
-0.033825
-0.029325
-0.028215
-0.027971
-0.023423
-0.022247
-0.018668
-0.012914
-0.013036
-0.013580
-0.010325
-0.005011
-0.003020
-0.002598
0.001537
0.004283
0.006203
0.007283
0.004924
0.006402
0.010282
0.010417
0.010775
0.010292
0.007363
0.009037
0.011190
0.010573
0.008496
0.005844
0.006770
0.008029
0.007899
0.006074
0.004444
0.004625
0.003469
-0.000272
-0.003508
-0.003437
-0.003156
-0.002828
-0.002748
-0.003822
-0.003224
-0.002914
-0.002664
-0.002234
-0.003418
-0.003657
-0.004229
-0.004036
-0.002735
-0.002495
-0.002106
-0.002719
-0.003008
-0.002578
-0.004079
-0.006904
-0.005520
-0.004216
-0.008110
-0.009409
-0.008568
-0.009718
-0.012339
-0.013957
-0.014478
-0.015756
-0.017648
-0.018265
-0.017428
-0.015126
-0.014948
-0.018820
-0.020023
-0.019621
-0.018490
-0.017362
-0.020462
-0.022723
-0.021585
-0.019560
-0.017442
-0.018135
-0.017318
-0.013866
-0.014176
-0.014038
-0.012502
-0.013365
-0.014671
-0.013635
-0.012754
-0.013120
-0.013064
-0.012700
-0.013411
-0.012396
-0.010619
-0.011812
-0.007360
-0.003512
-0.003702
-0.001856
-0.002724
-0.003053
0.001725
0.003883
0.003877
0.005206
0.003919
0.003906
0.008046
0.009996
0.011046
0.013246
0.011272
0.012378
0.013744
0.011563
0.012758
0.013613
0.009448
0.005987
0.008864
0.009543
0.005129
0.003774
0.004284
0.004586
0.004860
0.004843
0.002076
-0.001135
0.000692
-0.001237
-0.004197
-0.004423
-0.004671
-0.003711
-0.003915
-0.004510
-0.004696
-0.007732
-0.009159
-0.006741
-0.006479
-0.009668
-0.011732
-0.006148
-0.005382
-0.012900
-0.013068
-0.007481
-0.004993
-0.005309
-0.002213
0.001707
-0.000824
0.001106
0.004715
0.003401
0.004137
0.007819
0.010474
0.010496
0.011474
0.012522
0.017461
0.021745
0.019688
0.016400
0.015589
0.015253
0.014082
0.013829
0.013286
0.011822
0.011262
0.010471
0.009490
0.010937
0.009856
0.009416
0.010090
0.006314
0.006268
0.008614
0.006258
0.004625
0.005491
0.005661
0.003246
-0.000125
-0.002546
-0.002667
0.001302
-0.000743
-0.004658
-0.002899
-0.003453
-0.002342
-0.004806
-0.012297
-0.008632
-0.006196
-0.012807
-0.014181
-0.013278
-0.013620
-0.013253
-0.013897
-0.017840
-0.019273
-0.016461
-0.017270
-0.017794
-0.017722
-0.019970
-0.020395
-0.020897
-0.022242
-0.024531
-0.024228
-0.019531
-0.019474
-0.019124
-0.014560
-0.015294
-0.013696
-0.006374
-0.007663
-0.010097
-0.004172
-0.002233
-0.003046
0.001732
0.004156
0.005020
0.008360
0.008135
0.006465
0.006300
0.007943
0.009668
0.011740
0.012829
0.008648
0.008526
0.013331
0.014294
0.010982
0.008339
0.007975
0.007958
0.006778
0.004540
0.005811
0.008446
0.007842
0.004354
0.004600
0.005861
0.004303
0.004651
0.005069
0.004674
0.004767
0.007536
0.011527
0.013388
0.014106
0.014610
0.012998
0.013204
0.016947
0.017766
0.018519
0.020832
0.021270
0.021244
0.021255
0.021168
0.021131
0.020369
0.019044
0.018367
0.018825
0.019675
0.017177
0.014121
0.016181
0.017745
0.017298
0.016666
0.012914
0.012083
0.012285
0.008829
0.006503
0.004537
0.005206
0.005829
0.003420
-0.001377
-0.004977
-0.002629
-0.002029
-0.008215
-0.013481
-0.013453
-0.013838
-0.018784
-0.021287
-0.019439
-0.019251
-0.019330
-0.022189
-0.023550
-0.019804
-0.018689
-0.019236
-0.019257
-0.018297
-0.014698
-0.012585
-0.014377
-0.013343
-0.006942
-0.003687
-0.004211
-0.003136
0.001334
0.004162
0.003984
0.004832
0.006038
0.008222
0.010304
0.009465
0.009494
0.011577
0.011119
0.012846
0.013957
0.012514
0.013050
0.012807
0.013188
0.013964
0.012972
0.010679
0.010307
0.014075
0.015092
0.013026
0.013336
0.013083
0.012504
0.014469
0.014032
0.009314
0.010078
0.012709
0.008783
0.008195
0.009565
0.009842
0.012041
0.009915
0.008052
0.009819
0.010704
0.009826
0.009566
0.012148
0.014068
0.013732
0.014131
0.014346
0.014066
0.017867
0.020380
0.019493
0.019788
0.020313
0.020716
0.021053
0.020352
0.020300
0.019106
0.017312
0.018409
0.016229
0.012057
0.011851
0.013700
0.013364
0.012870
0.013156
0.014322
0.017094
0.014559
0.010930
0.011847
0.013228
0.014004
0.013492
0.013216
0.014766
0.018880
0.019679
0.016724
0.020165
0.023896
0.022265
0.021455
0.021920
0.021488
0.021434
0.022954
0.022287
0.020038
0.019514
0.019877
0.017896
0.012987
0.011916
0.011536
0.007783
0.005646
0.003665
-0.001424
-0.004901
-0.004053
-0.006113
-0.012316
-0.014240
-0.013766
-0.017166
-0.020891
-0.022206
-0.022711
-0.024099
-0.026270
-0.024594
-0.023681
-0.025736
-0.026309
-0.027749
-0.029067
-0.027770
-0.028920
-0.033145
-0.030767
-0.027057
-0.028534
-0.034542
-0.035697
-0.029915
-0.032316
-0.036171
-0.035595
-0.034747
-0.034674
-0.035759
-0.036676
-0.036319
-0.035557
-0.033863
-0.030641
-0.032024
-0.030894
-0.027095
-0.026444
-0.026661
-0.025992
-0.023474
-0.021366
-0.019630
-0.018928
-0.016767
-0.014840
-0.014076
-0.012975
-0.013962
-0.013592
-0.008035
-0.003948
-0.003440
-0.004662
-0.003361
0.002059
-0.001226
-0.003331
0.002169
0.003903
0.004898
0.005597
0.005256
0.006418
0.008143
0.006593
0.003480
0.003603
0.003244
0.004412
0.002605
-0.000743
0.004023
0.002310
-0.003715
-0.006909
-0.006339
-0.004125
-0.004946
-0.003026
-0.003016
-0.005600
-0.004928
-0.002522
-0.002678
-0.002327
0.002030
0.003639
0.003049
0.004159
0.004529
0.008010
0.012401
0.012849
0.013586
0.013721
0.013045
0.013761
0.015485
0.016580
0.014930
0.017337
0.020873
0.019329
0.016028
0.014084
0.013181
0.012754
0.013978
0.010872
0.007403
0.007494
0.005081
0.003556
0.004267
0.002890
-0.002623
-0.004908
-0.005001
-0.008216
-0.005354
-0.004138
-0.011726
-0.013998
-0.013053
-0.014452
-0.014378
-0.016145
-0.014154
-0.013355
-0.012684
-0.006246
-0.010332
-0.014849
-0.009533
-0.005420
-0.004142
-0.004094
-0.003281
0.001730
0.004953
0.004757
0.005012
0.004860
0.008180
0.010085
0.009225
0.009118
0.010492
0.013042
0.010530
0.007558
0.009893
0.013810
0.013402
0.012882
0.017428
0.019086
0.019688
0.020916
0.019464
0.020084
0.022554
0.023147
0.022176
0.023971
0.026842
0.028054
0.028199
0.025611
0.024846
0.027307
0.027400
0.025504
0.023099
0.022109
0.023214
0.022686
0.019928
0.017607
0.015104
0.012972
0.008660
0.006509
0.000563
0.004773
0.020355
0.007538
-0.011171
-0.008635
0.003746
-0.004730
-0.017022
-0.015939
-0.019153
-0.017992
-0.017181
-0.020467
-0.022172
-0.021415
-0.023273
-0.023472
-0.023939
-0.024850
-0.022001
-0.022877
-0.024180
-0.023286
-0.023009
-0.022657
-0.022184
-0.021255
-0.022529
-0.022264
-0.019251
-0.019514
-0.019369
-0.018373
-0.018201
-0.015319
-0.012936
-0.013723
-0.013428
-0.010645
-0.008235
-0.005619
-0.005694
-0.008624
-0.008154
-0.005282
-0.002678
-0.002779
-0.004801
-0.004522
-0.003441
-0.004659
-0.004891
-0.003841
-0.004311
-0.004174
-0.003789
-0.004435
-0.002959
0.000947
-0.001547
-0.003977
-0.002193
-0.003159
-0.003672
-0.002675
-0.002880
-0.002605
0.001831
0.003794
0.002920
0.003254
0.003206
0.003423
0.003830
0.003630
0.003393
0.003892
0.003979
-0.000369
-0.001674
0.002620
0.000223
-0.002633
-0.002178
-0.003411
-0.004349
-0.004067
-0.003040
-0.006348
-0.012240
-0.013864
-0.014778
-0.015454
-0.016440
-0.019137
-0.018588
-0.016901
-0.018759
-0.023563
-0.024085
-0.021870
-0.019102
-0.018946
-0.022891
-0.020650
-0.017836
-0.019512
-0.019636
-0.016158
-0.014295
-0.013954
-0.014205
-0.014133
-0.006567
-0.001167
-0.003722
-0.003296
0.003149
0.007466
0.009625
0.010160
0.008462
0.011972
0.014690
0.013165
0.012491
0.016439
0.021189
0.021759
0.018759
0.014848
0.018627
0.021601
0.018945
0.018270
0.018675
0.015720
0.012629
0.014394
0.014901
0.013484
0.016198
0.018179
0.014395
0.013638
0.017035
0.018105
0.019515
0.022208
0.022301
0.023514
0.027120
0.027826
0.027104
0.029512
0.033882
0.035023
0.034467
0.034512
0.034643
0.036265
0.037012
0.037368
0.037388
0.036229
0.037178
0.037883
0.035717
0.037057
0.036549
0.031398
0.033491
0.037657
0.034655
0.031525
0.033332
0.031699
0.028709
0.025506
0.021733
0.024060
0.026605
0.022590
0.019817
0.020462
0.019371
0.015298
0.012670
0.014955
0.014388
0.012202
0.013590
0.013230
0.013112
0.014445
0.012699
0.010044
0.006426
0.006851
0.009727
0.010314
0.007442
0.004653
0.005603
0.005236
0.004928
0.005698
0.005689
0.004365
0.005354
0.004726
-0.000941
-0.003565
-0.002086
-0.002597
-0.007479
-0.013441
-0.012594
-0.008299
-0.012529
-0.015242
-0.014916
-0.018715
-0.020837
-0.021632
-0.024609
-0.027627
-0.027871
-0.027601
-0.027066
-0.027815
-0.026389
-0.022869
-0.021613
-0.018825
-0.018199
-0.020995
-0.019217
-0.017365
-0.017309
-0.014235
-0.012507
-0.014081
-0.013330
-0.006136
-0.002272
-0.003842
-0.005926
-0.008117
-0.004739
-0.003414
-0.007515
-0.006153
-0.003069
-0.002249
-0.003514
-0.006998
-0.004964
-0.003003
-0.007242
-0.010131
-0.009468
-0.006082
-0.004226
-0.003566
-0.003457
-0.006580
-0.007091
-0.007290
-0.006692
-0.004067
-0.005423
-0.005893
-0.004021
-0.002956
-0.002846
-0.002761
-0.002973
-0.002450
-0.003052
-0.003425
0.001586
0.003863
0.002527
0.003638
0.005256
0.004195
0.002821
0.003621
0.004123
0.003108
0.003051
0.005228
0.004094
0.003570
0.002682
-0.000719
0.001389
0.000127
-0.004164
-0.003345
-0.003688
-0.011105
-0.014391
-0.008434
-0.007586
-0.011940
-0.013603
-0.014410
-0.013488
-0.012787
-0.014104
-0.015999
-0.018052
-0.015398
-0.013843
-0.014145
-0.013707
-0.013681
-0.013118
-0.013347
-0.013327
-0.013342
-0.013431
-0.013462
-0.013345
-0.013745
-0.013785
-0.010189
-0.008082
-0.013120
-0.014227
-0.006862
-0.003329
-0.001978
-0.002315
-0.003820
0.001437
0.006509
0.003325
-0.001951
0.001752
0.005379
0.004343
0.006760
0.009614
0.009753
0.010702
0.013211
0.011514
0.009486
0.012167
0.014682
0.014087
0.011750
0.011425
0.013386
0.014048
0.011626
0.011740
0.013611
0.013824
0.016160
0.014275
0.012390
0.016332
0.018372
0.018216
0.016567
0.014307
0.013983
0.014096
0.014252
0.014207
0.011601
0.011195
0.010057
0.005098
0.006439
0.009145
0.005383
0.000209
-0.002710
-0.001941
-0.002262
-0.010378
-0.014388
-0.012327
-0.013610
-0.017283
-0.020530
-0.022474
-0.022625
-0.019179
-0.019399
-0.022837
-0.027184
-0.028085
-0.024852
-0.026415
-0.027078
-0.026936
-0.027460
-0.027999
-0.027231
-0.023289
-0.024126
-0.024363
-0.023434
-0.024787
-0.019951
-0.016448
-0.017234
-0.017213
-0.017540
-0.018613
-0.019681
-0.016654
-0.016182
-0.019500
-0.017743
-0.013649
-0.013766
-0.015229
-0.013648
-0.013070
-0.013063
-0.013959
-0.013489
-0.005440
-0.001141
-0.004065
-0.003165
0.002131
0.004290
0.003573
0.004599
0.004714
0.007486
0.012623
0.011928
0.012637
0.014049
0.013948
0.016172
0.014806
0.012190
0.011925
0.012534
0.008425
0.004643
0.007045
0.004798
-0.001266
-0.001910
-0.001697
-0.002993
-0.003649
-0.008195
-0.012755
-0.013564
-0.014479
-0.014538
-0.016661
-0.018522
-0.015006
-0.012992
-0.016841
-0.019562
-0.018005
-0.019864
-0.021171
-0.019039
-0.018358
-0.019032
-0.019268
-0.018213
-0.019891
-0.021526
-0.019002
-0.016944
-0.018566
-0.018301
-0.014588
-0.013203
-0.014076
-0.016194
-0.015583
-0.013741
-0.014729
-0.015000
-0.014301
-0.013032
-0.010217
-0.012687
-0.013461
-0.009840
-0.011430
-0.011384
-0.011789
-0.011657
-0.006468
-0.003544
-0.011204
-0.014607
-0.007293
-0.008332
-0.009874
-0.006755
-0.008728
-0.008299
-0.003762
-0.003797
-0.004922
-0.003832
-0.003547
-0.003306
-0.003546
-0.004427
-0.003621
-0.002989
-0.002606
-0.002941
-0.003399
0.002614
0.003735
-0.001895
0.001014
0.005181
0.002647
-0.001569
0.001130
0.004531
0.003313
0.003640
0.005482
0.005199
0.004676
0.007756
0.008569
0.006900
0.006842
0.008429
0.009610
0.010551
0.013487
0.014046
0.013278
0.014165
0.013379
0.015896
0.020323
0.021731
0.021442
0.022628
0.027637
0.028306
0.029163
0.034486
0.036152
0.036580
0.036770
0.035609
0.037176
0.040978
0.040108
0.039044
0.041073
0.039007
0.038883
0.040837
0.038149
0.036839
0.038422
0.037320
0.036871
0.035174
0.031768
0.033738
0.030615
0.026620
0.026677
0.023577
0.019854
0.018490
0.017974
0.014410
0.013322
0.012021
0.009817
0.008160
0.006421
0.005355
0.003486
0.002368
-0.000648
-0.002359
-0.002110
-0.003810
-0.008695
-0.013404
-0.014108
-0.013485
-0.013910
-0.015005
-0.015046
-0.016580
-0.017707
-0.018300
-0.018929
-0.017611
-0.020283
-0.022647
-0.018387
-0.017932
-0.022028
-0.020514
-0.019287
-0.019669
-0.017820
-0.018787
-0.021632
-0.021838
-0.019214
-0.017494
-0.018531
-0.018600
-0.019054
-0.019642
-0.016045
-0.013289
-0.014205
-0.013402
-0.014073
-0.012855
-0.006592
-0.010719
-0.015137
-0.010032
-0.005682
-0.003361
-0.003501
-0.005087
-0.002374
0.003351
0.003439
0.002834
0.004602
0.003779
0.003584
0.004579
0.007169
0.009573
0.009584
0.009295
0.009514
0.011802
0.013782
0.014356
0.014505
0.016459
0.020748
0.021679
0.019738
0.020263
0.023001
0.023807
0.022847
0.023468
0.024497
0.022558
0.022810
0.026269
0.024068
0.022775
0.024770
0.024001
0.022885
0.022598
0.024600
0.025891
0.025146
0.023903
0.020914
0.020647
0.020981
0.018247
0.017341
0.016984
0.014130
0.009970
0.009553
0.008814
0.005596
0.004623
0.004449
0.003306
-0.000419
-0.003217
-0.003134
-0.004582
-0.010996
-0.013987
-0.012610
-0.013109
-0.013923
-0.014981
-0.014083
-0.014028
-0.017351
-0.017481
-0.016908
-0.018936
-0.016692
-0.014702
-0.018570
-0.017943
-0.014516
-0.016642
-0.018066
-0.017367
-0.015077
-0.013490
-0.013082
-0.012859
-0.014401
-0.013568
-0.012630
-0.013021
-0.012931
-0.013005
-0.013023
-0.013009
-0.013030
-0.013001
-0.013077
-0.013073
-0.013080
-0.012991
-0.013172
-0.012837
-0.013625
-0.012556
-0.010830
-0.011385
-0.007436
-0.006943
-0.007221
-0.002173
-0.004581
-0.011242
-0.006391
-0.001767
-0.002622
-0.002504
-0.002969
0.001610
0.004365
0.003334
-0.000083
-0.003939
-0.003176
-0.001982
-0.002375
-0.002882
-0.002601
-0.002824
-0.002416
-0.003387
-0.002089
0.002014
0.000450
0.001576
0.004215
0.002974
0.003983
0.003196
-0.001259
0.001724
0.006133
0.004496
0.002753
0.000075
0.001740
0.003985
0.005007
0.003486
-0.000694
0.001864
-0.000130
-0.003675
-0.001301
-0.002066
-0.002281
-0.002083
-0.002439
-0.004644
-0.011379
-0.009853
-0.007156
-0.012296
-0.013725
-0.012941
-0.013286
-0.013199
-0.013359
-0.013200
-0.013404
-0.013863
-0.014519
-0.017499
-0.018166
-0.016562
-0.015466
-0.014724
-0.015872
-0.016131
-0.015266
-0.014083
-0.013082
-0.014216
-0.013796
-0.007256
-0.003063
-0.004760
-0.003079
0.002135
0.003652
0.003030
0.003117
0.003407
0.004241
0.005203
0.006936
0.005822
0.003510
0.004685
0.007334
0.009000
0.009878
0.009387
0.007330
0.006103
0.005971
0.006141
0.005679
0.004210
0.003382
0.003232
0.003795
0.005633
0.005294
0.003511
0.003047
0.003638
0.003397
-0.000086
-0.002724
-0.002492
-0.001502
-0.002702
-0.004297
-0.003736
-0.001724
-0.002287
-0.007851
-0.007630
-0.004145
-0.006023
-0.006601
-0.006604
-0.011497
-0.013812
-0.012681
-0.013123
-0.012912
-0.012654
-0.014524
-0.016856
-0.015360
-0.013446
-0.014205
-0.015966
-0.017222
-0.017398
-0.017873
-0.018624
-0.019730
-0.019863
-0.020683
-0.021914
-0.021399
-0.019639
-0.020398
-0.024145
-0.024230
-0.022032
-0.020970
-0.019137
-0.017811
-0.018661
-0.018803
-0.018463
-0.019670
-0.019471
-0.018304
-0.016315
-0.013388
-0.014632
-0.013666
-0.006598
-0.008290
-0.010330
-0.004107
-0.003692
-0.003687
-0.003261
-0.003206
0.001754
0.004900
0.004087
0.003668
0.006538
0.007950
0.007766
0.009201
0.010582
0.011898
0.013398
0.017590
0.021148
0.023812
0.026476
0.024586
0.027430
0.030669
0.029158
0.033490
0.036126
0.035345
0.036308
0.036756
0.037780
0.037497
0.036046
0.036585
0.037129
0.035349
0.035741
0.035843
0.030606
0.027915
0.028156
0.027408
0.026652
0.024897
0.021745
0.019739
0.019178
0.017097
0.015002
0.013610
0.014077
0.013616
0.009799
0.008504
0.009432
0.008860
0.007705
0.007037
0.005718
0.006448
0.005664
0.002510
0.002807
0.004114
0.003978
0.003157
0.004199
0.005062
0.004710
0.004846
0.003939
0.003802
0.003723
0.002727
0.002657
0.002662
0.004168
0.005380
0.003314
0.003443
0.005360
0.004496
0.003702
0.003349
0.002653
0.003358
0.003172
-0.001375
-0.004007
-0.001541
-0.002596
-0.003625
0.001249
0.004330
0.002731
-0.001921
-0.003220
-0.001936
-0.003359
-0.003806
-0.003491
-0.003230
-0.003031
-0.004126
-0.003690
-0.002376
-0.001358
0.002143
0.003763
0.002868
0.003259
0.004499
0.004599
0.003086
0.003020
0.005176
0.005979
0.005315
0.004423
0.004712
0.007101
0.006203
0.006428
0.008328
0.006159
0.005837
0.006533
0.004258
0.004143
0.007079
0.005193
0.003859
0.005454
0.004440
0.003982
0.004816
0.005348
0.004876
0.006824
0.009699
0.009523
0.009395
0.012211
0.014372
0.013049
0.012257
0.015198
0.019432
0.019799
0.018100
0.017829
0.017103
0.016734
0.017680
0.017822
0.018659
0.020133
0.020378
0.019160
0.018681
0.018631
0.016402
0.016761
0.015291
0.012394
0.013816
0.014893
0.013864
0.011116
0.008584
0.010404
0.012490
0.009849
0.007481
0.007463
0.008278
0.005771
0.003928
0.005077
0.004578
0.003975
0.003563
0.002725
0.003485
0.002658
-0.001604
0.001584
0.003859
-0.002357
-0.003267
-0.001979
-0.003303
-0.003882
-0.003416
-0.003808
-0.006224
-0.008022
-0.007663
-0.005907
-0.006023
-0.005536
-0.007394
-0.008792
-0.004195
-0.002632
-0.003561
-0.002619
-0.001754
-0.001128
0.002163
0.005114
0.005812
0.004884
0.004806
0.007929
0.009371
0.009575
0.011186
0.013236
0.013321
0.015218
0.018183
0.015926
0.013478
0.014002
0.014163
0.014267
0.013405
0.010151
0.008749
0.009270
0.007146
0.006379
0.007367
0.005211
0.003450
-0.000442
-0.003754
-0.002163
-0.001079
-0.002040
-0.002977
-0.002335
-0.003167
-0.004265
-0.004273
-0.003703
-0.002590
-0.002956
-0.003316
-0.002255
-0.001503
-0.002841
-0.004205
-0.003436
-0.002297
-0.002053
-0.002640
-0.003859
-0.003964
-0.003774
-0.002666
-0.001290
-0.003863
-0.004470
-0.001749
-0.003416
-0.003644
-0.001929
-0.003692
-0.003518
-0.002751
-0.003044
-0.002343
-0.002940
-0.007064
-0.007787
-0.003494
-0.002282
-0.001849
-0.001899
-0.003726
-0.002495
-0.001832
-0.002928
-0.004119
-0.006357
-0.005542
-0.003546
-0.003626
-0.004993
-0.008293
-0.012145
-0.013162
-0.012641
-0.012633
-0.013601
-0.016289
-0.016877
-0.017024
-0.016361
-0.014715
-0.017117
-0.017951
-0.017756
-0.017570
-0.017226
-0.017954
-0.016948
-0.015800
-0.014883
-0.013742
-0.012911
-0.012336
-0.013245
-0.012977
-0.006130
-0.001281
-0.001771
-0.002134
-0.000952
0.002780
0.004553
0.005069
0.006942
0.009336
0.012837
0.016843
0.015503
0.014526
0.017648
0.016851
0.018849
0.019356
0.016267
0.020713
0.023846
0.018534
0.017803
0.020489
0.017610
0.015118
0.014259
0.013009
0.012989
0.013044
0.011323
0.010736
0.011013
0.010190
0.009800
0.009134
0.008785
0.009977
0.010418
0.007578
0.005325
0.005804
0.004661
0.003584
0.005010
0.003877
-0.000696
-0.002533
-0.002432
-0.003341
-0.002308
-0.003157
-0.007088
-0.007926
-0.010938
-0.013744
-0.012443
-0.012963
-0.014296
-0.014145
-0.015044
-0.017657
-0.018785
-0.018039
-0.017764
-0.017310
-0.018669
-0.022454
-0.023274
-0.023627
-0.022973
-0.023745
-0.027253
-0.025876
-0.023752
-0.026677
-0.028468
-0.027618
-0.028141
-0.027520
-0.027606
-0.033039
-0.035357
-0.029246
-0.027327
-0.032481
-0.034875
-0.034531
-0.034516
-0.035592
-0.034689
-0.029434
-0.032694
-0.036117
-0.030043
-0.031813
-0.034806
-0.034954
-0.035334
-0.030080
-0.027805
-0.028873
-0.028517
-0.028711
-0.028518
-0.027867
-0.027814
-0.028020
-0.027410
-0.024058
-0.021382
-0.021315
-0.020024
-0.018339
-0.015972
-0.015742
-0.017101
-0.014397
-0.012668
-0.013723
-0.013613
-0.010436
-0.006618
-0.005095
-0.003529
-0.002446
-0.002978
-0.002752
-0.002426
-0.001393
-0.002511
-0.001701
0.001722
-0.001068
0.000733
0.004998
0.003221
-0.000608
-0.002880
-0.001963
0.002808
0.003814
-0.001042
0.002121
0.004711
-0.000008
-0.002548
-0.002546
-0.001109
-0.001647
-0.003294
-0.004370
-0.005401
-0.005071
-0.005416
-0.006733
-0.007220
-0.006791
-0.010511
-0.014377
-0.012024
-0.008131
-0.010806
-0.013757
-0.012396
-0.012927
-0.013660
-0.013122
-0.012752
-0.012901
-0.012945
-0.012627
-0.013167
-0.014151
-0.013490
-0.015817
-0.017536
-0.014398
-0.013664
-0.014547
-0.015176
-0.016402
-0.014873
-0.013052
-0.013159
-0.013655
-0.014167
-0.012655
-0.012953
-0.016068
-0.014264
-0.012235
-0.013021
-0.013042
-0.012603
-0.013543
-0.013013
-0.006073
-0.003343
-0.004078
-0.001918
-0.001781
-0.003134
-0.002413
0.002995
0.004022
-0.000653
-0.002167
-0.001275
0.001789
0.005045
0.002651
-0.001792
0.001236
0.000382
-0.003838
-0.002812
-0.003190
-0.002696
-0.001298
-0.002682
-0.003173
-0.003773
-0.002692
0.001463
-0.000204
0.000932
0.004615
0.005161
0.005335
0.006641
0.009184
0.007601
0.008379
0.009749
0.010332
0.012801
0.011853
0.012734
0.013602
0.012453
0.013817
0.013905
0.013120
0.013472
0.013455
0.012463
0.011439
0.012209
0.011508
0.010236
0.012793
0.013607
0.011559
0.012771
0.013434
0.013602
0.014147
0.011649
0.009445
0.009138
0.010283
0.010490
0.008552
0.007225
0.008945
0.009960
0.008407
0.006782
0.005703
0.005034
0.004757
0.004612
0.004887
0.006545
0.005053
0.004765
0.007415
0.007181
0.006595
0.005080
0.006750
0.011115
0.013608
0.013509
0.012702
0.012601
0.013029
0.017506
0.021157
0.021408
0.022006
0.023548
0.022473
0.021267
0.022272
0.023980
0.026773
0.025600
0.022568
0.022527
0.025469
0.027713
0.024317
0.021078
0.021731
0.020464
0.018753
0.020455
0.022444
0.019602
0.015683
0.018088
0.019142
0.016500
0.013467
0.010775
0.013567
0.015123
0.009937
0.009270
0.010107
0.005651
0.007218
0.009280
0.005483
0.004782
0.005260
0.003577
0.003368
0.004449
0.003730
0.003304
0.003568
0.003164
0.003292
0.003686
0.003487
0.003166
0.003287
0.003707
0.003621
0.003189
0.004494
0.005814
0.003797
0.004480
0.007342
0.007067
0.006502
0.006024
0.006723
0.007816
0.011034
0.011016
0.008309
0.009054
0.008754
0.009163
0.010115
0.010715
0.010246
0.008023
0.007862
0.010393
0.012662
0.011130
0.008845
0.009277
0.009211
0.009328
0.009120
0.008568
0.006958
0.005069
0.007036
0.007493
0.006449
0.008516
0.008347
0.005696
0.006704
0.007616
0.008773
0.009051
0.007049
0.009691
0.013091
0.012673
0.013148
0.013900
0.013697
0.016445
0.017738
0.018876
0.020759
0.021085
0.021216
0.020896
0.024916
0.027547
0.028958
0.032911
0.031361
0.033074
0.035880
0.034367
0.036063
0.036843
0.036455
0.036966
0.036456
0.037794
0.040452
0.039816
0.039368
0.040669
0.040689
0.036906
0.035440
0.039038
0.038739
0.037201
0.036084
0.035411
0.035275
0.030977
0.028345
0.028262
0.026183
0.023248
0.021663
0.019860
0.015632
0.012880
0.011956
0.011215
0.009686
0.007484
0.008251
0.006571
0.004431
0.006270
0.004904
0.003364
0.003736
0.003187
0.003851
0.003570
-0.000878
-0.003482
-0.002068
-0.002387
-0.003749
-0.004486
-0.003585
-0.002007
-0.007587
-0.013537
-0.008269
-0.004577
-0.008180
-0.008135
-0.005518
-0.004770
-0.007753
-0.013491
-0.013354
-0.007661
-0.006785
-0.009483
-0.012207
-0.013589
-0.013036
-0.013208
-0.013234
-0.013141
-0.013173
-0.013190
-0.013245
-0.013232
-0.013127
-0.013134
-0.014303
-0.013906
-0.013637
-0.016004
-0.015261
-0.015849
-0.018561
-0.017960
-0.017310
-0.018616
-0.018410
-0.017916
-0.019877
-0.019444
-0.017951
-0.019541
-0.021819
-0.022158
-0.021159
-0.020978
-0.020894
-0.021076
-0.022596
-0.022204
-0.018888
-0.016929
-0.020143
-0.021188
-0.018428
-0.019207
-0.017790
-0.013969
-0.012703
-0.012699
-0.012399
-0.013083
-0.012183
-0.008592
-0.010523
-0.013919
-0.012555
-0.005564
-0.002482
-0.004484
-0.004260
-0.010150
-0.013400
-0.012506
-0.012902
-0.007263
-0.000720
-0.003575
-0.010670
-0.010158
-0.010802
-0.013299
-0.012374
-0.012557
-0.012600
-0.012595
-0.012551
-0.012552
-0.012661
-0.012435
-0.012436
-0.013385
-0.013656
-0.012753
-0.012331
-0.012589
-0.012054
-0.013085
-0.015584
-0.015278
-0.012206
-0.005489
-0.005611
-0.012051
-0.012747
-0.012210
-0.012534
-0.012377
-0.012397
-0.012436
-0.012237
-0.012429
-0.013188
-0.012689
-0.012181
-0.012399
-0.012309
-0.012282
-0.012224
-0.013281
-0.014567
-0.012924
-0.012192
-0.012025
-0.012629
-0.015393
-0.013897
-0.011355
-0.012836
-0.015184
-0.014746
-0.015341
-0.015454
-0.013358
-0.012832
-0.012418
-0.012617
-0.013286
-0.012990
-0.012496
-0.012696
-0.012425
-0.012768
-0.014058
-0.014255
-0.014122
-0.014247
-0.014366
-0.013477
-0.012253
-0.012934
-0.014310
-0.013475
-0.012569
-0.012889
-0.012739
-0.012543
-0.013627
-0.016400
-0.016389
-0.014159
-0.012559
-0.012932
-0.016072
-0.015817
-0.013276
-0.012568
-0.014295
-0.018523
-0.018645
-0.014503
-0.012883
-0.012875
-0.013892
-0.015524
-0.013798
-0.012620
-0.013124
-0.012966
-0.012672
-0.013582
-0.013292
-0.005745
-0.003583
-0.011516
-0.013525
-0.013038
-0.012894
-0.008829
-0.008105
-0.006992
-0.003854
-0.004176
-0.002544
0.002649
0.004554
0.003624
0.003569
0.004130
0.005562
0.005407
0.004936
0.007577
0.010348
0.011319
0.009350
0.009155
0.013248
0.014473
0.012931
0.011388
0.010731
0.010174
0.010609
0.010466
0.009743
0.010467
0.008991
0.006623
0.005494
0.005356
0.005376
0.004477
0.003867
0.003705
0.004107
0.003880
-0.000581
-0.003023
-0.002593
-0.007957
-0.009550
-0.004693
-0.003432
-0.002875
-0.002462
-0.005657
-0.011362
-0.013691
-0.013307
-0.014424
-0.014565
-0.013730
-0.014418
-0.013755
-0.012862
-0.012813
-0.013381
-0.016149
-0.015820
-0.014606
-0.013991
-0.012813
-0.013773
-0.013644
-0.007949
-0.003293
-0.002831
-0.002379
-0.001583
0.002075
0.005675
0.006233
0.003991
-0.001749
-0.003517
0.001974
0.004830
0.003759
0.004415
0.003210
0.002965
0.007320
0.006764
0.004889
0.004152
-0.001896
-0.004816
-0.002428
-0.002681
-0.002934
-0.004459
-0.011159
-0.014545
-0.012685
-0.010214
-0.011858
-0.013805
-0.013021
-0.013252
-0.013246
-0.013002
-0.013220
-0.013586
-0.014377
-0.016423
-0.015026
-0.012816
-0.013778
-0.014266
-0.013854
-0.013183
-0.012586
-0.013636
-0.013066
-0.006338
-0.003030
-0.004228
-0.003456
-0.001372
0.002662
0.005074
0.005728
0.007865
0.010053
0.008476
0.007327
0.008616
0.008485
0.012355
0.015435
0.014686
0.017246
0.019964
0.019541
0.018914
0.020403
0.021824
0.021468
0.019843
0.021169
0.024691
0.022469
0.020193
0.019650
0.017648
0.020395
0.021773
0.021499
0.023542
0.021671
0.019997
0.019047
0.015180
0.015339
0.015805
0.012363
0.012721
0.014353
0.011826
0.009015
0.009719
0.009820
0.006060
0.004732
0.004913
0.005348
0.008344
0.006303
0.004209
0.006452
0.006199
0.005555
0.005215
0.005240
0.006931
0.006706
0.005216
0.005031
0.005827
0.007924
0.009151
0.008449
0.008880
0.009347
0.007319
0.007097
0.008154
0.007684
0.008863
0.009668
0.010730
0.009696
0.005354
0.006103
0.009597
0.011197
0.010879
0.009082
0.010361
0.013227
0.010455
0.007295
0.008910
0.008485
0.009854
0.013618
0.013188
0.014546
0.015189
0.011086
0.011787
0.015129
0.013671
0.009963
0.007661
0.010140
0.013784
0.011493
0.008820
0.009263
0.009286
0.009093
0.008643
0.007873
0.007770
0.008301
0.005293
0.004174
0.005579
0.004692
0.005489
0.005865
0.004833
0.004187
0.003851
0.003584
0.003271
0.002936
0.003183
0.004229
0.004939
0.005401
0.005011
0.003420
0.003456
0.004607
0.004736
0.004462
0.004002
0.003697
0.005705
0.007084
0.005417
0.005700
0.005864
0.005493
0.006917
0.006119
0.007486
0.008898
0.008134
0.008608
0.008688
0.010005
0.010434
0.010332
0.012933
0.013721
0.013267
0.014581
0.013734
0.011900
0.012387
0.011744
0.012696
0.015366
0.014721
0.013520
0.013497
0.012421
0.012235
0.013355
0.013876
0.014129
0.012533
0.008840
0.008590
0.012886
0.013478
0.010740
0.009387
0.009319
0.009474
0.009393
0.007726
0.006566
0.006838
0.007718
0.009375
0.009508
0.008626
0.005587
0.005496
0.006548
0.005568
0.007193
0.005368
0.003830
0.005213
0.004659
0.004103
0.003555
0.003697
0.003284
-0.000392
-0.002010
0.003063
0.003066
-0.001676
0.001201
-0.000313
-0.004527
-0.005717
-0.008598
-0.007773
-0.008025
-0.013488
-0.012835
-0.006402
-0.010238
-0.014254
-0.013541
-0.015024
-0.014367
-0.013938
-0.014086
-0.013899
-0.014642
-0.016772
-0.016941
-0.014877
-0.016080
-0.017869
-0.017906
-0.017934
-0.016288
-0.013897
-0.013898
-0.014558
-0.013303
-0.013309
-0.013511
-0.012689
-0.012615
-0.012639
-0.012494
-0.012931
-0.012654
-0.009865
-0.006858
-0.003853
-0.001579
-0.002345
-0.001930
0.001888
0.004123
0.005034
0.004157
0.002917
0.003765
0.004498
0.004711
0.004236
0.004449
0.005132
0.003809
0.003461
0.002525
-0.000009
0.001464
0.000502
-0.002194
-0.002629
-0.002867
-0.003151
-0.004054
-0.004194
-0.004688
-0.008408
-0.009082
-0.006951
-0.011066
-0.013585
-0.012361
-0.012871
-0.013413
-0.012953
-0.013392
-0.013481
-0.013088
-0.015424
-0.016469
-0.016996
-0.018014
-0.016667
-0.016587
-0.017284
-0.017112
-0.016087
-0.016289
-0.016531
-0.014398
-0.014648
-0.015108
-0.015262
-0.012925
-0.011868
-0.015080
-0.013268
-0.011822
-0.012136
-0.011868
-0.013279
-0.012250
-0.011325
-0.012947
-0.015321
-0.015912
-0.013206
-0.014167
-0.016376
-0.013503
-0.011916
-0.015295
-0.016124
-0.012919
-0.011803
-0.011348
-0.013151
-0.014801
-0.011611
-0.010462
-0.011757
-0.011064
-0.010622
-0.010568
-0.011220
-0.010524
-0.005541
-0.006016
-0.007568
-0.003821
-0.002268
-0.001361
-0.000910
-0.001105
-0.000228
-0.000257
-0.000214
0.003180
0.004947
0.004187
0.004504
0.004482
0.004247
0.005314
0.004221
0.000546
0.002772
0.005119
0.004059
0.004409
0.004286
0.004705
0.004529
0.000231
-0.000017
0.003821
0.001806
-0.000903
-0.000795
-0.001138
-0.000881
-0.002019
-0.004085
-0.003906
-0.004593
-0.003838
-0.004720
-0.005831
-0.005612
-0.008829
-0.009807
-0.009227
-0.009377
-0.009224
-0.009529
-0.009374
-0.006256
-0.005606
-0.008878
-0.006244
-0.001676
-0.001273
-0.001061
-0.000444
-0.000703
0.000048
0.003762
0.005166
0.004774
0.006619
0.007011
0.006099
0.005343
0.007346
0.012014
0.010903
0.009332
0.011840
0.013091
0.013274
0.013522
0.015077
0.015884
0.017676
0.018995
0.018294
0.018125
0.019735
0.022870
0.022032
0.021663
0.024154
0.023970
0.022685
0.023692
0.028727
0.029756
0.024256
0.023306
0.024188
0.023480
0.023342
0.023538
0.023988
0.023738
0.022880
0.023557
0.026719
0.024113
0.021781
0.027228
0.027764
0.022473
0.021530
0.022397
0.021480
0.021989
0.021244
0.019308
0.019549
0.017570
0.018004
0.019914
0.017127
0.016388
0.015569
0.013948
0.014395
0.013548
0.011466
0.009701
0.008927
0.008741
0.006793
0.005332
0.004774
0.002363
0.001338
0.001767
0.000877
0.000775
0.000527
-0.002654
-0.004633
-0.004283
-0.005404
-0.006407
-0.005457
-0.007583
-0.011233
-0.011545
-0.011177
-0.011275
-0.011826
-0.011915
-0.011097
-0.011407
-0.013667
-0.014011
-0.012013
-0.013483
-0.014486
-0.014349
-0.014478
-0.012031
-0.013579
-0.015006
-0.013278
-0.013917
-0.014183
-0.014118
-0.013298
-0.011548
-0.011385
-0.010663
-0.010065
-0.010597
-0.010148
-0.011709
-0.012808
-0.010591
-0.009491
-0.009500
-0.009443
-0.009303
-0.009347
-0.009066
-0.009779
-0.009023
-0.004318
-0.005233
-0.007089
-0.003849
-0.003101
-0.002645
-0.001904
-0.002091
0.001335
0.002187
-0.001049
0.000745
0.002551
0.001730
0.001923
0.001918
0.001892
0.001894
0.001894
0.001892
0.001866
0.001841
0.001907
0.001793
0.002059
0.001951
-0.000210
-0.001805
-0.001976
-0.001716
-0.001751
-0.002147
-0.001612
-0.001349
-0.002210
-0.002680
-0.002136
-0.001934
-0.002104
-0.001719
-0.001416
-0.001522
-0.001432
-0.001810
-0.001988
-0.001369
-0.001516
-0.002140
-0.001004
0.001501
0.002190
0.001829
0.001950
0.001885
0.001873
0.002080
0.001807
0.002011
0.002138
-0.000860
-0.001887
0.001065
0.002095
0.001779
-0.000641
-0.001915
0.000784
-0.000366
-0.001955
-0.001867
-0.002723
-0.002418
-0.002282
-0.002616
-0.001680
-0.002466
-0.006250
-0.006234
-0.004072
-0.002310
-0.002030
-0.002799
-0.001883
-0.001316
-0.001763
-0.001827
-0.001197
-0.001526
-0.001497
-0.001075
-0.001286
-0.001417
-0.001205
-0.001164
-0.001406
-0.000655
-0.001449
-0.001521
0.000760
0.000467
0.000919
-0.000333
-0.001984
0.000997
0.002052
0.001500
0.001695
0.001600
0.001630
0.001819
0.001637
0.001540
0.001717
0.001684
0.001613
0.001575
0.002044
0.002323
0.001937
0.001947
0.001990
0.002259
0.002729
0.002569
0.003475
0.004171
0.003371
0.003633
0.004037
0.003616
0.004219
0.004288
0.004355
0.005627
0.005601
0.005670
0.005188
0.005253
0.006743
0.006241
0.005960
0.006683
0.007232
0.006382
0.004930
0.005274
0.005929
0.005041
0.004277
0.004102
0.004137
0.004246
0.003481
0.003111
0.002825
0.002647
0.002656
0.002160
0.001360
0.000577
0.000317
0.000058
-0.000326
-0.000321
-0.000394
-0.000247
-0.000318
-0.001716
-0.002895
-0.002869
-0.002665
-0.002984
-0.003758
-0.004554
-0.004333
-0.004805
-0.006427
-0.006676
-0.006435
-0.006452
-0.006365
-0.006286
-0.006270
-0.006046
-0.006066
-0.007194
-0.007269
-0.006289
-0.006396
-0.006471
-0.006056
-0.006198
-0.006221
-0.005890
-0.005653
-0.005456
-0.005391
-0.005354
-0.005569
-0.005271
-0.004857
-0.004944
-0.004838
-0.004776
-0.004699
-0.004668
-0.004560
-0.004649
-0.004376
-0.003419
-0.003942
-0.004450
-0.004299
-0.004131
-0.003170
-0.003681
-0.004155
-0.004056
-0.003811
-0.002717
-0.003263
-0.004111
-0.003525
-0.002745
-0.003212
-0.003733
-0.003406
-0.003445
-0.003315
-0.003447
-0.003134
-0.002128
-0.002617
-0.003442
-0.002852
-0.001682
-0.002475
-0.003023
-0.001958
-0.002515
-0.002015
-0.000974
-0.001101
-0.000696
-0.000848
-0.000711
-0.000936
-0.001401
-0.000307
-0.000045
0.000059
0.001304
0.000483
0.000005
0.001442
0.000669
0.000122
0.001357
0.001714
0.001473
0.001673
0.001458
0.000779
0.001153
0.001762
0.001354
0.000767
0.001106
0.001726
0.001282
0.000663
0.001032
0.000801
0.000000
0.000315
0.000987
0.000962
0.000998
0.000581
0.000197
0.000606
0.001132
0.001401
0.001265
0.001297
0.001267
0.001239
0.001305
0.001243
0.001176
0.001235
0.001337
0.001309
0.001161
0.001141
0.001173
0.001223
0.001232
0.001061
0.001012
0.001082
0.001016
0.000958
0.001036
0.001035
0.000951
0.000903
0.000958
0.000943
0.000353
0.000081
0.000727
0.000954
0.000827
0.000832
0.000900
0.000787
0.000370
0.000613
0.000881
0.000756
0.000781
0.000759
0.000748
0.000789
0.000726
0.000711
0.000715
0.000766
0.000623
0.000197
0.000418
0.000889
0.000573
0.000232
0.000359
0.000220
0.000356
0.000192
-0.000168
0.000067
0.000074
-0.000025
-0.000057
0.000070
0.000164
0.000038
-0.000081
0.000193
0.000466
0.000230
0.000382
0.000633
0.000553
0.000558
0.000508
0.000559
0.000766
0.000645
0.000526
0.000803
0.000880
0.000868
0.000863
0.000922
0.001132
0.001118
0.001097
0.001103
0.001012
0.001038
0.001083
0.001043
0.001064
0.001198
0.001161
0.001015
0.000932
0.000855
0.000795
0.000742
0.000763
0.000763
0.000676
0.000591
0.000596
0.000607
0.000529
0.000359
0.000267
0.000287
0.000233
0.000199
0.000158
0.000029
-0.000005
0.000002
-0.000063
-0.000070
-0.000105
-0.000372
-0.000406
-0.000131
-0.000254
-0.000502
-0.000470
-0.000525
-0.000675
-0.000688
-0.000657
-0.000648
-0.000616
-0.000612
-0.000636
-0.000591
-0.000599
-0.000573
-0.000529
-0.000586
-0.000530
-0.000491
-0.000478
-0.000425
-0.000423
-0.000432
-0.000421
-0.000382
-0.000362
-0.000353
-0.000336
-0.000324
-0.000312
-0.000301
-0.000288
-0.000275
-0.000264
-0.000251
-0.000249
-0.000229
-0.000154
-0.000204
-0.000197
-0.000081
-0.000126
-0.000085
-0.000054
-0.000088
-0.000037
-0.000003
0.000010
0.000003
0.000011
0.000032
0.000034
0.000036
0.000039
0.000042
0.000044
0.000031
0.000033
0.000032
0.000034
0.000045
0.000038
0.000044
0.000047
0.000036
0.000034
0.000040
0.000051
0.000041
0.000011
-0.000003
0.000015
0.000036
-0.000010
-0.000030
0.000010
0.000024
0.000019
0.000002
0.000022
0.000043
0.000018
0.000012
0.000022
0.000024
0.000028
0.000033
0.000039
0.000039
0.000045
0.000065
0.000055
0.000051
0.000087
0.000091
0.000076
0.000077
0.000084
0.000105
0.000101
0.000074
0.000090
0.000103
0.000101
0.000103
0.000103
0.000112
0.000104
0.000096
0.000098
0.000095
0.000093
0.000094
0.000093
0.000092
0.000093
0.000089
0.000086
0.000084
0.000087
0.000085
0.000073
0.000078
0.000084
0.000080
0.000076
0.000069
0.000069
0.000074
0.000075
0.000069
0.000068
0.000074
0.000069
0.000067
0.000073
0.000070
0.000069
0.000068
0.000070
0.000072
0.000066
0.000065
0.000066
0.000065
0.000066
0.000066
0.000065
0.000066
0.000065
0.000063
0.000063
0.000063
0.000062
0.000062
0.000061
0.000060
0.000059
0.000059
0.000058
0.000057
0.000057
0.000057
0.000055
0.000055
0.000054
0.000053
0.000053
0.000052
0.000051
0.000050
0.000049
0.000049
0.000048
0.000047
0.000047
0.000046
0.000045
0.000044
0.000044
0.000043
0.000043
0.000042
0.000041
0.000041
0.000040
0.000040
0.000039
0.000039
0.000039
0.000038
0.000038
0.000037
0.000037
0.000037
0.000036
0.000036
0.000036
0.000035
0.000035
0.000035
0.000034
0.000034
0.000034
0.000034
0.000033
0.000033
0.000033
